
24.11.2017 17:19:09 +00.03600E+00  0019 007577 1 00000002 00000004 000 323 43063.7216385069
24.11.2017 17:19:09 +00.03599E+00  0029 007577 1 00000003 00000004 000 402 43063.7216431597
24.11.2017 17:19:10 +00.03600E+00  0047 007577 1 00000004 00000004 000 340 43063.7216470949
24.11.2017 17:19:10 +00.03599E+00  0067 007577 1 00000005 00000004 000 344 43063.7216510764
24.11.2017 17:19:10 +00.03599E+00  0084 007577 1 00000006 00000004 000 342 43063.7216550347
24.11.2017 17:19:11 +00.03599E+00  0101 007577 1 00000007 00000004 000 379 43063.7216594213
24.11.2017 17:19:11 +00.03600E+00  0122 007577 1 00000008 00000004 000 341 43063.7216633681
24.11.2017 17:19:12 +00.03599E+00  0137 007577 1 00000009 00000004 000 341 43063.7216673148
24.11.2017 17:19:12 +00.03599E+00  0151 007577 1 00000010 00000004 000 343 43063.7216712847
24.11.2017 17:19:12 +00.03599E+00  0167 007577 1 00000011 00000004 000 380 43063.7216756829
24.11.2017 17:19:13 +00.03599E+00  0187 007577 1 00000012 00000004 000 344 43063.7216796644
24.11.2017 17:19:13 +00.03599E+00  0203 007577 1 00000013 00000004 000 343 43063.7216836343
24.11.2017 17:19:13 +00.03599E+00  0218 007577 1 00000014 00000004 000 343 43063.7216876042
24.11.2017 17:19:14 +00.03599E+00  0241 007577 1 00000015 00000004 000 375 43063.7216919444
24.11.2017 17:19:14 +00.03599E+00  0253 007577 1 00000016 00000004 000 343 43063.7216959144
24.11.2017 17:19:14 +00.03599E+00  0266 007579 1 00000017 00000004 000 343 43063.7216998843
24.11.2017 17:19:15 +00.03599E+00  0275 007579 1 00000018 00000004 000 343 43063.7217038542
24.11.2017 17:19:15 +00.03600E+00  0286 007579 1 00000019 00000004 000 376 43063.721708206
24.11.2017 17:19:18 +00.03635E+00  0012 007653 1 00000020 00000020 000 342 43063.7217384144
24.11.2017 17:19:18 +00.03635E+00  0023 007653 1 00000021 00000020 000 343 43063.7217423843
24.11.2017 17:19:18 +00.03635E+00  0039 007653 1 00000022 00000020 000 419 43063.7217472338
24.11.2017 17:19:19 +00.03635E+00  0057 007653 1 00000023 00000020 000 343 43063.7217512037
24.11.2017 17:19:19 +00.03635E+00  0074 007653 1 00000024 00000020 000 343 43063.7217551736
24.11.2017 17:19:19 +00.03635E+00  0089 007653 1 00000025 00000020 000 343 43063.7217591435
24.11.2017 17:19:20 +00.03636E+00  0102 007653 1 00000026 00000020 000 376 43063.7217634954
24.11.2017 17:19:20 +00.03635E+00  0114 007653 1 00000027 00000020 000 342 43063.7217674537
24.11.2017 17:19:21 +00.03635E+00  0120 007653 1 00000028 00000020 000 343 43063.7217714236
24.11.2017 17:19:21 +00.03636E+00  0138 007653 1 00000029 00000020 000 343 43063.7217753935
24.11.2017 17:19:21 +00.03636E+00  0156 007653 1 00000030 00000020 000 377 43063.7217797569
24.11.2017 17:19:22 +00.03636E+00  0170 007653 1 00000031 00000020 000 341 43063.7217837037
24.11.2017 17:19:22 +00.03636E+00  0181 007653 1 00000032 00000020 000 343 43063.7217876736
24.11.2017 17:19:22 +00.03636E+00  0193 007653 1 00000033 00000020 000 343 43063.7217916435
24.11.2017 17:19:23 +00.03635E+00  0204 007641 1 00000034 00000020 000 378 43063.7217960185
24.11.2017 17:19:23 +00.03633E+00  0221 007641 1 00000035 00000020 000 341 43063.7217999653
24.11.2017 17:19:23 +00.03631E+00  0246 007641 1 00000036 00000020 000 342 43063.7218039236
24.11.2017 17:19:26 +00.03665E+00  0009 007715 1 00000037 00000037 000 343 43063.7218337037
24.11.2017 17:19:26 +00.03665E+00  0023 007715 1 00000038 00000037 000 399 43063.7218383218
24.11.2017 17:19:27 +00.03665E+00  0039 007715 1 00000039 00000037 000 344 43063.7218423032
24.11.2017 17:19:27 +00.03666E+00  0049 007715 1 00000040 00000037 000 343 43063.7218462731
24.11.2017 17:19:27 +00.03665E+00  0069 007715 1 00000041 00000037 000 343 43063.7218502431
24.11.2017 17:19:28 +00.03666E+00  0082 007715 1 00000042 00000037 000 373 43063.7218545602
24.11.2017 17:19:28 +00.03666E+00  0097 007715 1 00000043 00000037 000 345 43063.7218585532
24.11.2017 17:19:28 +00.03665E+00  0114 007715 1 00000044 00000037 000 343 43063.7218625231
24.11.2017 17:19:29 +00.03666E+00  0129 007715 1 00000045 00000037 000 343 43063.7218664931
24.11.2017 17:19:29 +00.03665E+00  0142 007715 1 00000046 00000037 000 375 43063.7218708333
24.11.2017 17:19:29 +00.03665E+00  0158 007715 1 00000047 00000037 000 343 43063.7218748032
24.11.2017 17:19:30 +00.03665E+00  0164 007715 1 00000048 00000037 000 343 43063.7218787731
24.11.2017 17:19:30 +00.03666E+00  0178 007715 1 00000049 00000037 000 342 43063.7218827315
24.11.2017 17:19:31 +00.03666E+00  0195 007715 1 00000050 00000037 000 376 43063.7218870949
24.11.2017 17:19:31 +00.03665E+00  0214 007703 1 00000051 00000037 000 341 43063.7218910417
24.11.2017 17:19:31 +00.03663E+00  0226 007703 1 00000052 00000037 000 344 43063.7218950231
24.11.2017 17:19:32 +00.03662E+00  0242 007703 1 00000053 00000037 000 343 43063.7218989931
24.11.2017 17:19:34 +00.03697E+00  0012 007784 1 00000054 00000054 000 381 43063.7219293634
24.11.2017 17:19:35 +00.03698E+00  0026 007784 1 00000055 00000054 000 343 43063.7219333333
24.11.2017 17:19:35 +00.03698E+00  0041 007784 1 00000056 00000054 000 343 43063.7219373032
24.11.2017 17:19:35 +00.03698E+00  0056 007784 1 00000057 00000054 000 343 43063.7219412732
24.11.2017 17:19:36 +00.03698E+00  0069 007784 1 00000058 00000054 000 377 43063.7219456366
24.11.2017 17:19:36 +00.03698E+00  0085 007784 1 00000059 00000054 000 340 43063.7219495718
24.11.2017 17:19:36 +00.03698E+00  0100 007784 1 00000060 00000054 000 342 43063.7219535417
24.11.2017 17:19:37 +00.03698E+00  0112 007784 1 00000061 00000054 000 343 43063.7219575116
24.11.2017 17:19:37 +00.03698E+00  0126 007784 1 00000062 00000054 000 378 43063.7219618866
24.11.2017 17:19:37 +00.03698E+00  0138 007784 1 00000063 00000054 000 341 43063.7219658333
24.11.2017 17:19:38 +00.03698E+00  0151 007784 1 00000064 00000054 000 342 43063.7219697917
24.11.2017 17:19:38 +00.03699E+00  0169 007784 1 00000065 00000054 000 343 43063.7219737616
24.11.2017 17:19:38 +00.03698E+00  0178 007784 1 00000066 00000054 000 380 43063.7219781597
24.11.2017 17:19:39 +00.03698E+00  0197 007784 1 00000067 00000054 000 344 43063.7219821412
24.11.2017 17:19:39 +00.03698E+00  0212 007784 1 00000068 00000054 000 343 43063.7219861111
24.11.2017 17:19:39 +00.03697E+00  0222 007768 1 00000069 00000054 000 344 43063.7219900926
24.11.2017 17:19:40 +00.03693E+00  0234 007768 1 00000070 00000054 000 375 43063.7219944329
24.11.2017 17:19:42 +00.03724E+00  0023 007840 1 00000071 00000071 000 342 43063.7220246412
24.11.2017 17:19:43 +00.03724E+00  0031 007840 1 00000072 00000071 000 343 43063.7220286111
24.11.2017 17:19:43 +00.03725E+00  0040 007840 1 00000073 00000071 000 418 43063.7220334491
24.11.2017 17:19:44 +00.03725E+00  0055 007840 1 00000074 00000071 000 344 43063.7220374306
24.11.2017 17:19:44 +00.03725E+00  0065 007840 1 00000075 00000071 000 343 43063.7220414005
24.11.2017 17:19:44 +00.03725E+00  0077 007840 1 00000076 00000071 000 343 43063.7220453704
24.11.2017 17:19:45 +00.03725E+00  0090 007840 1 00000077 00000071 000 374 43063.7220496991
24.11.2017 17:19:45 +00.03725E+00  0108 007840 1 00000078 00000071 000 344 43063.7220536806
24.11.2017 17:19:45 +00.03725E+00  0116 007840 1 00000079 00000071 000 343 43063.7220576505
24.11.2017 17:19:46 +00.03725E+00  0131 007840 1 00000080 00000071 000 343 43063.7220616204
24.11.2017 17:19:46 +00.03725E+00  0137 007840 1 00000081 00000071 000 376 43063.7220659722
24.11.2017 17:19:46 +00.03725E+00  0157 007840 1 00000082 00000071 000 342 43063.7220699306
24.11.2017 17:19:47 +00.03725E+00  0174 007840 1 00000083 00000071 000 343 43063.7220739005
24.11.2017 17:19:47 +00.03725E+00  0186 007840 1 00000084 00000071 000 343 43063.7220778704
24.11.2017 17:19:47 +00.03724E+00  0200 007830 1 00000085 00000071 000 377 43063.7220822338
24.11.2017 17:19:48 +00.03723E+00  0214 007830 1 00000086 00000071 000 341 43063.7220861806
24.11.2017 17:19:48 +00.03722E+00  0231 007830 1 00000087 00000071 000 343 43063.7220901505
24.11.2017 17:19:51 +00.03754E+00  0012 007904 1 00000088 00000088 000 343 43063.7221198611
24.11.2017 17:19:51 +00.03755E+00  0024 007904 1 00000089 00000088 000 402 43063.7221245139
24.11.2017 17:19:51 +00.03755E+00  0042 007904 1 00000090 00000088 000 341 43063.7221284606
24.11.2017 17:19:52 +00.03755E+00  0061 007904 1 00000091 00000088 000 343 43063.7221324306
24.11.2017 17:19:52 +00.03755E+00  0081 007904 1 00000092 00000088 000 343 43063.7221364005
24.11.2017 17:19:52 +00.03755E+00  0099 007904 1 00000093 00000088 000 378 43063.7221407755
24.11.2017 17:19:53 +00.03756E+00  0109 007904 1 00000094 00000088 000 340 43063.7221447106
24.11.2017 17:19:53 +00.03755E+00  0124 007904 1 00000095 00000088 000 341 43063.722148669
24.11.2017 17:19:53 +00.03755E+00  0141 007904 1 00000096 00000088 000 342 43063.7221526389
24.11.2017 17:19:54 +00.03755E+00  0161 007904 1 00000097 00000088 000 379 43063.722157037
24.11.2017 17:19:54 +00.03755E+00  0180 007904 1 00000098 00000088 000 344 43063.7221610185
24.11.2017 17:19:55 +00.03755E+00  0193 007904 1 00000099 00000088 000 343 43063.722165
24.11.2017 17:19:55 +00.03755E+00  0207 007904 1 00000100 00000088 000 343 43063.7221689699
24.11.2017 17:19:55 +00.03755E+00  0224 007904 1 00000101 00000088 000 374 43063.7221732986
24.11.2017 17:19:56 +00.03754E+00  0239 007894 1 00000102 00000088 000 343 43063.7221772685
24.11.2017 17:19:56 +00.03752E+00  0248 007894 1 00000103 00000088 000 343 43063.7221812384
24.11.2017 17:19:56 +00.03751E+00  0261 007894 1 00000104 00000088 000 342 43063.7221852083