
24.11.2017 17:20:03 +00.03899E+00  0010 008206 1 00000105 00000105 000 343 43063.7222588079
24.11.2017 17:20:03 +00.03899E+00  0024 008206 1 00000106 00000105 000 342 43063.7222627662
24.11.2017 17:20:03 +00.03899E+00  0042 008206 1 00000107 00000105 000 418 43063.7222676157
24.11.2017 17:20:04 +00.03899E+00  0056 008206 1 00000108 00000105 000 343 43063.7222715972
24.11.2017 17:20:04 +00.03899E+00  0067 008206 1 00000109 00000105 000 343 43063.7222755671
24.11.2017 17:20:04 +00.03899E+00  0082 008206 1 00000110 00000105 000 343 43063.722279537
24.11.2017 17:20:05 +00.03899E+00  0096 008206 1 00000111 00000105 000 375 43063.7222838773
24.11.2017 17:20:05 +00.03899E+00  0113 008206 1 00000112 00000105 000 342 43063.7222878356
24.11.2017 17:20:06 +00.03899E+00  0134 008206 1 00000113 00000105 000 342 43063.7222918056
24.11.2017 17:20:06 +00.03899E+00  0149 008206 1 00000114 00000105 000 342 43063.7222957755
24.11.2017 17:20:06 +00.03899E+00  0168 008206 1 00000115 00000105 000 376 43063.7223001389
24.11.2017 17:20:07 +00.03899E+00  0181 008206 1 00000116 00000105 000 341 43063.7223040856
24.11.2017 17:20:07 +00.03899E+00  0202 008206 1 00000117 00000105 000 343 43063.7223080556
24.11.2017 17:20:07 +00.03899E+00  0217 008206 1 00000118 00000105 000 343 43063.7223120255
24.11.2017 17:20:08 +00.03899E+00  0232 008208 1 00000119 00000105 000 378 43063.7223164005
24.11.2017 17:20:08 +00.03900E+00  0249 008208 1 00000120 00000105 000 340 43063.7223203356
24.11.2017 17:20:08 +00.03900E+00  0265 008208 1 00000121 00000105 000 342 43063.7223243056
24.11.2017 17:20:11 +00.03911E+00  0010 008232 1 00000122 00000122 000 341 43063.7223498148
24.11.2017 17:20:11 +00.03911E+00  0017 008232 1 00000123 00000122 000 343 43063.7223537847
24.11.2017 17:20:11 +00.03911E+00  0028 008232 1 00000124 00000122 000 343 43063.7223577546
24.11.2017 17:20:12 +00.03911E+00  0039 008232 1 00000125 00000122 000 361 43063.7223619329
24.11.2017 17:20:12 +00.03912E+00  0053 008232 1 00000126 00000122 000 343 43063.7223659143
24.11.2017 17:20:12 +00.03912E+00  0066 008232 1 00000127 00000122 000 343 43063.7223698843
24.11.2017 17:20:13 +00.03911E+00  0082 008232 1 00000128 00000122 000 343 43063.7223738542
24.11.2017 17:20:13 +00.03912E+00  0094 008232 1 00000129 00000122 000 375 43063.7223781944
24.11.2017 17:20:13 +00.03912E+00  0110 008232 1 00000130 00000122 000 343 43063.7223821643
24.11.2017 17:20:14 +00.03912E+00  0124 008232 1 00000131 00000122 000 343 43063.7223861343
24.11.2017 17:20:14 +00.03912E+00  0130 008232 1 00000132 00000122 000 343 43063.7223901042
24.11.2017 17:20:14 +00.03912E+00  0139 008232 1 00000133 00000122 000 376 43063.722394456
24.11.2017 17:20:15 +00.03912E+00  0155 008232 1 00000134 00000122 000 341 43063.7223984028
24.11.2017 17:20:15 +00.03912E+00  0171 008232 1 00000135 00000122 000 342 43063.7224023727
24.11.2017 17:20:15 +00.03912E+00  0179 008232 1 00000136 00000122 000 343 43063.7224063542
24.11.2017 17:20:16 +00.03911E+00  0192 008228 1 00000137 00000122 000 377 43063.7224107176
24.11.2017 17:20:16 +00.03911E+00  0212 008228 1 00000138 00000122 000 341 43063.7224146643
24.11.2017 17:20:16 +00.03910E+00  0229 008228 1 00000139 00000122 000 342 43063.7224186227
24.11.2017 17:20:19 +00.03922E+00  0013 008254 1 00000140 00000140 000 341 43063.7224441319
24.11.2017 17:20:19 +00.03922E+00  0031 008254 1 00000141 00000140 000 343 43063.7224481018
24.11.2017 17:20:19 +00.03922E+00  0044 008254 1 00000142 00000140 000 343 43063.7224520718
24.11.2017 17:20:20 +00.03922E+00  0062 008254 1 00000143 00000140 000 361 43063.72245625
24.11.2017 17:20:20 +00.03922E+00  0088 008254 1 00000144 00000140 000 344 43063.7224602315
24.11.2017 17:20:20 +00.03922E+00  0102 008254 1 00000145 00000140 000 342 43063.7224642014
24.11.2017 17:20:21 +00.03922E+00  0118 008254 1 00000146 00000140 000 342 43063.7224681713
24.11.2017 17:20:21 +00.03922E+00  0126 008254 1 00000147 00000140 000 374 43063.7224725116
24.11.2017 17:20:21 +00.03922E+00  0144 008254 1 00000148 00000140 000 342 43063.7224764815
24.11.2017 17:20:22 +00.03922E+00  0155 008254 1 00000149 00000140 000 343 43063.7224804514
24.11.2017 17:20:22 +00.03922E+00  0170 008254 1 00000150 00000140 000 343 43063.7224844213
24.11.2017 17:20:23 +00.03922E+00  0185 008254 1 00000151 00000140 000 376 43063.7224887732
24.11.2017 17:20:23 +00.03922E+00  0200 008254 1 00000152 00000140 000 342 43063.7224927315
24.11.2017 17:20:23 +00.03922E+00  0212 008254 1 00000153 00000140 000 343 43063.7224967014
24.11.2017 17:20:24 +00.03922E+00  0229 008254 1 00000154 00000140 000 343 43063.7225006713
24.11.2017 17:20:24 +00.03922E+00  0246 008250 1 00000155 00000140 000 377 43063.7225050347
24.11.2017 17:20:24 +00.03921E+00  0257 008250 1 00000156 00000140 000 341 43063.7225089815
24.11.2017 17:20:25 +00.03921E+00  0268 008250 1 00000157 00000140 000 343 43063.7225129514
24.11.2017 17:20:27 +00.03931E+00  0012 008274 1 00000158 00000158 000 342 43063.7225384607
24.11.2017 17:20:27 +00.03931E+00  0022 008274 1 00000159 00000158 000 343 43063.7225424306
24.11.2017 17:20:28 +00.03932E+00  0040 008274 1 00000160 00000158 000 342 43063.7225463889
24.11.2017 17:20:28 +00.03932E+00  0055 008274 1 00000161 00000158 000 360 43063.7225505671
24.11.2017 17:20:28 +00.03932E+00  0068 008274 1 00000162 00000158 000 344 43063.7225545602
24.11.2017 17:20:29 +00.03931E+00  0081 008274 1 00000163 00000158 000 342 43063.7225585185
24.11.2017 17:20:29 +00.03931E+00  0093 008274 1 00000164 00000158 000 343 43063.7225625
24.11.2017 17:20:29 +00.03932E+00  0114 008274 1 00000165 00000158 000 374 43063.7225668287
24.11.2017 17:20:30 +00.03932E+00  0131 008274 1 00000166 00000158 000 343 43063.7225707986
24.11.2017 17:20:30 +00.03932E+00  0144 008274 1 00000167 00000158 000 343 43063.7225747685
24.11.2017 17:20:30 +00.03931E+00  0156 008274 1 00000168 00000158 000 343 43063.7225787384
24.11.2017 17:20:31 +00.03932E+00  0165 008274 1 00000169 00000158 000 375 43063.7225830903
24.11.2017 17:20:31 +00.03931E+00  0184 008274 1 00000170 00000158 000 341 43063.7225870486
24.11.2017 17:20:31 +00.03932E+00  0202 008274 1 00000171 00000158 000 343 43063.7225910185
24.11.2017 17:20:32 +00.03932E+00  0216 008274 1 00000172 00000158 000 343 43063.7225949884
24.11.2017 17:20:32 +00.03931E+00  0238 008270 1 00000173 00000158 000 377 43063.7225993519
24.11.2017 17:20:32 +00.03931E+00  0256 008270 1 00000174 00000158 000 341 43063.7226032986
24.11.2017 17:20:33 +00.03930E+00  0271 008270 1 00000175 00000158 000 343 43063.7226072685
24.11.2017 17:20:35 +00.03942E+00  0007 008296 1 00000176 00000176 000 342 43063.7226328472
24.11.2017 17:20:35 +00.03942E+00  0027 008296 1 00000177 00000176 000 343 43063.7226368171
24.11.2017 17:20:36 +00.03942E+00  0038 008296 1 00000178 00000176 000 416 43063.7226416319
24.11.2017 17:20:36 +00.03942E+00  0058 008296 1 00000179 00000176 000 340 43063.7226455671
24.11.2017 17:20:36 +00.03942E+00  0076 008296 1 00000180 00000176 000 346 43063.7226495718
24.11.2017 17:20:37 +00.03942E+00  0088 008296 1 00000181 00000176 000 340 43063.7226535069
24.11.2017 17:20:37 +00.03942E+00  0106 008296 1 00000182 00000176 000 379 43063.7226579051
24.11.2017 17:20:37 +00.03942E+00  0117 008296 1 00000183 00000176 000 344 43063.7226618866
24.11.2017 17:20:38 +00.03942E+00  0134 008296 1 00000184 00000176 000 343 43063.7226658565
24.11.2017 17:20:38 +00.03942E+00  0148 008296 1 00000185 00000176 000 343 43063.7226698264
24.11.2017 17:20:39 +00.03942E+00  0157 008296 1 00000186 00000176 000 375 43063.7226741667
24.11.2017 17:20:39 +00.03942E+00  0169 008296 1 00000187 00000176 000 343 43063.7226781366
24.11.2017 17:20:39 +00.03942E+00  0182 008296 1 00000188 00000176 000 343 43063.7226821065
24.11.2017 17:20:40 +00.03942E+00  0203 008296 1 00000189 00000176 000 343 43063.7226860764
24.11.2017 17:20:40 +00.03942E+00  0217 008292 1 00000190 00000176 000 376 43063.7226904282
24.11.2017 17:20:40 +00.03941E+00  0230 008292 1 00000191 00000176 000 341 43063.722694375
24.11.2017 17:20:41 +00.03941E+00  0242 008292 1 00000192 00000176 000 342 43063.7226983449
24.11.2017 17:20:43 +00.03951E+00  0012 008316 1 00000193 00000193 000 342 43063.7227280556
24.11.2017 17:20:44 +00.03951E+00  0023 008316 1 00000194 00000193 000 400 43063.7227326968
24.11.2017 17:20:44 +00.03952E+00  0046 008316 1 00000195 00000193 000 342 43063.7227366667
24.11.2017 17:20:44 +00.03952E+00  0063 008316 1 00000196 00000193 000 343 43063.7227406366
24.11.2017 17:20:45 +00.03952E+00  0077 008316 1 00000197 00000193 000 342 43063.7227445949
24.11.2017 17:20:45 +00.03952E+00  0089 008316 1 00000198 00000193 000 377 43063.7227489699
24.11.2017 17:20:45 +00.03952E+00  0114 008316 1 00000199 00000193 000 340 43063.7227529051
24.11.2017 17:20:46 +00.03952E+00  0131 008316 1 00000200 00000193 000 343 43063.722756875
24.11.2017 17:20:46 +00.03952E+00  0146 008316 1 00000201 00000193 000 343 43063.7227608565
24.11.2017 17:20:46 +00.03951E+00  0165 008316 1 00000202 00000193 000 377 43063.7227652199
24.11.2017 17:20:47 +00.03951E+00  0177 008316 1 00000203 00000193 000 340 43063.7227691667
24.11.2017 17:20:47 +00.03951E+00  0196 008316 1 00000204 00000193 000 342 43063.722773125
24.11.2017 17:20:47 +00.03952E+00  0208 008316 1 00000205 00000193 000 343 43063.7227770949
24.11.2017 17:20:48 +00.03952E+00  0218 008316 1 00000206 00000193 000 379 43063.7227814815
24.11.2017 17:20:48 +00.03951E+00  0235 008312 1 00000207 00000193 000 340 43063.7227854167
24.11.2017 17:20:49 +00.03951E+00  0249 008312 1 00000208 00000193 000 342 43063.722789375
24.11.2017 17:20:49 +00.03950E+00  0265 008312 1 00000209 00000193 000 343 43063.7227933449
24.11.2017 17:20:51 +00.03962E+00  0008 008340 1 00000210 00000210 000 342 43063.7228191435
24.11.2017 17:20:51 +00.03963E+00  0026 008340 1 00000211 00000210 000 400 43063.7228237731
24.11.2017 17:20:52 +00.03963E+00  0042 008340 1 00000212 00000210 000 343 43063.7228277431
24.11.2017 17:20:52 +00.03963E+00  0055 008340 1 00000213 00000210 000 344 43063.7228317245
24.11.2017 17:20:53 +00.03963E+00  0073 008340 1 00000214 00000210 000 342 43063.7228356829
24.11.2017 17:20:53 +00.03963E+00  0090 008340 1 00000215 00000210 000 375 43063.7228400231
24.11.2017 17:20:53 +00.03963E+00  0099 008340 1 00000216 00000210 000 343 43063.7228439931
24.11.2017 17:20:54 +00.03963E+00  0126 008340 1 00000217 00000210 000 343 43063.722847963
24.11.2017 17:20:54 +00.03963E+00  0139 008340 1 00000218 00000210 000 343 43063.7228519329
24.11.2017 17:20:54 +00.03963E+00  0149 008340 1 00000219 00000210 000 377 43063.7228562963
24.11.2017 17:20:55 +00.03963E+00  0165 008340 1 00000220 00000210 000 341 43063.7228602431
24.11.2017 17:20:55 +00.03963E+00  0181 008340 1 00000221 00000210 000 343 43063.722864213
24.11.2017 17:20:55 +00.03963E+00  0191 008340 1 00000222 00000210 000 343 43063.7228681829
24.11.2017 17:20:56 +00.03963E+00  0211 008340 1 00000223 00000210 000 378 43063.7228725579
24.11.2017 17:20:56 +00.03963E+00  0228 008340 1 00000224 00000210 000 340 43063.7228764931
24.11.2017 17:20:56 +00.03962E+00  0235 008334 1 00000225 00000210 000 342 43063.7228804514
24.11.2017 17:20:57 +00.03961E+00  0245 008334 1 00000226 00000210 000 342 43063.7228844213
24.11.2017 17:20:59 +00.03972E+00  0014 008360 1 00000227 00000227 000 378 43063.722914838
24.11.2017 17:21:00 +00.03972E+00  0028 008360 1 00000228 00000227 000 340 43063.7229187732
24.11.2017 17:21:00 +00.03973E+00  0039 008360 1 00000229 00000227 000 343 43063.7229227431
24.11.2017 17:21:00 +00.03973E+00  0055 008360 1 00000230 00000227 000 343 43063.722926713
24.11.2017 17:21:01 +00.03973E+00  0073 008360 1 00000231 00000227 000 379 43063.7229310995
24.11.2017 17:21:01 +00.03973E+00  0085 008360 1 00000232 00000227 000 345 43063.7229350926
24.11.2017 17:21:01 +00.03972E+00  0103 008360 1 00000233 00000227 000 343 43063.7229390625
24.11.2017 17:21:02 +00.03973E+00  0118 008360 1 00000234 00000227 000 343 43063.7229430324
24.11.2017 17:21:02 +00.03973E+00  0127 008360 1 00000235 00000227 000 374 43063.7229473611
24.11.2017 17:21:02 +00.03973E+00  0145 008360 1 00000236 00000227 000 343 43063.722951331
24.11.2017 17:21:03 +00.03972E+00  0154 008360 1 00000237 00000227 000 342 43063.7229553009
24.11.2017 17:21:03 +00.03972E+00  0167 008360 1 00000238 00000227 000 342 43063.7229592708
24.11.2017 17:21:04 +00.03973E+00  0184 008360 1 00000239 00000227 000 375 43063.7229636227
24.11.2017 17:21:04 +00.03973E+00  0205 008360 1 00000240 00000227 000 342 43063.722967581
24.11.2017 17:21:04 +00.03973E+00  0219 008354 1 00000241 00000227 000 342 43063.7229715509
24.11.2017 17:21:05 +00.03972E+00  0229 008354 1 00000242 00000227 000 343 43063.7229755208
24.11.2017 17:21:05 +00.03970E+00  0249 008354 1 00000243 00000227 000 376 43063.7229798843
24.11.2017 17:21:07 +00.03981E+00  0010 008378 1 00000244 00000244 000 382 43063.7230059028
24.11.2017 17:21:08 +00.03981E+00  0019 008378 1 00000245 00000244 000 341 43063.7230098495
24.11.2017 17:21:08 +00.03981E+00  0029 008378 1 00000246 00000244 000 343 43063.7230138194
24.11.2017 17:21:08 +00.03981E+00  0045 008378 1 00000247 00000244 000 343 43063.7230177894
24.11.2017 17:21:09 +00.03981E+00  0059 008378 1 00000248 00000244 000 378 43063.7230221644
24.11.2017 17:21:09 +00.03981E+00  0076 008378 1 00000249 00000244 000 340 43063.7230261111
24.11.2017 17:21:09 +00.03981E+00  0082 008378 1 00000250 00000244 000 342 43063.7230300694
24.11.2017 17:21:10 +00.03981E+00  0095 008378 1 00000251 00000244 000 343 43063.7230340394
24.11.2017 17:21:10 +00.03981E+00  0118 008378 1 00000252 00000244 000 379 43063.7230384259
24.11.2017 17:21:10 +00.03981E+00  0133 008378 1 00000253 00000244 000 340 43063.7230423611
24.11.2017 17:21:11 +00.03981E+00  0151 008378 1 00000254 00000244 000 342 43063.7230463194
24.11.2017 17:21:11 +00.03981E+00  0167 008378 1 00000255 00000244 000 343 43063.7230502894
24.11.2017 17:21:11 +00.03981E+00  0184 008378 1 00000256 00000244 000 380 43063.7230546875
24.11.2017 17:21:12 +00.03981E+00  0193 008378 1 00000257 00000244 000 344 43063.723058669
24.11.2017 17:21:12 +00.03981E+00  0208 008378 1 00000258 00000244 000 343 43063.7230626389
24.11.2017 17:21:12 +00.03981E+00  0222 008376 1 00000259 00000244 000 343 43063.7230666088
24.11.2017 17:21:13 +00.03980E+00  0238 008376 1 00000260 00000244 000 375 43063.7230709491
24.11.2017 17:21:13 +00.03980E+00  0257 008376 1 00000261 00000244 000 342 43063.7230749074
24.11.2017 17:21:15 +00.03991E+00  0010 008400 1 00000262 00000262 000 343 43063.7231011574
24.11.2017 17:21:16 +00.03991E+00  0021 008400 1 00000263 00000262 000 343 43063.7231051273
24.11.2017 17:21:16 +00.03991E+00  0036 008400 1 00000264 00000262 000 419 43063.7231099769
24.11.2017 17:21:17 +00.03991E+00  0057 008400 1 00000265 00000262 000 343 43063.7231139468
24.11.2017 17:21:17 +00.03992E+00  0075 008400 1 00000266 00000262 000 343 43063.7231179167
24.11.2017 17:21:17 +00.03991E+00  0085 008400 1 00000267 00000262 000 343 43063.7231218866
24.11.2017 17:21:18 +00.03992E+00  0104 008400 1 00000268 00000262 000 376 43063.7231262384
24.11.2017 17:21:18 +00.03992E+00  0128 008400 1 00000269 00000262 000 342 43063.7231301968
24.11.2017 17:21:18 +00.03992E+00  0141 008400 1 00000270 00000262 000 342 43063.7231341551
24.11.2017 17:21:19 +00.03992E+00  0152 008400 1 00000271 00000262 000 342 43063.723138125
24.11.2017 17:21:19 +00.03992E+00  0167 008400 1 00000272 00000262 000 377 43063.7231425
24.11.2017 17:21:19 +00.03992E+00  0181 008400 1 00000273 00000262 000 341 43063.7231464583
24.11.2017 17:21:20 +00.03992E+00  0197 008400 1 00000274 00000262 000 341 43063.7231504051
24.11.2017 17:21:20 +00.03992E+00  0207 008400 1 00000275 00000262 000 343 43063.723154375
24.11.2017 17:21:20 +00.03991E+00  0214 008396 1 00000276 00000262 000 379 43063.7231587616
24.11.2017 17:21:21 +00.03990E+00  0229 008396 1 00000277 00000262 000 340 43063.7231626968
24.11.2017 17:21:21 +00.03990E+00  0242 008396 1 00000278 00000262 000 341 43063.7231666551
24.11.2017 17:21:23 +00.04001E+00  0016 008420 1 00000279 00000279 000 343 43063.7231922454
24.11.2017 17:21:24 +00.04001E+00  0032 008420 1 00000280 00000279 000 342 43063.7231962037
24.11.2017 17:21:24 +00.04001E+00  0047 008420 1 00000281 00000279 000 418 43063.7232010417
24.11.2017 17:21:24 +00.04001E+00  0062 008420 1 00000282 00000279 000 343 43063.7232050231
24.11.2017 17:21:25 +00.04001E+00  0073 008420 1 00000283 00000279 000 343 43063.7232089931
24.11.2017 17:21:25 +00.04001E+00  0090 008420 1 00000284 00000279 000 343 43063.723212963
24.11.2017 17:21:25 +00.04001E+00  0111 008420 1 00000285 00000279 000 374 43063.7232173032
24.11.2017 17:21:26 +00.04001E+00  0125 008420 1 00000286 00000279 000 343 43063.7232212731
24.11.2017 17:21:26 +00.04001E+00  0139 008420 1 00000287 00000279 000 343 43063.7232252431
24.11.2017 17:21:27 +00.04001E+00  0157 008420 1 00000288 00000279 000 343 43063.723229213
24.11.2017 17:21:27 +00.04001E+00  0170 008420 1 00000289 00000279 000 376 43063.7232335648
24.11.2017 17:21:27 +00.04001E+00  0188 008420 1 00000290 00000279 000 342 43063.7232375231
24.11.2017 17:21:28 +00.04001E+00  0201 008420 1 00000291 00000279 000 343 43063.7232414931
24.11.2017 17:21:28 +00.04000E+00  0219 008420 1 00000292 00000279 000 343 43063.723245463
24.11.2017 17:21:28 +00.04001E+00  0229 008420 1 00000293 00000279 000 377 43063.7232498264
24.11.2017 17:21:29 +00.04001E+00  0255 008418 1 00000294 00000279 000 340 43063.7232537616
24.11.2017 17:21:29 +00.04000E+00  0273 008418 1 00000295 00000279 000 343 43063.7232577431
24.11.2017 17:21:29 +00.04000E+00  0292 008418 1 00000296 00000279 000 343 43063.723261713
24.11.2017 17:21:32 +00.04012E+00  0018 008444 1 00000297 00000297 000 343 43063.7232875116
24.11.2017 17:21:32 +00.04012E+00  0031 008444 1 00000298 00000297 000 397 43063.7232921065
24.11.2017 17:21:32 +00.04013E+00  0046 008444 1 00000299 00000297 000 340 43063.7232960417
24.11.2017 17:21:33 +00.04013E+00  0064 008444 1 00000300 00000297 000 341 43063.7233
24.11.2017 17:21:33 +00.04012E+00  0078 008444 1 00000301 00000297 000 342 43063.7233039699
24.11.2017 17:21:33 +00.04013E+00  0087 008444 1 00000302 00000297 000 379 43063.7233083681
24.11.2017 17:21:34 +00.04012E+00  0106 008444 1 00000303 00000297 000 345 43063.7233123611
24.11.2017 17:21:34 +00.04013E+00  0124 008444 1 00000304 00000297 000 342 43063.7233163194
24.11.2017 17:21:34 +00.04013E+00  0138 008444 1 00000305 00000297 000 343 43063.7233203009
24.11.2017 17:21:35 +00.04012E+00  0154 008444 1 00000306 00000297 000 374 43063.7233246296
24.11.2017 17:21:35 +00.04012E+00  0171 008444 1 00000307 00000297 000 343 43063.7233285995
24.11.2017 17:21:35 +00.04012E+00  0187 008444 1 00000308 00000297 000 345 43063.7233325926
24.11.2017 17:21:36 +00.04013E+00  0198 008444 1 00000309 00000297 000 341 43063.7233365394
24.11.2017 17:21:36 +00.04012E+00  0212 008444 1 00000310 00000297 000 375 43063.7233408912
24.11.2017 17:21:36 +00.04012E+00  0225 008440 1 00000311 00000297 000 341 43063.7233448495
24.11.2017 17:21:37 +00.04012E+00  0246 008440 1 00000312 00000297 000 343 43063.7233488194
24.11.2017 17:21:37 +00.04011E+00  0261 008440 1 00000313 00000297 000 342 43063.7233527894
24.11.2017 17:21:40 +00.04022E+00  0013 008464 1 00000314 00000314 000 381 43063.7233831713
24.11.2017 17:21:40 +00.04022E+00  0034 008464 1 00000315 00000314 000 342 43063.7233871296
24.11.2017 17:21:40 +00.04022E+00  0048 008464 1 00000316 00000314 000 342 43063.7233910995
24.11.2017 17:21:41 +00.04022E+00  0065 008464 1 00000317 00000314 000 343 43063.7233950694
24.11.2017 17:21:41 +00.04022E+00  0081 008464 1 00000318 00000314 000 376 43063.7233994329
24.11.2017 17:21:42 +00.04022E+00  0094 008464 1 00000319 00000314 000 340 43063.7234033796
24.11.2017 17:21:42 +00.04022E+00  0113 008464 1 00000320 00000314 000 343 43063.7234073495
24.11.2017 17:21:42 +00.04022E+00  0124 008464 1 00000321 00000314 000 343 43063.7234113194
24.11.2017 17:21:43 +00.04022E+00  0135 008464 1 00000322 00000314 000 378 43063.7234156944
24.11.2017 17:21:43 +00.04022E+00  0150 008464 1 00000323 00000314 000 340 43063.7234196296
24.11.2017 17:21:43 +00.04022E+00  0160 008464 1 00000324 00000314 000 343 43063.7234235995
24.11.2017 17:21:44 +00.04022E+00  0175 008464 1 00000325 00000314 000 343 43063.7234275694
24.11.2017 17:21:44 +00.04022E+00  0202 008464 1 00000326 00000314 000 380 43063.7234319676
24.11.2017 17:21:44 +00.04022E+00  0225 008464 1 00000327 00000314 000 344 43063.7234359491
24.11.2017 17:21:45 +00.04022E+00  0238 008460 1 00000328 00000314 000 343 43063.723439919
24.11.2017 17:21:45 +00.04021E+00  0258 008460 1 00000329 00000314 000 343 43063.7234438889
24.11.2017 17:21:45 +00.04021E+00  0270 008460 1 00000330 00000314 000 374 43063.7234482176
24.11.2017 17:21:48 +00.04032E+00  0013 008486 1 00000331 00000331 000 381 43063.7234742477
24.11.2017 17:21:48 +00.04032E+00  0024 008486 1 00000332 00000331 000 343 43063.7234782176
24.11.2017 17:21:48 +00.04032E+00  0033 008486 1 00000333 00000331 000 343 43063.7234821875
24.11.2017 17:21:49 +00.04032E+00  0044 008486 1 00000334 00000331 000 343 43063.7234861574
24.11.2017 17:21:49 +00.04033E+00  0058 008486 1 00000335 00000331 000 376 43063.7234905093
24.11.2017 17:21:49 +00.04032E+00  0073 008486 1 00000336 00000331 000 342 43063.7234944676
24.11.2017 17:21:50 +00.04032E+00  0089 008486 1 00000337 00000331 000 342 43063.7234984259
24.11.2017 17:21:50 +00.04032E+00  0100 008486 1 00000338 00000331 000 343 43063.7235024074
24.11.2017 17:21:50 +00.04032E+00  0115 008486 1 00000339 00000331 000 377 43063.7235067708
24.11.2017 17:21:51 +00.04032E+00  0130 008486 1 00000340 00000331 000 340 43063.723510706
24.11.2017 17:21:51 +00.04032E+00  0146 008486 1 00000341 00000331 000 342 43063.7235146759
24.11.2017 17:21:52 +00.04033E+00  0166 008486 1 00000342 00000331 000 342 43063.7235186458
24.11.2017 17:21:52 +00.04032E+00  0181 008486 1 00000343 00000331 000 377 43063.7235230208
24.11.2017 17:21:52 +00.04032E+00  0195 008486 1 00000344 00000331 000 340 43063.7235269676
24.11.2017 17:21:53 +00.04033E+00  0215 008482 1 00000345 00000331 000 341 43063.7235309259
24.11.2017 17:21:53 +00.04032E+00  0228 008482 1 00000346 00000331 000 343 43063.7235348958
24.11.2017 17:21:53 +00.04031E+00  0243 008482 1 00000347 00000331 000 380 43063.723539294
24.11.2017 17:21:56 +00.04041E+00  0012 008504 1 00000348 00000348 000 379 43063.7235653125
24.11.2017 17:21:56 +00.04041E+00  0026 008504 1 00000349 00000348 000 344 43063.723569294
24.11.2017 17:21:56 +00.04041E+00  0038 008504 1 00000350 00000348 000 342 43063.7235732639
24.11.2017 17:21:57 +00.04041E+00  0050 008504 1 00000351 00000348 000 343 43063.7235772338
24.11.2017 17:21:57 +00.04041E+00  0067 008504 1 00000352 00000348 000 373 43063.7235815625
24.11.2017 17:21:57 +00.04041E+00  0079 008504 1 00000353 00000348 000 343 43063.723585544
24.11.2017 17:21:58 +00.04041E+00  0100 008504 1 00000354 00000348 000 343 43063.7235895139
24.11.2017 17:21:58 +00.04041E+00  0115 008504 1 00000355 00000348 000 343 43063.7235934838
24.11.2017 17:21:58 +00.04041E+00  0124 008504 1 00000356 00000348 000 376 43063.7235978356
24.11.2017 17:21:59 +00.04041E+00  0140 008504 1 00000357 00000348 000 342 43063.723601794
24.11.2017 17:21:59 +00.04041E+00  0149 008504 1 00000358 00000348 000 343 43063.7236057639
24.11.2017 17:21:59 +00.04041E+00  0166 008504 1 00000359 00000348 000 343 43063.7236097338
24.11.2017 17:22:00 +00.04041E+00  0179 008504 1 00000360 00000348 000 377 43063.7236140972
24.11.2017 17:22:00 +00.04041E+00  0193 008504 1 00000361 00000348 000 341 43063.723618044
24.11.2017 17:22:00 +00.04041E+00  0214 008504 1 00000362 00000348 000 343 43063.7236220139
24.11.2017 17:22:01 +00.04041E+00  0233 008502 1 00000363 00000348 000 343 43063.7236259838
24.11.2017 17:22:01 +00.04040E+00  0250 008502 1 00000364 00000348 000 378 43063.7236303588
24.11.2017 17:22:02 +00.04040E+00  0262 008502 1 00000365 00000348 000 340 43063.723634294
24.11.2017 17:22:04 +00.04051E+00  0013 008526 1 00000366 00000366 000 341 43063.7236605208
24.11.2017 17:22:04 +00.04051E+00  0032 008526 1 00000367 00000366 000 342 43063.7236644907
24.11.2017 17:22:04 +00.04051E+00  0048 008526 1 00000368 00000366 000 342 43063.7236684606
24.11.2017 17:22:05 +00.04051E+00  0061 008526 1 00000369 00000366 000 360 43063.7236726389
24.11.2017 17:22:05 +00.04051E+00  0078 008526 1 00000370 00000366 000 344 43063.7236766204
24.11.2017 17:22:06 +00.04051E+00  0089 008526 1 00000371 00000366 000 343 43063.7236806019
24.11.2017 17:22:06 +00.04052E+00  0103 008526 1 00000372 00000366 000 343 43063.7236845718
24.11.2017 17:22:06 +00.04052E+00  0124 008526 1 00000373 00000366 000 374 43063.7236889005
24.11.2017 17:22:07 +00.04051E+00  0137 008526 1 00000374 00000366 000 343 43063.7236928704
24.11.2017 17:22:07 +00.04052E+00  0158 008526 1 00000375 00000366 000 342 43063.7236968403
24.11.2017 17:22:07 +00.04052E+00  0176 008526 1 00000376 00000366 000 342 43063.7237008102
24.11.2017 17:22:08 +00.04052E+00  0189 008526 1 00000377 00000366 000 374 43063.7237051505
24.11.2017 17:22:08 +00.04052E+00  0207 008526 1 00000378 00000366 000 342 43063.7237091204
24.11.2017 17:22:08 +00.04051E+00  0221 008526 1 00000379 00000366 000 343 43063.7237130903
24.11.2017 17:22:09 +00.04052E+00  0242 008526 1 00000380 00000366 000 343 43063.7237170602
24.11.2017 17:22:09 +00.04051E+00  0255 008522 1 00000381 00000366 000 376 43063.7237214236
24.11.2017 17:22:09 +00.04050E+00  0274 008522 1 00000382 00000366 000 341 43063.7237253704
24.11.2017 17:22:10 +00.04050E+00  0289 008522 1 00000383 00000366 000 343 43063.7237293403
24.11.2017 17:22:12 +00.04062E+00  0009 008548 1 00000384 00000384 000 342 43063.7237548495
24.11.2017 17:22:12 +00.04062E+00  0020 008548 1 00000385 00000384 000 343 43063.7237588194
24.11.2017 17:22:13 +00.04062E+00  0034 008548 1 00000386 00000384 000 343 43063.7237627893
24.11.2017 17:22:13 +00.04062E+00  0049 008548 1 00000387 00000384 000 360 43063.723766956
24.11.2017 17:22:13 +00.04062E+00  0063 008548 1 00000388 00000384 000 340 43063.7237708912
24.11.2017 17:22:14 +00.04062E+00  0075 008548 1 00000389 00000384 000 342 43063.7237748495
24.11.2017 17:22:14 +00.04062E+00  0089 008548 1 00000390 00000384 000 343 43063.7237788194
24.11.2017 17:22:14 +00.04062E+00  0101 008548 1 00000391 00000384 000 380 43063.7237832176
24.11.2017 17:22:15 +00.04062E+00  0117 008548 1 00000392 00000384 000 344 43063.7237871991
24.11.2017 17:22:15 +00.04062E+00  0133 008548 1 00000393 00000384 000 343 43063.723791169
24.11.2017 17:22:15 +00.04062E+00  0147 008548 1 00000394 00000384 000 344 43063.7237951505
24.11.2017 17:22:16 +00.04062E+00  0162 008548 1 00000395 00000384 000 374 43063.7237994792
24.11.2017 17:22:16 +00.04062E+00  0178 008548 1 00000396 00000384 000 342 43063.7238034375
24.11.2017 17:22:16 +00.04062E+00  0196 008548 1 00000397 00000384 000 343 43063.723807419
24.11.2017 17:22:17 +00.04062E+00  0205 008548 1 00000398 00000384 000 343 43063.7238113889
24.11.2017 17:22:17 +00.04061E+00  0222 008544 1 00000399 00000384 000 376 43063.7238157407
24.11.2017 17:22:18 +00.04061E+00  0242 008544 1 00000400 00000384 000 341 43063.7238196875
24.11.2017 17:22:18 +00.04060E+00  0256 008544 1 00000401 00000384 000 343 43063.7238236574
24.11.2017 17:22:20 +00.04072E+00  0012 008570 1 00000402 00000402 000 342 43063.7238491667
24.11.2017 17:22:20 +00.04072E+00  0021 008570 1 00000403 00000402 000 343 43063.7238531366
24.11.2017 17:22:21 +00.04072E+00  0034 008570 1 00000404 00000402 000 422 43063.7238580208
24.11.2017 17:22:21 +00.04072E+00  0059 008570 1 00000405 00000402 000 341 43063.7238619676
24.11.2017 17:22:22 +00.04072E+00  0074 008570 1 00000406 00000402 000 342 43063.7238659259
24.11.2017 17:22:22 +00.04072E+00  0086 008570 1 00000407 00000402 000 343 43063.7238698958
24.11.2017 17:22:22 +00.04073E+00  0109 008570 1 00000408 00000402 000 379 43063.7238742824
24.11.2017 17:22:23 +00.04072E+00  0118 008570 1 00000409 00000402 000 340 43063.7238782176
24.11.2017 17:22:23 +00.04072E+00  0131 008570 1 00000410 00000402 000 341 43063.7238821759
24.11.2017 17:22:23 +00.04073E+00  0147 008570 1 00000411 00000402 000 343 43063.7238861458
24.11.2017 17:22:24 +00.04072E+00  0165 008570 1 00000412 00000402 000 380 43063.723890544
24.11.2017 17:22:24 +00.04073E+00  0183 008570 1 00000413 00000402 000 344 43063.7238945255
24.11.2017 17:22:24 +00.04072E+00  0198 008570 1 00000414 00000402 000 343 43063.7238984954
24.11.2017 17:22:25 +00.04072E+00  0217 008570 1 00000415 00000402 000 343 43063.7239024653
24.11.2017 17:22:25 +00.04072E+00  0232 008566 1 00000416 00000402 000 375 43063.7239068056
24.11.2017 17:22:25 +00.04072E+00  0248 008566 1 00000417 00000402 000 342 43063.7239107755
24.11.2017 17:22:26 +00.04071E+00  0260 008566 1 00000418 00000402 000 343 43063.7239147454
24.11.2017 17:22:28 +00.04081E+00  0010 008590 1 00000419 00000419 000 343 43063.723944456
24.11.2017 17:22:29 +00.04082E+00  0025 008590 1 00000420 00000419 000 400 43063.7239490856
24.11.2017 17:22:29 +00.04082E+00  0045 008590 1 00000421 00000419 000 343 43063.7239530556
24.11.2017 17:22:29 +00.04082E+00  0057 008590 1 00000422 00000419 000 343 43063.7239570255
24.11.2017 17:22:30 +00.04082E+00  0076 008590 1 00000423 00000419 000 343 43063.7239609954
24.11.2017 17:22:30 +00.04082E+00  0089 008590 1 00000424 00000419 000 376 43063.7239653472
24.11.2017 17:22:30 +00.04082E+00  0098 008590 1 00000425 00000419 000 342 43063.7239693056
24.11.2017 17:22:31 +00.04082E+00  0113 008590 1 00000426 00000419 000 343 43063.7239732755
24.11.2017 17:22:31 +00.04082E+00  0124 008590 1 00000427 00000419 000 343 43063.7239772454
24.11.2017 17:22:32 +00.04082E+00  0140 008590 1 00000428 00000419 000 377 43063.7239816088
24.11.2017 17:22:32 +00.04082E+00  0153 008590 1 00000429 00000419 000 340 43063.723985544
24.11.2017 17:22:32 +00.04082E+00  0168 008590 1 00000430 00000419 000 342 43063.7239895139
24.11.2017 17:22:33 +00.04082E+00  0186 008590 1 00000431 00000419 000 343 43063.7239934954
24.11.2017 17:22:33 +00.04082E+00  0196 008590 1 00000432 00000419 000 378 43063.7239978704
24.11.2017 17:22:33 +00.04082E+00  0210 008586 1 00000433 00000419 000 345 43063.724001875
24.11.2017 17:22:34 +00.04081E+00  0225 008586 1 00000434 00000419 000 343 43063.7240058449
24.11.2017 17:22:34 +00.04080E+00  0244 008586 1 00000435 00000419 000 343 43063.7240098148
24.11.2017 17:22:36 +00.04092E+00  0015 008612 1 00000436 00000436 000 343 43063.724035544
24.11.2017 17:22:37 +00.04092E+00  0026 008612 1 00000437 00000436 000 398 43063.7240401505
24.11.2017 17:22:37 +00.04092E+00  0042 008612 1 00000438 00000436 000 344 43063.7240441319
24.11.2017 17:22:37 +00.04092E+00  0057 008612 1 00000439 00000436 000 343 43063.7240481134
24.11.2017 17:22:38 +00.04092E+00  0077 008612 1 00000440 00000436 000 342 43063.7240520718
24.11.2017 17:22:38 +00.04092E+00  0093 008612 1 00000441 00000436 000 374 43063.724056412
24.11.2017 17:22:38 +00.04092E+00  0113 008612 1 00000442 00000436 000 342 43063.7240603819
24.11.2017 17:22:39 +00.04092E+00  0138 008612 1 00000443 00000436 000 343 43063.7240643519
24.11.2017 17:22:39 +00.04092E+00  0148 008612 1 00000444 00000436 000 342 43063.7240683218
24.11.2017 17:22:39 +00.04092E+00  0158 008612 1 00000445 00000436 000 375 43063.7240726736
24.11.2017 17:22:40 +00.04093E+00  0172 008612 1 00000446 00000436 000 341 43063.7240766319
24.11.2017 17:22:40 +00.04092E+00  0187 008612 1 00000447 00000436 000 343 43063.7240806019
24.11.2017 17:22:40 +00.04092E+00  0202 008612 1 00000448 00000436 000 343 43063.7240845718
24.11.2017 17:22:41 +00.04093E+00  0222 008612 1 00000449 00000436 000 377 43063.7240889352
24.11.2017 17:22:41 +00.04093E+00  0241 008612 1 00000450 00000436 000 341 43063.7240928819
24.11.2017 17:22:41 +00.04092E+00  0256 008606 1 00000451 00000436 000 343 43063.7240968519
24.11.2017 17:22:42 +00.04091E+00  0271 008606 1 00000452 00000436 000 343 43063.7241008218
24.11.2017 17:22:44 +00.04103E+00  0014 008634 1 00000453 00000453 000 383 43063.7241312153
24.11.2017 17:22:45 +00.04103E+00  0035 008634 1 00000454 00000453 000 341 43063.724135162
24.11.2017 17:22:45 +00.04103E+00  0051 008634 1 00000455 00000453 000 343 43063.7241391319
24.11.2017 17:22:45 +00.04103E+00  0076 008634 1 00000456 00000453 000 343 43063.7241431018
24.11.2017 17:22:46 +00.04103E+00  0087 008634 1 00000457 00000453 000 378 43063.7241474769
24.11.2017 17:22:46 +00.04103E+00  0102 008634 1 00000458 00000453 000 340 43063.724151412
24.11.2017 17:22:47 +00.04103E+00  0112 008634 1 00000459 00000453 000 343 43063.7241553819
24.11.2017 17:22:47 +00.04103E+00  0133 008634 1 00000460 00000453 000 343 43063.7241593518
24.11.2017 17:22:47 +00.04103E+00  0146 008634 1 00000461 00000453 000 379 43063.7241637384
24.11.2017 17:22:48 +00.04103E+00  0156 008634 1 00000462 00000453 000 345 43063.7241677315
24.11.2017 17:22:48 +00.04103E+00  0175 008634 1 00000463 00000453 000 343 43063.7241717014
24.11.2017 17:22:48 +00.04103E+00  0194 008634 1 00000464 00000453 000 343 43063.7241756713
24.11.2017 17:22:49 +00.04103E+00  0212 008634 1 00000465 00000453 000 374 43063.72418
24.11.2017 17:22:49 +00.04103E+00  0228 008634 1 00000466 00000453 000 344 43063.7241839815
24.11.2017 17:22:49 +00.04103E+00  0244 008628 1 00000467 00000453 000 343 43063.7241879514
24.11.2017 17:22:50 +00.04102E+00  0257 008628 1 00000468 00000453 000 343 43063.7241919213
24.11.2017 17:22:50 +00.04100E+00  0266 008628 1 00000469 00000453 000 376 43063.7241962731