
24.11.2017 17:19:15 0.035991 0.000003   00286 7579 00000001 000020 000004 43063.7217114699
24.11.2017 17:19:24 0.036350 0.000013   00246 7641 00000001 000037 000020 43063.7218065278
24.11.2017 17:19:32 0.036651 0.000011   00242 7703 00000001 000054 000037 43063.7219027431
24.11.2017 17:19:40 0.036977 0.000013   00234 7768 00000001 000071 000054 43063.7219977894
24.11.2017 17:19:48 0.037246 0.000009   00231 7830 00000001 000088 000071 43063.7220928472
24.11.2017 17:19:56 0.037546 0.000012   00261 7894 00000001 000105 000088 43063.7221859028
24.11.2017 17:20:09 0.038991 0.000003   00265 8208 00000001 000122 000105 43063.7223265046
24.11.2017 17:20:17 0.039115 0.000006   00229 8228 00000001 000140 000122 43063.7224195023
24.11.2017 17:20:25 0.039219 0.000003   00268 8250 00000001 000158 000140 43063.7225137153
24.11.2017 17:20:33 0.039315 0.000006   00271 8270 00000001 000176 000158 43063.7226079861
24.11.2017 17:20:41 0.039419 0.000003   00242 8292 00000001 000193 000176 43063.7227010417
24.11.2017 17:20:49 0.039515 0.000006   00265 8312 00000001 000210 000193 43063.7227941204
24.11.2017 17:20:57 0.039628 0.000005   00245 8334 00000001 000227 000210 43063.7228883333
24.11.2017 17:21:05 0.039725 0.000008   00249 8354 00000001 000244 000227 43063.7229825231
24.11.2017 17:21:13 0.039809 0.000003   00257 8376 00000001 000262 000244 43063.7230756134
24.11.2017 17:21:21 0.039914 0.000007   00242 8396 00000001 000279 000262 43063.7231688079
24.11.2017 17:21:29 0.040008 0.000004   00292 8418 00000001 000297 000279 43063.7232620255
24.11.2017 17:21:37 0.040123 0.000006   00261 8440 00000001 000314 000297 43063.7233553125
24.11.2017 17:21:45 0.040219 0.000003   00270 8460 00000001 000331 000314 43063.7234485069
24.11.2017 17:21:54 0.040321 0.000005   00243 8482 00000001 000348 000331 43063.7235417593
24.11.2017 17:22:02 0.040409 0.000003   00262 8502 00000001 000366 000348 43063.7236361343
24.11.2017 17:22:10 0.040513 0.000007   00289 8522 00000001 000384 000366 43063.7237294676
24.11.2017 17:22:18 0.040618 0.000005   00256 8544 00000001 000402 000384 43063.7238239468
24.11.2017 17:22:26 0.040721 0.000005   00260 8566 00000001 000419 000402 43063.7239183102
24.11.2017 17:22:34 0.040818 0.000005   00244 8586 00000001 000436 000419 43063.7240115972
24.11.2017 17:22:42 0.040921 0.000005   00271 8606 00000001 000453 000436 43063.7241049768
24.11.2017 17:22:50 0.041028 0.000007   00266 8628 00000001 000470 000453 43063.7241982407
24.11.2017 17:22:57 0.041000 0.000000   00244 8628 -00000001 000487 000470 43063.7242799769
24.11.2017 17:23:05 0.040890 0.000003   00274 8608 -00000001 000505 000487 43063.7243745486
24.11.2017 17:23:14 0.040772 0.000006   00261 8586 -00000001 000522 000505 43063.724469213
24.11.2017 17:23:22 0.040680 0.000004   00236 8564 -00000001 000539 000522 43063.7245625463
24.11.2017 17:23:30 0.040591 0.000003   00246 8544 -00000001 000557 000539 43063.7246560185
24.11.2017 17:23:38 0.040481 0.000003   00250 8522 -00000001 000574 000557 43063.7247493866
24.11.2017 17:23:46 0.040391 0.000003   00261 8502 -00000001 000592 000574 43063.7248439931
24.11.2017 17:23:54 0.040287 0.000005   00273 8480 -00000001 000609 000592 43063.7249374074
24.11.2017 17:24:02 0.040172 0.000006   00250 8460 -00000001 000626 000609 43063.725032037
24.11.2017 17:24:10 0.040090 0.000000   00247 8438 -00000001 000643 000626 43063.7251266667
24.11.2017 17:24:19 0.039983 0.000007   00265 8418 -00000001 000661 000643 43063.7252202662
24.11.2017 17:24:27 0.039871 0.000003   00246 8396 -00000001 000678 000661 43063.7253149306
24.11.2017 17:24:35 0.039782 0.000005   00252 8376 -00000001 000695 000678 43063.7254096296
24.11.2017 17:24:43 0.039691 0.000002   00235 8354 -00000001 000712 000695 43063.7255032523
24.11.2017 17:24:51 0.039582 0.000006   00258 8334 -00000001 000729 000712 43063.7255978819
24.11.2017 17:24:59 0.039482 0.000004   00265 8312 -00000001 000747 000729 43063.7256914468
24.11.2017 17:25:07 0.039375 0.000006   00248 8290 -00000001 000764 000747 43063.7257851273
24.11.2017 17:25:16 0.039282 0.000005   00248 8270 -00000001 000781 000764 43063.7258800463
24.11.2017 17:25:24 0.039182 0.000006   00258 8250 -00000001 000799 000781 43063.7259735648
24.11.2017 17:25:32 0.039081 0.000003   00266 8228 -00000001 000816 000799 43063.7260671644
24.11.2017 17:25:40 0.038984 0.000006   00286 8208 -00000001 000833 000816 43063.7261618982
24.11.2017 17:25:50 0.037518 0.000004   00253 7893 -00000001 000850 000833 43063.7262786343
24.11.2017 17:25:58 0.037140 0.000014   00251 7828 -00000001 000868 000850 43063.7263723148
24.11.2017 17:26:06 0.036812 0.000016   00260 7765 -00000001 000885 000868 43063.7264658796
24.11.2017 17:26:14 0.036563 0.000008   00249 7703 -00000001 000903 000885 43063.7265609375
24.11.2017 17:26:23 0.036255 0.000010   00249 7641 -00000001 000921 000903 43063.7266557407
24.11.2017 17:26:31 0.035952 0.000009   00250 7577 -00000001 000939 000921 43063.726750706
24.11.2017 17:26:38 0.036010 0.000005   00276 7579 00000001 000957 000939 43063.7268328009
24.11.2017 17:26:46 0.036367 0.000011   00235 7643 00000001 000974 000957 43063.7269261458
24.11.2017 17:26:54 0.036648 0.000009   00267 7705 00000001 000991 000974 43063.7270199421
24.11.2017 17:27:02 0.036946 0.000010   00276 7767 00000001 001009 000991 43063.7271146644
24.11.2017 17:27:10 0.037304 0.000029   00268 7829 00000001 001027 001009 43063.7272094792
24.11.2017 17:27:18 0.037554 0.000012   00241 7893 00000001 001044 001027 43063.7273030787
24.11.2017 17:27:29 0.038963 0.000007   00257 8207 00000001 001061 001044 43063.7274212037
24.11.2017 17:27:37 0.039123 0.000008   00250 8228 00000001 001078 001061 43063.7275148611
24.11.2017 17:27:45 0.039219 0.000003   00267 8250 00000001 001096 001078 43063.7276094907
24.11.2017 17:27:53 0.039306 0.000005   00243 8270 00000001 001114 001096 43063.7277043519
24.11.2017 17:28:01 0.039427 0.000007   00267 8292 00000001 001132 001114 43063.7277992477
24.11.2017 17:28:09 0.039507 0.000005   00301 8312 00000001 001150 001132 43063.7278928009
24.11.2017 17:28:18 0.039618 0.000004   00263 8334 00000001 001168 001150 43063.7279876042
24.11.2017 17:28:26 0.039714 0.000006   00292 8354 00000001 001186 001168 43063.7280812847
24.11.2017 17:28:34 0.039818 0.000005   00256 8376 00000001 001204 001186 43063.7281760301
24.11.2017 17:28:42 0.039924 0.000007   00258 8398 00000001 001222 001204 43063.728271088
24.11.2017 17:28:50 0.040009 0.000003   00279 8418 00000001 001240 001222 43063.7283659722
24.11.2017 17:28:58 0.040114 0.000005   00265 8440 00000001 001258 001240 43063.7284596875
24.11.2017 17:29:07 0.040209 0.000003   00245 8460 00000001 001276 001258 43063.7285534838
24.11.2017 17:29:15 0.040321 0.000005   00271 8482 00000001 001293 001276 43063.728647419
24.11.2017 17:29:23 0.040419 0.000002   00288 8502 00000001 001310 001293 43063.7287425116
24.11.2017 17:29:31 0.040514 0.000005   00269 8524 00000001 001328 001310 43063.7288364699
24.11.2017 17:29:39 0.040619 0.000003   00250 8544 00000001 001345 001328 43063.7289304745
24.11.2017 17:29:47 0.040722 0.000006   00244 8566 00000001 001362 001345 43063.729024456
24.11.2017 17:29:55 0.040818 0.000006   00273 8586 00000001 001379 001362 43063.7291183333
24.11.2017 17:30:03 0.040929 0.000008   00259 8608 00000001 001397 001379 43063.7292126157
24.11.2017 17:30:12 0.041019 0.000003   00244 8628 00000001 001414 001397 43063.7293060069
24.11.2017 17:30:19 0.040991 0.000002   00248 8628 -00000001 001431 001414 43063.7293877546
24.11.2017 17:30:27 0.040882 0.000005   00269 8606 -00000001 001449 001431 43063.7294814005
24.11.2017 17:30:35 0.040772 0.000008   00254 8586 -00000001 001466 001449 43063.7295748611
24.11.2017 17:30:43 0.040688 0.000006   00254 8566 -00000001 001484 001466 43063.729669294
24.11.2017 17:30:51 0.040582 0.000006   00250 8544 -00000001 001501 001484 43063.7297623148
24.11.2017 17:30:59 0.040480 0.000005   00237 8522 -00000001 001518 001501 43063.7298566667