
24.11.2017 17:26:32 +00.03601E+00  0010 007581 1 00000939 00000939 000 396 43063.7267623843
24.11.2017 17:26:32 +00.03601E+00  0028 007581 1 00000940 00000939 000 340 43063.7267663194
24.11.2017 17:26:32 +00.03601E+00  0041 007581 1 00000941 00000939 000 342 43063.7267702894
24.11.2017 17:26:33 +00.03601E+00  0057 007581 1 00000942 00000939 000 343 43063.7267742593
24.11.2017 17:26:33 +00.03601E+00  0068 007581 1 00000943 00000939 000 379 43063.7267786458
24.11.2017 17:26:34 +00.03601E+00  0087 007581 1 00000944 00000939 000 345 43063.7267826389
24.11.2017 17:26:34 +00.03601E+00  0102 007581 1 00000945 00000939 000 343 43063.7267866088
24.11.2017 17:26:34 +00.03601E+00  0116 007581 1 00000946 00000939 000 343 43063.7267905787
24.11.2017 17:26:35 +00.03602E+00  0131 007581 1 00000947 00000939 000 374 43063.7267949074
24.11.2017 17:26:35 +00.03601E+00  0147 007581 1 00000948 00000939 000 344 43063.7267988889
24.11.2017 17:26:35 +00.03601E+00  0165 007581 1 00000949 00000939 000 343 43063.7268028588
24.11.2017 17:26:36 +00.03601E+00  0182 007581 1 00000950 00000939 000 343 43063.7268068287
24.11.2017 17:26:36 +00.03601E+00  0198 007581 1 00000951 00000939 000 375 43063.726811169
24.11.2017 17:26:36 +00.03602E+00  0214 007581 1 00000952 00000939 000 342 43063.7268151273
24.11.2017 17:26:37 +00.03601E+00  0227 007581 1 00000953 00000939 000 342 43063.7268190972
24.11.2017 17:26:37 +00.03601E+00  0242 007579 1 00000954 00000939 000 342 43063.7268230671
24.11.2017 17:26:37 +00.03600E+00  0265 007579 1 00000955 00000939 000 376 43063.7268274306
24.11.2017 17:26:38 +00.03600E+00  0276 007579 1 00000956 00000939 000 341 43063.7268313773
24.11.2017 17:26:40 +00.03636E+00  0013 007657 1 00000957 00000957 000 342 43063.7268576157
24.11.2017 17:26:40 +00.03637E+00  0024 007657 1 00000958 00000957 000 343 43063.7268615856
24.11.2017 17:26:41 +00.03637E+00  0033 007657 1 00000959 00000957 000 421 43063.7268664583
24.11.2017 17:26:41 +00.03637E+00  0052 007657 1 00000960 00000957 000 341 43063.7268704051
24.11.2017 17:26:41 +00.03637E+00  0067 007657 1 00000961 00000957 000 343 43063.726874375
24.11.2017 17:26:42 +00.03637E+00  0081 007657 1 00000962 00000957 000 342 43063.7268783449
24.11.2017 17:26:42 +00.03637E+00  0098 007657 1 00000963 00000957 000 377 43063.7268827199
24.11.2017 17:26:43 +00.03637E+00  0120 007657 1 00000964 00000957 000 340 43063.7268866667
24.11.2017 17:26:43 +00.03637E+00  0138 007657 1 00000965 00000957 000 342 43063.726890625
24.11.2017 17:26:43 +00.03637E+00  0150 007657 1 00000966 00000957 000 343 43063.7268945949
24.11.2017 17:26:44 +00.03638E+00  0162 007657 1 00000967 00000957 000 379 43063.7268989815
24.11.2017 17:26:44 +00.03637E+00  0173 007657 1 00000968 00000957 000 340 43063.7269029167
24.11.2017 17:26:44 +00.03637E+00  0182 007657 1 00000969 00000957 000 342 43063.726906875
24.11.2017 17:26:45 +00.03637E+00  0198 007657 1 00000970 00000957 000 343 43063.7269108449
24.11.2017 17:26:45 +00.03637E+00  0207 007643 1 00000971 00000957 000 380 43063.7269152431
24.11.2017 17:26:45 +00.03635E+00  0221 007643 1 00000972 00000957 000 344 43063.7269192245
24.11.2017 17:26:46 +00.03633E+00  0235 007643 1 00000973 00000957 000 343 43063.7269231944
24.11.2017 17:26:48 +00.03665E+00  0012 007715 1 00000974 00000974 000 342 43063.7269529051
24.11.2017 17:26:49 +00.03665E+00  0032 007715 1 00000975 00000974 000 399 43063.7269575231
24.11.2017 17:26:49 +00.03665E+00  0047 007715 1 00000976 00000974 000 344 43063.7269615046
24.11.2017 17:26:49 +00.03665E+00  0060 007715 1 00000977 00000974 000 343 43063.7269654745
24.11.2017 17:26:50 +00.03665E+00  0080 007715 1 00000978 00000974 000 343 43063.7269694444
24.11.2017 17:26:50 +00.03665E+00  0101 007715 1 00000979 00000974 000 375 43063.7269737847
24.11.2017 17:26:50 +00.03666E+00  0118 007715 1 00000980 00000974 000 343 43063.7269777546
24.11.2017 17:26:51 +00.03665E+00  0128 007715 1 00000981 00000974 000 343 43063.7269817245
24.11.2017 17:26:51 +00.03665E+00  0143 007715 1 00000982 00000974 000 343 43063.7269856944
24.11.2017 17:26:51 +00.03665E+00  0155 007715 1 00000983 00000974 000 376 43063.7269900463
24.11.2017 17:26:52 +00.03665E+00  0172 007715 1 00000984 00000974 000 342 43063.7269940046
24.11.2017 17:26:52 +00.03665E+00  0185 007715 1 00000985 00000974 000 343 43063.7269979745
24.11.2017 17:26:52 +00.03665E+00  0197 007715 1 00000986 00000974 000 343 43063.7270019444
24.11.2017 17:26:53 +00.03665E+00  0217 007715 1 00000987 00000974 000 377 43063.7270063079
24.11.2017 17:26:53 +00.03665E+00  0233 007705 1 00000988 00000974 000 341 43063.7270102546
24.11.2017 17:26:54 +00.03663E+00  0254 007705 1 00000989 00000974 000 342 43063.727014213
24.11.2017 17:26:54 +00.03662E+00  0267 007705 1 00000990 00000974 000 342 43063.7270181829
24.11.2017 17:26:56 +00.03693E+00  0013 007777 1 00000991 00000991 000 343 43063.7270439931
24.11.2017 17:26:56 +00.03694E+00  0022 007777 1 00000992 00000991 000 397 43063.727048588
24.11.2017 17:26:57 +00.03695E+00  0038 007777 1 00000993 00000991 000 340 43063.7270525232
24.11.2017 17:26:57 +00.03695E+00  0055 007777 1 00000994 00000991 000 342 43063.7270564815
24.11.2017 17:26:58 +00.03695E+00  0074 007777 1 00000995 00000991 000 343 43063.7270604514
24.11.2017 17:26:58 +00.03695E+00  0091 007777 1 00000996 00000991 000 379 43063.7270648495
24.11.2017 17:26:58 +00.03695E+00  0104 007777 1 00000997 00000991 000 343 43063.727068831
24.11.2017 17:26:59 +00.03695E+00  0129 007777 1 00000998 00000991 000 342 43063.7270728009
24.11.2017 17:26:59 +00.03695E+00  0139 007777 1 00000999 00000991 000 343 43063.7270767824
24.11.2017 17:26:59 +00.03695E+00  0161 007777 1 00001000 00000991 000 374 43063.7270811111
24.11.2017 17:27:00 +00.03695E+00  0176 007777 1 00001001 00000991 000 342 43063.727085081
24.11.2017 17:27:00 +00.03695E+00  0190 007777 1 00001002 00000991 000 343 43063.7270890509
24.11.2017 17:27:00 +00.03695E+00  0200 007777 1 00001003 00000991 000 343 43063.7270930208
24.11.2017 17:27:01 +00.03695E+00  0214 007777 1 00001004 00000991 000 376 43063.7270973727
24.11.2017 17:27:01 +00.03695E+00  0236 007777 1 00001005 00000991 000 342 43063.727101331
24.11.2017 17:27:01 +00.03695E+00  0247 007767 1 00001006 00000991 000 343 43063.7271053009
24.11.2017 17:27:02 +00.03693E+00  0259 007767 1 00001007 00000991 000 344 43063.7271092824
24.11.2017 17:27:02 +00.03691E+00  0276 007767 1 00001008 00000991 000 376 43063.7271136343
24.11.2017 17:27:04 +00.03730E+00  0011 007854 1 00001009 00001009 000 376 43063.7271396528
24.11.2017 17:27:05 +00.03731E+00  0025 007854 1 00001010 00001009 000 341 43063.7271435995
24.11.2017 17:27:05 +00.03731E+00  0038 007854 1 00001011 00001009 000 343 43063.7271475694
24.11.2017 17:27:05 +00.03731E+00  0051 007854 1 00001012 00001009 000 343 43063.7271515394
24.11.2017 17:27:06 +00.03732E+00  0067 007854 1 00001013 00001009 000 378 43063.7271559143
24.11.2017 17:27:06 +00.03731E+00  0083 007854 1 00001014 00001009 000 341 43063.7271598611
24.11.2017 17:27:06 +00.03731E+00  0096 007854 1 00001015 00001009 000 342 43063.7271638194
24.11.2017 17:27:07 +00.03732E+00  0113 007854 1 00001016 00001009 000 343 43063.7271677894
24.11.2017 17:27:07 +00.03732E+00  0129 007854 1 00001017 00001009 000 379 43063.7271721759
24.11.2017 17:27:08 +00.03732E+00  0143 007854 1 00001018 00001009 000 345 43063.727176169
24.11.2017 17:27:08 +00.03731E+00  0155 007854 1 00001019 00001009 000 343 43063.7271801389
24.11.2017 17:27:08 +00.03731E+00  0173 007854 1 00001020 00001009 000 343 43063.7271841088
24.11.2017 17:27:09 +00.03731E+00  0186 007854 1 00001021 00001009 000 374 43063.7271884375
24.11.2017 17:27:09 +00.03731E+00  0203 007854 1 00001022 00001009 000 343 43063.7271924074
24.11.2017 17:27:09 +00.03732E+00  0217 007854 1 00001023 00001009 000 342 43063.7271963773
24.11.2017 17:27:10 +00.03732E+00  0235 007829 1 00001024 00001009 000 343 43063.7272003588
24.11.2017 17:27:10 +00.03723E+00  0249 007829 1 00001025 00001009 000 376 43063.7272047106
24.11.2017 17:27:10 +00.03722E+00  0268 007829 1 00001026 00001009 000 341 43063.7272086574
24.11.2017 17:27:13 +00.03755E+00  0015 007905 1 00001027 00001027 000 343 43063.7272349074
24.11.2017 17:27:13 +00.03755E+00  0022 007905 1 00001028 00001027 000 343 43063.7272388773
24.11.2017 17:27:13 +00.03756E+00  0036 007905 1 00001029 00001027 000 419 43063.7272437269
24.11.2017 17:27:14 +00.03756E+00  0056 007905 1 00001030 00001027 000 340 43063.7272476736
24.11.2017 17:27:14 +00.03756E+00  0069 007905 1 00001031 00001027 000 343 43063.7272516551
24.11.2017 17:27:14 +00.03756E+00  0087 007905 1 00001032 00001027 000 342 43063.727255625
24.11.2017 17:27:15 +00.03756E+00  0102 007905 1 00001033 00001027 000 377 43063.72726
24.11.2017 17:27:15 +00.03756E+00  0119 007905 1 00001034 00001027 000 340 43063.7272639352
24.11.2017 17:27:15 +00.03756E+00  0124 007905 1 00001035 00001027 000 343 43063.7272679051
24.11.2017 17:27:16 +00.03756E+00  0140 007905 1 00001036 00001027 000 343 43063.727271875
24.11.2017 17:27:16 +00.03756E+00  0156 007905 1 00001037 00001027 000 379 43063.7272762616
24.11.2017 17:27:17 +00.03756E+00  0166 007905 1 00001038 00001027 000 340 43063.7272801968
24.11.2017 17:27:17 +00.03756E+00  0182 007905 1 00001039 00001027 000 342 43063.7272841551
24.11.2017 17:27:17 +00.03756E+00  0194 007905 1 00001040 00001027 000 343 43063.727288125
24.11.2017 17:27:18 +00.03755E+00  0207 007893 1 00001041 00001027 000 381 43063.7272925347
24.11.2017 17:27:18 +00.03753E+00  0228 007893 1 00001042 00001027 000 343 43063.7272965046
24.11.2017 17:27:18 +00.03752E+00  0241 007893 1 00001043 00001027 000 343 43063.7273004745