
24.11.2017 17:27:23 +00.03897E+00  0008 008199 1 00001044 00001044 000 342 43063.7273520139
24.11.2017 17:27:23 +00.03897E+00  0024 008199 1 00001045 00001044 000 342 43063.7273559838
24.11.2017 17:27:23 +00.03896E+00  0036 008199 1 00001046 00001044 000 418 43063.7273608218
24.11.2017 17:27:24 +00.03896E+00  0050 008199 1 00001047 00001044 000 344 43063.7273648032
24.11.2017 17:27:24 +00.03896E+00  0071 008199 1 00001048 00001044 000 343 43063.7273687732
24.11.2017 17:27:25 +00.03896E+00  0082 008199 1 00001049 00001044 000 342 43063.7273727431
24.11.2017 17:27:25 +00.03896E+00  0094 008199 1 00001050 00001044 000 373 43063.7273770718
24.11.2017 17:27:25 +00.03896E+00  0116 008199 1 00001051 00001044 000 343 43063.7273810532
24.11.2017 17:27:26 +00.03896E+00  0128 008199 1 00001052 00001044 000 343 43063.7273850232
24.11.2017 17:27:26 +00.03896E+00  0144 008199 1 00001053 00001044 000 343 43063.7273889931
24.11.2017 17:27:26 +00.03896E+00  0157 008199 1 00001054 00001044 000 376 43063.7273933449
24.11.2017 17:27:27 +00.03896E+00  0176 008199 1 00001055 00001044 000 342 43063.7273973032
24.11.2017 17:27:27 +00.03896E+00  0188 008199 1 00001056 00001044 000 343 43063.7274012732
24.11.2017 17:27:27 +00.03896E+00  0207 008199 1 00001057 00001044 000 343 43063.7274052431
24.11.2017 17:27:28 +00.03896E+00  0227 008207 1 00001058 00001044 000 377 43063.7274096065
24.11.2017 17:27:28 +00.03898E+00  0239 008207 1 00001059 00001044 000 341 43063.7274135532
24.11.2017 17:27:28 +00.03898E+00  0257 008207 1 00001060 00001044 000 343 43063.7274175232
24.11.2017 17:27:31 +00.03912E+00  0010 008234 1 00001061 00001061 000 343 43063.7274472338
24.11.2017 17:27:31 +00.03913E+00  0027 008234 1 00001062 00001061 000 402 43063.7274518866
24.11.2017 17:27:32 +00.03913E+00  0045 008234 1 00001063 00001061 000 341 43063.7274558333
24.11.2017 17:27:32 +00.03912E+00  0063 008234 1 00001064 00001061 000 343 43063.7274598032
24.11.2017 17:27:32 +00.03913E+00  0072 008234 1 00001065 00001061 000 343 43063.7274637731
24.11.2017 17:27:33 +00.03913E+00  0091 008234 1 00001066 00001061 000 378 43063.7274681482
24.11.2017 17:27:33 +00.03913E+00  0102 008234 1 00001067 00001061 000 340 43063.7274720833
24.11.2017 17:27:33 +00.03913E+00  0110 008234 1 00001068 00001061 000 342 43063.7274760532
24.11.2017 17:27:34 +00.03912E+00  0126 008234 1 00001069 00001061 000 343 43063.7274800231
24.11.2017 17:27:34 +00.03913E+00  0145 008234 1 00001070 00001061 000 379 43063.7274844097
24.11.2017 17:27:34 +00.03912E+00  0161 008234 1 00001071 00001061 000 345 43063.7274884028
24.11.2017 17:27:35 +00.03912E+00  0171 008234 1 00001072 00001061 000 343 43063.7274923727
24.11.2017 17:27:35 +00.03912E+00  0191 008234 1 00001073 00001061 000 343 43063.7274963426
24.11.2017 17:27:36 +00.03913E+00  0202 008234 1 00001074 00001061 000 374 43063.7275006713
24.11.2017 17:27:36 +00.03912E+00  0216 008228 1 00001075 00001061 000 344 43063.7275046528
24.11.2017 17:27:36 +00.03911E+00  0232 008228 1 00001076 00001061 000 342 43063.7275086111
24.11.2017 17:27:37 +00.03910E+00  0250 008228 1 00001077 00001061 000 343 43063.7275125926
24.11.2017 17:27:39 +00.03921E+00  0013 008254 1 00001078 00001078 000 343 43063.7275383218
24.11.2017 17:27:39 +00.03922E+00  0029 008254 1 00001079 00001078 000 400 43063.7275429514
24.11.2017 17:27:40 +00.03922E+00  0055 008254 1 00001080 00001078 000 342 43063.7275469097
24.11.2017 17:27:40 +00.03922E+00  0070 008254 1 00001081 00001078 000 343 43063.7275508796
24.11.2017 17:27:40 +00.03922E+00  0084 008254 1 00001082 00001078 000 342 43063.7275548495
24.11.2017 17:27:41 +00.03922E+00  0100 008254 1 00001083 00001078 000 377 43063.7275592245
24.11.2017 17:27:41 +00.03922E+00  0115 008254 1 00001084 00001078 000 340 43063.7275631713
24.11.2017 17:27:41 +00.03922E+00  0132 008254 1 00001085 00001078 000 342 43063.7275671296
24.11.2017 17:27:42 +00.03922E+00  0145 008254 1 00001086 00001078 000 343 43063.7275710995
24.11.2017 17:27:42 +00.03922E+00  0163 008254 1 00001087 00001078 000 378 43063.7275754745
24.11.2017 17:27:42 +00.03922E+00  0174 008254 1 00001088 00001078 000 340 43063.7275794097
24.11.2017 17:27:43 +00.03922E+00  0190 008254 1 00001089 00001078 000 343 43063.7275833796
24.11.2017 17:27:43 +00.03922E+00  0206 008254 1 00001090 00001078 000 343 43063.7275873495
24.11.2017 17:27:43 +00.03922E+00  0219 008254 1 00001091 00001078 000 379 43063.7275917361
24.11.2017 17:27:44 +00.03922E+00  0233 008254 1 00001092 00001078 000 340 43063.7275956713
24.11.2017 17:27:44 +00.03922E+00  0247 008250 1 00001093 00001078 000 342 43063.7275996296
24.11.2017 17:27:44 +00.03921E+00  0262 008250 1 00001094 00001078 000 343 43063.7276035995
24.11.2017 17:27:45 +00.03921E+00  0267 008250 1 00001095 00001078 000 380 43063.7276079977
24.11.2017 17:27:47 +00.03930E+00  0007 008272 1 00001096 00001096 000 380 43063.7276340162
24.11.2017 17:27:47 +00.03930E+00  0024 008272 1 00001097 00001096 000 344 43063.7276379977
24.11.2017 17:27:48 +00.03930E+00  0040 008272 1 00001098 00001096 000 343 43063.7276419676
24.11.2017 17:27:48 +00.03930E+00  0050 008272 1 00001099 00001096 000 343 43063.7276459375
24.11.2017 17:27:48 +00.03931E+00  0063 008272 1 00001100 00001096 000 375 43063.7276502778
24.11.2017 17:27:49 +00.03931E+00  0079 008272 1 00001101 00001096 000 342 43063.7276542361
24.11.2017 17:27:49 +00.03931E+00  0091 008272 1 00001102 00001096 000 343 43063.7276582176
24.11.2017 17:27:50 +00.03930E+00  0105 008272 1 00001103 00001096 000 343 43063.7276621875
24.11.2017 17:27:50 +00.03931E+00  0125 008272 1 00001104 00001096 000 376 43063.7276665394
24.11.2017 17:27:50 +00.03931E+00  0145 008272 1 00001105 00001096 000 341 43063.7276704861
24.11.2017 17:27:51 +00.03931E+00  0154 008272 1 00001106 00001096 000 342 43063.727674456
24.11.2017 17:27:51 +00.03931E+00  0165 008272 1 00001107 00001096 000 342 43063.7276784259
24.11.2017 17:27:51 +00.03931E+00  0181 008272 1 00001108 00001096 000 377 43063.7276828009
24.11.2017 17:27:52 +00.03931E+00  0193 008272 1 00001109 00001096 000 340 43063.7276867477
24.11.2017 17:27:52 +00.03931E+00  0208 008272 1 00001110 00001096 000 341 43063.727690706
24.11.2017 17:27:52 +00.03931E+00  0220 008270 1 00001111 00001096 000 343 43063.7276946759
24.11.2017 17:27:53 +00.03930E+00  0228 008270 1 00001112 00001096 000 379 43063.7276990625
24.11.2017 17:27:53 +00.03930E+00  0243 008270 1 00001113 00001096 000 344 43063.7277030556
24.11.2017 17:27:55 +00.03943E+00  0006 008298 1 00001114 00001114 000 341 43063.7277292245
24.11.2017 17:27:56 +00.03943E+00  0022 008298 1 00001115 00001114 000 344 43063.727733206
24.11.2017 17:27:56 +00.03943E+00  0036 008298 1 00001116 00001114 000 342 43063.7277371644
24.11.2017 17:27:56 +00.03943E+00  0052 008298 1 00001117 00001114 000 361 43063.7277413426
24.11.2017 17:27:57 +00.03943E+00  0073 008298 1 00001118 00001114 000 344 43063.7277453241
24.11.2017 17:27:57 +00.03943E+00  0084 008298 1 00001119 00001114 000 343 43063.727749294
24.11.2017 17:27:57 +00.03943E+00  0097 008298 1 00001120 00001114 000 343 43063.7277532639
24.11.2017 17:27:58 +00.03943E+00  0111 008298 1 00001121 00001114 000 375 43063.7277576042
24.11.2017 17:27:58 +00.03943E+00  0127 008298 1 00001122 00001114 000 343 43063.7277615741
24.11.2017 17:27:58 +00.03943E+00  0146 008298 1 00001123 00001114 000 343 43063.727765544
24.11.2017 17:27:59 +00.03943E+00  0159 008298 1 00001124 00001114 000 343 43063.7277695139
24.11.2017 17:27:59 +00.03943E+00  0172 008298 1 00001125 00001114 000 376 43063.7277738657
24.11.2017 17:28:00 +00.03943E+00  0181 008298 1 00001126 00001114 000 342 43063.7277778241
24.11.2017 17:28:00 +00.03943E+00  0199 008298 1 00001127 00001114 000 343 43063.727781794
24.11.2017 17:28:00 +00.03943E+00  0209 008298 1 00001128 00001114 000 343 43063.7277857639
24.11.2017 17:28:01 +00.03942E+00  0225 008292 1 00001129 00001114 000 377 43063.7277901273
24.11.2017 17:28:01 +00.03941E+00  0246 008292 1 00001130 00001114 000 340 43063.7277940625
24.11.2017 17:28:01 +00.03941E+00  0267 008292 1 00001131 00001114 000 342 43063.7277980324
24.11.2017 17:28:03 +00.03951E+00  0016 008314 1 00001132 00001132 000 341 43063.7278235417
24.11.2017 17:28:04 +00.03950E+00  0023 008314 1 00001133 00001132 000 343 43063.7278275116
24.11.2017 17:28:04 +00.03951E+00  0040 008314 1 00001134 00001132 000 343 43063.7278314815
24.11.2017 17:28:05 +00.03950E+00  0059 008314 1 00001135 00001132 000 360 43063.7278356597
24.11.2017 17:28:05 +00.03951E+00  0078 008314 1 00001136 00001132 000 344 43063.7278396412
24.11.2017 17:28:05 +00.03951E+00  0093 008314 1 00001137 00001132 000 342 43063.7278436111
24.11.2017 17:28:06 +00.03951E+00  0103 008314 1 00001138 00001132 000 342 43063.727847581
24.11.2017 17:28:06 +00.03951E+00  0120 008314 1 00001139 00001132 000 374 43063.7278519213
24.11.2017 17:28:06 +00.03951E+00  0143 008314 1 00001140 00001132 000 342 43063.7278558912
24.11.2017 17:28:07 +00.03951E+00  0159 008314 1 00001141 00001132 000 343 43063.7278598611
24.11.2017 17:28:07 +00.03951E+00  0169 008314 1 00001142 00001132 000 343 43063.727863831
24.11.2017 17:28:07 +00.03951E+00  0190 008314 1 00001143 00001132 000 376 43063.7278681829
24.11.2017 17:28:08 +00.03951E+00  0213 008314 1 00001144 00001132 000 341 43063.7278721412
24.11.2017 17:28:08 +00.03951E+00  0232 008314 1 00001145 00001132 000 343 43063.7278761111
24.11.2017 17:28:08 +00.03951E+00  0242 008314 1 00001146 00001132 000 343 43063.727880081
24.11.2017 17:28:09 +00.03950E+00  0252 008312 1 00001147 00001132 000 377 43063.7278844444
24.11.2017 17:28:09 +00.03950E+00  0279 008312 1 00001148 00001132 000 341 43063.7278883912
24.11.2017 17:28:09 +00.03950E+00  0301 008312 1 00001149 00001132 000 343 43063.7278923611
24.11.2017 17:28:12 +00.03961E+00  0011 008338 1 00001150 00001150 000 341 43063.7279178588
24.11.2017 17:28:12 +00.03962E+00  0025 008338 1 00001151 00001150 000 343 43063.7279218403
24.11.2017 17:28:12 +00.03962E+00  0040 008338 1 00001152 00001150 000 343 43063.7279258102
24.11.2017 17:28:13 +00.03962E+00  0056 008338 1 00001153 00001150 000 360 43063.7279299768
24.11.2017 17:28:13 +00.03962E+00  0075 008338 1 00001154 00001150 000 345 43063.7279339699
24.11.2017 17:28:13 +00.03962E+00  0088 008338 1 00001155 00001150 000 343 43063.7279379398
24.11.2017 17:28:14 +00.03962E+00  0110 008338 1 00001156 00001150 000 343 43063.7279419097
24.11.2017 17:28:14 +00.03962E+00  0128 008338 1 00001157 00001150 000 376 43063.7279462616
24.11.2017 17:28:14 +00.03962E+00  0136 008338 1 00001158 00001150 000 341 43063.7279502083
24.11.2017 17:28:15 +00.03962E+00  0152 008338 1 00001159 00001150 000 343 43063.7279541898
24.11.2017 17:28:15 +00.03962E+00  0173 008338 1 00001160 00001150 000 343 43063.7279581597
24.11.2017 17:28:15 +00.03962E+00  0184 008338 1 00001161 00001150 000 376 43063.7279625116
24.11.2017 17:28:16 +00.03962E+00  0204 008338 1 00001162 00001150 000 341 43063.7279664583
24.11.2017 17:28:16 +00.03962E+00  0216 008338 1 00001163 00001150 000 343 43063.7279704282
24.11.2017 17:28:16 +00.03962E+00  0222 008338 1 00001164 00001150 000 343 43063.7279743981
24.11.2017 17:28:17 +00.03961E+00  0236 008334 1 00001165 00001150 000 376 43063.7279787616
24.11.2017 17:28:17 +00.03961E+00  0249 008334 1 00001166 00001150 000 341 43063.7279827083
24.11.2017 17:28:18 +00.03961E+00  0263 008334 1 00001167 00001150 000 343 43063.7279866782
24.11.2017 17:28:20 +00.03971E+00  0015 008358 1 00001168 00001168 000 342 43063.7280121875
24.11.2017 17:28:20 +00.03971E+00  0028 008358 1 00001169 00001168 000 343 43063.7280161574
24.11.2017 17:28:20 +00.03972E+00  0044 008358 1 00001170 00001168 000 343 43063.7280201273
24.11.2017 17:28:21 +00.03972E+00  0065 008358 1 00001171 00001168 000 360 43063.728024294
24.11.2017 17:28:21 +00.03972E+00  0082 008358 1 00001172 00001168 000 340 43063.7280282292
24.11.2017 17:28:21 +00.03971E+00  0105 008358 1 00001173 00001168 000 342 43063.7280321875
24.11.2017 17:28:22 +00.03971E+00  0120 008358 1 00001174 00001168 000 343 43063.7280361574
24.11.2017 17:28:22 +00.03971E+00  0138 008358 1 00001175 00001168 000 381 43063.7280405671
24.11.2017 17:28:23 +00.03972E+00  0155 008358 1 00001176 00001168 000 343 43063.728044537
24.11.2017 17:28:23 +00.03972E+00  0165 008358 1 00001177 00001168 000 343 43063.7280485069
24.11.2017 17:28:23 +00.03971E+00  0175 008358 1 00001178 00001168 000 343 43063.7280524769
24.11.2017 17:28:24 +00.03972E+00  0194 008358 1 00001179 00001168 000 375 43063.7280568171
24.11.2017 17:28:24 +00.03971E+00  0211 008358 1 00001180 00001168 000 343 43063.728060787
24.11.2017 17:28:24 +00.03971E+00  0236 008358 1 00001181 00001168 000 343 43063.7280647569
24.11.2017 17:28:25 +00.03972E+00  0248 008358 1 00001182 00001168 000 343 43063.7280687269
24.11.2017 17:28:25 +00.03971E+00  0260 008354 1 00001183 00001168 000 377 43063.7280730903
24.11.2017 17:28:25 +00.03971E+00  0277 008354 1 00001184 00001168 000 340 43063.7280770255
24.11.2017 17:28:26 +00.03970E+00  0292 008354 1 00001185 00001168 000 342 43063.7280809954
24.11.2017 17:28:28 +00.03982E+00  0003 008380 1 00001186 00001186 000 342 43063.7281065046
24.11.2017 17:28:28 +00.03982E+00  0009 008380 1 00001187 00001186 000 343 43063.7281104745
24.11.2017 17:28:29 +00.03982E+00  0023 008380 1 00001188 00001186 000 343 43063.7281144444
24.11.2017 17:28:29 +00.03982E+00  0037 008380 1 00001189 00001186 000 360 43063.7281186111
24.11.2017 17:28:29 +00.03982E+00  0052 008380 1 00001190 00001186 000 340 43063.7281225463
24.11.2017 17:28:30 +00.03982E+00  0072 008380 1 00001191 00001186 000 343 43063.7281265162
24.11.2017 17:28:30 +00.03982E+00  0091 008380 1 00001192 00001186 000 342 43063.7281304745
24.11.2017 17:28:30 +00.03982E+00  0102 008380 1 00001193 00001186 000 381 43063.7281348843
24.11.2017 17:28:31 +00.03982E+00  0119 008380 1 00001194 00001186 000 343 43063.7281388542
24.11.2017 17:28:31 +00.03982E+00  0132 008380 1 00001195 00001186 000 343 43063.7281428241
24.11.2017 17:28:31 +00.03982E+00  0144 008380 1 00001196 00001186 000 343 43063.728146794
24.11.2017 17:28:32 +00.03982E+00  0159 008380 1 00001197 00001186 000 375 43063.7281511343
24.11.2017 17:28:32 +00.03982E+00  0175 008380 1 00001198 00001186 000 343 43063.7281551042
24.11.2017 17:28:32 +00.03982E+00  0193 008380 1 00001199 00001186 000 343 43063.7281590741
24.11.2017 17:28:33 +00.03982E+00  0206 008380 1 00001200 00001186 000 343 43063.728163044
24.11.2017 17:28:33 +00.03982E+00  0221 008376 1 00001201 00001186 000 377 43063.7281674074
24.11.2017 17:28:34 +00.03981E+00  0239 008376 1 00001202 00001186 000 341 43063.7281713542
24.11.2017 17:28:34 +00.03980E+00  0256 008376 1 00001203 00001186 000 343 43063.7281753241
24.11.2017 17:28:36 +00.03992E+00  0006 008402 1 00001204 00001204 000 342 43063.7282008333
24.11.2017 17:28:36 +00.03992E+00  0019 008402 1 00001205 00001204 000 342 43063.7282047917
24.11.2017 17:28:37 +00.03992E+00  0026 008402 1 00001206 00001204 000 343 43063.7282087732
24.11.2017 17:28:37 +00.03993E+00  0040 008402 1 00001207 00001204 000 360 43063.7282129398
24.11.2017 17:28:37 +00.03993E+00  0053 008402 1 00001208 00001204 000 345 43063.7282169329
24.11.2017 17:28:38 +00.03993E+00  0070 008402 1 00001209 00001204 000 343 43063.7282209028
24.11.2017 17:28:38 +00.03992E+00  0088 008402 1 00001210 00001204 000 343 43063.7282248727
24.11.2017 17:28:39 +00.03993E+00  0098 008402 1 00001211 00001204 000 374 43063.7282292014
24.11.2017 17:28:39 +00.03993E+00  0117 008402 1 00001212 00001204 000 343 43063.7282331713
24.11.2017 17:28:39 +00.03992E+00  0134 008402 1 00001213 00001204 000 342 43063.7282371412
24.11.2017 17:28:40 +00.03993E+00  0148 008402 1 00001214 00001204 000 343 43063.7282411227
24.11.2017 17:28:40 +00.03993E+00  0160 008402 1 00001215 00001204 000 375 43063.728245463
24.11.2017 17:28:40 +00.03993E+00  0173 008402 1 00001216 00001204 000 342 43063.7282494213
24.11.2017 17:28:41 +00.03993E+00  0193 008402 1 00001217 00001204 000 343 43063.7282533912
24.11.2017 17:28:41 +00.03992E+00  0204 008402 1 00001218 00001204 000 342 43063.7282573611
24.11.2017 17:28:41 +00.03992E+00  0219 008398 1 00001219 00001204 000 375 43063.728261713
24.11.2017 17:28:42 +00.03991E+00  0238 008398 1 00001220 00001204 000 342 43063.7282656713
24.11.2017 17:28:42 +00.03991E+00  0258 008398 1 00001221 00001204 000 343 43063.7282696412
24.11.2017 17:28:44 +00.04001E+00  0018 008420 1 00001222 00001222 000 342 43063.7282951505
24.11.2017 17:28:45 +00.04001E+00  0034 008420 1 00001223 00001222 000 343 43063.7282991204
24.11.2017 17:28:45 +00.04001E+00  0059 008420 1 00001224 00001222 000 343 43063.7283030903
24.11.2017 17:28:45 +00.04001E+00  0073 008420 1 00001225 00001222 000 360 43063.7283072569
24.11.2017 17:28:46 +00.04001E+00  0091 008420 1 00001226 00001222 000 340 43063.7283111921
24.11.2017 17:28:46 +00.04001E+00  0104 008420 1 00001227 00001222 000 341 43063.7283151505
24.11.2017 17:28:46 +00.04001E+00  0120 008420 1 00001228 00001222 000 343 43063.7283191204
24.11.2017 17:28:47 +00.04001E+00  0131 008420 1 00001229 00001222 000 380 43063.7283235185
24.11.2017 17:28:47 +00.04001E+00  0154 008420 1 00001230 00001222 000 344 43063.7283275
24.11.2017 17:28:47 +00.04001E+00  0165 008420 1 00001231 00001222 000 343 43063.7283314699
24.11.2017 17:28:48 +00.04001E+00  0181 008420 1 00001232 00001222 000 343 43063.7283354398
24.11.2017 17:28:48 +00.04001E+00  0195 008420 1 00001233 00001222 000 375 43063.7283397801
24.11.2017 17:28:48 +00.04001E+00  0204 008420 1 00001234 00001222 000 343 43063.72834375
24.11.2017 17:28:49 +00.04001E+00  0219 008420 1 00001235 00001222 000 343 43063.7283477199
24.11.2017 17:28:49 +00.04001E+00  0236 008420 1 00001236 00001222 000 343 43063.7283516898
24.11.2017 17:28:49 +00.04001E+00  0250 008418 1 00001237 00001222 000 376 43063.7283560417
24.11.2017 17:28:50 +00.04000E+00  0259 008418 1 00001238 00001222 000 341 43063.7283599884
24.11.2017 17:28:50 +00.04000E+00  0279 008418 1 00001239 00001222 000 342 43063.7283639583
24.11.2017 17:28:52 +00.04011E+00  0016 008442 1 00001240 00001240 000 343 43063.7283894792
24.11.2017 17:28:53 +00.04011E+00  0030 008442 1 00001241 00001240 000 342 43063.7283934375
24.11.2017 17:28:53 +00.04012E+00  0044 008442 1 00001242 00001240 000 343 43063.7283974074
24.11.2017 17:28:53 +00.04012E+00  0070 008442 1 00001243 00001240 000 360 43063.7284015741
24.11.2017 17:28:54 +00.04011E+00  0086 008442 1 00001244 00001240 000 340 43063.7284055093
24.11.2017 17:28:54 +00.04011E+00  0100 008442 1 00001245 00001240 000 342 43063.7284094676
24.11.2017 17:28:54 +00.04012E+00  0112 008442 1 00001246 00001240 000 343 43063.7284134375
24.11.2017 17:28:55 +00.04011E+00  0126 008442 1 00001247 00001240 000 380 43063.7284178356
24.11.2017 17:28:55 +00.04011E+00  0133 008442 1 00001248 00001240 000 344 43063.7284218171
24.11.2017 17:28:55 +00.04012E+00  0151 008442 1 00001249 00001240 000 343 43063.728425787
24.11.2017 17:28:56 +00.04012E+00  0162 008442 1 00001250 00001240 000 343 43063.7284297569
24.11.2017 17:28:56 +00.04012E+00  0172 008442 1 00001251 00001240 000 375 43063.7284340972
24.11.2017 17:28:57 +00.04012E+00  0194 008442 1 00001252 00001240 000 342 43063.7284380671
24.11.2017 17:28:57 +00.04011E+00  0206 008442 1 00001253 00001240 000 343 43063.728442037
24.11.2017 17:28:57 +00.04011E+00  0221 008442 1 00001254 00001240 000 343 43063.7284460069
24.11.2017 17:28:58 +00.04011E+00  0232 008440 1 00001255 00001240 000 376 43063.7284503588
24.11.2017 17:28:58 +00.04011E+00  0247 008440 1 00001256 00001240 000 342 43063.7284543171
24.11.2017 17:28:58 +00.04011E+00  0265 008440 1 00001257 00001240 000 343 43063.728458287
24.11.2017 17:29:00 +00.04021E+00  0012 008462 1 00001258 00001258 000 342 43063.7284837847
24.11.2017 17:29:01 +00.04021E+00  0024 008462 1 00001259 00001258 000 342 43063.7284877546
24.11.2017 17:29:01 +00.04021E+00  0036 008462 1 00001260 00001258 000 421 43063.7284926389
24.11.2017 17:29:02 +00.04021E+00  0049 008462 1 00001261 00001258 000 340 43063.7284965856
24.11.2017 17:29:02 +00.04021E+00  0061 008462 1 00001262 00001258 000 343 43063.7285005556
24.11.2017 17:29:02 +00.04021E+00  0078 008462 1 00001263 00001258 000 343 43063.7285045255
24.11.2017 17:29:03 +00.04021E+00  0087 008462 1 00001264 00001258 000 378 43063.7285089005
24.11.2017 17:29:03 +00.04021E+00  0101 008462 1 00001265 00001258 000 340 43063.7285128356
24.11.2017 17:29:03 +00.04021E+00  0113 008462 1 00001266 00001258 000 341 43063.728516794
24.11.2017 17:29:04 +00.04021E+00  0128 008462 1 00001267 00001258 000 343 43063.7285207755
24.11.2017 17:29:04 +00.04021E+00  0147 008462 1 00001268 00001258 000 379 43063.728525162
24.11.2017 17:29:04 +00.04021E+00  0156 008462 1 00001269 00001258 000 343 43063.7285291435
24.11.2017 17:29:05 +00.04021E+00  0169 008462 1 00001270 00001258 000 343 43063.728533125
24.11.2017 17:29:05 +00.04021E+00  0183 008462 1 00001271 00001258 000 343 43063.7285370949
24.11.2017 17:29:05 +00.04021E+00  0194 008462 1 00001272 00001258 000 374 43063.7285414236
24.11.2017 17:29:06 +00.04021E+00  0212 008460 1 00001273 00001258 000 343 43063.7285453935
24.11.2017 17:29:06 +00.04020E+00  0227 008460 1 00001274 00001258 000 343 43063.7285493634
24.11.2017 17:29:07 +00.04020E+00  0245 008460 1 00001275 00001258 000 343 43063.7285533333
24.11.2017 17:29:09 +00.04032E+00  0015 008486 1 00001276 00001276 000 342 43063.7285790625
24.11.2017 17:29:09 +00.04032E+00  0027 008486 1 00001277 00001276 000 401 43063.7285837037
24.11.2017 17:29:09 +00.04032E+00  0045 008486 1 00001278 00001276 000 342 43063.728587662
24.11.2017 17:29:10 +00.04032E+00  0059 008486 1 00001279 00001276 000 343 43063.7285916319
24.11.2017 17:29:10 +00.04033E+00  0076 008486 1 00001280 00001276 000 343 43063.7285956019
24.11.2017 17:29:11 +00.04032E+00  0089 008486 1 00001281 00001276 000 377 43063.7285999653
24.11.2017 17:29:11 +00.04032E+00  0106 008486 1 00001282 00001276 000 341 43063.728603912
24.11.2017 17:29:11 +00.04032E+00  0123 008486 1 00001283 00001276 000 343 43063.7286078819
24.11.2017 17:29:12 +00.04032E+00  0142 008486 1 00001284 00001276 000 343 43063.7286118519
24.11.2017 17:29:12 +00.04033E+00  0156 008486 1 00001285 00001276 000 378 43063.7286162269
24.11.2017 17:29:12 +00.04032E+00  0170 008486 1 00001286 00001276 000 340 43063.728620162
24.11.2017 17:29:13 +00.04033E+00  0192 008486 1 00001287 00001276 000 343 43063.7286241319
24.11.2017 17:29:13 +00.04032E+00  0208 008486 1 00001288 00001276 000 343 43063.7286281019
24.11.2017 17:29:13 +00.04032E+00  0225 008486 1 00001289 00001276 000 379 43063.7286324884
24.11.2017 17:29:14 +00.04032E+00  0244 008482 1 00001290 00001276 000 345 43063.7286364815
24.11.2017 17:29:14 +00.04032E+00  0256 008482 1 00001291 00001276 000 343 43063.7286404514
24.11.2017 17:29:14 +00.04031E+00  0271 008482 1 00001292 00001276 000 343 43063.7286444213
24.11.2017 17:29:17 +00.04042E+00  0019 008506 1 00001293 00001293 000 379 43063.7286747685
24.11.2017 17:29:17 +00.04042E+00  0036 008506 1 00001294 00001293 000 340 43063.7286787037
24.11.2017 17:29:18 +00.04042E+00  0051 008506 1 00001295 00001293 000 341 43063.728682662
24.11.2017 17:29:18 +00.04042E+00  0066 008506 1 00001296 00001293 000 343 43063.7286866319
24.11.2017 17:29:18 +00.04042E+00  0087 008506 1 00001297 00001293 000 380 43063.7286910301
24.11.2017 17:29:19 +00.04042E+00  0105 008506 1 00001298 00001293 000 344 43063.7286950116
24.11.2017 17:29:19 +00.04042E+00  0114 008506 1 00001299 00001293 000 343 43063.7286989815
24.11.2017 17:29:19 +00.04042E+00  0130 008506 1 00001300 00001293 000 343 43063.7287029514
24.11.2017 17:29:20 +00.04042E+00  0148 008506 1 00001301 00001293 000 375 43063.7287072917
24.11.2017 17:29:20 +00.04042E+00  0158 008506 1 00001302 00001293 000 343 43063.7287112616
24.11.2017 17:29:20 +00.04042E+00  0173 008506 1 00001303 00001293 000 343 43063.7287152315
24.11.2017 17:29:21 +00.04042E+00  0192 008506 1 00001304 00001293 000 343 43063.7287192014
24.11.2017 17:29:21 +00.04042E+00  0209 008506 1 00001305 00001293 000 378 43063.7287235764
24.11.2017 17:29:22 +00.04042E+00  0236 008506 1 00001306 00001293 000 340 43063.7287275116
24.11.2017 17:29:22 +00.04042E+00  0253 008502 1 00001307 00001293 000 341 43063.7287314699
24.11.2017 17:29:22 +00.04042E+00  0273 008502 1 00001308 00001293 000 344 43063.7287354514
24.11.2017 17:29:23 +00.04041E+00  0288 008502 1 00001309 00001293 000 377 43063.7287398148
24.11.2017 17:29:25 +00.04051E+00  0009 008526 1 00001310 00001310 000 377 43063.7287658333
24.11.2017 17:29:25 +00.04051E+00  0028 008526 1 00001311 00001310 000 340 43063.7287697685
24.11.2017 17:29:26 +00.04051E+00  0037 008526 1 00001312 00001310 000 342 43063.7287737384
24.11.2017 17:29:26 +00.04052E+00  0055 008526 1 00001313 00001310 000 343 43063.7287777083
24.11.2017 17:29:26 +00.04052E+00  0066 008526 1 00001314 00001310 000 379 43063.7287820949
24.11.2017 17:29:27 +00.04052E+00  0082 008526 1 00001315 00001310 000 344 43063.728786088
24.11.2017 17:29:27 +00.04052E+00  0101 008526 1 00001316 00001310 000 343 43063.7287900579
24.11.2017 17:29:27 +00.04051E+00  0118 008526 1 00001317 00001310 000 343 43063.7287940278
24.11.2017 17:29:28 +00.04051E+00  0130 008526 1 00001318 00001310 000 374 43063.7287983565
24.11.2017 17:29:28 +00.04052E+00  0141 008526 1 00001319 00001310 000 343 43063.728802338
24.11.2017 17:29:28 +00.04051E+00  0158 008526 1 00001320 00001310 000 342 43063.7288063079
24.11.2017 17:29:29 +00.04052E+00  0169 008526 1 00001321 00001310 000 343 43063.7288102778
24.11.2017 17:29:29 +00.04052E+00  0188 008526 1 00001322 00001310 000 377 43063.7288146412
24.11.2017 17:29:29 +00.04051E+00  0204 008526 1 00001323 00001310 000 341 43063.728818588
24.11.2017 17:29:30 +00.04051E+00  0218 008526 1 00001324 00001310 000 343 43063.7288225579
24.11.2017 17:29:30 +00.04051E+00  0233 008524 1 00001325 00001310 000 343 43063.7288265278
24.11.2017 17:29:30 +00.04051E+00  0254 008524 1 00001326 00001310 000 376 43063.7288308796
24.11.2017 17:29:31 +00.04051E+00  0269 008524 1 00001327 00001310 000 341 43063.7288348264
24.11.2017 17:29:33 +00.04061E+00  0014 008548 1 00001328 00001328 000 343 43063.7288610764
24.11.2017 17:29:33 +00.04062E+00  0024 008548 1 00001329 00001328 000 343 43063.7288650463
24.11.2017 17:29:34 +00.04062E+00  0037 008548 1 00001330 00001328 000 421 43063.728869919
24.11.2017 17:29:34 +00.04062E+00  0054 008548 1 00001331 00001328 000 341 43063.7288738657
24.11.2017 17:29:35 +00.04062E+00  0073 008548 1 00001332 00001328 000 343 43063.7288778356
24.11.2017 17:29:35 +00.04062E+00  0088 008548 1 00001333 00001328 000 343 43063.7288818056
24.11.2017 17:29:35 +00.04062E+00  0100 008548 1 00001334 00001328 000 378 43063.7288861806
24.11.2017 17:29:36 +00.04062E+00  0109 008548 1 00001335 00001328 000 340 43063.7288901157
24.11.2017 17:29:36 +00.04062E+00  0126 008548 1 00001336 00001328 000 341 43063.7288940741
24.11.2017 17:29:36 +00.04062E+00  0141 008548 1 00001337 00001328 000 342 43063.728898044
24.11.2017 17:29:37 +00.04062E+00  0154 008548 1 00001338 00001328 000 378 43063.7289024306
24.11.2017 17:29:37 +00.04062E+00  0169 008548 1 00001339 00001328 000 344 43063.7289064236
24.11.2017 17:29:37 +00.04062E+00  0184 008548 1 00001340 00001328 000 342 43063.7289103935
24.11.2017 17:29:38 +00.04062E+00  0200 008548 1 00001341 00001328 000 343 43063.728914375
24.11.2017 17:29:38 +00.04062E+00  0210 008544 1 00001342 00001328 000 374 43063.7289187037
24.11.2017 17:29:38 +00.04061E+00  0236 008544 1 00001343 00001328 000 343 43063.7289226736
24.11.2017 17:29:39 +00.04061E+00  0250 008544 1 00001344 00001328 000 342 43063.7289266435
24.11.2017 17:29:41 +00.04072E+00  0010 008570 1 00001345 00001345 000 342 43063.7289563542
24.11.2017 17:29:42 +00.04072E+00  0024 008570 1 00001346 00001345 000 400 43063.7289609838
24.11.2017 17:29:42 +00.04072E+00  0044 008570 1 00001347 00001345 000 343 43063.7289649537
24.11.2017 17:29:42 +00.04072E+00  0062 008570 1 00001348 00001345 000 342 43063.7289689236
24.11.2017 17:29:43 +00.04072E+00  0072 008570 1 00001349 00001345 000 344 43063.7289729051
24.11.2017 17:29:43 +00.04072E+00  0084 008570 1 00001350 00001345 000 375 43063.7289772454
24.11.2017 17:29:43 +00.04073E+00  0096 008570 1 00001351 00001345 000 342 43063.7289812037
24.11.2017 17:29:44 +00.04072E+00  0109 008570 1 00001352 00001345 000 343 43063.7289851736
24.11.2017 17:29:44 +00.04073E+00  0129 008570 1 00001353 00001345 000 342 43063.7289891435
24.11.2017 17:29:45 +00.04072E+00  0139 008570 1 00001354 00001345 000 375 43063.7289934954
24.11.2017 17:29:45 +00.04073E+00  0164 008570 1 00001355 00001345 000 341 43063.7289974537
24.11.2017 17:29:45 +00.04073E+00  0179 008570 1 00001356 00001345 000 343 43063.7290014236
24.11.2017 17:29:46 +00.04073E+00  0193 008570 1 00001357 00001345 000 343 43063.7290053935
24.11.2017 17:29:46 +00.04072E+00  0205 008570 1 00001358 00001345 000 378 43063.7290097685
24.11.2017 17:29:46 +00.04072E+00  0216 008566 1 00001359 00001345 000 341 43063.7290137153
24.11.2017 17:29:47 +00.04072E+00  0227 008566 1 00001360 00001345 000 342 43063.7290176736
24.11.2017 17:29:47 +00.04071E+00  0244 008566 1 00001361 00001345 000 343 43063.7290216435
24.11.2017 17:29:50 +00.04082E+00  0005 008590 1 00001362 00001362 000 377 43063.7290520486
24.11.2017 17:29:50 +00.04082E+00  0020 008590 1 00001363 00001362 000 340 43063.7290559954
24.11.2017 17:29:50 +00.04082E+00  0034 008590 1 00001364 00001362 000 341 43063.7290599537
24.11.2017 17:29:51 +00.04082E+00  0053 008590 1 00001365 00001362 000 343 43063.7290639236
24.11.2017 17:29:51 +00.04082E+00  0069 008590 1 00001366 00001362 000 379 43063.7290683102
24.11.2017 17:29:51 +00.04082E+00  0087 008590 1 00001367 00001362 000 340 43063.7290722454
24.11.2017 17:29:52 +00.04081E+00  0102 008590 1 00001368 00001362 000 342 43063.7290762037
24.11.2017 17:29:52 +00.04082E+00  0114 008590 1 00001369 00001362 000 343 43063.7290801736
24.11.2017 17:29:52 +00.04082E+00  0134 008590 1 00001370 00001362 000 380 43063.7290845718
24.11.2017 17:29:53 +00.04082E+00  0153 008590 1 00001371 00001362 000 344 43063.7290885532
24.11.2017 17:29:53 +00.04082E+00  0168 008590 1 00001372 00001362 000 343 43063.7290925232
24.11.2017 17:29:53 +00.04082E+00  0187 008590 1 00001373 00001362 000 343 43063.7290964931
24.11.2017 17:29:54 +00.04082E+00  0198 008590 1 00001374 00001362 000 375 43063.7291008333
24.11.2017 17:29:54 +00.04082E+00  0218 008590 1 00001375 00001362 000 343 43063.7291048032
24.11.2017 17:29:54 +00.04082E+00  0240 008586 1 00001376 00001362 000 343 43063.7291087732
24.11.2017 17:29:55 +00.04081E+00  0251 008586 1 00001377 00001362 000 343 43063.7291127431
24.11.2017 17:29:55 +00.04080E+00  0273 008586 1 00001378 00001362 000 376 43063.7291170949
24.11.2017 17:29:57 +00.04093E+00  0019 008614 1 00001379 00001379 000 382 43063.7291431134
24.11.2017 17:29:58 +00.04093E+00  0029 008614 1 00001380 00001379 000 341 43063.7291470602
24.11.2017 17:29:58 +00.04093E+00  0046 008614 1 00001381 00001379 000 343 43063.7291510417
24.11.2017 17:29:58 +00.04093E+00  0062 008614 1 00001382 00001379 000 343 43063.7291550116
24.11.2017 17:29:59 +00.04093E+00  0080 008614 1 00001383 00001379 000 377 43063.729159375
24.11.2017 17:29:59 +00.04093E+00  0091 008614 1 00001384 00001379 000 340 43063.7291633102
24.11.2017 17:30:00 +00.04094E+00  0101 008614 1 00001385 00001379 000 343 43063.7291672801
24.11.2017 17:30:00 +00.04093E+00  0120 008614 1 00001386 00001379 000 343 43063.72917125
24.11.2017 17:30:00 +00.04093E+00  0131 008614 1 00001387 00001379 000 379 43063.7291756366
24.11.2017 17:30:01 +00.04093E+00  0147 008614 1 00001388 00001379 000 340 43063.7291795718
24.11.2017 17:30:01 +00.04093E+00  0162 008614 1 00001389 00001379 000 342 43063.7291835301
24.11.2017 17:30:01 +00.04093E+00  0175 008614 1 00001390 00001379 000 343 43063.7291875
24.11.2017 17:30:02 +00.04093E+00  0189 008614 1 00001391 00001379 000 380 43063.7291918982
24.11.2017 17:30:02 +00.04094E+00  0198 008614 1 00001392 00001379 000 345 43063.7291958912
24.11.2017 17:30:02 +00.04093E+00  0215 008614 1 00001393 00001379 000 342 43063.7291998495
24.11.2017 17:30:03 +00.04093E+00  0229 008608 1 00001394 00001379 000 343 43063.7292038194
24.11.2017 17:30:03 +00.04091E+00  0243 008608 1 00001395 00001379 000 375 43063.7292081597
24.11.2017 17:30:03 +00.04091E+00  0259 008608 1 00001396 00001379 000 343 43063.7292121296
24.11.2017 17:30:06 +00.04102E+00  0013 008632 1 00001397 00001397 000 342 43063.7292383681
24.11.2017 17:30:06 +00.04102E+00  0027 008632 1 00001398 00001397 000 343 43063.729242338
24.11.2017 17:30:06 +00.04102E+00  0043 008632 1 00001399 00001397 000 418 43063.7292471875
24.11.2017 17:30:07 +00.04102E+00  0061 008632 1 00001400 00001397 000 343 43063.7292511574
24.11.2017 17:30:07 +00.04102E+00  0073 008632 1 00001401 00001397 000 343 43063.7292551273
24.11.2017 17:30:07 +00.04102E+00  0082 008632 1 00001402 00001397 000 343 43063.7292590972
24.11.2017 17:30:08 +00.04102E+00  0093 008632 1 00001403 00001397 000 376 43063.7292634491
24.11.2017 17:30:08 +00.04102E+00  0103 008632 1 00001404 00001397 000 341 43063.7292674074
24.11.2017 17:30:09 +00.04102E+00  0119 008632 1 00001405 00001397 000 343 43063.7292713773
24.11.2017 17:30:09 +00.04102E+00  0132 008632 1 00001406 00001397 000 343 43063.7292753472
24.11.2017 17:30:09 +00.04102E+00  0147 008632 1 00001407 00001397 000 377 43063.7292797106
24.11.2017 17:30:10 +00.04102E+00  0166 008632 1 00001408 00001397 000 341 43063.7292836574
24.11.2017 17:30:10 +00.04102E+00  0184 008632 1 00001409 00001397 000 343 43063.7292876273
24.11.2017 17:30:10 +00.04102E+00  0201 008632 1 00001410 00001397 000 343 43063.7292915972
24.11.2017 17:30:11 +00.04102E+00  0215 008628 1 00001411 00001397 000 378 43063.7292959722
24.11.2017 17:30:11 +00.04101E+00  0232 008628 1 00001412 00001397 000 340 43063.7292999074
24.11.2017 17:30:11 +00.04101E+00  0244 008628 1 00001413 00001397 000 341 43063.7293038657