
24.11.2017 17:35:57 +00.03601E+00  0015 007581 1 00000002 00000004 000 56 43063.7333093866
24.11.2017 17:35:58 +00.03601E+00  0028 007581 1 00000003 00000004 000 341 43063.7333133333
24.11.2017 17:35:58 +00.03601E+00  0043 007581 1 00000004 00000004 000 342 43063.7333172917
24.11.2017 17:35:58 +00.03601E+00  0060 007581 1 00000005 00000004 000 343 43063.7333212616
24.11.2017 17:35:59 +00.03601E+00  0076 007581 1 00000006 00000004 000 379 43063.7333256482
24.11.2017 17:35:59 +00.03601E+00  0099 007581 1 00000007 00000004 000 341 43063.7333295949
24.11.2017 17:36:00 +00.03601E+00  0113 007581 1 00000008 00000004 000 341 43063.7333335417
24.11.2017 17:36:00 +00.03601E+00  0127 007581 1 00000009 00000004 000 343 43063.7333375116
24.11.2017 17:36:00 +00.03602E+00  0141 007581 1 00000010 00000004 000 380 43063.7333419097
24.11.2017 17:36:01 +00.03601E+00  0162 007581 1 00000011 00000004 000 344 43063.7333458912
24.11.2017 17:36:01 +00.03601E+00  0178 007581 1 00000012 00000004 000 343 43063.7333498611
24.11.2017 17:36:01 +00.03601E+00  0190 007581 1 00000013 00000004 000 343 43063.733353831
24.11.2017 17:36:02 +00.03601E+00  0200 007581 1 00000014 00000004 000 375 43063.7333581713
24.11.2017 17:36:02 +00.03601E+00  0219 007581 1 00000015 00000004 000 343 43063.7333621412
24.11.2017 17:36:02 +00.03601E+00  0233 007581 1 00000016 00000004 000 343 43063.7333661111
24.11.2017 17:36:03 +00.03601E+00  0251 007579 1 00000017 00000004 000 343 43063.733370081
24.11.2017 17:36:03 +00.03601E+00  0262 007579 1 00000018 00000004 000 377 43063.7333744444
24.11.2017 17:36:03 +00.03601E+00  0280 007579 1 00000019 00000004 000 341 43063.7333783912
24.11.2017 17:36:06 +00.03634E+00  0010 007653 1 00000020 00000020 000 343 43063.7334046296
24.11.2017 17:36:06 +00.03635E+00  0024 007653 1 00000021 00000020 000 343 43063.7334085995
24.11.2017 17:36:06 +00.03636E+00  0034 007653 1 00000022 00000020 000 421 43063.7334134722
24.11.2017 17:36:07 +00.03635E+00  0054 007653 1 00000023 00000020 000 341 43063.733417419
24.11.2017 17:36:07 +00.03635E+00  0074 007653 1 00000024 00000020 000 343 43063.7334213889
24.11.2017 17:36:07 +00.03635E+00  0090 007653 1 00000025 00000020 000 343 43063.7334253588
24.11.2017 17:36:08 +00.03635E+00  0099 007653 1 00000026 00000020 000 379 43063.7334297454
24.11.2017 17:36:08 +00.03636E+00  0114 007653 1 00000027 00000020 000 345 43063.7334337384
24.11.2017 17:36:09 +00.03636E+00  0130 007653 1 00000028 00000020 000 343 43063.7334377083
24.11.2017 17:36:09 +00.03635E+00  0141 007653 1 00000029 00000020 000 343 43063.7334416782
24.11.2017 17:36:09 +00.03636E+00  0150 007653 1 00000030 00000020 000 373 43063.7334459954
24.11.2017 17:36:10 +00.03635E+00  0180 007653 1 00000031 00000020 000 344 43063.7334499769
24.11.2017 17:36:10 +00.03635E+00  0198 007653 1 00000032 00000020 000 343 43063.7334539583
24.11.2017 17:36:10 +00.03636E+00  0213 007653 1 00000033 00000020 000 343 43063.7334579282
24.11.2017 17:36:11 +00.03635E+00  0227 007653 1 00000034 00000020 000 374 43063.7334622569
24.11.2017 17:36:11 +00.03635E+00  0240 007643 1 00000035 00000020 000 343 43063.7334662269
24.11.2017 17:36:11 +00.03633E+00  0263 007643 1 00000036 00000020 000 343 43063.7334701968
24.11.2017 17:36:12 +00.03632E+00  0281 007643 1 00000037 00000020 000 343 43063.7334741782
24.11.2017 17:36:14 +00.03664E+00  0013 007715 1 00000038 00000038 000 342 43063.7334998958
24.11.2017 17:36:14 +00.03665E+00  0021 007715 1 00000039 00000038 000 400 43063.7335045255
24.11.2017 17:36:15 +00.03665E+00  0035 007715 1 00000040 00000038 000 343 43063.7335084954
24.11.2017 17:36:15 +00.03665E+00  0053 007715 1 00000041 00000038 000 344 43063.7335124769
24.11.2017 17:36:15 +00.03665E+00  0068 007715 1 00000042 00000038 000 342 43063.7335164352
24.11.2017 17:36:16 +00.03665E+00  0078 007715 1 00000043 00000038 000 375 43063.733520787
24.11.2017 17:36:16 +00.03665E+00  0092 007715 1 00000044 00000038 000 341 43063.7335247454
24.11.2017 17:36:16 +00.03665E+00  0107 007715 1 00000045 00000038 000 343 43063.7335287153
24.11.2017 17:36:17 +00.03665E+00  0124 007715 1 00000046 00000038 000 343 43063.7335326852
24.11.2017 17:36:17 +00.03666E+00  0135 007715 1 00000047 00000038 000 378 43063.7335370602
24.11.2017 17:36:17 +00.03665E+00  0152 007715 1 00000048 00000038 000 340 43063.7335410069
24.11.2017 17:36:18 +00.03665E+00  0164 007715 1 00000049 00000038 000 341 43063.7335449653
24.11.2017 17:36:18 +00.03665E+00  0182 007715 1 00000050 00000038 000 343 43063.7335489352
24.11.2017 17:36:19 +00.03666E+00  0198 007715 1 00000051 00000038 000 379 43063.7335533218
24.11.2017 17:36:20 +00.03663E+00  0273 007703 1 00000052 00000038 000 1686 43063.7335728356
24.11.2017 17:36:21 +00.03661E+00  0290 007703 1 00000053 00000038 000 344 43063.7335768171
24.11.2017 17:36:23 +00.03695E+00  0015 007779 1 00000054 00000054 000 343 43063.7336072685
24.11.2017 17:36:24 +00.03696E+00  0031 007779 1 00000055 00000054 000 397 43063.7336118634
24.11.2017 17:36:24 +00.03696E+00  0047 007779 1 00000056 00000054 000 340 43063.7336157986
24.11.2017 17:36:24 +00.03696E+00  0063 007779 1 00000057 00000054 000 343 43063.7336197685
24.11.2017 17:36:25 +00.03696E+00  0078 007779 1 00000058 00000054 000 342 43063.7336237269
24.11.2017 17:36:25 +00.03696E+00  0092 007779 1 00000059 00000054 000 379 43063.733628125
24.11.2017 17:36:25 +00.03696E+00  0106 007779 1 00000060 00000054 000 345 43063.7336321181
24.11.2017 17:36:26 +00.03696E+00  0124 007779 1 00000061 00000054 000 343 43063.733636088
24.11.2017 17:36:26 +00.03696E+00  0140 007779 1 00000062 00000054 000 343 43063.7336400579
24.11.2017 17:36:26 +00.03696E+00  0148 007779 1 00000063 00000054 000 374 43063.7336443866
24.11.2017 17:36:27 +00.03696E+00  0157 007779 1 00000064 00000054 000 344 43063.7336483681
24.11.2017 17:36:27 +00.03696E+00  0170 007779 1 00000065 00000054 000 343 43063.733652338
24.11.2017 17:36:27 +00.03696E+00  0190 007779 1 00000066 00000054 000 342 43063.7336562963
24.11.2017 17:36:28 +00.03696E+00  0207 007779 1 00000067 00000054 000 374 43063.7336606366
24.11.2017 17:36:28 +00.03696E+00  0219 007767 1 00000068 00000054 000 342 43063.7336646065
24.11.2017 17:36:28 +00.03694E+00  0238 007767 1 00000069 00000054 000 343 43063.7336685764
24.11.2017 17:36:29 +00.03692E+00  0252 007767 1 00000070 00000054 000 343 43063.7336725463
24.11.2017 17:36:31 +00.03728E+00  0016 007848 1 00000071 00000071 000 381 43063.7337029282
24.11.2017 17:36:32 +00.03728E+00  0030 007848 1 00000072 00000071 000 342 43063.7337068866
24.11.2017 17:36:32 +00.03728E+00  0040 007848 1 00000073 00000071 000 343 43063.7337108565
24.11.2017 17:36:32 +00.03728E+00  0056 007848 1 00000074 00000071 000 342 43063.7337148264
24.11.2017 17:36:33 +00.03729E+00  0063 007848 1 00000075 00000071 000 377 43063.7337191898
24.11.2017 17:36:33 +00.03729E+00  0088 007848 1 00000076 00000071 000 340 43063.7337231366
24.11.2017 17:36:34 +00.03729E+00  0100 007848 1 00000077 00000071 000 342 43063.7337271065
24.11.2017 17:36:34 +00.03729E+00  0114 007848 1 00000078 00000071 000 342 43063.7337310764
24.11.2017 17:36:34 +00.03729E+00  0129 007848 1 00000079 00000071 000 378 43063.7337354514
24.11.2017 17:36:35 +00.03729E+00  0152 007848 1 00000080 00000071 000 340 43063.7337393866
24.11.2017 17:36:35 +00.03728E+00  0168 007848 1 00000081 00000071 000 343 43063.7337433565
24.11.2017 17:36:35 +00.03729E+00  0184 007848 1 00000082 00000071 000 343 43063.7337473264
24.11.2017 17:36:36 +00.03729E+00  0193 007848 1 00000083 00000071 000 379 43063.733751713
24.11.2017 17:36:36 +00.03729E+00  0212 007848 1 00000084 00000071 000 340 43063.7337556482
24.11.2017 17:36:36 +00.03729E+00  0228 007848 1 00000085 00000071 000 342 43063.7337596065
24.11.2017 17:36:37 +00.03728E+00  0248 007830 1 00000086 00000071 000 343 43063.7337635764
24.11.2017 17:36:37 +00.03722E+00  0260 007830 1 00000087 00000071 000 380 43063.7337679745
24.11.2017 17:36:37 +00.03721E+00  0279 007830 1 00000088 00000071 000 344 43063.733771956
24.11.2017 17:36:40 +00.03755E+00  0014 007906 1 00000089 00000089 000 343 43063.7337981944
24.11.2017 17:36:40 +00.03756E+00  0036 007906 1 00000090 00000089 000 343 43063.7338021644
24.11.2017 17:36:40 +00.03756E+00  0053 007906 1 00000091 00000089 000 418 43063.7338070023
24.11.2017 17:36:41 +00.03756E+00  0069 007906 1 00000092 00000089 000 344 43063.7338109838
24.11.2017 17:36:41 +00.03756E+00  0086 007906 1 00000093 00000089 000 343 43063.7338149537
24.11.2017 17:36:41 +00.03756E+00  0104 007906 1 00000094 00000089 000 343 43063.7338189236
24.11.2017 17:36:42 +00.03756E+00  0120 007906 1 00000095 00000089 000 375 43063.7338232639
24.11.2017 17:36:42 +00.03756E+00  0135 007906 1 00000096 00000089 000 343 43063.7338272338
24.11.2017 17:36:43 +00.03756E+00  0156 007906 1 00000097 00000089 000 343 43063.7338312037
24.11.2017 17:36:43 +00.03756E+00  0173 007906 1 00000098 00000089 000 343 43063.7338351736
24.11.2017 17:36:43 +00.03756E+00  0188 007906 1 00000099 00000089 000 376 43063.7338395255
24.11.2017 17:36:44 +00.03757E+00  0201 007906 1 00000100 00000089 000 341 43063.7338434722
24.11.2017 17:36:44 +00.03756E+00  0214 007906 1 00000101 00000089 000 342 43063.7338474421
24.11.2017 17:36:44 +00.03756E+00  0236 007906 1 00000102 00000089 000 342 43063.733851412
24.11.2017 17:36:45 +00.03756E+00  0254 007906 1 00000103 00000089 000 377 43063.733855787
24.11.2017 17:36:45 +00.03755E+00  0280 007894 1 00000104 00000089 000 341 43063.7338597338
24.11.2017 17:36:45 +00.03753E+00  0299 007894 1 00000105 00000089 000 342 43063.7338636921
24.11.2017 17:36:46 +00.03752E+00  0315 007894 1 00000106 00000089 000 343 43063.733867662