
24.11.2017 17:54:26 +00.04099E+00  0014 008626 -1 00002354 00002354 000 343 43063.7461450694
24.11.2017 17:54:27 +00.04099E+00  0027 008626 -1 00002355 00002354 000 402 43063.7461497222
24.11.2017 17:54:27 +00.04099E+00  0043 008626 -1 00002356 00002354 000 341 43063.746153669
24.11.2017 17:54:28 +00.04099E+00  0064 008626 -1 00002357 00002354 000 343 43063.7461576389
24.11.2017 17:54:28 +00.04099E+00  0079 008626 -1 00002358 00002354 000 343 43063.7461616088
24.11.2017 17:54:28 +00.04099E+00  0096 008626 -1 00002359 00002354 000 378 43063.7461659838
24.11.2017 17:54:29 +00.04099E+00  0110 008626 -1 00002360 00002354 000 341 43063.7461699306
24.11.2017 17:54:29 +00.04099E+00  0125 008626 -1 00002361 00002354 000 342 43063.7461738889
24.11.2017 17:54:29 +00.04099E+00  0139 008626 -1 00002362 00002354 000 343 43063.7461778588
24.11.2017 17:54:30 +00.04099E+00  0159 008626 -1 00002363 00002354 000 379 43063.7461822454
24.11.2017 17:54:30 +00.04099E+00  0176 008626 -1 00002364 00002354 000 345 43063.7461862384
24.11.2017 17:54:30 +00.04099E+00  0192 008626 -1 00002365 00002354 000 343 43063.7461902083
24.11.2017 17:54:31 +00.04099E+00  0207 008626 -1 00002366 00002354 000 343 43063.7461941782
24.11.2017 17:54:31 +00.04099E+00  0221 008626 -1 00002367 00002354 000 376 43063.7461985301
24.11.2017 17:54:31 +00.04099E+00  0239 008628 -1 00002368 00002354 000 341 43063.7462024769
24.11.2017 17:54:32 +00.04099E+00  0250 008628 -1 00002369 00002354 000 343 43063.7462064583
24.11.2017 17:54:32 +00.04100E+00  0271 008628 -1 00002370 00002354 000 343 43063.7462104282
24.11.2017 17:54:35 +00.04088E+00  0015 008602 -1 00002371 00002371 000 382 43063.7462408102
24.11.2017 17:54:35 +00.04088E+00  0037 008602 -1 00002372 00002371 000 342 43063.7462447685
24.11.2017 17:54:35 +00.04088E+00  0051 008602 -1 00002373 00002371 000 343 43063.7462487384
24.11.2017 17:54:36 +00.04088E+00  0065 008602 -1 00002374 00002371 000 343 43063.7462527083
24.11.2017 17:54:36 +00.04088E+00  0082 008602 -1 00002375 00002371 000 375 43063.7462570486
24.11.2017 17:54:36 +00.04088E+00  0101 008602 -1 00002376 00002371 000 342 43063.7462610069
24.11.2017 17:54:37 +00.04088E+00  0111 008602 -1 00002377 00002371 000 344 43063.7462649884
24.11.2017 17:54:37 +00.04088E+00  0127 008602 -1 00002378 00002371 000 343 43063.7462689583
24.11.2017 17:54:38 +00.04088E+00  0139 008602 -1 00002379 00002371 000 376 43063.7462733102
24.11.2017 17:54:38 +00.04088E+00  0150 008602 -1 00002380 00002371 000 341 43063.7462772569
24.11.2017 17:54:38 +00.04088E+00  0169 008602 -1 00002381 00002371 000 343 43063.7462812268
24.11.2017 17:54:39 +00.04088E+00  0182 008602 -1 00002382 00002371 000 344 43063.7462852083
24.11.2017 17:54:39 +00.04087E+00  0207 008602 -1 00002383 00002371 000 378 43063.7462895833
24.11.2017 17:54:39 +00.04088E+00  0219 008602 -1 00002384 00002371 000 340 43063.7462935185
24.11.2017 17:54:40 +00.04088E+00  0235 008606 -1 00002385 00002371 000 342 43063.7462974768
24.11.2017 17:54:40 +00.04088E+00  0244 008606 -1 00002386 00002371 000 343 43063.7463014468
24.11.2017 17:54:40 +00.04089E+00  0257 008606 -1 00002387 00002371 000 379 43063.7463058333
24.11.2017 17:54:43 +00.04078E+00  0008 008582 -1 00002388 00002388 000 341 43063.7463360069
24.11.2017 17:54:43 +00.04078E+00  0020 008582 -1 00002389 00002388 000 343 43063.7463399769
24.11.2017 17:54:44 +00.04078E+00  0034 008582 -1 00002390 00002388 000 343 43063.7463439468
24.11.2017 17:54:44 +00.04078E+00  0052 008582 -1 00002391 00002388 000 360 43063.7463481134
24.11.2017 17:54:44 +00.04078E+00  0064 008582 -1 00002392 00002388 000 340 43063.7463520486
24.11.2017 17:54:45 +00.04078E+00  0074 008582 -1 00002393 00002388 000 342 43063.7463560069
24.11.2017 17:54:45 +00.04078E+00  0087 008582 -1 00002394 00002388 000 343 43063.7463599769
24.11.2017 17:54:45 +00.04078E+00  0110 008582 -1 00002395 00002388 000 381 43063.7463643866
24.11.2017 17:54:46 +00.04078E+00  0121 008582 -1 00002396 00002388 000 343 43063.7463683565
24.11.2017 17:54:46 +00.04078E+00  0134 008582 -1 00002397 00002388 000 343 43063.7463723264
24.11.2017 17:54:46 +00.04078E+00  0149 008582 -1 00002398 00002388 000 343 43063.7463762963
24.11.2017 17:54:47 +00.04078E+00  0163 008582 -1 00002399 00002388 000 376 43063.7463806481
24.11.2017 17:54:47 +00.04078E+00  0178 008582 -1 00002400 00002388 000 342 43063.7463846065
24.11.2017 17:54:47 +00.04078E+00  0189 008582 -1 00002401 00002388 000 343 43063.7463885764
24.11.2017 17:54:48 +00.04078E+00  0197 008586 -1 00002402 00002388 000 343 43063.7463925463
24.11.2017 17:54:48 +00.04079E+00  0212 008586 -1 00002403 00002388 000 377 43063.7463969097
24.11.2017 17:54:49 +00.04079E+00  0235 008586 -1 00002404 00002388 000 340 43063.7464008449
24.11.2017 17:54:51 +00.04069E+00  0008 008562 -1 00002405 00002405 000 343 43063.7464270949
24.11.2017 17:54:51 +00.04069E+00  0022 008562 -1 00002406 00002405 000 343 43063.7464310648
24.11.2017 17:54:52 +00.04069E+00  0032 008562 -1 00002407 00002405 000 421 43063.7464359375
24.11.2017 17:54:52 +00.04069E+00  0046 008562 -1 00002408 00002405 000 340 43063.7464398727
24.11.2017 17:54:52 +00.04069E+00  0058 008562 -1 00002409 00002405 000 343 43063.7464438542
24.11.2017 17:54:53 +00.04069E+00  0069 008562 -1 00002410 00002405 000 343 43063.7464478241
24.11.2017 17:54:53 +00.04069E+00  0082 008562 -1 00002411 00002405 000 378 43063.7464521991
24.11.2017 17:54:53 +00.04068E+00  0096 008562 -1 00002412 00002405 000 340 43063.7464561343
24.11.2017 17:54:54 +00.04069E+00  0108 008562 -1 00002413 00002405 000 343 43063.7464601042
24.11.2017 17:54:54 +00.04069E+00  0119 008562 -1 00002414 00002405 000 343 43063.7464640741
24.11.2017 17:54:54 +00.04069E+00  0135 008562 -1 00002415 00002405 000 379 43063.7464684606
24.11.2017 17:54:55 +00.04069E+00  0152 008562 -1 00002416 00002405 000 345 43063.7464724537
24.11.2017 17:54:55 +00.04069E+00  0172 008562 -1 00002417 00002405 000 343 43063.7464764236
24.11.2017 17:54:55 +00.04069E+00  0189 008562 -1 00002418 00002405 000 343 43063.7464803935
24.11.2017 17:54:56 +00.04069E+00  0201 008562 -1 00002419 00002405 000 374 43063.7464847222
24.11.2017 17:54:56 +00.04069E+00  0220 008564 -1 00002420 00002405 000 343 43063.7464886921
24.11.2017 17:54:56 +00.04069E+00  0237 008564 -1 00002421 00002405 000 346 43063.7464926968
24.11.2017 17:54:57 +00.04069E+00  0255 008564 -1 00002422 00002405 000 340 43063.7464966319
24.11.2017 17:54:59 +00.04058E+00  0010 008538 -1 00002423 00002423 000 342 43063.7465223611
24.11.2017 17:54:59 +00.04057E+00  0025 008538 -1 00002424 00002423 000 400 43063.7465269907
24.11.2017 17:55:00 +00.04057E+00  0045 008538 -1 00002425 00002423 000 344 43063.7465309722
24.11.2017 17:55:00 +00.04057E+00  0063 008538 -1 00002426 00002423 000 342 43063.7465349306
24.11.2017 17:55:00 +00.04057E+00  0076 008538 -1 00002427 00002423 000 343 43063.7465389005
24.11.2017 17:55:01 +00.04057E+00  0085 008538 -1 00002428 00002423 000 377 43063.7465432639
24.11.2017 17:55:01 +00.04057E+00  0105 008538 -1 00002429 00002423 000 341 43063.7465472106
24.11.2017 17:55:02 +00.04057E+00  0125 008538 -1 00002430 00002423 000 343 43063.7465511806
24.11.2017 17:55:02 +00.04057E+00  0140 008538 -1 00002431 00002423 000 343 43063.7465551505
24.11.2017 17:55:02 +00.04058E+00  0153 008538 -1 00002432 00002423 000 378 43063.7465595255
24.11.2017 17:55:03 +00.04057E+00  0165 008538 -1 00002433 00002423 000 340 43063.7465634606
24.11.2017 17:55:03 +00.04057E+00  0181 008538 -1 00002434 00002423 000 343 43063.7465674306
24.11.2017 17:55:03 +00.04057E+00  0196 008538 -1 00002435 00002423 000 343 43063.7465714005
24.11.2017 17:55:04 +00.04057E+00  0217 008538 -1 00002436 00002423 000 379 43063.746575787
24.11.2017 17:55:04 +00.04057E+00  0235 008538 -1 00002437 00002423 000 345 43063.7465797801
24.11.2017 17:55:04 +00.04058E+00  0251 008544 -1 00002438 00002423 000 343 43063.74658375
24.11.2017 17:55:05 +00.04059E+00  0263 008544 -1 00002439 00002423 000 343 43063.7465877199
24.11.2017 17:55:05 +00.04060E+00  0279 008544 -1 00002440 00002423 000 374 43063.7465920486
24.11.2017 17:55:07 +00.04047E+00  0016 008516 -1 00002441 00002441 000 380 43063.7466180671
24.11.2017 17:55:08 +00.04047E+00  0033 008516 -1 00002442 00002441 000 344 43063.7466220486
24.11.2017 17:55:08 +00.04047E+00  0046 008516 -1 00002443 00002441 000 343 43063.7466260185
24.11.2017 17:55:08 +00.04047E+00  0058 008516 -1 00002444 00002441 000 343 43063.7466299884
24.11.2017 17:55:09 +00.04047E+00  0079 008516 -1 00002445 00002441 000 375 43063.7466343287
24.11.2017 17:55:09 +00.04047E+00  0100 008516 -1 00002446 00002441 000 343 43063.7466382986
24.11.2017 17:55:09 +00.04047E+00  0113 008516 -1 00002447 00002441 000 343 43063.7466422685
24.11.2017 17:55:10 +00.04047E+00  0128 008516 -1 00002448 00002441 000 343 43063.7466462384
24.11.2017 17:55:10 +00.04047E+00  0146 008516 -1 00002449 00002441 000 376 43063.7466505903
24.11.2017 17:55:10 +00.04047E+00  0166 008516 -1 00002450 00002441 000 341 43063.746654537
24.11.2017 17:55:11 +00.04047E+00  0183 008516 -1 00002451 00002441 000 343 43063.7466585069
24.11.2017 17:55:11 +00.04047E+00  0198 008516 -1 00002452 00002441 000 344 43063.7466624884
24.11.2017 17:55:12 +00.04047E+00  0214 008516 -1 00002453 00002441 000 377 43063.7466668519
24.11.2017 17:55:12 +00.04047E+00  0224 008516 -1 00002454 00002441 000 340 43063.746670787
24.11.2017 17:55:12 +00.04047E+00  0238 008522 -1 00002455 00002441 000 343 43063.7466747569
24.11.2017 17:55:13 +00.04047E+00  0256 008522 -1 00002456 00002441 000 343 43063.7466787268
24.11.2017 17:55:13 +00.04049E+00  0279 008522 -1 00002457 00002441 000 379 43063.7466831134
24.11.2017 17:55:16 +00.04039E+00  0016 008500 -1 00002458 00002458 000 342 43063.746713287
24.11.2017 17:55:16 +00.04039E+00  0035 008500 -1 00002459 00002458 000 343 43063.7467172569
24.11.2017 17:55:16 +00.04039E+00  0053 008500 -1 00002460 00002458 000 343 43063.7467212269
24.11.2017 17:55:17 +00.04039E+00  0065 008500 -1 00002461 00002458 000 360 43063.7467253935
24.11.2017 17:55:17 +00.04039E+00  0079 008500 -1 00002462 00002458 000 340 43063.7467293287
24.11.2017 17:55:17 +00.04039E+00  0098 008500 -1 00002463 00002458 000 342 43063.746733287
24.11.2017 17:55:18 +00.04039E+00  0108 008500 -1 00002464 00002458 000 343 43063.7467372569
24.11.2017 17:55:18 +00.04039E+00  0118 008500 -1 00002465 00002458 000 380 43063.7467416551
24.11.2017 17:55:18 +00.04039E+00  0127 008500 -1 00002466 00002458 000 344 43063.7467456366
24.11.2017 17:55:19 +00.04039E+00  0143 008500 -1 00002467 00002458 000 343 43063.7467496065
24.11.2017 17:55:19 +00.04039E+00  0164 008500 -1 00002468 00002458 000 343 43063.7467535764
24.11.2017 17:55:19 +00.04039E+00  0181 008500 -1 00002469 00002458 000 375 43063.7467579167
24.11.2017 17:55:20 +00.04039E+00  0193 008500 -1 00002470 00002458 000 343 43063.7467618866
24.11.2017 17:55:20 +00.04039E+00  0202 008500 -1 00002471 00002458 000 343 43063.7467658565
24.11.2017 17:55:20 +00.04039E+00  0221 008502 -1 00002472 00002458 000 343 43063.7467698264
24.11.2017 17:55:21 +00.04040E+00  0244 008502 -1 00002473 00002458 000 376 43063.7467741782
24.11.2017 17:55:21 +00.04040E+00  0254 008502 -1 00002474 00002458 000 342 43063.7467781366
24.11.2017 17:55:23 +00.04029E+00  0016 008478 -1 00002475 00002475 000 343 43063.746804375
24.11.2017 17:55:24 +00.04029E+00  0028 008478 -1 00002476 00002475 000 343 43063.7468083449
24.11.2017 17:55:24 +00.04029E+00  0036 008478 -1 00002477 00002475 000 420 43063.746813206
24.11.2017 17:55:25 +00.04029E+00  0054 008478 -1 00002478 00002475 000 342 43063.7468171643
24.11.2017 17:55:25 +00.04029E+00  0067 008478 -1 00002479 00002475 000 343 43063.7468211343
24.11.2017 17:55:25 +00.04028E+00  0088 008478 -1 00002480 00002475 000 343 43063.7468251042
24.11.2017 17:55:26 +00.04029E+00  0101 008478 -1 00002481 00002475 000 377 43063.7468294676
24.11.2017 17:55:26 +00.04029E+00  0123 008478 -1 00002482 00002475 000 340 43063.7468334028
24.11.2017 17:55:26 +00.04029E+00  0138 008478 -1 00002483 00002475 000 343 43063.7468373843
24.11.2017 17:55:27 +00.04029E+00  0149 008478 -1 00002484 00002475 000 345 43063.7468413773
24.11.2017 17:55:27 +00.04029E+00  0162 008478 -1 00002485 00002475 000 376 43063.7468457292
24.11.2017 17:55:27 +00.04029E+00  0181 008478 -1 00002486 00002475 000 345 43063.7468497338
24.11.2017 17:55:28 +00.04029E+00  0194 008478 -1 00002487 00002475 000 343 43063.7468537037
24.11.2017 17:55:28 +00.04029E+00  0206 008478 -1 00002488 00002475 000 343 43063.7468576736
24.11.2017 17:55:28 +00.04028E+00  0217 008478 -1 00002489 00002475 000 373 43063.7468619907
24.11.2017 17:55:29 +00.04029E+00  0237 008482 -1 00002490 00002475 000 345 43063.7468659838
24.11.2017 17:55:29 +00.04030E+00  0251 008482 -1 00002491 00002475 000 343 43063.7468699537
24.11.2017 17:55:29 +00.04030E+00  0265 008482 -1 00002492 00002475 000 343 43063.7468739236
24.11.2017 17:55:32 +00.04018E+00  0011 008454 -1 00002493 00002493 000 342 43063.7468996412
24.11.2017 17:55:32 +00.04017E+00  0026 008454 -1 00002494 00002493 000 400 43063.7469042708
24.11.2017 17:55:32 +00.04017E+00  0044 008454 -1 00002495 00002493 000 343 43063.7469082407
24.11.2017 17:55:33 +00.04017E+00  0055 008454 -1 00002496 00002493 000 343 43063.7469122106
24.11.2017 17:55:33 +00.04017E+00  0073 008454 -1 00002497 00002493 000 343 43063.7469161806
24.11.2017 17:55:33 +00.04017E+00  0087 008454 -1 00002498 00002493 000 376 43063.7469205324
24.11.2017 17:55:34 +00.04017E+00  0106 008454 -1 00002499 00002493 000 342 43063.7469244907
24.11.2017 17:55:34 +00.04017E+00  0123 008454 -1 00002500 00002493 000 343 43063.7469284606
24.11.2017 17:55:34 +00.04017E+00  0140 008454 -1 00002501 00002493 000 343 43063.7469324306
24.11.2017 17:55:35 +00.04017E+00  0157 008454 -1 00002502 00002493 000 377 43063.746936794
24.11.2017 17:55:35 +00.04017E+00  0174 008454 -1 00002503 00002493 000 341 43063.7469407407
24.11.2017 17:55:36 +00.04017E+00  0194 008454 -1 00002504 00002493 000 343 43063.7469447106
24.11.2017 17:55:36 +00.04017E+00  0211 008454 -1 00002505 00002493 000 343 43063.7469486806
24.11.2017 17:55:36 +00.04017E+00  0220 008454 -1 00002506 00002493 000 378 43063.7469530556
24.11.2017 17:55:37 +00.04017E+00  0231 008454 -1 00002507 00002493 000 340 43063.7469569907
24.11.2017 17:55:37 +00.04018E+00  0253 008460 -1 00002508 00002493 000 343 43063.7469609606
24.11.2017 17:55:37 +00.04019E+00  0265 008460 -1 00002509 00002493 000 343 43063.7469649306
24.11.2017 17:55:38 +00.04020E+00  0282 008460 -1 00002510 00002493 000 379 43063.7469693171
24.11.2017 17:55:40 +00.04007E+00  0011 008432 -1 00002511 00002511 000 380 43063.7469953472
24.11.2017 17:55:40 +00.04007E+00  0037 008432 -1 00002512 00002511 000 344 43063.7469993287
24.11.2017 17:55:41 +00.04007E+00  0049 008432 -1 00002513 00002511 000 343 43063.7470032986
24.11.2017 17:55:41 +00.04007E+00  0066 008432 -1 00002514 00002511 000 343 43063.7470072685
24.11.2017 17:55:41 +00.04007E+00  0077 008432 -1 00002515 00002511 000 374 43063.7470115972
24.11.2017 17:55:42 +00.04007E+00  0090 008432 -1 00002516 00002511 000 344 43063.7470155787
24.11.2017 17:55:42 +00.04007E+00  0102 008432 -1 00002517 00002511 000 343 43063.7470195486
24.11.2017 17:55:42 +00.04007E+00  0116 008432 -1 00002518 00002511 000 343 43063.7470235185
24.11.2017 17:55:43 +00.04007E+00  0129 008432 -1 00002519 00002511 000 375 43063.7470278588
24.11.2017 17:55:43 +00.04007E+00  0143 008432 -1 00002520 00002511 000 343 43063.7470318287
24.11.2017 17:55:43 +00.04007E+00  0152 008432 -1 00002521 00002511 000 342 43063.747035787
24.11.2017 17:55:44 +00.04007E+00  0171 008432 -1 00002522 00002511 000 342 43063.7470397569
24.11.2017 17:55:44 +00.04007E+00  0190 008432 -1 00002523 00002511 000 376 43063.7470441204
24.11.2017 17:55:44 +00.04007E+00  0209 008432 -1 00002524 00002511 000 340 43063.7470480671
24.11.2017 17:55:45 +00.04007E+00  0234 008432 -1 00002525 00002511 000 342 43063.747052037
24.11.2017 17:55:45 +00.04007E+00  0258 008438 -1 00002526 00002511 000 343 43063.7470560069
24.11.2017 17:55:46 +00.04009E+00  0271 008438 -1 00002527 00002511 000 379 43063.7470603935
24.11.2017 17:55:46 +00.04009E+00  0284 008438 -1 00002528 00002511 000 340 43063.7470643287
24.11.2017 17:55:48 +00.03998E+00  0014 008414 -1 00002529 00002529 000 342 43063.7470905556
24.11.2017 17:55:48 +00.03998E+00  0030 008414 -1 00002530 00002529 000 343 43063.7470945255
24.11.2017 17:55:49 +00.03998E+00  0042 008414 -1 00002531 00002529 000 343 43063.7470984954
24.11.2017 17:55:49 +00.03998E+00  0057 008414 -1 00002532 00002529 000 361 43063.7471026736
24.11.2017 17:55:50 +00.03999E+00  0072 008414 -1 00002533 00002529 000 344 43063.7471066551
24.11.2017 17:55:50 +00.03998E+00  0091 008414 -1 00002534 00002529 000 344 43063.7471106366
24.11.2017 17:55:50 +00.03998E+00  0107 008414 -1 00002535 00002529 000 342 43063.7471145949
24.11.2017 17:55:51 +00.03998E+00  0116 008414 -1 00002536 00002529 000 373 43063.7471189236
24.11.2017 17:55:51 +00.03998E+00  0130 008414 -1 00002537 00002529 000 344 43063.7471229051
24.11.2017 17:55:51 +00.03998E+00  0148 008414 -1 00002538 00002529 000 343 43063.747126875
24.11.2017 17:55:52 +00.03998E+00  0166 008414 -1 00002539 00002529 000 343 43063.7471308449
24.11.2017 17:55:52 +00.03998E+00  0176 008414 -1 00002540 00002529 000 376 43063.7471351968
24.11.2017 17:55:52 +00.03998E+00  0184 008414 -1 00002541 00002529 000 342 43063.7471391551
24.11.2017 17:55:53 +00.03998E+00  0196 008414 -1 00002542 00002529 000 343 43063.747143125
24.11.2017 17:55:53 +00.03998E+00  0212 008418 -1 00002543 00002529 000 343 43063.7471470949
24.11.2017 17:55:53 +00.03999E+00  0231 008418 -1 00002544 00002529 000 377 43063.7471514583
24.11.2017 17:55:54 +00.04000E+00  0253 008418 -1 00002545 00002529 000 341 43063.7471554051
24.11.2017 17:55:56 +00.03989E+00  0023 008394 -1 00002546 00002546 000 343 43063.7471858449
24.11.2017 17:55:57 +00.03989E+00  0038 008394 -1 00002547 00002546 000 401 43063.7471904861
24.11.2017 17:55:57 +00.03988E+00  0058 008394 -1 00002548 00002546 000 342 43063.7471944444
24.11.2017 17:55:57 +00.03989E+00  0075 008394 -1 00002549 00002546 000 343 43063.7471984143
24.11.2017 17:55:58 +00.03989E+00  0090 008394 -1 00002550 00002546 000 343 43063.7472023843
24.11.2017 17:55:58 +00.03989E+00  0102 008394 -1 00002551 00002546 000 377 43063.7472067477
24.11.2017 17:55:59 +00.03989E+00  0114 008394 -1 00002552 00002546 000 341 43063.7472106944
24.11.2017 17:55:59 +00.03989E+00  0132 008394 -1 00002553 00002546 000 343 43063.7472146643
24.11.2017 17:55:59 +00.03989E+00  0149 008394 -1 00002554 00002546 000 343 43063.7472186343
24.11.2017 17:56:00 +00.03989E+00  0167 008394 -1 00002555 00002546 000 378 43063.7472230093
24.11.2017 17:56:00 +00.03989E+00  0178 008394 -1 00002556 00002546 000 340 43063.7472269444
24.11.2017 17:56:00 +00.03989E+00  0186 008394 -1 00002557 00002546 000 342 43063.7472309028
24.11.2017 17:56:01 +00.03989E+00  0201 008394 -1 00002558 00002546 000 342 43063.7472348727
24.11.2017 17:56:01 +00.03989E+00  0220 008394 -1 00002559 00002546 000 380 43063.7472392708
24.11.2017 17:56:01 +00.03989E+00  0232 008396 -1 00002560 00002546 000 345 43063.7472432639
24.11.2017 17:56:02 +00.03989E+00  0243 008396 -1 00002561 00002546 000 343 43063.7472472338
24.11.2017 17:56:02 +00.03989E+00  0264 008396 -1 00002562 00002546 000 343 43063.7472512037
24.11.2017 17:56:04 +00.03979E+00  0024 008372 -1 00002563 00002563 000 342 43063.7472769213
24.11.2017 17:56:05 +00.03978E+00  0040 008372 -1 00002564 00002563 000 400 43063.7472815509
24.11.2017 17:56:05 +00.03978E+00  0061 008372 -1 00002565 00002563 000 343 43063.7472855208
24.11.2017 17:56:05 +00.03978E+00  0075 008372 -1 00002566 00002563 000 343 43063.7472894907
24.11.2017 17:56:06 +00.03978E+00  0094 008372 -1 00002567 00002563 000 343 43063.7472934606
24.11.2017 17:56:06 +00.03978E+00  0109 008372 -1 00002568 00002563 000 374 43063.7472978009
24.11.2017 17:56:06 +00.03978E+00  0124 008372 -1 00002569 00002563 000 342 43063.7473017708
24.11.2017 17:56:07 +00.03978E+00  0139 008372 -1 00002570 00002563 000 343 43063.7473057407
24.11.2017 17:56:07 +00.03978E+00  0151 008372 -1 00002571 00002563 000 343 43063.7473097106
24.11.2017 17:56:07 +00.03978E+00  0164 008372 -1 00002572 00002563 000 377 43063.7473140741
24.11.2017 17:56:08 +00.03978E+00  0180 008372 -1 00002573 00002563 000 341 43063.7473180208
24.11.2017 17:56:08 +00.03978E+00  0195 008372 -1 00002574 00002563 000 343 43063.7473219907
24.11.2017 17:56:08 +00.03978E+00  0217 008372 -1 00002575 00002563 000 343 43063.7473259606
24.11.2017 17:56:09 +00.03978E+00  0242 008372 -1 00002576 00002563 000 378 43063.7473303356
24.11.2017 17:56:09 +00.03978E+00  0260 008372 -1 00002577 00002563 000 340 43063.7473342708
24.11.2017 17:56:10 +00.03978E+00  0270 008376 -1 00002578 00002563 000 343 43063.7473382407
24.11.2017 17:56:10 +00.03979E+00  0287 008376 -1 00002579 00002563 000 343 43063.7473422106
24.11.2017 17:56:10 +00.03980E+00  0302 008376 -1 00002580 00002563 000 379 43063.7473465972
24.11.2017 17:56:12 +00.03967E+00  0011 008348 -1 00002581 00002581 000 379 43063.7473726157
24.11.2017 17:56:13 +00.03967E+00  0022 008348 -1 00002582 00002581 000 340 43063.7473765509
24.11.2017 17:56:13 +00.03967E+00  0032 008348 -1 00002583 00002581 000 342 43063.7473805093
24.11.2017 17:56:14 +00.03967E+00  0051 008348 -1 00002584 00002581 000 343 43063.7473844792
24.11.2017 17:56:14 +00.03967E+00  0065 008348 -1 00002585 00002581 000 380 43063.7473888773
24.11.2017 17:56:14 +00.03967E+00  0076 008348 -1 00002586 00002581 000 344 43063.7473928588
24.11.2017 17:56:15 +00.03967E+00  0087 008348 -1 00002587 00002581 000 343 43063.7473968287
24.11.2017 17:56:15 +00.03967E+00  0097 008348 -1 00002588 00002581 000 343 43063.7474007986
24.11.2017 17:56:15 +00.03967E+00  0113 008348 -1 00002589 00002581 000 375 43063.7474051389
24.11.2017 17:56:16 +00.03967E+00  0129 008348 -1 00002590 00002581 000 343 43063.7474091088
24.11.2017 17:56:16 +00.03967E+00  0141 008348 -1 00002591 00002581 000 343 43063.7474130787
24.11.2017 17:56:16 +00.03967E+00  0162 008348 -1 00002592 00002581 000 342 43063.747417037
24.11.2017 17:56:17 +00.03967E+00  0179 008348 -1 00002593 00002581 000 376 43063.7474214005
24.11.2017 17:56:17 +00.03967E+00  0196 008348 -1 00002594 00002581 000 341 43063.7474253472
24.11.2017 17:56:17 +00.03967E+00  0206 008348 -1 00002595 00002581 000 343 43063.7474293171
24.11.2017 17:56:18 +00.03967E+00  0221 008354 -1 00002596 00002581 000 343 43063.747433287
24.11.2017 17:56:18 +00.03969E+00  0238 008354 -1 00002597 00002581 000 378 43063.747437662
24.11.2017 17:56:18 +00.03969E+00  0252 008354 -1 00002598 00002581 000 340 43063.7474415972
24.11.2017 17:56:21 +00.03959E+00  0016 008330 -1 00002599 00002599 000 342 43063.7474678356
24.11.2017 17:56:21 +00.03959E+00  0033 008330 -1 00002600 00002599 000 343 43063.7474718056
24.11.2017 17:56:21 +00.03958E+00  0045 008330 -1 00002601 00002599 000 343 43063.7474757755
24.11.2017 17:56:22 +00.03958E+00  0053 008330 -1 00002602 00002599 000 360 43063.7474799421
24.11.2017 17:56:22 +00.03958E+00  0063 008330 -1 00002603 00002599 000 340 43063.7474838773
24.11.2017 17:56:22 +00.03959E+00  0072 008330 -1 00002604 00002599 000 342 43063.7474878357
24.11.2017 17:56:23 +00.03958E+00  0086 008330 -1 00002605 00002599 000 343 43063.7474918056
24.11.2017 17:56:23 +00.03958E+00  0102 008330 -1 00002606 00002599 000 380 43063.7474962037
24.11.2017 17:56:24 +00.03958E+00  0121 008330 -1 00002607 00002599 000 344 43063.7475001852
24.11.2017 17:56:24 +00.03958E+00  0132 008330 -1 00002608 00002599 000 343 43063.7475041551
24.11.2017 17:56:24 +00.03958E+00  0151 008330 -1 00002609 00002599 000 343 43063.747508125
24.11.2017 17:56:25 +00.03958E+00  0166 008330 -1 00002610 00002599 000 375 43063.7475124653
24.11.2017 17:56:25 +00.03958E+00  0183 008330 -1 00002611 00002599 000 343 43063.7475164352
24.11.2017 17:56:25 +00.03958E+00  0197 008330 -1 00002612 00002599 000 343 43063.7475204051
24.11.2017 17:56:26 +00.03958E+00  0214 008334 -1 00002613 00002599 000 343 43063.747524375
24.11.2017 17:56:26 +00.03959E+00  0235 008334 -1 00002614 00002599 000 376 43063.7475287269
24.11.2017 17:56:26 +00.03960E+00  0250 008334 -1 00002615 00002599 000 341 43063.7475326736
24.11.2017 17:56:29 +00.03949E+00  0014 008310 -1 00002616 00002616 000 343 43063.7475589236
24.11.2017 17:56:29 +00.03949E+00  0030 008310 -1 00002617 00002616 000 343 43063.7475628935
24.11.2017 17:56:29 +00.03949E+00  0048 008310 -1 00002618 00002616 000 420 43063.7475677546
24.11.2017 17:56:30 +00.03949E+00  0059 008310 -1 00002619 00002616 000 342 43063.747571713
24.11.2017 17:56:30 +00.03949E+00  0072 008310 -1 00002620 00002616 000 343 43063.7475756829
24.11.2017 17:56:30 +00.03949E+00  0091 008310 -1 00002621 00002616 000 343 43063.7475796528
24.11.2017 17:56:31 +00.03949E+00  0108 008310 -1 00002622 00002616 000 377 43063.7475840162
24.11.2017 17:56:31 +00.03949E+00  0122 008310 -1 00002623 00002616 000 341 43063.747587963
24.11.2017 17:56:31 +00.03949E+00  0131 008310 -1 00002624 00002616 000 343 43063.7475919329
24.11.2017 17:56:32 +00.03949E+00  0142 008310 -1 00002625 00002616 000 343 43063.7475959028
24.11.2017 17:56:32 +00.03949E+00  0160 008310 -1 00002626 00002616 000 378 43063.7476002778
24.11.2017 17:56:33 +00.03949E+00  0172 008310 -1 00002627 00002616 000 340 43063.747604213
24.11.2017 17:56:33 +00.03948E+00  0193 008310 -1 00002628 00002616 000 342 43063.7476081713
24.11.2017 17:56:33 +00.03949E+00  0210 008310 -1 00002629 00002616 000 343 43063.7476121412
24.11.2017 17:56:34 +00.03949E+00  0222 008310 -1 00002630 00002616 000 380 43063.7476165394
24.11.2017 17:56:34 +00.03949E+00  0241 008312 -1 00002631 00002616 000 345 43063.7476205324
24.11.2017 17:56:34 +00.03949E+00  0254 008312 -1 00002632 00002616 000 342 43063.7476244907
24.11.2017 17:56:35 +00.03949E+00  0260 008312 -1 00002633 00002616 000 343 43063.7476284606
24.11.2017 17:56:37 +00.03939E+00  0015 008288 -1 00002634 00002634 000 342 43063.7476541898
24.11.2017 17:56:37 +00.03939E+00  0031 008288 -1 00002635 00002634 000 400 43063.7476588194
24.11.2017 17:56:38 +00.03938E+00  0049 008288 -1 00002636 00002634 000 342 43063.7476627893
24.11.2017 17:56:38 +00.03939E+00  0070 008288 -1 00002637 00002634 000 343 43063.7476667593
24.11.2017 17:56:38 +00.03938E+00  0086 008288 -1 00002638 00002634 000 343 43063.7476707292
24.11.2017 17:56:39 +00.03938E+00  0102 008288 -1 00002639 00002634 000 376 43063.747675081
24.11.2017 17:56:39 +00.03938E+00  0116 008288 -1 00002640 00002634 000 342 43063.7476790393
24.11.2017 17:56:39 +00.03938E+00  0129 008288 -1 00002641 00002634 000 343 43063.7476830093
24.11.2017 17:56:40 +00.03938E+00  0147 008288 -1 00002642 00002634 000 343 43063.7476869792
24.11.2017 17:56:40 +00.03938E+00  0164 008288 -1 00002643 00002634 000 377 43063.7476913426
24.11.2017 17:56:40 +00.03938E+00  0179 008288 -1 00002644 00002634 000 341 43063.7476952893
24.11.2017 17:56:41 +00.03938E+00  0195 008288 -1 00002645 00002634 000 343 43063.7476992593
24.11.2017 17:56:41 +00.03938E+00  0206 008288 -1 00002646 00002634 000 343 43063.7477032292
24.11.2017 17:56:41 +00.03938E+00  0220 008288 -1 00002647 00002634 000 378 43063.7477076042
24.11.2017 17:56:42 +00.03938E+00  0242 008288 -1 00002648 00002634 000 340 43063.7477115393
24.11.2017 17:56:42 +00.03939E+00  0258 008292 -1 00002649 00002634 000 343 43063.7477155093
24.11.2017 17:56:42 +00.03939E+00  0270 008292 -1 00002650 00002634 000 343 43063.7477194792
24.11.2017 17:56:43 +00.03940E+00  0288 008292 -1 00002651 00002634 000 379 43063.7477238657
24.11.2017 17:56:45 +00.03927E+00  0011 008264 -1 00002652 00002652 000 379 43063.7477498843
24.11.2017 17:56:45 +00.03927E+00  0027 008264 -1 00002653 00002652 000 345 43063.7477538773
24.11.2017 17:56:46 +00.03927E+00  0043 008264 -1 00002654 00002652 000 343 43063.7477578472
24.11.2017 17:56:46 +00.03927E+00  0053 008264 -1 00002655 00002652 000 343 43063.7477618171
24.11.2017 17:56:46 +00.03927E+00  0068 008264 -1 00002656 00002652 000 374 43063.7477661458
24.11.2017 17:56:47 +00.03927E+00  0089 008264 -1 00002657 00002652 000 344 43063.7477701273
24.11.2017 17:56:47 +00.03927E+00  0101 008264 -1 00002658 00002652 000 343 43063.7477740972
24.11.2017 17:56:48 +00.03927E+00  0121 008264 -1 00002659 00002652 000 343 43063.7477780671
24.11.2017 17:56:48 +00.03927E+00  0133 008264 -1 00002660 00002652 000 376 43063.747782419
24.11.2017 17:56:48 +00.03927E+00  0148 008264 -1 00002661 00002652 000 342 43063.7477863773
24.11.2017 17:56:49 +00.03927E+00  0161 008264 -1 00002662 00002652 000 343 43063.7477903472
24.11.2017 17:56:49 +00.03927E+00  0177 008264 -1 00002663 00002652 000 342 43063.7477943056
24.11.2017 17:56:49 +00.03927E+00  0191 008264 -1 00002664 00002652 000 377 43063.7477986806
24.11.2017 17:56:50 +00.03927E+00  0206 008264 -1 00002665 00002652 000 340 43063.7478026157
24.11.2017 17:56:50 +00.03927E+00  0217 008264 -1 00002666 00002652 000 343 43063.7478065856
24.11.2017 17:56:50 +00.03927E+00  0232 008270 -1 00002667 00002652 000 343 43063.7478105556
24.11.2017 17:56:51 +00.03929E+00  0244 008270 -1 00002668 00002652 000 378 43063.7478149306
24.11.2017 17:56:51 +00.03929E+00  0258 008270 -1 00002669 00002652 000 341 43063.7478188773
24.11.2017 17:56:53 +00.03919E+00  0021 008246 -1 00002670 00002670 000 341 43063.7478451042
24.11.2017 17:56:54 +00.03919E+00  0031 008246 -1 00002671 00002670 000 343 43063.7478490741
24.11.2017 17:56:54 +00.03919E+00  0048 008246 -1 00002672 00002670 000 343 43063.747853044
24.11.2017 17:56:54 +00.03918E+00  0066 008246 -1 00002673 00002670 000 361 43063.7478572222
24.11.2017 17:56:55 +00.03918E+00  0088 008246 -1 00002674 00002670 000 344 43063.7478612037
24.11.2017 17:56:55 +00.03918E+00  0104 008246 -1 00002675 00002670 000 343 43063.7478651736
24.11.2017 17:56:55 +00.03918E+00  0115 008246 -1 00002676 00002670 000 343 43063.7478691435
24.11.2017 17:56:56 +00.03918E+00  0129 008246 -1 00002677 00002670 000 374 43063.7478734722
24.11.2017 17:56:56 +00.03918E+00  0138 008246 -1 00002678 00002670 000 344 43063.7478774537
24.11.2017 17:56:56 +00.03918E+00  0152 008246 -1 00002679 00002670 000 343 43063.7478814236
24.11.2017 17:56:57 +00.03918E+00  0167 008246 -1 00002680 00002670 000 343 43063.7478853935
24.11.2017 17:56:57 +00.03918E+00  0182 008246 -1 00002681 00002670 000 376 43063.7478897454
24.11.2017 17:56:58 +00.03918E+00  0201 008246 -1 00002682 00002670 000 342 43063.7478937037
24.11.2017 17:56:58 +00.03918E+00  0209 008246 -1 00002683 00002670 000 343 43063.7478976736
24.11.2017 17:56:58 +00.03918E+00  0222 008246 -1 00002684 00002670 000 343 43063.7479016435
24.11.2017 17:56:59 +00.03919E+00  0242 008250 -1 00002685 00002670 000 376 43063.7479059954
24.11.2017 17:56:59 +00.03920E+00  0256 008250 -1 00002686 00002670 000 341 43063.7479099421
24.11.2017 17:56:59 +00.03920E+00  0267 008250 -1 00002687 00002670 000 343 43063.747913912
24.11.2017 17:57:01 +00.03908E+00  0009 008224 -1 00002688 00002688 000 342 43063.7479394213
24.11.2017 17:57:02 +00.03908E+00  0025 008224 -1 00002689 00002688 000 343 43063.7479433912
24.11.2017 17:57:02 +00.03908E+00  0043 008224 -1 00002690 00002688 000 423 43063.747948287
24.11.2017 17:57:03 +00.03908E+00  0064 008224 -1 00002691 00002688 000 340 43063.7479522222
24.11.2017 17:57:03 +00.03908E+00  0073 008224 -1 00002692 00002688 000 342 43063.7479561806
24.11.2017 17:57:03 +00.03908E+00  0086 008224 -1 00002693 00002688 000 343 43063.7479601505
24.11.2017 17:57:04 +00.03908E+00  0108 008224 -1 00002694 00002688 000 380 43063.7479645486
24.11.2017 17:57:04 +00.03908E+00  0134 008224 -1 00002695 00002688 000 345 43063.7479685417
24.11.2017 17:57:04 +00.03908E+00  0143 008224 -1 00002696 00002688 000 343 43063.7479725116
24.11.2017 17:57:05 +00.03908E+00  0162 008224 -1 00002697 00002688 000 343 43063.7479764815
24.11.2017 17:57:05 +00.03908E+00  0178 008224 -1 00002698 00002688 000 374 43063.7479808102
24.11.2017 17:57:05 +00.03908E+00  0193 008224 -1 00002699 00002688 000 343 43063.7479847801
24.11.2017 17:57:06 +00.03908E+00  0211 008224 -1 00002700 00002688 000 343 43063.74798875
24.11.2017 17:57:06 +00.03908E+00  0227 008224 -1 00002701 00002688 000 343 43063.7479927199
24.11.2017 17:57:06 +00.03908E+00  0247 008224 -1 00002702 00002688 000 376 43063.7479970718
24.11.2017 17:57:07 +00.03908E+00  0261 008228 -1 00002703 00002688 000 342 43063.7480010301
24.11.2017 17:57:07 +00.03909E+00  0283 008228 -1 00002704 00002688 000 343 43063.748005
24.11.2017 17:57:07 +00.03909E+00  0298 008228 -1 00002705 00002688 000 343 43063.7480089699
24.11.2017 17:57:10 +00.03898E+00  0015 008202 -1 00002706 00002706 000 343 43063.7480346991
24.11.2017 17:57:10 +00.03898E+00  0032 008202 -1 00002707 00002706 000 402 43063.7480393518
24.11.2017 17:57:10 +00.03897E+00  0049 008202 -1 00002708 00002706 000 341 43063.7480432986
24.11.2017 17:57:11 +00.03897E+00  0068 008202 -1 00002709 00002706 000 343 43063.7480472685
24.11.2017 17:57:11 +00.03897E+00  0081 008202 -1 00002710 00002706 000 343 43063.7480512384
24.11.2017 17:57:12 +00.03897E+00  0096 008202 -1 00002711 00002706 000 378 43063.7480556134
24.11.2017 17:57:12 +00.03897E+00  0106 008202 -1 00002712 00002706 000 340 43063.7480595486
24.11.2017 17:57:12 +00.03897E+00  0119 008202 -1 00002713 00002706 000 343 43063.7480635185
24.11.2017 17:57:13 +00.03897E+00  0134 008202 -1 00002714 00002706 000 343 43063.7480674884
24.11.2017 17:57:13 +00.03898E+00  0144 008202 -1 00002715 00002706 000 379 43063.748071875
24.11.2017 17:57:13 +00.03897E+00  0163 008202 -1 00002716 00002706 000 345 43063.7480758681
24.11.2017 17:57:14 +00.03897E+00  0179 008202 -1 00002717 00002706 000 343 43063.748079838
24.11.2017 17:57:14 +00.03897E+00  0192 008202 -1 00002718 00002706 000 343 43063.7480838079
24.11.2017 17:57:14 +00.03897E+00  0206 008202 -1 00002719 00002706 000 374 43063.7480881366
24.11.2017 17:57:15 +00.03898E+00  0218 008202 -1 00002720 00002706 000 344 43063.7480921181
24.11.2017 17:57:15 +00.03898E+00  0228 008206 -1 00002721 00002706 000 342 43063.7480960764
24.11.2017 17:57:15 +00.03899E+00  0238 008206 -1 00002722 00002706 000 343 43063.7481000579
24.11.2017 17:57:16 +00.03899E+00  0247 008206 -1 00002723 00002706 000 375 43063.7481043981