
24.11.2017 17:58:10 +00.03601E+00  0010 007581 1 00002827 00002827 000 343 43063.7487330208
24.11.2017 17:58:10 +00.03601E+00  0023 007581 1 00002828 00002827 000 343 43063.7487369907
24.11.2017 17:58:11 +00.03601E+00  0038 007581 1 00002829 00002827 000 420 43063.7487418519
24.11.2017 17:58:11 +00.03601E+00  0058 007581 1 00002830 00002827 000 341 43063.7487458102
24.11.2017 17:58:11 +00.03601E+00  0068 007581 1 00002831 00002827 000 343 43063.7487497801
24.11.2017 17:58:12 +00.03601E+00  0077 007581 1 00002832 00002827 000 343 43063.74875375
24.11.2017 17:58:12 +00.03601E+00  0095 007581 1 00002833 00002827 000 377 43063.7487581134
24.11.2017 17:58:13 +00.03601E+00  0107 007581 1 00002834 00002827 000 340 43063.7487620486
24.11.2017 17:58:13 +00.03601E+00  0119 007581 1 00002835 00002827 000 343 43063.7487660185
24.11.2017 17:58:13 +00.03601E+00  0136 007581 1 00002836 00002827 000 344 43063.74877
24.11.2017 17:58:14 +00.03601E+00  0154 007581 1 00002837 00002827 000 379 43063.7487743866
24.11.2017 17:58:14 +00.03601E+00  0165 007581 1 00002838 00002827 000 345 43063.7487783796
24.11.2017 17:58:14 +00.03601E+00  0180 007581 1 00002839 00002827 000 343 43063.7487823495
24.11.2017 17:58:15 +00.03601E+00  0192 007581 1 00002840 00002827 000 343 43063.7487863194
24.11.2017 17:58:15 +00.03601E+00  0208 007579 1 00002841 00002827 000 374 43063.7487906481
24.11.2017 17:58:15 +00.03601E+00  0226 007579 1 00002842 00002827 000 343 43063.7487946181
24.11.2017 17:58:16 +00.03600E+00  0245 007579 1 00002843 00002827 000 344 43063.7487985995
24.11.2017 17:58:18 +00.03635E+00  0010 007653 1 00002844 00002844 000 342 43063.7488282986
24.11.2017 17:58:19 +00.03635E+00  0025 007653 1 00002845 00002844 000 398 43063.7488329167
24.11.2017 17:58:19 +00.03635E+00  0038 007653 1 00002846 00002844 000 343 43063.7488368982
24.11.2017 17:58:19 +00.03635E+00  0048 007653 1 00002847 00002844 000 342 43063.7488408681
24.11.2017 17:58:20 +00.03636E+00  0071 007653 1 00002848 00002844 000 344 43063.7488448495
24.11.2017 17:58:20 +00.03636E+00  0085 007653 1 00002849 00002844 000 375 43063.7488491898
24.11.2017 17:58:20 +00.03636E+00  0094 007653 1 00002850 00002844 000 342 43063.7488531482
24.11.2017 17:58:21 +00.03635E+00  0110 007653 1 00002851 00002844 000 344 43063.7488571296
24.11.2017 17:58:21 +00.03636E+00  0126 007653 1 00002852 00002844 000 342 43063.748861088
24.11.2017 17:58:21 +00.03635E+00  0144 007653 1 00002853 00002844 000 376 43063.7488654398
24.11.2017 17:58:22 +00.03635E+00  0161 007653 1 00002854 00002844 000 342 43063.7488693982
24.11.2017 17:58:22 +00.03635E+00  0185 007653 1 00002855 00002844 000 343 43063.7488733681
24.11.2017 17:58:23 +00.03635E+00  0197 007653 1 00002856 00002844 000 343 43063.748877338
24.11.2017 17:58:23 +00.03635E+00  0213 007653 1 00002857 00002844 000 378 43063.748881713
24.11.2017 17:58:23 +00.03635E+00  0224 007643 1 00002858 00002844 000 341 43063.7488856597
24.11.2017 17:58:24 +00.03633E+00  0240 007643 1 00002859 00002844 000 342 43063.7488896181
24.11.2017 17:58:24 +00.03632E+00  0252 007643 1 00002860 00002844 000 343 43063.748893588
24.11.2017 17:58:27 +00.03666E+00  0012 007717 1 00002861 00002861 000 377 43063.7489239931
24.11.2017 17:58:27 +00.03666E+00  0030 007717 1 00002862 00002861 000 340 43063.7489279282
24.11.2017 17:58:27 +00.03666E+00  0042 007717 1 00002863 00002861 000 343 43063.7489318981
24.11.2017 17:58:28 +00.03666E+00  0057 007717 1 00002864 00002861 000 343 43063.7489358681
24.11.2017 17:58:28 +00.03667E+00  0071 007717 1 00002865 00002861 000 379 43063.7489402546
24.11.2017 17:58:28 +00.03667E+00  0090 007717 1 00002866 00002861 000 340 43063.7489441898
24.11.2017 17:58:29 +00.03666E+00  0100 007717 1 00002867 00002861 000 342 43063.7489481481
24.11.2017 17:58:29 +00.03666E+00  0112 007717 1 00002868 00002861 000 343 43063.7489521181
24.11.2017 17:58:29 +00.03666E+00  0126 007717 1 00002869 00002861 000 380 43063.7489565162
24.11.2017 17:58:30 +00.03666E+00  0134 007717 1 00002870 00002861 000 344 43063.7489604977
24.11.2017 17:58:30 +00.03666E+00  0141 007717 1 00002871 00002861 000 343 43063.7489644676
24.11.2017 17:58:30 +00.03666E+00  0159 007717 1 00002872 00002861 000 343 43063.7489684375
24.11.2017 17:58:31 +00.03666E+00  0177 007717 1 00002873 00002861 000 375 43063.7489727778
24.11.2017 17:58:31 +00.03666E+00  0192 007717 1 00002874 00002861 000 343 43063.7489767477
24.11.2017 17:58:31 +00.03666E+00  0209 007705 1 00002875 00002861 000 343 43063.7489807176
24.11.2017 17:58:32 +00.03665E+00  0227 007705 1 00002876 00002861 000 343 43063.7489846875
24.11.2017 17:58:32 +00.03662E+00  0241 007705 1 00002877 00002861 000 376 43063.7489890394
24.11.2017 17:58:34 +00.03693E+00  0016 007775 1 00002878 00002878 000 382 43063.7490150579
24.11.2017 17:58:35 +00.03693E+00  0036 007775 1 00002879 00002878 000 341 43063.7490190046
24.11.2017 17:58:35 +00.03694E+00  0049 007775 1 00002880 00002878 000 342 43063.7490229745
24.11.2017 17:58:35 +00.03694E+00  0076 007775 1 00002881 00002878 000 342 43063.7490269444
24.11.2017 17:58:36 +00.03694E+00  0090 007775 1 00002882 00002878 000 377 43063.7490313194
24.11.2017 17:58:36 +00.03694E+00  0100 007775 1 00002883 00002878 000 340 43063.7490352546
24.11.2017 17:58:36 +00.03694E+00  0110 007775 1 00002884 00002878 000 343 43063.7490392245
24.11.2017 17:58:37 +00.03694E+00  0123 007775 1 00002885 00002878 000 343 43063.7490431944
24.11.2017 17:58:37 +00.03694E+00  0139 007775 1 00002886 00002878 000 379 43063.749047581
24.11.2017 17:58:38 +00.03694E+00  0156 007775 1 00002887 00002878 000 340 43063.7490515162
24.11.2017 17:58:38 +00.03694E+00  0177 007775 1 00002888 00002878 000 342 43063.7490554745
24.11.2017 17:58:38 +00.03694E+00  0190 007775 1 00002889 00002878 000 343 43063.7490594444
24.11.2017 17:58:39 +00.03694E+00  0206 007775 1 00002890 00002878 000 380 43063.7490638426
24.11.2017 17:58:39 +00.03694E+00  0223 007775 1 00002891 00002878 000 344 43063.7490678241
24.11.2017 17:58:39 +00.03694E+00  0243 007775 1 00002892 00002878 000 343 43063.749071794
24.11.2017 17:58:40 +00.03694E+00  0254 007767 1 00002893 00002878 000 343 43063.7490757639
24.11.2017 17:58:40 +00.03692E+00  0267 007767 1 00002894 00002878 000 375 43063.7490801042
24.11.2017 17:58:40 +00.03691E+00  0281 007767 1 00002895 00002878 000 343 43063.7490840741
24.11.2017 17:58:43 +00.03724E+00  0015 007841 1 00002896 00002896 000 343 43063.7491103125
24.11.2017 17:58:43 +00.03725E+00  0027 007841 1 00002897 00002896 000 343 43063.7491142824
24.11.2017 17:58:43 +00.03725E+00  0040 007841 1 00002898 00002896 000 419 43063.7491191319
24.11.2017 17:58:44 +00.03725E+00  0060 007841 1 00002899 00002896 000 343 43063.7491231019
24.11.2017 17:58:44 +00.03725E+00  0073 007841 1 00002900 00002896 000 343 43063.7491270718
24.11.2017 17:58:44 +00.03725E+00  0087 007841 1 00002901 00002896 000 343 43063.7491310417
24.11.2017 17:58:45 +00.03725E+00  0100 007841 1 00002902 00002896 000 376 43063.7491353935
24.11.2017 17:58:45 +00.03725E+00  0116 007841 1 00002903 00002896 000 342 43063.7491393519
24.11.2017 17:58:45 +00.03725E+00  0130 007841 1 00002904 00002896 000 344 43063.7491433333
24.11.2017 17:58:46 +00.03725E+00  0143 007841 1 00002905 00002896 000 342 43063.7491472917
24.11.2017 17:58:46 +00.03725E+00  0153 007841 1 00002906 00002896 000 377 43063.7491516551
24.11.2017 17:58:47 +00.03725E+00  0174 007841 1 00002907 00002896 000 341 43063.7491556019
24.11.2017 17:58:47 +00.03726E+00  0188 007841 1 00002908 00002896 000 343 43063.7491595718
24.11.2017 17:58:47 +00.03725E+00  0210 007841 1 00002909 00002896 000 343 43063.7491635417
24.11.2017 17:58:48 +00.03725E+00  0223 007841 1 00002910 00002896 000 378 43063.7491679167
24.11.2017 17:58:48 +00.03724E+00  0239 007831 1 00002911 00002896 000 341 43063.7491718634
24.11.2017 17:58:48 +00.03723E+00  0252 007831 1 00002912 00002896 000 341 43063.7491758102
24.11.2017 17:58:49 +00.03722E+00  0269 007831 1 00002913 00002896 000 344 43063.7491797917
24.11.2017 17:58:51 +00.03754E+00  0014 007903 1 00002914 00002914 000 343 43063.7492055903
24.11.2017 17:58:51 +00.03754E+00  0024 007903 1 00002915 00002914 000 398 43063.7492101968
24.11.2017 17:58:52 +00.03754E+00  0036 007903 1 00002916 00002914 000 345 43063.7492141898
24.11.2017 17:58:52 +00.03755E+00  0053 007903 1 00002917 00002914 000 343 43063.7492181597
24.11.2017 17:58:52 +00.03755E+00  0070 007903 1 00002918 00002914 000 343 43063.7492221296
24.11.2017 17:58:53 +00.03755E+00  0093 007903 1 00002919 00002914 000 374 43063.7492264583
24.11.2017 17:58:53 +00.03755E+00  0109 007903 1 00002920 00002914 000 343 43063.7492304282
24.11.2017 17:58:53 +00.03755E+00  0125 007903 1 00002921 00002914 000 343 43063.7492343982
24.11.2017 17:58:54 +00.03755E+00  0134 007903 1 00002922 00002914 000 343 43063.7492383681
24.11.2017 17:58:54 +00.03755E+00  0145 007903 1 00002923 00002914 000 376 43063.7492427199
24.11.2017 17:58:54 +00.03755E+00  0155 007903 1 00002924 00002914 000 342 43063.7492466782
24.11.2017 17:58:55 +00.03755E+00  0164 007903 1 00002925 00002914 000 343 43063.7492506482
24.11.2017 17:58:55 +00.03755E+00  0176 007903 1 00002926 00002914 000 343 43063.7492546181
24.11.2017 17:58:55 +00.03755E+00  0190 007903 1 00002927 00002914 000 377 43063.7492589815
24.11.2017 17:58:56 +00.03755E+00  0210 007903 1 00002928 00002914 000 341 43063.7492629282
24.11.2017 17:58:56 +00.03754E+00  0228 007893 1 00002929 00002914 000 343 43063.7492668982
24.11.2017 17:58:57 +00.03752E+00  0243 007893 1 00002930 00002914 000 343 43063.7492708681
24.11.2017 17:58:57 +00.03751E+00  0259 007893 1 00002931 00002914 000 378 43063.7492752431