
24.11.2017 17:59:03 +00.03898E+00  0014 008205 1 00002932 00002932 000 343 43063.7493486458
24.11.2017 17:59:04 +00.03899E+00  0028 008205 1 00002933 00002932 000 402 43063.7493532986
24.11.2017 17:59:04 +00.03899E+00  0045 008205 1 00002934 00002932 000 341 43063.7493572454
24.11.2017 17:59:04 +00.03899E+00  0056 008205 1 00002935 00002932 000 343 43063.7493612153
24.11.2017 17:59:05 +00.03899E+00  0076 008205 1 00002936 00002932 000 343 43063.7493651852
24.11.2017 17:59:05 +00.03899E+00  0093 008205 1 00002937 00002932 000 378 43063.7493695602
24.11.2017 17:59:05 +00.03899E+00  0111 008205 1 00002938 00002932 000 340 43063.7493734954
24.11.2017 17:59:06 +00.03899E+00  0132 008205 1 00002939 00002932 000 343 43063.7493774653
24.11.2017 17:59:06 +00.03899E+00  0140 008205 1 00002940 00002932 000 343 43063.7493814352
24.11.2017 17:59:06 +00.03899E+00  0158 008205 1 00002941 00002932 000 380 43063.7493858333
24.11.2017 17:59:07 +00.03899E+00  0181 008205 1 00002942 00002932 000 344 43063.7493898148
24.11.2017 17:59:07 +00.03899E+00  0204 008205 1 00002943 00002932 000 343 43063.7493937847
24.11.2017 17:59:07 +00.03899E+00  0219 008205 1 00002944 00002932 000 343 43063.7493977546
24.11.2017 17:59:08 +00.03899E+00  0236 008205 1 00002945 00002932 000 374 43063.7494020833
24.11.2017 17:59:08 +00.03899E+00  0256 008207 1 00002946 00002932 000 344 43063.7494060648
24.11.2017 17:59:09 +00.03899E+00  0265 008207 1 00002947 00002932 000 343 43063.7494100347
24.11.2017 17:59:09 +00.03899E+00  0283 008207 1 00002948 00002932 000 343 43063.7494140046
24.11.2017 17:59:11 +00.03912E+00  0014 008234 1 00002949 00002949 000 380 43063.7494443634
24.11.2017 17:59:12 +00.03912E+00  0032 008234 1 00002950 00002949 000 344 43063.7494483449
24.11.2017 17:59:12 +00.03913E+00  0045 008234 1 00002951 00002949 000 343 43063.7494523148
24.11.2017 17:59:13 +00.03913E+00  0055 008234 1 00002952 00002949 000 343 43063.7494562847
24.11.2017 17:59:13 +00.03913E+00  0076 008234 1 00002953 00002949 000 376 43063.7494606366
24.11.2017 17:59:13 +00.03913E+00  0097 008234 1 00002954 00002949 000 342 43063.7494645949
24.11.2017 17:59:14 +00.03913E+00  0107 008234 1 00002955 00002949 000 343 43063.7494685648
24.11.2017 17:59:14 +00.03913E+00  0122 008234 1 00002956 00002949 000 343 43063.7494725347
24.11.2017 17:59:14 +00.03913E+00  0139 008234 1 00002957 00002949 000 377 43063.7494768981
24.11.2017 17:59:15 +00.03913E+00  0152 008234 1 00002958 00002949 000 341 43063.7494808449
24.11.2017 17:59:15 +00.03913E+00  0168 008234 1 00002959 00002949 000 343 43063.7494848148
24.11.2017 17:59:15 +00.03913E+00  0181 008234 1 00002960 00002949 000 343 43063.7494887847
24.11.2017 17:59:16 +00.03912E+00  0198 008234 1 00002961 00002949 000 378 43063.7494931597
24.11.2017 17:59:16 +00.03913E+00  0213 008234 1 00002962 00002949 000 341 43063.7494971065
24.11.2017 17:59:16 +00.03913E+00  0230 008228 1 00002963 00002949 000 341 43063.7495010532
24.11.2017 17:59:17 +00.03911E+00  0248 008228 1 00002964 00002949 000 342 43063.7495050231
24.11.2017 17:59:17 +00.03910E+00  0261 008228 1 00002965 00002949 000 379 43063.7495094097
24.11.2017 17:59:19 +00.03923E+00  0012 008258 1 00002966 00002966 000 378 43063.7495354282
24.11.2017 17:59:20 +00.03924E+00  0027 008258 1 00002967 00002966 000 340 43063.7495393634
24.11.2017 17:59:20 +00.03924E+00  0041 008258 1 00002968 00002966 000 342 43063.7495433218
24.11.2017 17:59:20 +00.03924E+00  0057 008258 1 00002969 00002966 000 343 43063.7495472917
24.11.2017 17:59:21 +00.03924E+00  0073 008258 1 00002970 00002966 000 380 43063.7495516898
24.11.2017 17:59:21 +00.03924E+00  0094 008258 1 00002971 00002966 000 344 43063.7495556713
24.11.2017 17:59:21 +00.03924E+00  0104 008258 1 00002972 00002966 000 343 43063.7495596412
24.11.2017 17:59:22 +00.03924E+00  0114 008258 1 00002973 00002966 000 343 43063.7495636111
24.11.2017 17:59:22 +00.03924E+00  0131 008258 1 00002974 00002966 000 375 43063.7495679514
24.11.2017 17:59:23 +00.03924E+00  0144 008258 1 00002975 00002966 000 343 43063.7495719213
24.11.2017 17:59:23 +00.03924E+00  0155 008258 1 00002976 00002966 000 343 43063.7495758912
24.11.2017 17:59:23 +00.03924E+00  0170 008258 1 00002977 00002966 000 343 43063.7495798611
24.11.2017 17:59:24 +00.03924E+00  0181 008258 1 00002978 00002966 000 377 43063.7495842245
24.11.2017 17:59:24 +00.03924E+00  0202 008258 1 00002979 00002966 000 341 43063.7495881713
24.11.2017 17:59:24 +00.03924E+00  0220 008258 1 00002980 00002966 000 343 43063.7495921412
24.11.2017 17:59:25 +00.03924E+00  0231 008250 1 00002981 00002966 000 343 43063.7495961111
24.11.2017 17:59:25 +00.03921E+00  0246 008250 1 00002982 00002966 000 378 43063.7496004861
24.11.2017 17:59:25 +00.03921E+00  0272 008250 1 00002983 00002966 000 340 43063.7496044213
24.11.2017 17:59:28 +00.03931E+00  0012 008274 1 00002984 00002984 000 342 43063.7496306597
24.11.2017 17:59:28 +00.03931E+00  0032 008274 1 00002985 00002984 000 343 43063.7496346296
24.11.2017 17:59:28 +00.03932E+00  0050 008274 1 00002986 00002984 000 343 43063.7496385995
24.11.2017 17:59:29 +00.03932E+00  0065 008274 1 00002987 00002984 000 360 43063.7496427662
24.11.2017 17:59:29 +00.03931E+00  0079 008274 1 00002988 00002984 000 345 43063.7496467593
24.11.2017 17:59:29 +00.03932E+00  0096 008274 1 00002989 00002984 000 343 43063.7496507292
24.11.2017 17:59:30 +00.03932E+00  0108 008274 1 00002990 00002984 000 343 43063.7496546991
24.11.2017 17:59:30 +00.03932E+00  0125 008274 1 00002991 00002984 000 374 43063.7496590278
24.11.2017 17:59:30 +00.03932E+00  0137 008274 1 00002992 00002984 000 343 43063.7496629977
24.11.2017 17:59:31 +00.03932E+00  0153 008274 1 00002993 00002984 000 343 43063.7496669792
24.11.2017 17:59:31 +00.03932E+00  0168 008274 1 00002994 00002984 000 343 43063.7496709491
24.11.2017 17:59:31 +00.03932E+00  0186 008274 1 00002995 00002984 000 375 43063.7496752893
24.11.2017 17:59:32 +00.03932E+00  0206 008274 1 00002996 00002984 000 343 43063.7496792593
24.11.2017 17:59:32 +00.03932E+00  0219 008274 1 00002997 00002984 000 342 43063.7496832176
24.11.2017 17:59:32 +00.03932E+00  0234 008270 1 00002998 00002984 000 343 43063.7496871991
24.11.2017 17:59:33 +00.03930E+00  0251 008270 1 00002999 00002984 000 376 43063.7496915509
24.11.2017 17:59:33 +00.03930E+00  0262 008270 1 00003000 00002984 000 341 43063.7496954977
24.11.2017 17:59:36 +00.03942E+00  0010 008296 1 00003001 00003001 000 342 43063.7497259375
24.11.2017 17:59:36 +00.03942E+00  0017 008296 1 00003002 00003001 000 400 43063.7497305787
24.11.2017 17:59:37 +00.03942E+00  0029 008296 1 00003003 00003001 000 342 43063.7497345486
24.11.2017 17:59:37 +00.03942E+00  0043 008296 1 00003004 00003001 000 343 43063.7497385185
24.11.2017 17:59:37 +00.03942E+00  0053 008296 1 00003005 00003001 000 343 43063.7497424884
24.11.2017 17:59:38 +00.03942E+00  0062 008296 1 00003006 00003001 000 376 43063.7497468403
24.11.2017 17:59:38 +00.03942E+00  0077 008296 1 00003007 00003001 000 341 43063.749750787
24.11.2017 17:59:38 +00.03942E+00  0092 008296 1 00003008 00003001 000 343 43063.7497547569
24.11.2017 17:59:39 +00.03942E+00  0120 008296 1 00003009 00003001 000 343 43063.7497587269
24.11.2017 17:59:39 +00.03942E+00  0134 008296 1 00003010 00003001 000 378 43063.7497631018
24.11.2017 17:59:39 +00.03942E+00  0150 008296 1 00003011 00003001 000 340 43063.749767037
24.11.2017 17:59:40 +00.03942E+00  0175 008296 1 00003012 00003001 000 343 43063.7497710069
24.11.2017 17:59:40 +00.03942E+00  0190 008296 1 00003013 00003001 000 343 43063.7497749769
24.11.2017 17:59:40 +00.03942E+00  0207 008296 1 00003014 00003001 000 379 43063.7497793634
24.11.2017 17:59:41 +00.03942E+00  0221 008292 1 00003015 00003001 000 340 43063.7497832986
24.11.2017 17:59:41 +00.03941E+00  0238 008292 1 00003016 00003001 000 341 43063.7497872569
24.11.2017 17:59:41 +00.03941E+00  0253 008292 1 00003017 00003001 000 343 43063.7497912269
24.11.2017 17:59:44 +00.03951E+00  0012 008316 1 00003018 00003018 000 342 43063.7498170255
24.11.2017 17:59:44 +00.03951E+00  0033 008316 1 00003019 00003018 000 399 43063.7498216435
24.11.2017 17:59:44 +00.03951E+00  0051 008316 1 00003020 00003018 000 344 43063.749825625
24.11.2017 17:59:45 +00.03952E+00  0062 008316 1 00003021 00003018 000 343 43063.7498295949
24.11.2017 17:59:45 +00.03952E+00  0075 008316 1 00003022 00003018 000 343 43063.7498335648
24.11.2017 17:59:45 +00.03952E+00  0091 008316 1 00003023 00003018 000 375 43063.7498379051
24.11.2017 17:59:46 +00.03952E+00  0100 008316 1 00003024 00003018 000 343 43063.749841875
24.11.2017 17:59:46 +00.03952E+00  0109 008316 1 00003025 00003018 000 343 43063.7498458449
24.11.2017 17:59:47 +00.03952E+00  0123 008316 1 00003026 00003018 000 343 43063.7498498148
24.11.2017 17:59:47 +00.03952E+00  0138 008316 1 00003027 00003018 000 376 43063.7498541667
24.11.2017 17:59:47 +00.03952E+00  0148 008316 1 00003028 00003018 000 342 43063.749858125
24.11.2017 17:59:48 +00.03952E+00  0166 008316 1 00003029 00003018 000 343 43063.7498620949
24.11.2017 17:59:48 +00.03952E+00  0181 008316 1 00003030 00003018 000 343 43063.7498660648
24.11.2017 17:59:48 +00.03952E+00  0195 008316 1 00003031 00003018 000 377 43063.7498704282
24.11.2017 17:59:49 +00.03951E+00  0210 008316 1 00003032 00003018 000 340 43063.7498743634
24.11.2017 17:59:49 +00.03952E+00  0227 008314 1 00003033 00003018 000 344 43063.7498783565
24.11.2017 17:59:49 +00.03951E+00  0236 008314 1 00003034 00003018 000 342 43063.7498823148
24.11.2017 17:59:50 +00.03951E+00  0254 008314 1 00003035 00003018 000 378 43063.7498866898
24.11.2017 17:59:52 +00.03963E+00  0006 008340 1 00003036 00003036 000 378 43063.7499127083
24.11.2017 17:59:52 +00.03963E+00  0021 008340 1 00003037 00003036 000 340 43063.7499166435
24.11.2017 17:59:53 +00.03963E+00  0032 008340 1 00003038 00003036 000 342 43063.7499206019
24.11.2017 17:59:53 +00.03963E+00  0043 008340 1 00003039 00003036 000 344 43063.7499245833
24.11.2017 17:59:53 +00.03963E+00  0065 008340 1 00003040 00003036 000 379 43063.7499289699
24.11.2017 17:59:54 +00.03963E+00  0084 008340 1 00003041 00003036 000 343 43063.7499329514
24.11.2017 17:59:54 +00.03963E+00  0102 008340 1 00003042 00003036 000 343 43063.7499369213
24.11.2017 17:59:54 +00.03963E+00  0116 008340 1 00003043 00003036 000 344 43063.7499409028
24.11.2017 17:59:55 +00.03963E+00  0134 008340 1 00003044 00003036 000 374 43063.7499452315
24.11.2017 17:59:55 +00.03963E+00  0152 008340 1 00003045 00003036 000 343 43063.7499492014
24.11.2017 17:59:55 +00.03963E+00  0164 008340 1 00003046 00003036 000 343 43063.7499531713
24.11.2017 17:59:56 +00.03963E+00  0173 008340 1 00003047 00003036 000 343 43063.7499571412
24.11.2017 17:59:56 +00.03963E+00  0186 008340 1 00003048 00003036 000 376 43063.7499614931
24.11.2017 17:59:57 +00.03963E+00  0205 008340 1 00003049 00003036 000 342 43063.7499654514
24.11.2017 17:59:57 +00.03963E+00  0215 008340 1 00003050 00003036 000 343 43063.7499694213
24.11.2017 17:59:57 +00.03963E+00  0237 008334 1 00003051 00003036 000 343 43063.7499733912
24.11.2017 17:59:58 +00.03961E+00  0248 008334 1 00003052 00003036 000 377 43063.7499777546
24.11.2017 17:59:58 +00.03960E+00  0263 008334 1 00003053 00003036 000 341 43063.7499817014
24.11.2017 18:00:00 +00.03972E+00  0020 008360 1 00003054 00003054 000 343 43063.7500079398
24.11.2017 18:00:01 +00.03972E+00  0031 008360 1 00003055 00003054 000 343 43063.7500119097
24.11.2017 18:00:01 +00.03973E+00  0049 008360 1 00003056 00003054 000 421 43063.7500167824
24.11.2017 18:00:01 +00.03972E+00  0071 008360 1 00003057 00003054 000 341 43063.7500207292
24.11.2017 18:00:02 +00.03973E+00  0083 008360 1 00003058 00003054 000 343 43063.7500246991
24.11.2017 18:00:02 +00.03972E+00  0095 008360 1 00003059 00003054 000 343 43063.750028669
24.11.2017 18:00:02 +00.03972E+00  0107 008360 1 00003060 00003054 000 378 43063.750033044
24.11.2017 18:00:03 +00.03973E+00  0123 008360 1 00003061 00003054 000 340 43063.7500369792
24.11.2017 18:00:03 +00.03972E+00  0140 008360 1 00003062 00003054 000 342 43063.7500409491
24.11.2017 18:00:03 +00.03973E+00  0154 008360 1 00003063 00003054 000 343 43063.750044919
24.11.2017 18:00:04 +00.03972E+00  0168 008360 1 00003064 00003054 000 379 43063.7500493056
24.11.2017 18:00:04 +00.03973E+00  0187 008360 1 00003065 00003054 000 345 43063.7500532986
24.11.2017 18:00:04 +00.03973E+00  0212 008360 1 00003066 00003054 000 343 43063.7500572685
24.11.2017 18:00:05 +00.03973E+00  0223 008360 1 00003067 00003054 000 343 43063.7500612384
24.11.2017 18:00:05 +00.03973E+00  0236 008360 1 00003068 00003054 000 375 43063.7500655787
24.11.2017 18:00:06 +00.03972E+00  0258 008354 1 00003069 00003054 000 343 43063.7500695486
24.11.2017 18:00:06 +00.03971E+00  0268 008354 1 00003070 00003054 000 342 43063.7500735069
24.11.2017 18:00:06 +00.03970E+00  0282 008354 1 00003071 00003054 000 342 43063.7500774768
24.11.2017 18:00:08 +00.03983E+00  0012 008382 1 00003072 00003072 000 342 43063.750103206
24.11.2017 18:00:09 +00.03983E+00  0027 008382 1 00003073 00003072 000 401 43063.7501078472
24.11.2017 18:00:09 +00.03983E+00  0052 008382 1 00003074 00003072 000 342 43063.7501118056
24.11.2017 18:00:10 +00.03983E+00  0071 008382 1 00003075 00003072 000 343 43063.7501157755
24.11.2017 18:00:10 +00.03983E+00  0084 008382 1 00003076 00003072 000 343 43063.7501197454
24.11.2017 18:00:10 +00.03983E+00  0092 008382 1 00003077 00003072 000 377 43063.7501241088
24.11.2017 18:00:11 +00.03983E+00  0107 008382 1 00003078 00003072 000 340 43063.7501280556
24.11.2017 18:00:11 +00.03983E+00  0126 008382 1 00003079 00003072 000 343 43063.7501320255
24.11.2017 18:00:11 +00.03983E+00  0145 008382 1 00003080 00003072 000 343 43063.7501359954
24.11.2017 18:00:12 +00.03983E+00  0164 008382 1 00003081 00003072 000 378 43063.7501403704
24.11.2017 18:00:12 +00.03983E+00  0180 008382 1 00003082 00003072 000 340 43063.7501443056
24.11.2017 18:00:12 +00.03983E+00  0192 008382 1 00003083 00003072 000 343 43063.7501482755
24.11.2017 18:00:13 +00.03983E+00  0216 008382 1 00003084 00003072 000 343 43063.7501522454
24.11.2017 18:00:13 +00.03983E+00  0218 008382 1 00003085 00003072 000 379 43063.7501566319
24.11.2017 18:00:13 +00.03983E+00  0243 008376 1 00003086 00003072 000 340 43063.7501605671
24.11.2017 18:00:14 +00.03982E+00  0255 008376 1 00003087 00003072 000 342 43063.7501645255
24.11.2017 18:00:14 +00.03981E+00  0273 008376 1 00003088 00003072 000 343 43063.7501684954
24.11.2017 18:00:17 +00.03991E+00  0006 008400 1 00003089 00003089 000 378 43063.750198912
24.11.2017 18:00:17 +00.03991E+00  0025 008400 1 00003090 00003089 000 340 43063.7502028472
24.11.2017 18:00:17 +00.03992E+00  0036 008400 1 00003091 00003089 000 342 43063.7502068056
24.11.2017 18:00:18 +00.03992E+00  0051 008400 1 00003092 00003089 000 343 43063.7502107755
24.11.2017 18:00:18 +00.03992E+00  0062 008400 1 00003093 00003089 000 381 43063.7502151852
24.11.2017 18:00:18 +00.03992E+00  0080 008400 1 00003094 00003089 000 343 43063.7502191551
24.11.2017 18:00:19 +00.03992E+00  0093 008400 1 00003095 00003089 000 343 43063.750223125
24.11.2017 18:00:19 +00.03991E+00  0109 008400 1 00003096 00003089 000 343 43063.7502270949
24.11.2017 18:00:19 +00.03992E+00  0128 008400 1 00003097 00003089 000 376 43063.7502314468
24.11.2017 18:00:20 +00.03992E+00  0145 008400 1 00003098 00003089 000 342 43063.7502354051
24.11.2017 18:00:20 +00.03992E+00  0162 008400 1 00003099 00003089 000 343 43063.750239375
24.11.2017 18:00:21 +00.03992E+00  0174 008400 1 00003100 00003089 000 343 43063.7502433449
24.11.2017 18:00:21 +00.03992E+00  0188 008400 1 00003101 00003089 000 377 43063.7502477083
24.11.2017 18:00:21 +00.03992E+00  0197 008400 1 00003102 00003089 000 340 43063.7502516435
24.11.2017 18:00:22 +00.03992E+00  0207 008396 1 00003103 00003089 000 343 43063.750255625
24.11.2017 18:00:22 +00.03991E+00  0219 008396 1 00003104 00003089 000 343 43063.7502595949
24.11.2017 18:00:22 +00.03991E+00  0237 008396 1 00003105 00003089 000 378 43063.7502639699
24.11.2017 18:00:25 +00.04001E+00  0014 008420 1 00003106 00003106 000 343 43063.7502941551
24.11.2017 18:00:25 +00.04001E+00  0026 008420 1 00003107 00003106 000 343 43063.750298125
24.11.2017 18:00:26 +00.04001E+00  0043 008420 1 00003108 00003106 000 421 43063.7503029977
24.11.2017 18:00:26 +00.04001E+00  0072 008420 1 00003109 00003106 000 341 43063.7503069444
24.11.2017 18:00:26 +00.04001E+00  0088 008420 1 00003110 00003106 000 343 43063.7503109144
24.11.2017 18:00:27 +00.04001E+00  0102 008420 1 00003111 00003106 000 343 43063.7503148843
24.11.2017 18:00:27 +00.04001E+00  0113 008420 1 00003112 00003106 000 378 43063.7503192593
24.11.2017 18:00:27 +00.04001E+00  0135 008420 1 00003113 00003106 000 340 43063.7503231944
24.11.2017 18:00:28 +00.04001E+00  0148 008420 1 00003114 00003106 000 343 43063.7503271644
24.11.2017 18:00:28 +00.04001E+00  0169 008420 1 00003115 00003106 000 343 43063.7503311343
24.11.2017 18:00:28 +00.04001E+00  0179 008420 1 00003116 00003106 000 379 43063.7503355208
24.11.2017 18:00:29 +00.04001E+00  0195 008420 1 00003117 00003106 000 345 43063.7503395139
24.11.2017 18:00:29 +00.04001E+00  0205 008420 1 00003118 00003106 000 343 43063.7503434838
24.11.2017 18:00:30 +00.04001E+00  0221 008420 1 00003119 00003106 000 343 43063.7503474537
24.11.2017 18:00:30 +00.04001E+00  0227 008418 1 00003120 00003106 000 374 43063.7503517824
24.11.2017 18:00:30 +00.04000E+00  0245 008418 1 00003121 00003106 000 343 43063.7503557523
24.11.2017 18:00:31 +00.04000E+00  0264 008418 1 00003122 00003106 000 344 43063.7503597338
24.11.2017 18:00:33 +00.04011E+00  0011 008442 1 00003123 00003123 000 342 43063.7503852315
24.11.2017 18:00:33 +00.04011E+00  0024 008442 1 00003124 00003123 000 343 43063.7503892014
24.11.2017 18:00:34 +00.04011E+00  0038 008442 1 00003125 00003123 000 420 43063.7503940625
24.11.2017 18:00:34 +00.04011E+00  0054 008442 1 00003126 00003123 000 342 43063.7503980208
24.11.2017 18:00:34 +00.04011E+00  0071 008442 1 00003127 00003123 000 343 43063.7504019907
24.11.2017 18:00:35 +00.04012E+00  0085 008442 1 00003128 00003123 000 343 43063.7504059607
24.11.2017 18:00:35 +00.04011E+00  0095 008442 1 00003129 00003123 000 377 43063.7504103241
24.11.2017 18:00:35 +00.04011E+00  0111 008442 1 00003130 00003123 000 340 43063.7504142708
24.11.2017 18:00:36 +00.04011E+00  0121 008442 1 00003131 00003123 000 343 43063.7504182407
24.11.2017 18:00:36 +00.04011E+00  0138 008442 1 00003132 00003123 000 343 43063.7504222107
24.11.2017 18:00:36 +00.04012E+00  0154 008442 1 00003133 00003123 000 378 43063.7504265856
24.11.2017 18:00:37 +00.04011E+00  0172 008442 1 00003134 00003123 000 340 43063.7504305208
24.11.2017 18:00:37 +00.04011E+00  0189 008442 1 00003135 00003123 000 342 43063.7504344907
24.11.2017 18:00:37 +00.04011E+00  0200 008442 1 00003136 00003123 000 343 43063.7504384607
24.11.2017 18:00:38 +00.04011E+00  0215 008442 1 00003137 00003123 000 379 43063.7504428472
24.11.2017 18:00:38 +00.04012E+00  0234 008440 1 00003138 00003123 000 345 43063.7504468403
24.11.2017 18:00:38 +00.04011E+00  0250 008440 1 00003139 00003123 000 343 43063.7504508102
24.11.2017 18:00:39 +00.04011E+00  0265 008440 1 00003140 00003123 000 343 43063.7504547801
24.11.2017 18:00:41 +00.04021E+00  0011 008464 1 00003141 00003141 000 343 43063.7504805093
24.11.2017 18:00:41 +00.04022E+00  0024 008464 1 00003142 00003141 000 399 43063.7504851273
24.11.2017 18:00:42 +00.04022E+00  0050 008464 1 00003143 00003141 000 344 43063.7504891088
24.11.2017 18:00:42 +00.04022E+00  0063 008464 1 00003144 00003141 000 343 43063.7504930787
24.11.2017 18:00:42 +00.04022E+00  0081 008464 1 00003145 00003141 000 343 43063.7504970486
24.11.2017 18:00:43 +00.04022E+00  0098 008464 1 00003146 00003141 000 375 43063.7505013889
24.11.2017 18:00:43 +00.04022E+00  0109 008464 1 00003147 00003141 000 343 43063.7505053588
24.11.2017 18:00:44 +00.04022E+00  0128 008464 1 00003148 00003141 000 343 43063.7505093287
24.11.2017 18:00:44 +00.04022E+00  0141 008464 1 00003149 00003141 000 343 43063.7505132986
24.11.2017 18:00:44 +00.04022E+00  0153 008464 1 00003150 00003141 000 375 43063.7505176389
24.11.2017 18:00:45 +00.04022E+00  0172 008464 1 00003151 00003141 000 341 43063.7505215972
24.11.2017 18:00:45 +00.04022E+00  0189 008464 1 00003152 00003141 000 343 43063.7505255671
24.11.2017 18:00:45 +00.04022E+00  0205 008464 1 00003153 00003141 000 343 43063.750529537
24.11.2017 18:00:46 +00.04022E+00  0216 008464 1 00003154 00003141 000 378 43063.750533912
24.11.2017 18:00:46 +00.04022E+00  0235 008464 1 00003155 00003141 000 340 43063.7505378472
24.11.2017 18:00:46 +00.04022E+00  0248 008460 1 00003156 00003141 000 343 43063.7505418171
24.11.2017 18:00:47 +00.04021E+00  0263 008460 1 00003157 00003141 000 343 43063.750545787
24.11.2017 18:00:47 +00.04020E+00  0283 008460 1 00003158 00003141 000 379 43063.7505501736
24.11.2017 18:00:49 +00.04033E+00  0017 008488 1 00003159 00003159 000 378 43063.7505761921
24.11.2017 18:00:50 +00.04033E+00  0035 008488 1 00003160 00003159 000 340 43063.7505801273
24.11.2017 18:00:50 +00.04033E+00  0049 008488 1 00003161 00003159 000 342 43063.7505840856
24.11.2017 18:00:50 +00.04034E+00  0060 008488 1 00003162 00003159 000 343 43063.7505880556
24.11.2017 18:00:51 +00.04034E+00  0074 008488 1 00003163 00003159 000 380 43063.7505924537
24.11.2017 18:00:51 +00.04033E+00  0089 008488 1 00003164 00003159 000 344 43063.7505964352
24.11.2017 18:00:51 +00.04033E+00  0104 008488 1 00003165 00003159 000 343 43063.7506004051
24.11.2017 18:00:52 +00.04033E+00  0120 008488 1 00003166 00003159 000 343 43063.750604375
24.11.2017 18:00:52 +00.04034E+00  0135 008488 1 00003167 00003159 000 375 43063.7506087153
24.11.2017 18:00:52 +00.04034E+00  0155 008488 1 00003168 00003159 000 343 43063.7506126852
24.11.2017 18:00:53 +00.04034E+00  0171 008488 1 00003169 00003159 000 343 43063.7506166551
24.11.2017 18:00:53 +00.04034E+00  0181 008488 1 00003170 00003159 000 343 43063.750620625
24.11.2017 18:00:53 +00.04033E+00  0194 008488 1 00003171 00003159 000 376 43063.7506249768
24.11.2017 18:00:54 +00.04033E+00  0205 008488 1 00003172 00003159 000 342 43063.7506289352
24.11.2017 18:00:54 +00.04034E+00  0219 008488 1 00003173 00003159 000 343 43063.7506329051
24.11.2017 18:00:55 +00.04033E+00  0234 008480 1 00003174 00003159 000 343 43063.750636875
24.11.2017 18:00:55 +00.04031E+00  0249 008480 1 00003175 00003159 000 377 43063.7506412384
24.11.2017 18:00:58 +00.04041E+00  0016 008504 1 00003176 00003176 000 343 43063.7506714352
24.11.2017 18:00:58 +00.04041E+00  0029 008504 1 00003177 00003176 000 343 43063.7506754051
24.11.2017 18:00:58 +00.04041E+00  0044 008504 1 00003178 00003176 000 420 43063.7506802662
24.11.2017 18:00:59 +00.04041E+00  0067 008504 1 00003179 00003176 000 342 43063.7506842245
24.11.2017 18:00:59 +00.04041E+00  0087 008504 1 00003180 00003176 000 343 43063.7506881944
24.11.2017 18:00:59 +00.04041E+00  0100 008504 1 00003181 00003176 000 343 43063.7506921644
24.11.2017 18:01:00 +00.04041E+00  0120 008504 1 00003182 00003176 000 377 43063.7506965278
24.11.2017 18:01:00 +00.04041E+00  0140 008504 1 00003183 00003176 000 341 43063.7507004745
24.11.2017 18:01:00 +00.04041E+00  0153 008504 1 00003184 00003176 000 343 43063.7507044444
24.11.2017 18:01:01 +00.04041E+00  0167 008504 1 00003185 00003176 000 343 43063.7507084144
24.11.2017 18:01:01 +00.04041E+00  0179 008504 1 00003186 00003176 000 378 43063.7507127894
24.11.2017 18:01:01 +00.04041E+00  0205 008504 1 00003187 00003176 000 340 43063.7507167245
24.11.2017 18:01:02 +00.04041E+00  0221 008504 1 00003188 00003176 000 342 43063.7507206829
24.11.2017 18:01:02 +00.04041E+00  0238 008504 1 00003189 00003176 000 344 43063.7507246644
24.11.2017 18:01:02 +00.04041E+00  0247 008502 1 00003190 00003176 000 379 43063.7507290509
24.11.2017 18:01:03 +00.04040E+00  0259 008502 1 00003191 00003176 000 344 43063.7507330324
24.11.2017 18:01:03 +00.04040E+00  0273 008502 1 00003192 00003176 000 343 43063.7507370023
24.11.2017 18:01:05 +00.04051E+00  0013 008526 1 00003193 00003193 000 343 43063.7507625231
24.11.2017 18:01:06 +00.04051E+00  0020 008526 1 00003194 00003193 000 343 43063.7507664931
24.11.2017 18:01:06 +00.04051E+00  0034 008526 1 00003195 00003193 000 418 43063.750771331
24.11.2017 18:01:06 +00.04051E+00  0053 008526 1 00003196 00003193 000 343 43063.7507753009
24.11.2017 18:01:07 +00.04052E+00  0062 008526 1 00003197 00003193 000 343 43063.7507792708
24.11.2017 18:01:07 +00.04051E+00  0075 008526 1 00003198 00003193 000 343 43063.7507832407
24.11.2017 18:01:08 +00.04052E+00  0092 008526 1 00003199 00003193 000 376 43063.7507875926
24.11.2017 18:01:08 +00.04051E+00  0105 008526 1 00003200 00003193 000 341 43063.7507915509
24.11.2017 18:01:08 +00.04051E+00  0124 008526 1 00003201 00003193 000 343 43063.7507955208
24.11.2017 18:01:09 +00.04051E+00  0138 008526 1 00003202 00003193 000 343 43063.7507994907
24.11.2017 18:01:09 +00.04051E+00  0151 008526 1 00003203 00003193 000 377 43063.7508038542
24.11.2017 18:01:09 +00.04052E+00  0169 008526 1 00003204 00003193 000 341 43063.7508078009
24.11.2017 18:01:10 +00.04052E+00  0178 008526 1 00003205 00003193 000 343 43063.7508117708
24.11.2017 18:01:10 +00.04051E+00  0192 008526 1 00003206 00003193 000 343 43063.7508157407
24.11.2017 18:01:10 +00.04052E+00  0206 008526 1 00003207 00003193 000 378 43063.7508201157
24.11.2017 18:01:11 +00.04051E+00  0219 008522 1 00003208 00003193 000 340 43063.7508240509
24.11.2017 18:01:11 +00.04051E+00  0236 008522 1 00003209 00003193 000 343 43063.7508280208
24.11.2017 18:01:11 +00.04050E+00  0247 008522 1 00003210 00003193 000 343 43063.7508319907
24.11.2017 18:01:14 +00.04062E+00  0012 008550 1 00003211 00003211 000 343 43063.7508577894
24.11.2017 18:01:14 +00.04063E+00  0027 008550 1 00003212 00003211 000 398 43063.7508623958
24.11.2017 18:01:14 +00.04063E+00  0042 008550 1 00003213 00003211 000 345 43063.7508663889
24.11.2017 18:01:15 +00.04063E+00  0052 008550 1 00003214 00003211 000 343 43063.7508703588
24.11.2017 18:01:15 +00.04063E+00  0063 008550 1 00003215 00003211 000 343 43063.7508743287
24.11.2017 18:01:15 +00.04063E+00  0074 008550 1 00003216 00003211 000 375 43063.750878669
24.11.2017 18:01:16 +00.04063E+00  0092 008550 1 00003217 00003211 000 343 43063.7508826389
24.11.2017 18:01:16 +00.04063E+00  0104 008550 1 00003218 00003211 000 343 43063.7508866088
24.11.2017 18:01:16 +00.04063E+00  0117 008550 1 00003219 00003211 000 343 43063.7508905787
24.11.2017 18:01:17 +00.04063E+00  0125 008550 1 00003220 00003211 000 376 43063.7508949306
24.11.2017 18:01:17 +00.04063E+00  0145 008550 1 00003221 00003211 000 342 43063.7508988889
24.11.2017 18:01:18 +00.04063E+00  0160 008550 1 00003222 00003211 000 343 43063.7509028588
24.11.2017 18:01:18 +00.04063E+00  0173 008550 1 00003223 00003211 000 343 43063.7509068287
24.11.2017 18:01:18 +00.04063E+00  0187 008550 1 00003224 00003211 000 377 43063.7509111921
24.11.2017 18:01:19 +00.04063E+00  0200 008550 1 00003225 00003211 000 340 43063.7509151273
24.11.2017 18:01:19 +00.04063E+00  0212 008544 1 00003226 00003211 000 342 43063.7509190972
24.11.2017 18:01:19 +00.04062E+00  0236 008544 1 00003227 00003211 000 343 43063.7509230671
24.11.2017 18:01:20 +00.04061E+00  0248 008544 1 00003228 00003211 000 380 43063.7509274653
24.11.2017 18:01:22 +00.04073E+00  0019 008572 1 00003229 00003229 000 378 43063.7509534722
24.11.2017 18:01:22 +00.04073E+00  0036 008572 1 00003230 00003229 000 340 43063.7509574074
24.11.2017 18:01:23 +00.04073E+00  0046 008572 1 00003231 00003229 000 341 43063.7509613657
24.11.2017 18:01:23 +00.04073E+00  0060 008572 1 00003232 00003229 000 343 43063.7509653356
24.11.2017 18:01:23 +00.04073E+00  0076 008572 1 00003233 00003229 000 379 43063.7509697222
24.11.2017 18:01:24 +00.04074E+00  0095 008572 1 00003234 00003229 000 340 43063.7509736574
24.11.2017 18:01:24 +00.04073E+00  0111 008572 1 00003235 00003229 000 342 43063.7509776157
24.11.2017 18:01:24 +00.04073E+00  0126 008572 1 00003236 00003229 000 343 43063.7509815856
24.11.2017 18:01:25 +00.04073E+00  0140 008572 1 00003237 00003229 000 381 43063.7509859954
24.11.2017 18:01:25 +00.04073E+00  0148 008572 1 00003238 00003229 000 343 43063.7509899653
24.11.2017 18:01:25 +00.04074E+00  0164 008572 1 00003239 00003229 000 343 43063.7509939352
24.11.2017 18:01:26 +00.04073E+00  0173 008572 1 00003240 00003229 000 343 43063.7509979051
24.11.2017 18:01:26 +00.04073E+00  0187 008572 1 00003241 00003229 000 376 43063.7510022569
24.11.2017 18:01:26 +00.04074E+00  0202 008572 1 00003242 00003229 000 342 43063.7510062153
24.11.2017 18:01:27 +00.04073E+00  0214 008572 1 00003243 00003229 000 343 43063.7510101852
24.11.2017 18:01:27 +00.04073E+00  0230 008566 1 00003244 00003229 000 343 43063.7510141551
24.11.2017 18:01:28 +00.04071E+00  0243 008566 1 00003245 00003229 000 377 43063.7510185185
24.11.2017 18:01:30 +00.04081E+00  0016 008590 1 00003246 00003246 000 343 43063.7510487153
24.11.2017 18:01:30 +00.04082E+00  0032 008590 1 00003247 00003246 000 343 43063.7510526852
24.11.2017 18:01:31 +00.04082E+00  0046 008590 1 00003248 00003246 000 420 43063.7510575463
24.11.2017 18:01:31 +00.04082E+00  0067 008590 1 00003249 00003246 000 342 43063.7510615046
24.11.2017 18:01:32 +00.04082E+00  0083 008590 1 00003250 00003246 000 343 43063.7510654745
24.11.2017 18:01:32 +00.04082E+00  0103 008590 1 00003251 00003246 000 343 43063.7510694444
24.11.2017 18:01:32 +00.04082E+00  0118 008590 1 00003252 00003246 000 377 43063.7510738079
24.11.2017 18:01:33 +00.04082E+00  0131 008590 1 00003253 00003246 000 343 43063.7510777778
24.11.2017 18:01:33 +00.04082E+00  0148 008590 1 00003254 00003246 000 341 43063.7510817245
24.11.2017 18:01:33 +00.04082E+00  0170 008590 1 00003255 00003246 000 343 43063.7510856944
24.11.2017 18:01:34 +00.04082E+00  0188 008590 1 00003256 00003246 000 378 43063.7510900694
24.11.2017 18:01:34 +00.04082E+00  0201 008590 1 00003257 00003246 000 340 43063.7510940046
24.11.2017 18:01:34 +00.04082E+00  0215 008590 1 00003258 00003246 000 342 43063.751097963
24.11.2017 18:01:35 +00.04082E+00  0229 008590 1 00003259 00003246 000 343 43063.7511019329
24.11.2017 18:01:35 +00.04081E+00  0243 008586 1 00003260 00003246 000 379 43063.751106331
24.11.2017 18:01:35 +00.04081E+00  0263 008586 1 00003261 00003246 000 345 43063.7511103241
24.11.2017 18:01:36 +00.04080E+00  0273 008586 1 00003262 00003246 000 343 43063.751114294
24.11.2017 18:01:38 +00.04091E+00  0013 008610 1 00003263 00003263 000 342 43063.7511397917
24.11.2017 18:01:38 +00.04091E+00  0030 008610 1 00003264 00003263 000 343 43063.7511437616
24.11.2017 18:01:39 +00.04091E+00  0045 008610 1 00003265 00003263 000 418 43063.7511485995
24.11.2017 18:01:39 +00.04091E+00  0070 008610 1 00003266 00003263 000 343 43063.751152581
24.11.2017 18:01:39 +00.04091E+00  0093 008610 1 00003267 00003263 000 343 43063.7511565509
24.11.2017 18:01:40 +00.04091E+00  0109 008610 1 00003268 00003263 000 343 43063.7511605324
24.11.2017 18:01:40 +00.04091E+00  0119 008610 1 00003269 00003263 000 376 43063.7511648843
24.11.2017 18:01:40 +00.04092E+00  0129 008610 1 00003270 00003263 000 341 43063.7511688426
24.11.2017 18:01:41 +00.04091E+00  0153 008610 1 00003271 00003263 000 342 43063.7511728009
24.11.2017 18:01:41 +00.04091E+00  0167 008610 1 00003272 00003263 000 343 43063.7511767708
24.11.2017 18:01:42 +00.04092E+00  0181 008610 1 00003273 00003263 000 377 43063.7511811343
24.11.2017 18:01:42 +00.04091E+00  0192 008610 1 00003274 00003263 000 341 43063.751185081
24.11.2017 18:01:42 +00.04091E+00  0202 008610 1 00003275 00003263 000 343 43063.7511890509
24.11.2017 18:01:43 +00.04091E+00  0221 008610 1 00003276 00003263 000 343 43063.7511930208
24.11.2017 18:01:43 +00.04091E+00  0237 008610 1 00003277 00003263 000 378 43063.7511973958
24.11.2017 18:01:43 +00.04091E+00  0255 008608 1 00003278 00003263 000 340 43063.751201331
24.11.2017 18:01:44 +00.04091E+00  0275 008608 1 00003279 00003263 000 343 43063.7512053009
24.11.2017 18:01:44 +00.04091E+00  0290 008608 1 00003280 00003263 000 343 43063.7512092708
24.11.2017 18:01:46 +00.04101E+00  0015 008630 1 00003281 00003281 000 343 43063.7512350694
24.11.2017 18:01:47 +00.04101E+00  0029 008630 1 00003282 00003281 000 398 43063.7512396759
24.11.2017 18:01:47 +00.04101E+00  0048 008630 1 00003283 00003281 000 340 43063.7512436111
24.11.2017 18:01:47 +00.04101E+00  0068 008630 1 00003284 00003281 000 342 43063.7512475694
24.11.2017 18:01:48 +00.04101E+00  0084 008630 1 00003285 00003281 000 343 43063.7512515394
24.11.2017 18:01:48 +00.04101E+00  0097 008630 1 00003286 00003281 000 380 43063.7512559375
24.11.2017 18:01:48 +00.04101E+00  0105 008630 1 00003287 00003281 000 344 43063.751259919
24.11.2017 18:01:49 +00.04101E+00  0115 008630 1 00003288 00003281 000 343 43063.7512638889
24.11.2017 18:01:49 +00.04101E+00  0137 008630 1 00003289 00003281 000 343 43063.7512678588
24.11.2017 18:01:49 +00.04101E+00  0155 008630 1 00003290 00003281 000 375 43063.7512721991
24.11.2017 18:01:50 +00.04101E+00  0167 008630 1 00003291 00003281 000 343 43063.751276169
24.11.2017 18:01:50 +00.04101E+00  0178 008630 1 00003292 00003281 000 343 43063.7512801389
24.11.2017 18:01:50 +00.04101E+00  0189 008630 1 00003293 00003281 000 343 43063.7512841088
24.11.2017 18:01:51 +00.04101E+00  0205 008630 1 00003294 00003281 000 376 43063.7512884606
24.11.2017 18:01:51 +00.04101E+00  0219 008630 1 00003295 00003281 000 341 43063.7512924074
24.11.2017 18:01:52 +00.04101E+00  0230 008628 1 00003296 00003281 000 343 43063.7512963773
24.11.2017 18:01:52 +00.04100E+00  0246 008628 1 00003297 00003281 000 344 43063.7513003588