
24.11.2017 18:04:49 +00.03751E+00  0012 007895 -1 00003671 00003671 000 343 43063.7533556134
24.11.2017 18:04:50 +00.03751E+00  0026 007895 -1 00003672 00003671 000 398 43063.7533602199
24.11.2017 18:04:50 +00.03751E+00  0045 007895 -1 00003673 00003671 000 345 43063.753364213
24.11.2017 18:04:51 +00.03751E+00  0063 007895 -1 00003674 00003671 000 343 43063.7533681829
24.11.2017 18:04:51 +00.03751E+00  0087 007895 -1 00003675 00003671 000 343 43063.7533721528
24.11.2017 18:04:51 +00.03751E+00  0103 007895 -1 00003676 00003671 000 374 43063.7533764815
24.11.2017 18:04:52 +00.03751E+00  0121 007895 -1 00003677 00003671 000 344 43063.753380463
24.11.2017 18:04:52 +00.03751E+00  0133 007895 -1 00003678 00003671 000 342 43063.7533844213
24.11.2017 18:04:52 +00.03751E+00  0151 007895 -1 00003679 00003671 000 343 43063.7533884028
24.11.2017 18:04:53 +00.03751E+00  0170 007895 -1 00003680 00003671 000 375 43063.7533927431
24.11.2017 18:04:53 +00.03751E+00  0184 007895 -1 00003681 00003671 000 342 43063.7533967014
24.11.2017 18:04:53 +00.03751E+00  0198 007895 -1 00003682 00003671 000 343 43063.7534006713
24.11.2017 18:04:54 +00.03751E+00  0215 007895 -1 00003683 00003671 000 344 43063.7534046528
24.11.2017 18:04:54 +00.03751E+00  0226 007895 -1 00003684 00003671 000 375 43063.7534089931
24.11.2017 18:04:54 +00.03751E+00  0238 007893 -1 00003685 00003671 000 342 43063.7534129514
24.11.2017 18:04:55 +00.03751E+00  0253 007893 -1 00003686 00003671 000 343 43063.7534169213
24.11.2017 18:04:55 +00.03750E+00  0268 007893 -1 00003687 00003671 000 343 43063.7534208912
24.11.2017 18:04:57 +00.03716E+00  0008 007817 -1 00003688 00003688 000 343 43063.7534466204
24.11.2017 18:04:58 +00.03714E+00  0023 007817 -1 00003689 00003688 000 403 43063.7534512847
24.11.2017 18:04:58 +00.03714E+00  0042 007817 -1 00003690 00003688 000 340 43063.7534552199
24.11.2017 18:04:58 +00.03714E+00  0054 007817 -1 00003691 00003688 000 343 43063.7534591898
24.11.2017 18:04:59 +00.03714E+00  0072 007817 -1 00003692 00003688 000 343 43063.7534631597
24.11.2017 18:04:59 +00.03714E+00  0090 007817 -1 00003693 00003688 000 379 43063.7534675463
24.11.2017 18:04:59 +00.03714E+00  0111 007817 -1 00003694 00003688 000 341 43063.7534714931
24.11.2017 18:05:00 +00.03714E+00  0129 007817 -1 00003695 00003688 000 341 43063.7534754398
24.11.2017 18:05:00 +00.03714E+00  0141 007817 -1 00003696 00003688 000 343 43063.7534794097
24.11.2017 18:05:01 +00.03714E+00  0166 007817 -1 00003697 00003688 000 380 43063.7534838079
24.11.2017 18:05:01 +00.03714E+00  0179 007817 -1 00003698 00003688 000 344 43063.7534877893
24.11.2017 18:05:01 +00.03714E+00  0191 007817 -1 00003699 00003688 000 343 43063.7534917593
24.11.2017 18:05:02 +00.03714E+00  0208 007817 -1 00003700 00003688 000 343 43063.7534957292
24.11.2017 18:05:02 +00.03714E+00  0217 007817 -1 00003701 00003688 000 375 43063.7535000694
24.11.2017 18:05:02 +00.03714E+00  0235 007817 -1 00003702 00003688 000 343 43063.7535040393
24.11.2017 18:05:03 +00.03714E+00  0259 007829 -1 00003703 00003688 000 343 43063.7535080093
24.11.2017 18:05:03 +00.03716E+00  0280 007829 -1 00003704 00003688 000 343 43063.7535119792
24.11.2017 18:05:03 +00.03719E+00  0294 007829 -1 00003705 00003688 000 376 43063.753516331
24.11.2017 18:05:06 +00.03687E+00  0008 007759 -1 00003706 00003706 000 382 43063.7535423495
24.11.2017 18:05:06 +00.03687E+00  0029 007759 -1 00003707 00003706 000 342 43063.7535463079
24.11.2017 18:05:06 +00.03686E+00  0045 007759 -1 00003708 00003706 000 342 43063.7535502662
24.11.2017 18:05:07 +00.03686E+00  0063 007759 -1 00003709 00003706 000 342 43063.7535542361
24.11.2017 18:05:07 +00.03686E+00  0076 007759 -1 00003710 00003706 000 377 43063.7535586111
24.11.2017 18:05:07 +00.03687E+00  0096 007759 -1 00003711 00003706 000 341 43063.7535625579
24.11.2017 18:05:08 +00.03686E+00  0119 007759 -1 00003712 00003706 000 342 43063.7535665162
24.11.2017 18:05:08 +00.03686E+00  0134 007759 -1 00003713 00003706 000 343 43063.7535704861
24.11.2017 18:05:08 +00.03686E+00  0152 007759 -1 00003714 00003706 000 379 43063.7535748727
24.11.2017 18:05:09 +00.03686E+00  0164 007759 -1 00003715 00003706 000 344 43063.7535788657
24.11.2017 18:05:09 +00.03686E+00  0179 007759 -1 00003716 00003706 000 344 43063.7535828472
24.11.2017 18:05:09 +00.03686E+00  0189 007759 -1 00003717 00003706 000 342 43063.7535868056
24.11.2017 18:05:10 +00.03687E+00  0203 007759 -1 00003718 00003706 000 374 43063.7535911343
24.11.2017 18:05:10 +00.03686E+00  0224 007759 -1 00003719 00003706 000 344 43063.7535951157
24.11.2017 18:05:10 +00.03686E+00  0239 007759 -1 00003720 00003706 000 343 43063.7535990856
24.11.2017 18:05:11 +00.03686E+00  0255 007767 -1 00003721 00003706 000 343 43063.7536030556
24.11.2017 18:05:11 +00.03688E+00  0271 007767 -1 00003722 00003706 000 375 43063.7536073958
24.11.2017 18:05:12 +00.03689E+00  0292 007767 -1 00003723 00003706 000 343 43063.7536113657
24.11.2017 18:05:14 +00.03656E+00  0010 007693 -1 00003724 00003724 000 343 43063.7536376042
24.11.2017 18:05:14 +00.03656E+00  0028 007693 -1 00003725 00003724 000 343 43063.7536415741
24.11.2017 18:05:15 +00.03655E+00  0041 007693 -1 00003726 00003724 000 419 43063.7536464236
24.11.2017 18:05:15 +00.03655E+00  0056 007693 -1 00003727 00003724 000 343 43063.7536503935
24.11.2017 18:05:15 +00.03655E+00  0072 007693 -1 00003728 00003724 000 343 43063.7536543634
24.11.2017 18:05:16 +00.03655E+00  0092 007693 -1 00003729 00003724 000 343 43063.7536583333
24.11.2017 18:05:16 +00.03655E+00  0105 007693 -1 00003730 00003724 000 376 43063.7536626852
24.11.2017 18:05:16 +00.03655E+00  0122 007693 -1 00003731 00003724 000 342 43063.7536666435
24.11.2017 18:05:17 +00.03655E+00  0136 007693 -1 00003732 00003724 000 343 43063.7536706134
24.11.2017 18:05:17 +00.03655E+00  0158 007693 -1 00003733 00003724 000 343 43063.7536745833
24.11.2017 18:05:17 +00.03655E+00  0177 007693 -1 00003734 00003724 000 377 43063.7536789468
24.11.2017 18:05:18 +00.03655E+00  0188 007693 -1 00003735 00003724 000 341 43063.7536828935
24.11.2017 18:05:18 +00.03655E+00  0206 007693 -1 00003736 00003724 000 343 43063.7536868634
24.11.2017 18:05:18 +00.03655E+00  0214 007693 -1 00003737 00003724 000 343 43063.7536908333
24.11.2017 18:05:19 +00.03655E+00  0228 007693 -1 00003738 00003724 000 378 43063.7536952083
24.11.2017 18:05:19 +00.03656E+00  0244 007703 -1 00003739 00003724 000 340 43063.7536991435
24.11.2017 18:05:19 +00.03658E+00  0263 007703 -1 00003740 00003724 000 342 43063.7537031019
24.11.2017 18:05:20 +00.03659E+00  0280 007703 -1 00003741 00003724 000 343 43063.7537070718
24.11.2017 18:05:22 +00.03626E+00  0013 007631 -1 00003742 00003742 000 343 43063.7537328819
24.11.2017 18:05:22 +00.03625E+00  0030 007631 -1 00003743 00003742 000 398 43063.7537374884
24.11.2017 18:05:23 +00.03625E+00  0046 007631 -1 00003744 00003742 000 345 43063.7537414815
24.11.2017 18:05:23 +00.03625E+00  0056 007631 -1 00003745 00003742 000 343 43063.7537454514
24.11.2017 18:05:23 +00.03625E+00  0067 007631 -1 00003746 00003742 000 343 43063.7537494213
24.11.2017 18:05:24 +00.03625E+00  0073 007631 -1 00003747 00003742 000 374 43063.75375375
24.11.2017 18:05:24 +00.03625E+00  0084 007631 -1 00003748 00003742 000 344 43063.7537577315
24.11.2017 18:05:25 +00.03625E+00  0099 007631 -1 00003749 00003742 000 342 43063.7537616898
24.11.2017 18:05:25 +00.03625E+00  0115 007631 -1 00003750 00003742 000 343 43063.7537656597
24.11.2017 18:05:25 +00.03625E+00  0125 007631 -1 00003751 00003742 000 376 43063.7537700116
24.11.2017 18:05:26 +00.03625E+00  0139 007631 -1 00003752 00003742 000 342 43063.7537739699
24.11.2017 18:05:26 +00.03625E+00  0155 007631 -1 00003753 00003742 000 343 43063.7537779398
24.11.2017 18:05:26 +00.03625E+00  0177 007631 -1 00003754 00003742 000 343 43063.7537819097
24.11.2017 18:05:27 +00.03625E+00  0193 007631 -1 00003755 00003742 000 377 43063.7537862731
24.11.2017 18:05:27 +00.03625E+00  0217 007631 -1 00003756 00003742 000 341 43063.7537902199
24.11.2017 18:05:27 +00.03626E+00  0234 007641 -1 00003757 00003742 000 343 43063.7537941898
24.11.2017 18:05:28 +00.03628E+00  0252 007641 -1 00003758 00003742 000 343 43063.7537981597
24.11.2017 18:05:28 +00.03629E+00  0273 007641 -1 00003759 00003742 000 378 43063.7538025347
24.11.2017 18:05:30 +00.03591E+00  0009 007558 -1 00003760 00003760 000 377 43063.7538285532
24.11.2017 18:05:31 +00.03591E+00  0023 007558 -1 00003761 00003760 000 340 43063.7538324884
24.11.2017 18:05:31 +00.03591E+00  0032 007558 -1 00003762 00003760 000 342 43063.7538364583
24.11.2017 18:05:31 +00.03590E+00  0042 007558 -1 00003763 00003760 000 343 43063.7538404282
24.11.2017 18:05:32 +00.03590E+00  0057 007558 -1 00003764 00003760 000 379 43063.7538448148
24.11.2017 18:05:32 +00.03590E+00  0077 007558 -1 00003765 00003760 000 345 43063.7538488079
24.11.2017 18:05:32 +00.03590E+00  0089 007558 -1 00003766 00003760 000 343 43063.7538527778
24.11.2017 18:05:33 +00.03590E+00  0112 007558 -1 00003767 00003760 000 343 43063.7538567477
24.11.2017 18:05:33 +00.03590E+00  0134 007558 -1 00003768 00003760 000 374 43063.7538610764
24.11.2017 18:05:33 +00.03590E+00  0157 007558 -1 00003769 00003760 000 344 43063.7538650579
24.11.2017 18:05:34 +00.03590E+00  0165 007558 -1 00003770 00003760 000 343 43063.7538690278
24.11.2017 18:05:34 +00.03590E+00  0180 007558 -1 00003771 00003760 000 343 43063.7538729977
24.11.2017 18:05:35 +00.03590E+00  0190 007558 -1 00003772 00003760 000 377 43063.7538773611
24.11.2017 18:05:35 +00.03591E+00  0207 007558 -1 00003773 00003760 000 340 43063.7538812963
24.11.2017 18:05:35 +00.03590E+00  0233 007576 -1 00003774 00003760 000 344 43063.7538852778
24.11.2017 18:05:36 +00.03593E+00  0244 007576 -1 00003775 00003760 000 343 43063.7538892477
24.11.2017 18:05:36 +00.03597E+00  0256 007576 -1 00003776 00003760 000 376 43063.7538935995