
24.11.2017 18:05:37 +00.03601E+00  0020 007582 1 00003777 00003777 000 342 43063.7539108218
24.11.2017 18:05:38 +00.03601E+00  0036 007582 1 00003778 00003777 000 343 43063.7539147917
24.11.2017 18:05:38 +00.03602E+00  0046 007582 1 00003779 00003777 000 417 43063.7539196181
24.11.2017 18:05:38 +00.03602E+00  0062 007582 1 00003780 00003777 000 340 43063.7539235532
24.11.2017 18:05:39 +00.03602E+00  0073 007582 1 00003781 00003777 000 342 43063.7539275116
24.11.2017 18:05:39 +00.03602E+00  0086 007582 1 00003782 00003777 000 343 43063.7539314815
24.11.2017 18:05:40 +00.03602E+00  0099 007582 1 00003783 00003777 000 380 43063.7539358796
24.11.2017 18:05:40 +00.03602E+00  0123 007582 1 00003784 00003777 000 344 43063.7539398611
24.11.2017 18:05:40 +00.03601E+00  0139 007582 1 00003785 00003777 000 343 43063.753943831
24.11.2017 18:05:41 +00.03602E+00  0152 007582 1 00003786 00003777 000 343 43063.7539478009
24.11.2017 18:05:41 +00.03602E+00  0168 007582 1 00003787 00003777 000 377 43063.7539521643
24.11.2017 18:05:41 +00.03602E+00  0185 007582 1 00003788 00003777 000 341 43063.7539561111
24.11.2017 18:05:42 +00.03602E+00  0197 007582 1 00003789 00003777 000 343 43063.753960081
24.11.2017 18:05:42 +00.03602E+00  0209 007582 1 00003790 00003777 000 343 43063.7539640509
24.11.2017 18:05:42 +00.03602E+00  0224 007578 1 00003791 00003777 000 377 43063.7539684143
24.11.2017 18:05:43 +00.03601E+00  0234 007578 1 00003792 00003777 000 341 43063.7539723611
24.11.2017 18:05:43 +00.03600E+00  0250 007578 1 00003793 00003777 000 342 43063.7539763194
24.11.2017 18:05:46 +00.03636E+00  0015 007656 1 00003794 00003794 000 342 43063.7540060301
24.11.2017 18:05:46 +00.03636E+00  0030 007656 1 00003795 00003794 000 402 43063.7540106944
24.11.2017 18:05:46 +00.03637E+00  0045 007656 1 00003796 00003794 000 341 43063.7540146412
24.11.2017 18:05:47 +00.03637E+00  0066 007656 1 00003797 00003794 000 343 43063.7540186111
24.11.2017 18:05:47 +00.03637E+00  0083 007656 1 00003798 00003794 000 343 43063.754022581
24.11.2017 18:05:47 +00.03637E+00  0093 007656 1 00003799 00003794 000 378 43063.754026956
24.11.2017 18:05:48 +00.03637E+00  0106 007656 1 00003800 00003794 000 340 43063.7540308912
24.11.2017 18:05:48 +00.03637E+00  0120 007656 1 00003801 00003794 000 343 43063.7540348611
24.11.2017 18:05:48 +00.03637E+00  0134 007656 1 00003802 00003794 000 343 43063.754038831
24.11.2017 18:05:49 +00.03637E+00  0145 007656 1 00003803 00003794 000 378 43063.754043206
24.11.2017 18:05:49 +00.03637E+00  0162 007656 1 00003804 00003794 000 345 43063.7540472106
24.11.2017 18:05:50 +00.03637E+00  0179 007656 1 00003805 00003794 000 343 43063.7540511806
24.11.2017 18:05:50 +00.03637E+00  0196 007656 1 00003806 00003794 000 343 43063.7540551505
24.11.2017 18:05:50 +00.03637E+00  0207 007656 1 00003807 00003794 000 374 43063.7540594792
24.11.2017 18:05:51 +00.03637E+00  0218 007642 1 00003808 00003794 000 343 43063.7540634491
24.11.2017 18:05:51 +00.03634E+00  0232 007642 1 00003809 00003794 000 343 43063.754067419
24.11.2017 18:05:51 +00.03632E+00  0244 007642 1 00003810 00003794 000 343 43063.7540713889
24.11.2017 18:05:54 +00.03665E+00  0022 007716 1 00003811 00003811 000 380 43063.7541017593
24.11.2017 18:05:54 +00.03665E+00  0030 007716 1 00003812 00003811 000 343 43063.7541057292
24.11.2017 18:05:55 +00.03666E+00  0047 007716 1 00003813 00003811 000 343 43063.7541096991
24.11.2017 18:05:55 +00.03666E+00  0063 007716 1 00003814 00003811 000 343 43063.754113669
24.11.2017 18:05:55 +00.03666E+00  0075 007716 1 00003815 00003811 000 375 43063.7541180208
24.11.2017 18:05:56 +00.03666E+00  0088 007716 1 00003816 00003811 000 342 43063.7541219792
24.11.2017 18:05:56 +00.03666E+00  0104 007716 1 00003817 00003811 000 343 43063.7541259491
24.11.2017 18:05:56 +00.03666E+00  0120 007716 1 00003818 00003811 000 343 43063.754129919
24.11.2017 18:05:57 +00.03666E+00  0132 007716 1 00003819 00003811 000 377 43063.7541342824
24.11.2017 18:05:57 +00.03666E+00  0153 007716 1 00003820 00003811 000 341 43063.7541382292
24.11.2017 18:05:57 +00.03666E+00  0165 007716 1 00003821 00003811 000 343 43063.7541421991
24.11.2017 18:05:58 +00.03666E+00  0179 007716 1 00003822 00003811 000 343 43063.754146169
24.11.2017 18:05:58 +00.03666E+00  0199 007716 1 00003823 00003811 000 378 43063.754150544
24.11.2017 18:05:58 +00.03666E+00  0213 007716 1 00003824 00003811 000 340 43063.7541544792
24.11.2017 18:05:59 +00.03665E+00  0227 007704 1 00003825 00003811 000 342 43063.7541584491
24.11.2017 18:05:59 +00.03663E+00  0246 007704 1 00003826 00003811 000 343 43063.754162419
24.11.2017 18:06:00 +00.03661E+00  0258 007704 1 00003827 00003811 000 379 43063.7541668056
24.11.2017 18:06:02 +00.03701E+00  0011 007793 1 00003828 00003828 000 378 43063.7541928241
24.11.2017 18:06:02 +00.03701E+00  0022 007793 1 00003829 00003828 000 340 43063.7541967593
24.11.2017 18:06:02 +00.03702E+00  0036 007793 1 00003830 00003828 000 341 43063.754200706
24.11.2017 18:06:03 +00.03702E+00  0051 007793 1 00003831 00003828 000 343 43063.7542046875
24.11.2017 18:06:03 +00.03702E+00  0060 007793 1 00003832 00003828 000 380 43063.7542090857
24.11.2017 18:06:04 +00.03703E+00  0074 007793 1 00003833 00003828 000 344 43063.7542130671
24.11.2017 18:06:04 +00.03702E+00  0094 007793 1 00003834 00003828 000 343 43063.754217037
24.11.2017 18:06:04 +00.03702E+00  0108 007793 1 00003835 00003828 000 343 43063.7542210069
24.11.2017 18:06:05 +00.03703E+00  0120 007793 1 00003836 00003828 000 375 43063.7542253472
24.11.2017 18:06:05 +00.03702E+00  0134 007793 1 00003837 00003828 000 343 43063.7542293171
24.11.2017 18:06:05 +00.03702E+00  0145 007793 1 00003838 00003828 000 343 43063.754233287
24.11.2017 18:06:06 +00.03703E+00  0159 007793 1 00003839 00003828 000 343 43063.7542372569
24.11.2017 18:06:06 +00.03702E+00  0171 007793 1 00003840 00003828 000 376 43063.7542416088
24.11.2017 18:06:06 +00.03703E+00  0184 007793 1 00003841 00003828 000 343 43063.7542455787
24.11.2017 18:06:07 +00.03702E+00  0200 007793 1 00003842 00003828 000 341 43063.7542495255
24.11.2017 18:06:07 +00.03702E+00  0215 007768 1 00003843 00003828 000 343 43063.7542534954
24.11.2017 18:06:07 +00.03694E+00  0234 007768 1 00003844 00003828 000 378 43063.7542578704
24.11.2017 18:06:08 +00.03692E+00  0248 007768 1 00003845 00003828 000 340 43063.7542618056
24.11.2017 18:06:10 +00.03725E+00  0017 007842 1 00003846 00003846 000 342 43063.754288044
24.11.2017 18:06:10 +00.03725E+00  0028 007842 1 00003847 00003846 000 343 43063.7542920139
24.11.2017 18:06:11 +00.03726E+00  0040 007842 1 00003848 00003846 000 343 43063.7542959838
24.11.2017 18:06:11 +00.03726E+00  0053 007842 1 00003849 00003846 000 360 43063.7543001505
24.11.2017 18:06:11 +00.03726E+00  0069 007842 1 00003850 00003846 000 340 43063.7543040856
24.11.2017 18:06:12 +00.03726E+00  0079 007842 1 00003851 00003846 000 342 43063.754308044
24.11.2017 18:06:12 +00.03726E+00  0089 007842 1 00003852 00003846 000 343 43063.7543120139
24.11.2017 18:06:12 +00.03726E+00  0105 007842 1 00003853 00003846 000 380 43063.754316412
24.11.2017 18:06:13 +00.03726E+00  0123 007842 1 00003854 00003846 000 344 43063.7543203935
24.11.2017 18:06:13 +00.03726E+00  0136 007842 1 00003855 00003846 000 343 43063.7543243634
24.11.2017 18:06:13 +00.03726E+00  0149 007842 1 00003856 00003846 000 343 43063.7543283333
24.11.2017 18:06:14 +00.03726E+00  0165 007842 1 00003857 00003846 000 375 43063.7543326736
24.11.2017 18:06:14 +00.03726E+00  0180 007842 1 00003858 00003846 000 343 43063.7543366435
24.11.2017 18:06:15 +00.03726E+00  0194 007842 1 00003859 00003846 000 343 43063.7543406134
24.11.2017 18:06:15 +00.03726E+00  0206 007842 1 00003860 00003846 000 343 43063.7543445833
24.11.2017 18:06:15 +00.03724E+00  0219 007830 1 00003861 00003846 000 376 43063.7543489352
24.11.2017 18:06:16 +00.03722E+00  0231 007830 1 00003862 00003846 000 342 43063.7543528935
24.11.2017 18:06:16 +00.03721E+00  0256 007830 1 00003863 00003846 000 343 43063.7543568634
24.11.2017 18:06:18 +00.03753E+00  0011 007902 1 00003864 00003864 000 343 43063.7543823727
24.11.2017 18:06:18 +00.03754E+00  0025 007902 1 00003865 00003864 000 342 43063.754386331
24.11.2017 18:06:19 +00.03754E+00  0039 007902 1 00003866 00003864 000 422 43063.7543912153
24.11.2017 18:06:19 +00.03754E+00  0055 007902 1 00003867 00003864 000 340 43063.7543951505
24.11.2017 18:06:20 +00.03755E+00  0066 007902 1 00003868 00003864 000 342 43063.7543991204
24.11.2017 18:06:20 +00.03754E+00  0081 007902 1 00003869 00003864 000 343 43063.7544031019
24.11.2017 18:06:20 +00.03754E+00  0099 007902 1 00003870 00003864 000 379 43063.7544074884
24.11.2017 18:06:21 +00.03755E+00  0118 007902 1 00003871 00003864 000 345 43063.7544114815
24.11.2017 18:06:21 +00.03754E+00  0131 007902 1 00003872 00003864 000 343 43063.7544154514
24.11.2017 18:06:21 +00.03754E+00  0143 007902 1 00003873 00003864 000 343 43063.7544194213
24.11.2017 18:06:22 +00.03754E+00  0153 007902 1 00003874 00003864 000 373 43063.7544237384
24.11.2017 18:06:22 +00.03755E+00  0167 007902 1 00003875 00003864 000 344 43063.7544277199
24.11.2017 18:06:22 +00.03755E+00  0180 007902 1 00003876 00003864 000 343 43063.7544317014
24.11.2017 18:06:23 +00.03755E+00  0195 007902 1 00003877 00003864 000 342 43063.7544356597
24.11.2017 18:06:23 +00.03754E+00  0213 007902 1 00003878 00003864 000 375 43063.75444
24.11.2017 18:06:23 +00.03753E+00  0237 007894 1 00003879 00003864 000 343 43063.7544439699
24.11.2017 18:06:24 +00.03752E+00  0253 007894 1 00003880 00003864 000 343 43063.7544479398
24.11.2017 18:06:24 +00.03752E+00  0270 007894 1 00003881 00003864 000 343 43063.7544519097