
24.11.2017 18:06:31 +00.03898E+00  0006 008205 1 00003882 00003882 000 342 43063.7545254977
24.11.2017 18:06:31 +00.03899E+00  0019 008205 1 00003883 00003882 000 342 43063.7545294676
24.11.2017 18:06:31 +00.03899E+00  0035 008205 1 00003884 00003882 000 419 43063.7545343171
24.11.2017 18:06:32 +00.03899E+00  0062 008205 1 00003885 00003882 000 343 43063.754538287
24.11.2017 18:06:32 +00.03899E+00  0080 008205 1 00003886 00003882 000 343 43063.7545422569
24.11.2017 18:06:32 +00.03899E+00  0091 008205 1 00003887 00003882 000 343 43063.7545462269
24.11.2017 18:06:33 +00.03899E+00  0109 008205 1 00003888 00003882 000 376 43063.7545505787
24.11.2017 18:06:33 +00.03899E+00  0125 008205 1 00003889 00003882 000 342 43063.754554537
24.11.2017 18:06:33 +00.03899E+00  0138 008205 1 00003890 00003882 000 343 43063.7545585069
24.11.2017 18:06:34 +00.03899E+00  0154 008205 1 00003891 00003882 000 343 43063.7545624769
24.11.2017 18:06:34 +00.03899E+00  0171 008205 1 00003892 00003882 000 377 43063.7545668403
24.11.2017 18:06:34 +00.03899E+00  0184 008205 1 00003893 00003882 000 341 43063.754570787
24.11.2017 18:06:35 +00.03899E+00  0198 008205 1 00003894 00003882 000 343 43063.7545747569
24.11.2017 18:06:35 +00.03899E+00  0209 008205 1 00003895 00003882 000 343 43063.7545787269
24.11.2017 18:06:35 +00.03899E+00  0218 008207 1 00003896 00003882 000 378 43063.7545831019
24.11.2017 18:06:36 +00.03899E+00  0229 008207 1 00003897 00003882 000 340 43063.754587037
24.11.2017 18:06:36 +00.03900E+00  0242 008207 1 00003898 00003882 000 343 43063.7545910069
24.11.2017 18:06:39 +00.03911E+00  0015 008231 1 00003899 00003899 000 342 43063.754620787
24.11.2017 18:06:39 +00.03911E+00  0023 008231 1 00003900 00003899 000 397 43063.7546253819
24.11.2017 18:06:39 +00.03911E+00  0037 008231 1 00003901 00003899 000 340 43063.7546293171
24.11.2017 18:06:40 +00.03911E+00  0058 008231 1 00003902 00003899 000 343 43063.754633287
24.11.2017 18:06:40 +00.03911E+00  0072 008231 1 00003903 00003899 000 343 43063.7546372569
24.11.2017 18:06:41 +00.03911E+00  0088 008231 1 00003904 00003899 000 381 43063.7546416667
24.11.2017 18:06:41 +00.03911E+00  0101 008231 1 00003905 00003899 000 343 43063.7546456366
24.11.2017 18:06:41 +00.03911E+00  0114 008231 1 00003906 00003899 000 343 43063.7546496065
24.11.2017 18:06:42 +00.03911E+00  0131 008231 1 00003907 00003899 000 343 43063.7546535764
24.11.2017 18:06:42 +00.03911E+00  0144 008231 1 00003908 00003899 000 374 43063.7546579051
24.11.2017 18:06:42 +00.03911E+00  0167 008231 1 00003909 00003899 000 344 43063.7546618866
24.11.2017 18:06:43 +00.03911E+00  0185 008231 1 00003910 00003899 000 343 43063.7546658565
24.11.2017 18:06:43 +00.03911E+00  0202 008231 1 00003911 00003899 000 343 43063.7546698264
24.11.2017 18:06:43 +00.03911E+00  0228 008231 1 00003912 00003899 000 376 43063.7546741782
24.11.2017 18:06:44 +00.03911E+00  0248 008229 1 00003913 00003899 000 342 43063.7546781366
24.11.2017 18:06:44 +00.03911E+00  0261 008229 1 00003914 00003899 000 343 43063.7546821065
24.11.2017 18:06:44 +00.03910E+00  0274 008229 1 00003915 00003899 000 343 43063.7546860764
24.11.2017 18:06:47 +00.03921E+00  0019 008253 1 00003916 00003916 000 383 43063.7547164699
24.11.2017 18:06:47 +00.03921E+00  0034 008253 1 00003917 00003916 000 341 43063.7547204167
24.11.2017 18:06:48 +00.03921E+00  0047 008253 1 00003918 00003916 000 343 43063.7547243866
24.11.2017 18:06:48 +00.03921E+00  0062 008253 1 00003919 00003916 000 343 43063.7547283565
24.11.2017 18:06:48 +00.03921E+00  0071 008253 1 00003920 00003916 000 377 43063.7547327199
24.11.2017 18:06:49 +00.03921E+00  0084 008253 1 00003921 00003916 000 341 43063.7547366667
24.11.2017 18:06:49 +00.03922E+00  0098 008253 1 00003922 00003916 000 342 43063.754740625
24.11.2017 18:06:49 +00.03922E+00  0115 008253 1 00003923 00003916 000 343 43063.7547446065
24.11.2017 18:06:50 +00.03922E+00  0134 008253 1 00003924 00003916 000 378 43063.7547489815
24.11.2017 18:06:50 +00.03922E+00  0148 008253 1 00003925 00003916 000 340 43063.7547529167
24.11.2017 18:06:50 +00.03921E+00  0161 008253 1 00003926 00003916 000 342 43063.754756875
24.11.2017 18:06:51 +00.03921E+00  0176 008253 1 00003927 00003916 000 343 43063.7547608449
24.11.2017 18:06:51 +00.03922E+00  0181 008253 1 00003928 00003916 000 379 43063.7547652315
24.11.2017 18:06:52 +00.03922E+00  0192 008253 1 00003929 00003916 000 340 43063.7547691667
24.11.2017 18:06:52 +00.03922E+00  0207 008249 1 00003930 00003916 000 342 43063.754773125
24.11.2017 18:06:52 +00.03921E+00  0222 008249 1 00003931 00003916 000 343 43063.7547770949
24.11.2017 18:06:53 +00.03920E+00  0244 008249 1 00003932 00003916 000 382 43063.7547815162
24.11.2017 18:06:55 +00.03931E+00  0011 008273 1 00003933 00003933 000 380 43063.7548075231
24.11.2017 18:06:55 +00.03931E+00  0027 008273 1 00003934 00003933 000 343 43063.7548114931
24.11.2017 18:06:56 +00.03931E+00  0032 008273 1 00003935 00003933 000 343 43063.754815463
24.11.2017 18:06:56 +00.03931E+00  0047 008273 1 00003936 00003933 000 343 43063.7548194329
24.11.2017 18:06:56 +00.03931E+00  0058 008273 1 00003937 00003933 000 375 43063.7548237731
24.11.2017 18:06:57 +00.03931E+00  0076 008273 1 00003938 00003933 000 343 43063.7548277431
24.11.2017 18:06:57 +00.03931E+00  0086 008273 1 00003939 00003933 000 343 43063.754831713
24.11.2017 18:06:57 +00.03931E+00  0102 008273 1 00003940 00003933 000 343 43063.7548356829
24.11.2017 18:06:58 +00.03931E+00  0107 008273 1 00003941 00003933 000 377 43063.7548400463
24.11.2017 18:06:58 +00.03932E+00  0117 008273 1 00003942 00003933 000 341 43063.7548439931
24.11.2017 18:06:58 +00.03931E+00  0130 008273 1 00003943 00003933 000 343 43063.754847963
24.11.2017 18:06:59 +00.03931E+00  0147 008273 1 00003944 00003933 000 343 43063.7548519329
24.11.2017 18:06:59 +00.03931E+00  0155 008273 1 00003945 00003933 000 378 43063.7548563079
24.11.2017 18:06:59 +00.03931E+00  0165 008273 1 00003946 00003933 000 340 43063.7548602431
24.11.2017 18:07:00 +00.03931E+00  0184 008273 1 00003947 00003933 000 343 43063.754864213
24.11.2017 18:07:00 +00.03931E+00  0200 008271 1 00003948 00003933 000 343 43063.7548681829
24.11.2017 18:07:00 +00.03931E+00  0214 008271 1 00003949 00003933 000 378 43063.7548725579
24.11.2017 18:07:01 +00.03931E+00  0235 008271 1 00003950 00003933 000 345 43063.7548765625
24.11.2017 18:07:03 +00.03941E+00  0009 008295 1 00003951 00003951 000 343 43063.7549028009
24.11.2017 18:07:03 +00.03941E+00  0026 008295 1 00003952 00003951 000 343 43063.7549067708
24.11.2017 18:07:04 +00.03942E+00  0039 008295 1 00003953 00003951 000 417 43063.7549115972
24.11.2017 18:07:04 +00.03942E+00  0063 008295 1 00003954 00003951 000 345 43063.7549155903
24.11.2017 18:07:05 +00.03942E+00  0073 008295 1 00003955 00003951 000 343 43063.7549195602
24.11.2017 18:07:05 +00.03942E+00  0086 008295 1 00003956 00003951 000 343 43063.7549235301
24.11.2017 18:07:05 +00.03941E+00  0102 008295 1 00003957 00003951 000 374 43063.7549278588
24.11.2017 18:07:06 +00.03942E+00  0114 008295 1 00003958 00003951 000 344 43063.7549318403
24.11.2017 18:07:06 +00.03941E+00  0129 008295 1 00003959 00003951 000 343 43063.7549358102
24.11.2017 18:07:06 +00.03942E+00  0142 008295 1 00003960 00003951 000 343 43063.7549397801
24.11.2017 18:07:07 +00.03942E+00  0158 008295 1 00003961 00003951 000 375 43063.7549441204
24.11.2017 18:07:07 +00.03942E+00  0175 008295 1 00003962 00003951 000 342 43063.7549480787
24.11.2017 18:07:07 +00.03942E+00  0194 008295 1 00003963 00003951 000 343 43063.7549520486
24.11.2017 18:07:08 +00.03942E+00  0208 008295 1 00003964 00003951 000 344 43063.7549560301
24.11.2017 18:07:08 +00.03942E+00  0219 008295 1 00003965 00003951 000 376 43063.7549603819
24.11.2017 18:07:08 +00.03941E+00  0244 008291 1 00003966 00003951 000 341 43063.7549643287
24.11.2017 18:07:09 +00.03941E+00  0259 008291 1 00003967 00003951 000 343 43063.7549682986
24.11.2017 18:07:09 +00.03940E+00  0279 008291 1 00003968 00003951 000 343 43063.7549722685
24.11.2017 18:07:11 +00.03951E+00  0017 008315 1 00003969 00003969 000 342 43063.7549979977
24.11.2017 18:07:12 +00.03951E+00  0028 008315 1 00003970 00003969 000 403 43063.755002662
24.11.2017 18:07:12 +00.03951E+00  0047 008315 1 00003971 00003969 000 340 43063.7550065972
24.11.2017 18:07:12 +00.03951E+00  0060 008315 1 00003972 00003969 000 342 43063.7550105671
24.11.2017 18:07:13 +00.03951E+00  0076 008315 1 00003973 00003969 000 343 43063.755014537
24.11.2017 18:07:13 +00.03951E+00  0092 008315 1 00003974 00003969 000 379 43063.7550189236
24.11.2017 18:07:13 +00.03951E+00  0107 008315 1 00003975 00003969 000 340 43063.7550228588
24.11.2017 18:07:14 +00.03951E+00  0121 008315 1 00003976 00003969 000 342 43063.7550268171
24.11.2017 18:07:14 +00.03951E+00  0137 008315 1 00003977 00003969 000 343 43063.755030787
24.11.2017 18:07:15 +00.03951E+00  0154 008315 1 00003978 00003969 000 380 43063.7550351852
24.11.2017 18:07:15 +00.03951E+00  0169 008315 1 00003979 00003969 000 344 43063.7550391667
24.11.2017 18:07:15 +00.03951E+00  0189 008315 1 00003980 00003969 000 344 43063.7550431482
24.11.2017 18:07:16 +00.03951E+00  0206 008315 1 00003981 00003969 000 342 43063.7550471065
24.11.2017 18:07:16 +00.03951E+00  0219 008315 1 00003982 00003969 000 375 43063.7550514468
24.11.2017 18:07:16 +00.03951E+00  0236 008315 1 00003983 00003969 000 343 43063.7550554167
24.11.2017 18:07:17 +00.03951E+00  0246 008313 1 00003984 00003969 000 343 43063.7550593866
24.11.2017 18:07:17 +00.03951E+00  0260 008313 1 00003985 00003969 000 343 43063.7550633565
24.11.2017 18:07:17 +00.03950E+00  0277 008313 1 00003986 00003969 000 376 43063.7550677083
24.11.2017 18:07:20 +00.03961E+00  0017 008337 1 00003987 00003987 000 382 43063.7550937269
24.11.2017 18:07:20 +00.03961E+00  0026 008337 1 00003988 00003987 000 341 43063.7550976736
24.11.2017 18:07:20 +00.03961E+00  0040 008337 1 00003989 00003987 000 342 43063.7551016435
24.11.2017 18:07:21 +00.03962E+00  0054 008337 1 00003990 00003987 000 343 43063.755105625
24.11.2017 18:07:21 +00.03961E+00  0067 008337 1 00003991 00003987 000 377 43063.7551099884
24.11.2017 18:07:21 +00.03961E+00  0081 008337 1 00003992 00003987 000 340 43063.7551139236
24.11.2017 18:07:22 +00.03962E+00  0090 008337 1 00003993 00003987 000 343 43063.7551178935
24.11.2017 18:07:22 +00.03962E+00  0111 008337 1 00003994 00003987 000 343 43063.7551218634
24.11.2017 18:07:22 +00.03962E+00  0120 008337 1 00003995 00003987 000 379 43063.75512625
24.11.2017 18:07:23 +00.03962E+00  0134 008337 1 00003996 00003987 000 340 43063.7551301852
24.11.2017 18:07:23 +00.03961E+00  0150 008337 1 00003997 00003987 000 342 43063.7551341435
24.11.2017 18:07:23 +00.03962E+00  0155 008337 1 00003998 00003987 000 343 43063.7551381134
24.11.2017 18:07:24 +00.03961E+00  0165 008337 1 00003999 00003987 000 380 43063.7551425116
24.11.2017 18:07:24 +00.03962E+00  0179 008337 1 00004000 00003987 000 345 43063.7551465046
24.11.2017 18:07:25 +00.03961E+00  0198 008337 1 00004001 00003987 000 343 43063.7551504745
24.11.2017 18:07:25 +00.03961E+00  0219 008335 1 00004002 00003987 000 343 43063.7551544444
24.11.2017 18:07:25 +00.03961E+00  0244 008335 1 00004003 00003987 000 374 43063.7551587732
24.11.2017 18:07:26 +00.03961E+00  0259 008335 1 00004004 00003987 000 343 43063.7551627431
24.11.2017 18:07:28 +00.03972E+00  0012 008359 1 00004005 00004005 000 342 43063.7551889815
24.11.2017 18:07:28 +00.03972E+00  0027 008359 1 00004006 00004005 000 343 43063.7551929514
24.11.2017 18:07:29 +00.03972E+00  0043 008359 1 00004007 00004005 000 419 43063.7551978009
24.11.2017 18:07:29 +00.03972E+00  0051 008359 1 00004008 00004005 000 343 43063.7552017708
24.11.2017 18:07:29 +00.03972E+00  0074 008359 1 00004009 00004005 000 343 43063.7552057407
24.11.2017 18:07:30 +00.03972E+00  0087 008359 1 00004010 00004005 000 343 43063.7552097106
24.11.2017 18:07:30 +00.03972E+00  0102 008359 1 00004011 00004005 000 376 43063.7552140625
24.11.2017 18:07:30 +00.03972E+00  0115 008359 1 00004012 00004005 000 342 43063.7552180208
24.11.2017 18:07:31 +00.03972E+00  0129 008359 1 00004013 00004005 000 343 43063.7552219907
24.11.2017 18:07:31 +00.03972E+00  0140 008359 1 00004014 00004005 000 343 43063.7552259606
24.11.2017 18:07:31 +00.03972E+00  0160 008359 1 00004015 00004005 000 377 43063.7552303241
24.11.2017 18:07:32 +00.03972E+00  0178 008359 1 00004016 00004005 000 341 43063.7552342708
24.11.2017 18:07:32 +00.03972E+00  0190 008359 1 00004017 00004005 000 343 43063.7552382407
24.11.2017 18:07:32 +00.03972E+00  0203 008359 1 00004018 00004005 000 343 43063.7552422106
24.11.2017 18:07:33 +00.03972E+00  0217 008359 1 00004019 00004005 000 378 43063.7552465856
24.11.2017 18:07:33 +00.03971E+00  0224 008355 1 00004020 00004005 000 340 43063.7552505208
24.11.2017 18:07:33 +00.03971E+00  0230 008355 1 00004021 00004005 000 341 43063.7552544792
24.11.2017 18:07:34 +00.03970E+00  0240 008355 1 00004022 00004005 000 342 43063.7552584491
24.11.2017 18:07:36 +00.03982E+00  0017 008381 1 00004023 00004023 000 343 43063.7552842593
24.11.2017 18:07:36 +00.03982E+00  0031 008381 1 00004024 00004023 000 398 43063.7552888657
24.11.2017 18:07:37 +00.03982E+00  0052 008381 1 00004025 00004023 000 345 43063.7552928588
24.11.2017 18:07:37 +00.03983E+00  0065 008381 1 00004026 00004023 000 343 43063.7552968287
24.11.2017 18:07:37 +00.03983E+00  0077 008381 1 00004027 00004023 000 343 43063.7553007986
24.11.2017 18:07:38 +00.03983E+00  0090 008381 1 00004028 00004023 000 374 43063.7553051273
24.11.2017 18:07:38 +00.03982E+00  0102 008381 1 00004029 00004023 000 343 43063.7553090972
24.11.2017 18:07:39 +00.03982E+00  0125 008381 1 00004030 00004023 000 343 43063.7553130671
24.11.2017 18:07:39 +00.03982E+00  0136 008381 1 00004031 00004023 000 344 43063.7553170486
24.11.2017 18:07:39 +00.03982E+00  0158 008381 1 00004032 00004023 000 375 43063.7553213889
24.11.2017 18:07:40 +00.03983E+00  0176 008381 1 00004033 00004023 000 342 43063.7553253472
24.11.2017 18:07:40 +00.03983E+00  0188 008381 1 00004034 00004023 000 343 43063.7553293171
24.11.2017 18:07:40 +00.03983E+00  0199 008381 1 00004035 00004023 000 343 43063.755333287
24.11.2017 18:07:41 +00.03983E+00  0217 008381 1 00004036 00004023 000 377 43063.7553376505
24.11.2017 18:07:41 +00.03983E+00  0230 008381 1 00004037 00004023 000 341 43063.7553415972
24.11.2017 18:07:41 +00.03982E+00  0241 008375 1 00004038 00004023 000 343 43063.7553455671
24.11.2017 18:07:42 +00.03981E+00  0255 008375 1 00004039 00004023 000 343 43063.755349537
24.11.2017 18:07:42 +00.03980E+00  0264 008375 1 00004040 00004023 000 378 43063.755353912
24.11.2017 18:07:44 +00.03992E+00  0009 008403 1 00004041 00004041 000 377 43063.7553799306
24.11.2017 18:07:45 +00.03993E+00  0028 008403 1 00004042 00004041 000 340 43063.7553838657
24.11.2017 18:07:45 +00.03993E+00  0039 008403 1 00004043 00004041 000 342 43063.7553878356
24.11.2017 18:07:45 +00.03993E+00  0057 008403 1 00004044 00004041 000 343 43063.7553918056
24.11.2017 18:07:46 +00.03993E+00  0068 008403 1 00004045 00004041 000 379 43063.7553961921
24.11.2017 18:07:46 +00.03993E+00  0091 008403 1 00004046 00004041 000 345 43063.7554001852
24.11.2017 18:07:46 +00.03993E+00  0106 008403 1 00004047 00004041 000 343 43063.7554041551
24.11.2017 18:07:47 +00.03993E+00  0124 008403 1 00004048 00004041 000 343 43063.755408125
24.11.2017 18:07:47 +00.03993E+00  0135 008403 1 00004049 00004041 000 374 43063.7554124537
24.11.2017 18:07:47 +00.03993E+00  0151 008403 1 00004050 00004041 000 344 43063.7554164352
24.11.2017 18:07:48 +00.03993E+00  0164 008403 1 00004051 00004041 000 343 43063.7554204051
24.11.2017 18:07:48 +00.03993E+00  0173 008403 1 00004052 00004041 000 343 43063.755424375
24.11.2017 18:07:49 +00.03993E+00  0186 008403 1 00004053 00004041 000 376 43063.7554287269
24.11.2017 18:07:49 +00.03993E+00  0208 008403 1 00004054 00004041 000 341 43063.7554326736
24.11.2017 18:07:49 +00.03993E+00  0219 008403 1 00004055 00004041 000 343 43063.7554366551
24.11.2017 18:07:50 +00.03993E+00  0237 008397 1 00004056 00004041 000 342 43063.7554406134
24.11.2017 18:07:50 +00.03991E+00  0246 008397 1 00004057 00004041 000 376 43063.7554449769
24.11.2017 18:07:50 +00.03991E+00  0257 008397 1 00004058 00004041 000 341 43063.7554489236
24.11.2017 18:07:53 +00.04001E+00  0006 008421 1 00004059 00004059 000 342 43063.755475162
24.11.2017 18:07:53 +00.04002E+00  0019 008421 1 00004060 00004059 000 343 43063.7554791319
24.11.2017 18:07:53 +00.04002E+00  0029 008421 1 00004061 00004059 000 421 43063.7554840046
24.11.2017 18:07:54 +00.04002E+00  0046 008421 1 00004062 00004059 000 341 43063.7554879514
24.11.2017 18:07:54 +00.04001E+00  0061 008421 1 00004063 00004059 000 342 43063.7554919213
24.11.2017 18:07:54 +00.04001E+00  0075 008421 1 00004064 00004059 000 344 43063.7554959028
24.11.2017 18:07:55 +00.04002E+00  0097 008421 1 00004065 00004059 000 377 43063.7555002662
24.11.2017 18:07:55 +00.04002E+00  0112 008421 1 00004066 00004059 000 341 43063.755504213
24.11.2017 18:07:55 +00.04002E+00  0130 008421 1 00004067 00004059 000 342 43063.7555081713
24.11.2017 18:07:56 +00.04002E+00  0139 008421 1 00004068 00004059 000 343 43063.7555121412
24.11.2017 18:07:56 +00.04001E+00  0148 008421 1 00004069 00004059 000 379 43063.7555165278
24.11.2017 18:07:56 +00.04002E+00  0162 008421 1 00004070 00004059 000 341 43063.7555204745
24.11.2017 18:07:57 +00.04001E+00  0171 008421 1 00004071 00004059 000 341 43063.7555244213
24.11.2017 18:07:57 +00.04001E+00  0188 008421 1 00004072 00004059 000 343 43063.7555283912
24.11.2017 18:07:58 +00.04001E+00  0205 008419 1 00004073 00004059 000 381 43063.7555328009
24.11.2017 18:07:58 +00.04001E+00  0219 008419 1 00004074 00004059 000 343 43063.7555367708
24.11.2017 18:07:58 +00.04001E+00  0228 008419 1 00004075 00004059 000 343 43063.7555407407
24.11.2017 18:08:01 +00.04012E+00  0019 008443 1 00004076 00004076 000 342 43063.7555704514
24.11.2017 18:08:01 +00.04012E+00  0039 008443 1 00004077 00004076 000 400 43063.755575081
24.11.2017 18:08:02 +00.04012E+00  0056 008443 1 00004078 00004076 000 343 43063.7555790509
24.11.2017 18:08:02 +00.04012E+00  0072 008443 1 00004079 00004076 000 343 43063.7555830208
24.11.2017 18:08:02 +00.04012E+00  0088 008443 1 00004080 00004076 000 343 43063.7555869907
24.11.2017 18:08:03 +00.04012E+00  0105 008443 1 00004081 00004076 000 375 43063.755591331
24.11.2017 18:08:03 +00.04012E+00  0122 008443 1 00004082 00004076 000 343 43063.7555953009
24.11.2017 18:08:03 +00.04012E+00  0133 008443 1 00004083 00004076 000 343 43063.7555992708
24.11.2017 18:08:04 +00.04012E+00  0139 008443 1 00004084 00004076 000 344 43063.7556032523
24.11.2017 18:08:04 +00.04012E+00  0154 008443 1 00004085 00004076 000 376 43063.7556076042
24.11.2017 18:08:04 +00.04012E+00  0174 008443 1 00004086 00004076 000 341 43063.7556115509
24.11.2017 18:08:05 +00.04012E+00  0191 008443 1 00004087 00004076 000 343 43063.7556155208
24.11.2017 18:08:05 +00.04012E+00  0207 008443 1 00004088 00004076 000 343 43063.7556194907
24.11.2017 18:08:05 +00.04012E+00  0228 008443 1 00004089 00004076 000 378 43063.7556238657
24.11.2017 18:08:06 +00.04012E+00  0245 008439 1 00004090 00004076 000 341 43063.7556278125
24.11.2017 18:08:06 +00.04011E+00  0262 008439 1 00004091 00004076 000 342 43063.7556317708
24.11.2017 18:08:06 +00.04010E+00  0282 008439 1 00004092 00004076 000 343 43063.7556357407
24.11.2017 18:08:09 +00.04021E+00  0015 008463 1 00004093 00004093 000 343 43063.7556615394
24.11.2017 18:08:09 +00.04022E+00  0023 008463 1 00004094 00004093 000 398 43063.7556661458
24.11.2017 18:08:09 +00.04021E+00  0033 008463 1 00004095 00004093 000 345 43063.7556701389
24.11.2017 18:08:10 +00.04021E+00  0044 008463 1 00004096 00004093 000 343 43063.7556741088
24.11.2017 18:08:10 +00.04021E+00  0065 008463 1 00004097 00004093 000 343 43063.7556780787
24.11.2017 18:08:10 +00.04021E+00  0084 008463 1 00004098 00004093 000 374 43063.7556824074
24.11.2017 18:08:11 +00.04021E+00  0101 008463 1 00004099 00004093 000 344 43063.7556863889
24.11.2017 18:08:11 +00.04022E+00  0115 008463 1 00004100 00004093 000 343 43063.7556903588
24.11.2017 18:08:11 +00.04021E+00  0126 008463 1 00004101 00004093 000 343 43063.7556943287
24.11.2017 18:08:12 +00.04021E+00  0139 008463 1 00004102 00004093 000 374 43063.7556986574
24.11.2017 18:08:12 +00.04022E+00  0155 008463 1 00004103 00004093 000 342 43063.7557026273
24.11.2017 18:08:13 +00.04021E+00  0161 008463 1 00004104 00004093 000 343 43063.7557065972
24.11.2017 18:08:13 +00.04022E+00  0176 008463 1 00004105 00004093 000 344 43063.7557105787
24.11.2017 18:08:13 +00.04022E+00  0191 008463 1 00004106 00004093 000 376 43063.7557149306
24.11.2017 18:08:14 +00.04021E+00  0208 008463 1 00004107 00004093 000 341 43063.7557188773
24.11.2017 18:08:14 +00.04022E+00  0220 008461 1 00004108 00004093 000 343 43063.7557228472
24.11.2017 18:08:14 +00.04021E+00  0235 008461 1 00004109 00004093 000 343 43063.7557268171
24.11.2017 18:08:15 +00.04021E+00  0244 008461 1 00004110 00004093 000 378 43063.7557311921
24.11.2017 18:08:17 +00.04031E+00  0014 008483 1 00004111 00004111 000 377 43063.7557572106
24.11.2017 18:08:17 +00.04031E+00  0035 008483 1 00004112 00004111 000 340 43063.7557611458
24.11.2017 18:08:18 +00.04031E+00  0045 008483 1 00004113 00004111 000 343 43063.7557651157
24.11.2017 18:08:18 +00.04031E+00  0068 008483 1 00004114 00004111 000 343 43063.7557690856
24.11.2017 18:08:18 +00.04031E+00  0085 008483 1 00004115 00004111 000 379 43063.7557734722
24.11.2017 18:08:19 +00.04031E+00  0099 008483 1 00004116 00004111 000 340 43063.7557774074
24.11.2017 18:08:19 +00.04031E+00  0116 008483 1 00004117 00004111 000 342 43063.7557813657
24.11.2017 18:08:19 +00.04031E+00  0131 008483 1 00004118 00004111 000 343 43063.7557853356
24.11.2017 18:08:20 +00.04031E+00  0144 008483 1 00004119 00004111 000 380 43063.7557897338
24.11.2017 18:08:20 +00.04031E+00  0154 008483 1 00004120 00004111 000 344 43063.7557937153
24.11.2017 18:08:20 +00.04031E+00  0172 008483 1 00004121 00004111 000 343 43063.7557976852
24.11.2017 18:08:21 +00.04031E+00  0178 008483 1 00004122 00004111 000 343 43063.7558016551
24.11.2017 18:08:21 +00.04031E+00  0192 008483 1 00004123 00004111 000 375 43063.7558059954
24.11.2017 18:08:21 +00.04031E+00  0206 008483 1 00004124 00004111 000 342 43063.7558099537
24.11.2017 18:08:22 +00.04031E+00  0221 008483 1 00004125 00004111 000 343 43063.7558139352
24.11.2017 18:08:22 +00.04031E+00  0239 008481 1 00004126 00004111 000 343 43063.7558179051
24.11.2017 18:08:23 +00.04031E+00  0259 008481 1 00004127 00004111 000 376 43063.7558222569
24.11.2017 18:08:23 +00.04030E+00  0277 008481 1 00004128 00004111 000 341 43063.7558262037
24.11.2017 18:08:25 +00.04041E+00  0006 008505 1 00004129 00004129 000 343 43063.7558524537
24.11.2017 18:08:25 +00.04041E+00  0023 008505 1 00004130 00004129 000 343 43063.7558564236
24.11.2017 18:08:26 +00.04042E+00  0035 008505 1 00004131 00004129 000 420 43063.7558612847
24.11.2017 18:08:26 +00.04042E+00  0051 008505 1 00004132 00004129 000 341 43063.7558652431
24.11.2017 18:08:27 +00.04041E+00  0068 008505 1 00004133 00004129 000 343 43063.755869213
24.11.2017 18:08:27 +00.04041E+00  0090 008505 1 00004134 00004129 000 342 43063.7558731713
24.11.2017 18:08:27 +00.04042E+00  0109 008505 1 00004135 00004129 000 377 43063.7558775463
24.11.2017 18:08:28 +00.04042E+00  0123 008505 1 00004136 00004129 000 341 43063.7558814931
24.11.2017 18:08:28 +00.04042E+00  0134 008505 1 00004137 00004129 000 342 43063.7558854514
24.11.2017 18:08:28 +00.04042E+00  0148 008505 1 00004138 00004129 000 343 43063.7558894213
24.11.2017 18:08:29 +00.04042E+00  0164 008505 1 00004139 00004129 000 379 43063.7558938079
24.11.2017 18:08:29 +00.04042E+00  0183 008505 1 00004140 00004129 000 341 43063.7558977546
24.11.2017 18:08:29 +00.04042E+00  0197 008505 1 00004141 00004129 000 341 43063.7559017014
24.11.2017 18:08:30 +00.04042E+00  0207 008505 1 00004142 00004129 000 343 43063.7559056713
24.11.2017 18:08:30 +00.04042E+00  0226 008505 1 00004143 00004129 000 380 43063.7559100694
24.11.2017 18:08:30 +00.04042E+00  0236 008501 1 00004144 00004129 000 344 43063.7559140509
24.11.2017 18:08:31 +00.04041E+00  0253 008501 1 00004145 00004129 000 343 43063.7559180208
24.11.2017 18:08:31 +00.04040E+00  0261 008501 1 00004146 00004129 000 343 43063.7559219907
24.11.2017 18:08:33 +00.04051E+00  0018 008527 1 00004147 00004147 000 343 43063.7559477199
24.11.2017 18:08:34 +00.04052E+00  0032 008527 1 00004148 00004147 000 400 43063.7559523495
24.11.2017 18:08:34 +00.04052E+00  0044 008527 1 00004149 00004147 000 343 43063.7559563194
24.11.2017 18:08:34 +00.04052E+00  0056 008527 1 00004150 00004147 000 343 43063.7559602894
24.11.2017 18:08:35 +00.04052E+00  0076 008527 1 00004151 00004147 000 343 43063.7559642593
24.11.2017 18:08:35 +00.04052E+00  0091 008527 1 00004152 00004147 000 376 43063.7559686111
24.11.2017 18:08:36 +00.04052E+00  0105 008527 1 00004153 00004147 000 342 43063.7559725694
24.11.2017 18:08:36 +00.04052E+00  0116 008527 1 00004154 00004147 000 343 43063.7559765394
24.11.2017 18:08:36 +00.04052E+00  0132 008527 1 00004155 00004147 000 343 43063.7559805093
24.11.2017 18:08:37 +00.04052E+00  0142 008527 1 00004156 00004147 000 377 43063.7559848727
24.11.2017 18:08:37 +00.04052E+00  0156 008527 1 00004157 00004147 000 340 43063.7559888079
24.11.2017 18:08:37 +00.04052E+00  0170 008527 1 00004158 00004147 000 343 43063.7559927894
24.11.2017 18:08:38 +00.04052E+00  0189 008527 1 00004159 00004147 000 343 43063.7559967593
24.11.2017 18:08:38 +00.04052E+00  0205 008527 1 00004160 00004147 000 378 43063.7560011343
24.11.2017 18:08:38 +00.04052E+00  0215 008527 1 00004161 00004147 000 340 43063.7560050694
24.11.2017 18:08:39 +00.04052E+00  0238 008523 1 00004162 00004147 000 343 43063.7560090394
24.11.2017 18:08:39 +00.04051E+00  0251 008523 1 00004163 00004147 000 343 43063.7560130093
24.11.2017 18:08:39 +00.04050E+00  0263 008523 1 00004164 00004147 000 379 43063.7560173958
24.11.2017 18:08:42 +00.04063E+00  0021 008551 1 00004165 00004165 000 379 43063.7560434144
24.11.2017 18:08:42 +00.04063E+00  0035 008551 1 00004166 00004165 000 345 43063.7560474074
24.11.2017 18:08:42 +00.04064E+00  0050 008551 1 00004167 00004165 000 343 43063.7560513773
24.11.2017 18:08:43 +00.04064E+00  0061 008551 1 00004168 00004165 000 343 43063.7560553472
24.11.2017 18:08:43 +00.04064E+00  0079 008551 1 00004169 00004165 000 374 43063.7560596759
24.11.2017 18:08:43 +00.04063E+00  0100 008551 1 00004170 00004165 000 343 43063.7560636458
24.11.2017 18:08:44 +00.04063E+00  0113 008551 1 00004171 00004165 000 343 43063.7560676157
24.11.2017 18:08:44 +00.04063E+00  0123 008551 1 00004172 00004165 000 344 43063.7560715972
24.11.2017 18:08:44 +00.04063E+00  0137 008551 1 00004173 00004165 000 375 43063.7560759375
24.11.2017 18:08:45 +00.04063E+00  0151 008551 1 00004174 00004165 000 343 43063.7560799074
24.11.2017 18:08:45 +00.04064E+00  0164 008551 1 00004175 00004165 000 342 43063.7560838657
24.11.2017 18:08:45 +00.04063E+00  0186 008551 1 00004176 00004165 000 343 43063.7560878356
24.11.2017 18:08:46 +00.04064E+00  0198 008551 1 00004177 00004165 000 377 43063.7560921991
24.11.2017 18:08:46 +00.04063E+00  0208 008551 1 00004178 00004165 000 341 43063.7560961458
24.11.2017 18:08:47 +00.04063E+00  0219 008551 1 00004179 00004165 000 343 43063.7561001157
24.11.2017 18:08:47 +00.04064E+00  0229 008545 1 00004180 00004165 000 343 43063.7561040856
24.11.2017 18:08:47 +00.04062E+00  0242 008545 1 00004181 00004165 000 378 43063.7561084606
24.11.2017 18:08:48 +00.04061E+00  0262 008545 1 00004182 00004165 000 340 43063.7561123958
24.11.2017 18:08:50 +00.04072E+00  0014 008569 1 00004183 00004183 000 342 43063.7561386343
24.11.2017 18:08:50 +00.04071E+00  0027 008569 1 00004184 00004183 000 343 43063.7561426042
24.11.2017 18:08:51 +00.04072E+00  0049 008569 1 00004185 00004183 000 343 43063.7561465741
24.11.2017 18:08:51 +00.04072E+00  0063 008569 1 00004186 00004183 000 360 43063.7561507407
24.11.2017 18:08:51 +00.04072E+00  0084 008569 1 00004187 00004183 000 345 43063.7561547338
24.11.2017 18:08:52 +00.04072E+00  0105 008569 1 00004188 00004183 000 343 43063.7561587037
24.11.2017 18:08:52 +00.04072E+00  0120 008569 1 00004189 00004183 000 343 43063.7561626736
24.11.2017 18:08:52 +00.04072E+00  0137 008569 1 00004190 00004183 000 374 43063.7561670023
24.11.2017 18:08:53 +00.04072E+00  0154 008569 1 00004191 00004183 000 344 43063.7561709838
24.11.2017 18:08:53 +00.04072E+00  0166 008569 1 00004192 00004183 000 343 43063.7561749537
24.11.2017 18:08:53 +00.04072E+00  0184 008569 1 00004193 00004183 000 343 43063.7561789236
24.11.2017 18:08:54 +00.04072E+00  0198 008569 1 00004194 00004183 000 375 43063.7561832639
24.11.2017 18:08:54 +00.04072E+00  0214 008569 1 00004195 00004183 000 343 43063.7561872338
24.11.2017 18:08:54 +00.04072E+00  0230 008569 1 00004196 00004183 000 343 43063.7561912037
24.11.2017 18:08:55 +00.04072E+00  0246 008569 1 00004197 00004183 000 342 43063.756195162
24.11.2017 18:08:55 +00.04072E+00  0261 008565 1 00004198 00004183 000 377 43063.756199537
24.11.2017 18:08:55 +00.04071E+00  0278 008565 1 00004199 00004183 000 341 43063.7562034838
24.11.2017 18:08:56 +00.04071E+00  0296 008565 1 00004200 00004183 000 342 43063.7562074421
24.11.2017 18:08:58 +00.04081E+00  0019 008589 1 00004201 00004201 000 343 43063.7562330324
24.11.2017 18:08:58 +00.04081E+00  0027 008589 1 00004202 00004201 000 343 43063.7562370023
24.11.2017 18:08:59 +00.04081E+00  0045 008589 1 00004203 00004201 000 416 43063.7562418171
24.11.2017 18:08:59 +00.04081E+00  0058 008589 1 00004204 00004201 000 341 43063.7562457639
24.11.2017 18:08:59 +00.04082E+00  0074 008589 1 00004205 00004201 000 341 43063.7562497106
24.11.2017 18:09:00 +00.04082E+00  0086 008589 1 00004206 00004201 000 343 43063.7562536806
24.11.2017 18:09:00 +00.04082E+00  0107 008589 1 00004207 00004201 000 379 43063.7562580671
24.11.2017 18:09:01 +00.04081E+00  0126 008589 1 00004208 00004201 000 340 43063.7562620023
24.11.2017 18:09:01 +00.04081E+00  0139 008589 1 00004209 00004201 000 342 43063.7562659606
24.11.2017 18:09:01 +00.04081E+00  0161 008589 1 00004210 00004201 000 343 43063.7562699306
24.11.2017 18:09:02 +00.04081E+00  0173 008589 1 00004211 00004201 000 381 43063.7562743403
24.11.2017 18:09:02 +00.04081E+00  0193 008589 1 00004212 00004201 000 343 43063.7562783102
24.11.2017 18:09:02 +00.04082E+00  0207 008589 1 00004213 00004201 000 343 43063.7562822801
24.11.2017 18:09:03 +00.04081E+00  0223 008589 1 00004214 00004201 000 343 43063.75628625
24.11.2017 18:09:03 +00.04081E+00  0240 008589 1 00004215 00004201 000 376 43063.7562906019
24.11.2017 18:09:03 +00.04081E+00  0262 008587 1 00004216 00004201 000 342 43063.7562945602
24.11.2017 18:09:04 +00.04081E+00  0276 008587 1 00004217 00004201 000 343 43063.7562985301
24.11.2017 18:09:04 +00.04081E+00  0295 008587 1 00004218 00004201 000 343 43063.7563025
24.11.2017 18:09:07 +00.04091E+00  0017 008611 1 00004219 00004219 000 382 43063.7563328819
24.11.2017 18:09:07 +00.04092E+00  0034 008611 1 00004220 00004219 000 342 43063.7563368403
24.11.2017 18:09:07 +00.04092E+00  0046 008611 1 00004221 00004219 000 343 43063.7563408102
24.11.2017 18:09:08 +00.04092E+00  0062 008611 1 00004222 00004219 000 343 43063.7563447801
24.11.2017 18:09:08 +00.04092E+00  0069 008611 1 00004223 00004219 000 377 43063.7563491435
24.11.2017 18:09:08 +00.04092E+00  0090 008611 1 00004224 00004219 000 340 43063.7563530787
24.11.2017 18:09:09 +00.04092E+00  0101 008611 1 00004225 00004219 000 343 43063.7563570602
24.11.2017 18:09:09 +00.04092E+00  0123 008611 1 00004226 00004219 000 343 43063.7563610301
24.11.2017 18:09:09 +00.04092E+00  0138 008611 1 00004227 00004219 000 378 43063.7563654051
24.11.2017 18:09:10 +00.04092E+00  0149 008611 1 00004228 00004219 000 340 43063.7563693403
24.11.2017 18:09:10 +00.04092E+00  0162 008611 1 00004229 00004219 000 341 43063.7563732986
24.11.2017 18:09:10 +00.04092E+00  0176 008611 1 00004230 00004219 000 343 43063.7563772801
24.11.2017 18:09:11 +00.04092E+00  0193 008611 1 00004231 00004219 000 378 43063.7563816551
24.11.2017 18:09:11 +00.04092E+00  0209 008611 1 00004232 00004219 000 344 43063.7563856482
24.11.2017 18:09:12 +00.04092E+00  0225 008607 1 00004233 00004219 000 343 43063.7563896296
24.11.2017 18:09:12 +00.04091E+00  0235 008607 1 00004234 00004219 000 343 43063.7563935995
24.11.2017 18:09:12 +00.04090E+00  0252 008607 1 00004235 00004219 000 374 43063.7563979282
24.11.2017 18:09:15 +00.04101E+00  0015 008631 1 00004236 00004236 000 380 43063.7564239468
24.11.2017 18:09:15 +00.04101E+00  0033 008631 1 00004237 00004236 000 343 43063.7564279167
24.11.2017 18:09:15 +00.04101E+00  0047 008631 1 00004238 00004236 000 343 43063.7564318866
24.11.2017 18:09:16 +00.04101E+00  0065 008631 1 00004239 00004236 000 342 43063.7564358565
24.11.2017 18:09:16 +00.04102E+00  0079 008631 1 00004240 00004236 000 374 43063.7564401968
24.11.2017 18:09:16 +00.04101E+00  0098 008631 1 00004241 00004236 000 342 43063.7564441667
24.11.2017 18:09:17 +00.04101E+00  0111 008631 1 00004242 00004236 000 342 43063.7564481366
24.11.2017 18:09:17 +00.04102E+00  0126 008631 1 00004243 00004236 000 343 43063.7564521065
24.11.2017 18:09:17 +00.04101E+00  0138 008631 1 00004244 00004236 000 376 43063.7564564583
24.11.2017 18:09:18 +00.04102E+00  0149 008631 1 00004245 00004236 000 342 43063.7564604167
24.11.2017 18:09:18 +00.04102E+00  0168 008631 1 00004246 00004236 000 343 43063.7564643866
24.11.2017 18:09:18 +00.04102E+00  0180 008631 1 00004247 00004236 000 343 43063.7564683565
24.11.2017 18:09:19 +00.04102E+00  0199 008631 1 00004248 00004236 000 378 43063.7564727315
24.11.2017 18:09:19 +00.04101E+00  0217 008631 1 00004249 00004236 000 340 43063.7564766667
24.11.2017 18:09:19 +00.04101E+00  0227 008631 1 00004250 00004236 000 343 43063.7564806366
24.11.2017 18:09:20 +00.04101E+00  0240 008629 1 00004251 00004236 000 343 43063.7564846065
24.11.2017 18:09:20 +00.04101E+00  0254 008629 1 00004252 00004236 000 379 43063.7564889931
24.11.2017 18:09:20 +00.04101E+00  0269 008629 1 00004253 00004236 000 345 43063.7564929861