
24.11.2017 17:36:50 +00.03900E+00  0019 008204 1 00000107 00000107 000 342 43063.7339194213
24.11.2017 17:36:51 +00.03899E+00  0040 008204 1 00000108 00000107 000 402 43063.7339240856
24.11.2017 17:36:51 +00.03899E+00  0053 008204 1 00000109 00000107 000 340 43063.7339280208
24.11.2017 17:36:51 +00.03898E+00  0069 008204 1 00000110 00000107 000 343 43063.7339320023
24.11.2017 17:36:52 +00.03898E+00  0087 008204 1 00000111 00000107 000 342 43063.7339359606
24.11.2017 17:36:52 +00.03898E+00  0101 008204 1 00000112 00000107 000 378 43063.7339403472
24.11.2017 17:36:52 +00.03898E+00  0120 008204 1 00000113 00000107 000 340 43063.7339442824
24.11.2017 17:36:53 +00.03898E+00  0136 008204 1 00000114 00000107 000 342 43063.7339482407
24.11.2017 17:36:53 +00.03898E+00  0151 008204 1 00000115 00000107 000 343 43063.7339522106
24.11.2017 17:36:53 +00.03898E+00  0166 008204 1 00000116 00000107 000 380 43063.7339566088
24.11.2017 17:36:54 +00.03898E+00  0187 008204 1 00000117 00000107 000 344 43063.7339605903
24.11.2017 17:36:54 +00.03898E+00  0200 008204 1 00000118 00000107 000 342 43063.7339645602
24.11.2017 17:36:54 +00.03898E+00  0217 008204 1 00000119 00000107 000 344 43063.7339685417
24.11.2017 17:36:55 +00.03898E+00  0235 008204 1 00000120 00000107 000 374 43063.7339728704
24.11.2017 17:36:55 +00.03898E+00  0248 008208 1 00000121 00000107 000 343 43063.7339768403
24.11.2017 17:36:55 +00.03899E+00  0258 008208 1 00000122 00000107 000 343 43063.7339808102
24.11.2017 17:36:56 +00.03900E+00  0272 008208 1 00000123 00000107 000 343 43063.7339847801
24.11.2017 17:36:58 +00.03911E+00  0008 008232 1 00000124 00000124 000 342 43063.7340105093
24.11.2017 17:36:58 +00.03911E+00  0018 008232 1 00000125 00000124 000 403 43063.7340151736
24.11.2017 17:36:59 +00.03911E+00  0035 008232 1 00000126 00000124 000 340 43063.7340191088
24.11.2017 17:36:59 +00.03912E+00  0049 008232 1 00000127 00000124 000 343 43063.7340230787
24.11.2017 17:36:59 +00.03912E+00  0066 008232 1 00000128 00000124 000 343 43063.7340270486
24.11.2017 17:37:00 +00.03911E+00  0083 008232 1 00000129 00000124 000 377 43063.734031412
24.11.2017 17:37:00 +00.03912E+00  0097 008232 1 00000130 00000124 000 341 43063.7340353588
24.11.2017 17:37:00 +00.03912E+00  0119 008232 1 00000131 00000124 000 343 43063.7340393287
24.11.2017 17:37:01 +00.03912E+00  0130 008232 1 00000132 00000124 000 343 43063.7340432986
24.11.2017 17:37:01 +00.03911E+00  0140 008232 1 00000133 00000124 000 378 43063.7340476736
24.11.2017 17:37:02 +00.03912E+00  0155 008232 1 00000134 00000124 000 341 43063.7340516204
24.11.2017 17:37:02 +00.03912E+00  0171 008232 1 00000135 00000124 000 342 43063.7340555787
24.11.2017 17:37:02 +00.03911E+00  0186 008232 1 00000136 00000124 000 342 43063.734059537
24.11.2017 17:37:03 +00.03912E+00  0203 008232 1 00000137 00000124 000 379 43063.7340639352
24.11.2017 17:37:03 +00.03912E+00  0219 008232 1 00000138 00000124 000 345 43063.7340679282
24.11.2017 17:37:03 +00.03912E+00  0232 008228 1 00000139 00000124 000 343 43063.7340718982
24.11.2017 17:37:04 +00.03911E+00  0240 008228 1 00000140 00000124 000 343 43063.7340758681
24.11.2017 17:37:04 +00.03910E+00  0253 008228 1 00000141 00000124 000 375 43063.7340802083
24.11.2017 17:37:07 +00.03921E+00  0013 008252 1 00000142 00000142 000 343 43063.7341104282
24.11.2017 17:37:07 +00.03921E+00  0032 008252 1 00000143 00000142 000 343 43063.7341143981
24.11.2017 17:37:07 +00.03921E+00  0051 008252 1 00000144 00000142 000 418 43063.7341192361
24.11.2017 17:37:08 +00.03921E+00  0066 008252 1 00000145 00000142 000 343 43063.734123206
24.11.2017 17:37:08 +00.03921E+00  0078 008252 1 00000146 00000142 000 344 43063.7341271875
24.11.2017 17:37:08 +00.03921E+00  0091 008252 1 00000147 00000142 000 343 43063.7341311574
24.11.2017 17:37:09 +00.03921E+00  0107 008252 1 00000148 00000142 000 375 43063.7341354977
24.11.2017 17:37:09 +00.03921E+00  0124 008252 1 00000149 00000142 000 343 43063.7341394676
24.11.2017 17:37:09 +00.03921E+00  0133 008252 1 00000150 00000142 000 343 43063.7341434375
24.11.2017 17:37:10 +00.03921E+00  0148 008252 1 00000151 00000142 000 343 43063.7341474074
24.11.2017 17:37:10 +00.03921E+00  0164 008252 1 00000152 00000142 000 376 43063.7341517593
24.11.2017 17:37:11 +00.03921E+00  0181 008252 1 00000153 00000142 000 341 43063.734155706
24.11.2017 17:37:11 +00.03921E+00  0193 008252 1 00000154 00000142 000 344 43063.7341596875
24.11.2017 17:37:11 +00.03921E+00  0210 008252 1 00000155 00000142 000 342 43063.7341636458
24.11.2017 17:37:12 +00.03921E+00  0231 008250 1 00000156 00000142 000 377 43063.7341680093
24.11.2017 17:37:12 +00.03921E+00  0245 008250 1 00000157 00000142 000 340 43063.734171956
24.11.2017 17:37:12 +00.03921E+00  0261 008250 1 00000158 00000142 000 343 43063.7341759259
24.11.2017 17:37:15 +00.03931E+00  0014 008274 1 00000159 00000159 000 342 43063.7342056366
24.11.2017 17:37:15 +00.03932E+00  0030 008274 1 00000160 00000159 000 402 43063.7342102894
24.11.2017 17:37:16 +00.03932E+00  0046 008274 1 00000161 00000159 000 341 43063.7342142361
24.11.2017 17:37:16 +00.03932E+00  0056 008274 1 00000162 00000159 000 343 43063.734218206
24.11.2017 17:37:16 +00.03932E+00  0070 008274 1 00000163 00000159 000 343 43063.7342221759
24.11.2017 17:37:17 +00.03932E+00  0087 008274 1 00000164 00000159 000 377 43063.7342265509
24.11.2017 17:37:17 +00.03932E+00  0103 008274 1 00000165 00000159 000 340 43063.7342304861
24.11.2017 17:37:17 +00.03932E+00  0115 008274 1 00000166 00000159 000 343 43063.734234456
24.11.2017 17:37:18 +00.03932E+00  0123 008274 1 00000167 00000159 000 343 43063.7342384259
24.11.2017 17:37:18 +00.03932E+00  0139 008274 1 00000168 00000159 000 380 43063.7342428241
24.11.2017 17:37:18 +00.03932E+00  0157 008274 1 00000169 00000159 000 344 43063.7342468056
24.11.2017 17:37:19 +00.03932E+00  0174 008274 1 00000170 00000159 000 343 43063.7342507755
24.11.2017 17:37:19 +00.03931E+00  0186 008274 1 00000171 00000159 000 344 43063.7342547569
24.11.2017 17:37:19 +00.03932E+00  0201 008274 1 00000172 00000159 000 374 43063.7342590856
24.11.2017 17:37:20 +00.03932E+00  0213 008270 1 00000173 00000159 000 343 43063.7342630556
24.11.2017 17:37:20 +00.03931E+00  0228 008270 1 00000174 00000159 000 343 43063.7342670255
24.11.2017 17:37:21 +00.03931E+00  0242 008270 1 00000175 00000159 000 343 43063.7342709954
24.11.2017 17:37:23 +00.03942E+00  0010 008296 1 00000176 00000176 000 380 43063.7343013657
24.11.2017 17:37:23 +00.03942E+00  0025 008296 1 00000177 00000176 000 343 43063.7343053356
24.11.2017 17:37:24 +00.03942E+00  0030 008296 1 00000178 00000176 000 343 43063.7343093056
24.11.2017 17:37:24 +00.03942E+00  0045 008296 1 00000179 00000176 000 343 43063.7343132755
24.11.2017 17:37:25 +00.03942E+00  0057 008296 1 00000180 00000176 000 376 43063.7343176273
24.11.2017 17:37:25 +00.03942E+00  0078 008296 1 00000181 00000176 000 342 43063.7343215856
24.11.2017 17:37:25 +00.03942E+00  0089 008296 1 00000182 00000176 000 343 43063.7343255556
24.11.2017 17:37:26 +00.03942E+00  0098 008296 1 00000183 00000176 000 343 43063.7343295255
24.11.2017 17:37:26 +00.03942E+00  0112 008296 1 00000184 00000176 000 377 43063.7343338889
24.11.2017 17:37:26 +00.03942E+00  0130 008296 1 00000185 00000176 000 341 43063.7343378356
24.11.2017 17:37:27 +00.03942E+00  0137 008296 1 00000186 00000176 000 343 43063.7343418056
24.11.2017 17:37:27 +00.03942E+00  0144 008296 1 00000187 00000176 000 343 43063.7343457755
24.11.2017 17:37:27 +00.03942E+00  0156 008296 1 00000188 00000176 000 378 43063.7343501505
24.11.2017 17:37:28 +00.03942E+00  0173 008296 1 00000189 00000176 000 340 43063.7343540856
24.11.2017 17:37:28 +00.03942E+00  0186 008296 1 00000190 00000176 000 343 43063.7343580556
24.11.2017 17:37:28 +00.03942E+00  0200 008292 1 00000191 00000176 000 342 43063.7343620139
24.11.2017 17:37:29 +00.03941E+00  0211 008292 1 00000192 00000176 000 379 43063.734366412
24.11.2017 17:37:31 +00.03951E+00  0005 008316 1 00000193 00000193 000 342 43063.7343965741
24.11.2017 17:37:32 +00.03951E+00  0023 008316 1 00000194 00000193 000 343 43063.7344005556
24.11.2017 17:37:32 +00.03952E+00  0030 008316 1 00000195 00000193 000 343 43063.7344045255
24.11.2017 17:37:32 +00.03952E+00  0044 008316 1 00000196 00000193 000 360 43063.7344086921
24.11.2017 17:37:33 +00.03952E+00  0062 008316 1 00000197 00000193 000 345 43063.7344126852
24.11.2017 17:37:33 +00.03952E+00  0078 008316 1 00000198 00000193 000 343 43063.7344166551
24.11.2017 17:37:33 +00.03952E+00  0097 008316 1 00000199 00000193 000 343 43063.734420625
24.11.2017 17:37:34 +00.03951E+00  0106 008316 1 00000200 00000193 000 374 43063.7344249537
24.11.2017 17:37:34 +00.03951E+00  0118 008316 1 00000201 00000193 000 343 43063.7344289236
24.11.2017 17:37:35 +00.03952E+00  0127 008316 1 00000202 00000193 000 344 43063.7344329051
24.11.2017 17:37:35 +00.03952E+00  0137 008316 1 00000203 00000193 000 343 43063.734436875
24.11.2017 17:37:35 +00.03952E+00  0149 008316 1 00000204 00000193 000 375 43063.7344412153
24.11.2017 17:37:36 +00.03952E+00  0168 008316 1 00000205 00000193 000 342 43063.7344451736
24.11.2017 17:37:36 +00.03952E+00  0187 008316 1 00000206 00000193 000 343 43063.7344491435
24.11.2017 17:37:36 +00.03952E+00  0200 008316 1 00000207 00000193 000 343 43063.7344531134
24.11.2017 17:37:37 +00.03951E+00  0209 008312 1 00000208 00000193 000 376 43063.7344574769
24.11.2017 17:37:37 +00.03951E+00  0225 008312 1 00000209 00000193 000 341 43063.7344614236
24.11.2017 17:37:37 +00.03950E+00  0240 008312 1 00000210 00000193 000 343 43063.7344653935
24.11.2017 17:37:40 +00.03961E+00  0018 008338 1 00000211 00000211 000 342 43063.7344909028
24.11.2017 17:37:40 +00.03962E+00  0029 008338 1 00000212 00000211 000 343 43063.7344948727
24.11.2017 17:37:40 +00.03962E+00  0048 008338 1 00000213 00000211 000 343 43063.7344988426
24.11.2017 17:37:41 +00.03962E+00  0063 008338 1 00000214 00000211 000 360 43063.7345030093
24.11.2017 17:37:41 +00.03962E+00  0075 008338 1 00000215 00000211 000 340 43063.7345069444
24.11.2017 17:37:41 +00.03962E+00  0089 008338 1 00000216 00000211 000 342 43063.7345109028
24.11.2017 17:37:42 +00.03962E+00  0113 008338 1 00000217 00000211 000 343 43063.7345148727
24.11.2017 17:37:42 +00.03962E+00  0129 008338 1 00000218 00000211 000 380 43063.7345192708
24.11.2017 17:37:42 +00.03962E+00  0142 008338 1 00000219 00000211 000 344 43063.7345232523
24.11.2017 17:37:43 +00.03962E+00  0152 008338 1 00000220 00000211 000 343 43063.7345272222
24.11.2017 17:37:43 +00.03962E+00  0168 008338 1 00000221 00000211 000 343 43063.7345311921
24.11.2017 17:37:43 +00.03962E+00  0174 008338 1 00000222 00000211 000 375 43063.7345355324
24.11.2017 17:37:44 +00.03962E+00  0186 008338 1 00000223 00000211 000 342 43063.7345394907
24.11.2017 17:37:44 +00.03962E+00  0195 008338 1 00000224 00000211 000 343 43063.7345434722
24.11.2017 17:37:44 +00.03962E+00  0211 008338 1 00000225 00000211 000 343 43063.7345474421
24.11.2017 17:37:45 +00.03961E+00  0227 008334 1 00000226 00000211 000 376 43063.734551794
24.11.2017 17:37:45 +00.03961E+00  0242 008334 1 00000227 00000211 000 341 43063.7345557407
24.11.2017 17:37:48 +00.03971E+00  0012 008358 1 00000228 00000228 000 343 43063.7345861921
24.11.2017 17:37:48 +00.03971E+00  0026 008358 1 00000229 00000228 000 400 43063.7345908218
24.11.2017 17:37:48 +00.03972E+00  0044 008358 1 00000230 00000228 000 343 43063.7345947917
24.11.2017 17:37:49 +00.03972E+00  0062 008358 1 00000231 00000228 000 343 43063.7345987616
24.11.2017 17:37:49 +00.03972E+00  0080 008358 1 00000232 00000228 000 343 43063.7346027315
24.11.2017 17:37:50 +00.03971E+00  0095 008358 1 00000233 00000228 000 376 43063.7346070833
24.11.2017 17:37:50 +00.03972E+00  0111 008358 1 00000234 00000228 000 341 43063.7346110301
24.11.2017 17:37:50 +00.03972E+00  0128 008358 1 00000235 00000228 000 342 43063.734615
24.11.2017 17:37:51 +00.03971E+00  0142 008358 1 00000236 00000228 000 343 43063.7346189815
24.11.2017 17:37:51 +00.03972E+00  0148 008358 1 00000237 00000228 000 377 43063.7346233449
24.11.2017 17:37:51 +00.03971E+00  0158 008358 1 00000238 00000228 000 340 43063.7346272801
24.11.2017 17:37:52 +00.03972E+00  0177 008358 1 00000239 00000228 000 343 43063.73463125
24.11.2017 17:37:52 +00.03972E+00  0190 008358 1 00000240 00000228 000 343 43063.7346352199
24.11.2017 17:37:52 +00.03971E+00  0207 008358 1 00000241 00000228 000 379 43063.7346396065
24.11.2017 17:37:53 +00.03971E+00  0218 008356 1 00000242 00000228 000 344 43063.7346435995
24.11.2017 17:37:53 +00.03971E+00  0227 008356 1 00000243 00000228 000 343 43063.7346475694
24.11.2017 17:37:53 +00.03971E+00  0236 008356 1 00000244 00000228 000 343 43063.7346515394
24.11.2017 17:37:56 +00.03981E+00  0016 008380 1 00000245 00000245 000 342 43063.7346772685
24.11.2017 17:37:56 +00.03982E+00  0031 008380 1 00000246 00000245 000 399 43063.7346818866
24.11.2017 17:37:56 +00.03982E+00  0041 008380 1 00000247 00000245 000 344 43063.7346858681
24.11.2017 17:37:57 +00.03982E+00  0053 008380 1 00000248 00000245 000 343 43063.734689838
24.11.2017 17:37:57 +00.03982E+00  0064 008380 1 00000249 00000245 000 343 43063.7346938079
24.11.2017 17:37:57 +00.03982E+00  0078 008380 1 00000250 00000245 000 375 43063.7346981481
24.11.2017 17:37:58 +00.03982E+00  0097 008380 1 00000251 00000245 000 343 43063.7347021181
24.11.2017 17:37:58 +00.03982E+00  0115 008380 1 00000252 00000245 000 343 43063.734706088
24.11.2017 17:37:58 +00.03982E+00  0131 008380 1 00000253 00000245 000 343 43063.7347100579
24.11.2017 17:37:59 +00.03982E+00  0150 008380 1 00000254 00000245 000 376 43063.7347144097
24.11.2017 17:37:59 +00.03982E+00  0172 008380 1 00000255 00000245 000 342 43063.7347183681
24.11.2017 17:38:00 +00.03982E+00  0185 008380 1 00000256 00000245 000 343 43063.734722338
24.11.2017 17:38:00 +00.03982E+00  0197 008380 1 00000257 00000245 000 343 43063.7347263079
24.11.2017 17:38:00 +00.03982E+00  0207 008380 1 00000258 00000245 000 377 43063.7347306713
24.11.2017 17:38:01 +00.03982E+00  0219 008376 1 00000259 00000245 000 340 43063.7347346065
24.11.2017 17:38:01 +00.03981E+00  0236 008376 1 00000260 00000245 000 343 43063.734738588
24.11.2017 17:38:01 +00.03981E+00  0247 008376 1 00000261 00000245 000 343 43063.7347425579
24.11.2017 17:38:04 +00.03992E+00  0012 008402 1 00000262 00000262 000 376 43063.7347729514
24.11.2017 17:38:04 +00.03992E+00  0028 008402 1 00000263 00000262 000 341 43063.7347768981
24.11.2017 17:38:05 +00.03992E+00  0041 008402 1 00000264 00000262 000 343 43063.7347808681
24.11.2017 17:38:05 +00.03992E+00  0057 008402 1 00000265 00000262 000 343 43063.734784838
24.11.2017 17:38:05 +00.03992E+00  0072 008402 1 00000266 00000262 000 378 43063.734789213
24.11.2017 17:38:06 +00.03993E+00  0087 008402 1 00000267 00000262 000 340 43063.7347931481
24.11.2017 17:38:06 +00.03992E+00  0097 008402 1 00000268 00000262 000 342 43063.7347971065
24.11.2017 17:38:06 +00.03993E+00  0122 008402 1 00000269 00000262 000 343 43063.734801088
24.11.2017 17:38:07 +00.03993E+00  0135 008402 1 00000270 00000262 000 380 43063.7348054861
24.11.2017 17:38:07 +00.03992E+00  0147 008402 1 00000271 00000262 000 344 43063.7348094676
24.11.2017 17:38:07 +00.03992E+00  0164 008402 1 00000272 00000262 000 343 43063.7348134375
24.11.2017 17:38:08 +00.03993E+00  0181 008402 1 00000273 00000262 000 343 43063.7348174074
24.11.2017 17:38:08 +00.03993E+00  0192 008402 1 00000274 00000262 000 374 43063.7348217361
24.11.2017 17:38:08 +00.03992E+00  0205 008402 1 00000275 00000262 000 343 43063.734825706
24.11.2017 17:38:09 +00.03992E+00  0222 008398 1 00000276 00000262 000 344 43063.7348296875
24.11.2017 17:38:09 +00.03991E+00  0238 008398 1 00000277 00000262 000 342 43063.7348336458
24.11.2017 17:38:10 +00.03991E+00  0251 008398 1 00000278 00000262 000 377 43063.7348380208
24.11.2017 17:38:12 +00.04002E+00  0012 008424 1 00000279 00000279 000 381 43063.7348640162
24.11.2017 17:38:12 +00.04003E+00  0029 008424 1 00000280 00000279 000 342 43063.7348679745
24.11.2017 17:38:12 +00.04003E+00  0040 008424 1 00000281 00000279 000 344 43063.734871956
24.11.2017 17:38:13 +00.04003E+00  0052 008424 1 00000282 00000279 000 343 43063.7348759259
24.11.2017 17:38:13 +00.04003E+00  0063 008424 1 00000283 00000279 000 377 43063.7348802894
24.11.2017 17:38:13 +00.04003E+00  0076 008424 1 00000284 00000279 000 340 43063.7348842245
24.11.2017 17:38:14 +00.04003E+00  0084 008424 1 00000285 00000279 000 342 43063.7348881944
24.11.2017 17:38:14 +00.04003E+00  0106 008424 1 00000286 00000279 000 343 43063.7348921643
24.11.2017 17:38:15 +00.04003E+00  0125 008424 1 00000287 00000279 000 379 43063.7348965509
24.11.2017 17:38:15 +00.04003E+00  0142 008424 1 00000288 00000279 000 341 43063.7349004977
24.11.2017 17:38:15 +00.04003E+00  0155 008424 1 00000289 00000279 000 341 43063.7349044444
24.11.2017 17:38:16 +00.04003E+00  0165 008424 1 00000290 00000279 000 343 43063.7349084143
24.11.2017 17:38:16 +00.04003E+00  0186 008424 1 00000291 00000279 000 380 43063.7349128125
24.11.2017 17:38:16 +00.04003E+00  0201 008424 1 00000292 00000279 000 344 43063.734916794
24.11.2017 17:38:17 +00.04003E+00  0218 008418 1 00000293 00000279 000 343 43063.7349207639
24.11.2017 17:38:17 +00.04002E+00  0232 008418 1 00000294 00000279 000 343 43063.7349247338
24.11.2017 17:38:17 +00.04001E+00  0244 008418 1 00000295 00000279 000 374 43063.7349290625
24.11.2017 17:38:20 +00.04011E+00  0017 008442 1 00000296 00000296 000 381 43063.7349550926
24.11.2017 17:38:20 +00.04011E+00  0025 008442 1 00000297 00000296 000 343 43063.7349590625
24.11.2017 17:38:20 +00.04011E+00  0035 008442 1 00000298 00000296 000 343 43063.7349630324
24.11.2017 17:38:21 +00.04011E+00  0048 008442 1 00000299 00000296 000 343 43063.7349670023
24.11.2017 17:38:21 +00.04012E+00  0070 008442 1 00000300 00000296 000 376 43063.7349713542
24.11.2017 17:38:21 +00.04011E+00  0090 008442 1 00000301 00000296 000 342 43063.7349753125
24.11.2017 17:38:22 +00.04011E+00  0105 008442 1 00000302 00000296 000 343 43063.7349792824
24.11.2017 17:38:22 +00.04011E+00  0118 008442 1 00000303 00000296 000 343 43063.7349832523
24.11.2017 17:38:22 +00.04011E+00  0132 008442 1 00000304 00000296 000 377 43063.7349876157
24.11.2017 17:38:23 +00.04011E+00  0150 008442 1 00000305 00000296 000 341 43063.7349915625
24.11.2017 17:38:23 +00.04011E+00  0166 008442 1 00000306 00000296 000 343 43063.7349955324
24.11.2017 17:38:23 +00.04011E+00  0177 008442 1 00000307 00000296 000 343 43063.7349995023
24.11.2017 17:38:24 +00.04011E+00  0192 008442 1 00000308 00000296 000 378 43063.7350038773
24.11.2017 17:38:24 +00.04011E+00  0213 008442 1 00000309 00000296 000 340 43063.7350078125
24.11.2017 17:38:25 +00.04011E+00  0227 008442 1 00000310 00000296 000 342 43063.7350117708
24.11.2017 17:38:25 +00.04012E+00  0248 008440 1 00000311 00000296 000 343 43063.7350157407
24.11.2017 17:38:25 +00.04011E+00  0267 008440 1 00000312 00000296 000 379 43063.7350201273
24.11.2017 17:38:26 +00.04011E+00  0280 008440 1 00000313 00000296 000 344 43063.7350241204
24.11.2017 17:38:28 +00.04021E+00  0019 008464 1 00000314 00000314 000 342 43063.7350503588
24.11.2017 17:38:28 +00.04022E+00  0034 008464 1 00000315 00000314 000 343 43063.7350543287
24.11.2017 17:38:29 +00.04022E+00  0052 008464 1 00000316 00000314 000 418 43063.7350591667
24.11.2017 17:38:29 +00.04022E+00  0067 008464 1 00000317 00000314 000 344 43063.7350631481
24.11.2017 17:38:29 +00.04022E+00  0084 008464 1 00000318 00000314 000 344 43063.7350671296
24.11.2017 17:38:30 +00.04022E+00  0097 008464 1 00000319 00000314 000 343 43063.7350710995
24.11.2017 17:38:30 +00.04022E+00  0113 008464 1 00000320 00000314 000 374 43063.7350754282
24.11.2017 17:38:30 +00.04022E+00  0130 008464 1 00000321 00000314 000 343 43063.7350793981
24.11.2017 17:38:31 +00.04022E+00  0146 008464 1 00000322 00000314 000 343 43063.7350833681
24.11.2017 17:38:31 +00.04022E+00  0159 008464 1 00000323 00000314 000 343 43063.735087338
24.11.2017 17:38:31 +00.04022E+00  0179 008464 1 00000324 00000314 000 376 43063.7350916898
24.11.2017 17:38:32 +00.04022E+00  0195 008464 1 00000325 00000314 000 342 43063.7350956481
24.11.2017 17:38:32 +00.04022E+00  0211 008464 1 00000326 00000314 000 343 43063.7350996181
24.11.2017 17:38:32 +00.04022E+00  0229 008464 1 00000327 00000314 000 343 43063.735103588
24.11.2017 17:38:33 +00.04022E+00  0244 008464 1 00000328 00000314 000 377 43063.7351079514
24.11.2017 17:38:33 +00.04021E+00  0263 008460 1 00000329 00000314 000 341 43063.7351118981
24.11.2017 17:38:34 +00.04021E+00  0276 008460 1 00000330 00000314 000 343 43063.7351158681
24.11.2017 17:38:36 +00.04032E+00  0016 008486 1 00000331 00000331 000 343 43063.7351455787
24.11.2017 17:38:36 +00.04032E+00  0028 008486 1 00000332 00000331 000 402 43063.7351502315
24.11.2017 17:38:37 +00.04032E+00  0055 008486 1 00000333 00000331 000 341 43063.7351541782
24.11.2017 17:38:37 +00.04032E+00  0071 008486 1 00000334 00000331 000 343 43063.7351581481
24.11.2017 17:38:38 +00.04032E+00  0083 008486 1 00000335 00000331 000 343 43063.7351621181
24.11.2017 17:38:38 +00.04032E+00  0103 008486 1 00000336 00000331 000 378 43063.7351664931
24.11.2017 17:38:38 +00.04032E+00  0121 008486 1 00000337 00000331 000 340 43063.7351704282
24.11.2017 17:38:39 +00.04032E+00  0135 008486 1 00000338 00000331 000 343 43063.7351743981
24.11.2017 17:38:39 +00.04033E+00  0153 008486 1 00000339 00000331 000 343 43063.7351783681
24.11.2017 17:38:39 +00.04032E+00  0170 008486 1 00000340 00000331 000 379 43063.7351827546
24.11.2017 17:38:40 +00.04033E+00  0188 008486 1 00000341 00000331 000 345 43063.7351867477
24.11.2017 17:38:40 +00.04032E+00  0203 008486 1 00000342 00000331 000 343 43063.7351907176
24.11.2017 17:38:40 +00.04032E+00  0223 008486 1 00000343 00000331 000 343 43063.7351946875
24.11.2017 17:38:41 +00.04033E+00  0239 008486 1 00000344 00000331 000 374 43063.7351990162
24.11.2017 17:38:41 +00.04032E+00  0254 008480 1 00000345 00000331 000 344 43063.7352029977
24.11.2017 17:38:41 +00.04031E+00  0267 008480 1 00000346 00000331 000 343 43063.7352069676
24.11.2017 17:38:42 +00.04031E+00  0282 008480 1 00000347 00000331 000 343 43063.7352109375
24.11.2017 17:38:44 +00.04041E+00  0013 008506 1 00000348 00000348 000 343 43063.7352366667
24.11.2017 17:38:44 +00.04042E+00  0029 008506 1 00000349 00000348 000 400 43063.7352412963
24.11.2017 17:38:45 +00.04042E+00  0050 008506 1 00000350 00000348 000 342 43063.7352452546
24.11.2017 17:38:45 +00.04042E+00  0067 008506 1 00000351 00000348 000 344 43063.7352492361
24.11.2017 17:38:45 +00.04042E+00  0082 008506 1 00000352 00000348 000 343 43063.735253206
24.11.2017 17:38:46 +00.04042E+00  0094 008506 1 00000353 00000348 000 376 43063.7352575579
24.11.2017 17:38:46 +00.04042E+00  0108 008506 1 00000354 00000348 000 340 43063.7352615046
24.11.2017 17:38:46 +00.04042E+00  0124 008506 1 00000355 00000348 000 342 43063.7352654745
24.11.2017 17:38:47 +00.04042E+00  0139 008506 1 00000356 00000348 000 343 43063.7352694444
24.11.2017 17:38:47 +00.04042E+00  0153 008506 1 00000357 00000348 000 378 43063.7352738194
24.11.2017 17:38:47 +00.04042E+00  0169 008506 1 00000358 00000348 000 341 43063.7352777662
24.11.2017 17:38:48 +00.04042E+00  0186 008506 1 00000359 00000348 000 342 43063.7352817245
24.11.2017 17:38:48 +00.04042E+00  0204 008506 1 00000360 00000348 000 343 43063.7352856944
24.11.2017 17:38:49 +00.04042E+00  0218 008506 1 00000361 00000348 000 379 43063.735290081
24.11.2017 17:38:49 +00.04042E+00  0231 008506 1 00000362 00000348 000 340 43063.7352940162
24.11.2017 17:38:49 +00.04042E+00  0246 008502 1 00000363 00000348 000 341 43063.7352979745
24.11.2017 17:38:50 +00.04041E+00  0262 008502 1 00000364 00000348 000 343 43063.7353019444
24.11.2017 17:38:52 +00.04052E+00  0017 008528 1 00000365 00000365 000 378 43063.7353323611
24.11.2017 17:38:53 +00.04052E+00  0030 008528 1 00000366 00000365 000 340 43063.7353362963
24.11.2017 17:38:53 +00.04052E+00  0043 008528 1 00000367 00000365 000 341 43063.7353402546
24.11.2017 17:38:53 +00.04053E+00  0054 008528 1 00000368 00000365 000 343 43063.7353442245
24.11.2017 17:38:54 +00.04052E+00  0066 008528 1 00000369 00000365 000 380 43063.7353486227
24.11.2017 17:38:54 +00.04053E+00  0086 008528 1 00000370 00000365 000 344 43063.7353526042
24.11.2017 17:38:54 +00.04052E+00  0097 008528 1 00000371 00000365 000 343 43063.7353565741
24.11.2017 17:38:55 +00.04052E+00  0103 008528 1 00000372 00000365 000 343 43063.735360544
24.11.2017 17:38:55 +00.04052E+00  0120 008528 1 00000373 00000365 000 375 43063.7353648843
24.11.2017 17:38:55 +00.04052E+00  0133 008528 1 00000374 00000365 000 343 43063.7353688542
24.11.2017 17:38:56 +00.04052E+00  0146 008528 1 00000375 00000365 000 343 43063.7353728241
24.11.2017 17:38:56 +00.04052E+00  0161 008528 1 00000376 00000365 000 343 43063.735376794
24.11.2017 17:38:56 +00.04052E+00  0178 008528 1 00000377 00000365 000 376 43063.7353811458
24.11.2017 17:38:57 +00.04052E+00  0203 008528 1 00000378 00000365 000 342 43063.7353851042
24.11.2017 17:38:57 +00.04052E+00  0212 008524 1 00000379 00000365 000 342 43063.7353890625
24.11.2017 17:38:57 +00.04052E+00  0230 008524 1 00000380 00000365 000 343 43063.735393044
24.11.2017 17:38:58 +00.04051E+00  0243 008524 1 00000381 00000365 000 377 43063.7353974074
24.11.2017 17:39:00 +00.04061E+00  0007 008546 1 00000382 00000382 000 377 43063.7354234259
24.11.2017 17:39:00 +00.04061E+00  0024 008546 1 00000383 00000382 000 341 43063.7354273727
24.11.2017 17:39:01 +00.04061E+00  0043 008546 1 00000384 00000382 000 343 43063.7354313426
24.11.2017 17:39:01 +00.04061E+00  0054 008546 1 00000385 00000382 000 342 43063.7354353009
24.11.2017 17:39:01 +00.04061E+00  0067 008546 1 00000386 00000382 000 379 43063.7354396875
24.11.2017 17:39:02 +00.04061E+00  0082 008546 1 00000387 00000382 000 345 43063.7354436921
24.11.2017 17:39:02 +00.04061E+00  0097 008546 1 00000388 00000382 000 343 43063.735447662
24.11.2017 17:39:03 +00.04061E+00  0117 008546 1 00000389 00000382 000 343 43063.7354516319
24.11.2017 17:39:03 +00.04061E+00  0130 008546 1 00000390 00000382 000 373 43063.7354559491
24.11.2017 17:39:03 +00.04061E+00  0140 008546 1 00000391 00000382 000 345 43063.7354599421
24.11.2017 17:39:04 +00.04061E+00  0157 008546 1 00000392 00000382 000 342 43063.7354639005
24.11.2017 17:39:04 +00.04061E+00  0169 008546 1 00000393 00000382 000 344 43063.7354678819
24.11.2017 17:39:04 +00.04061E+00  0188 008546 1 00000394 00000382 000 374 43063.7354722106
24.11.2017 17:39:05 +00.04061E+00  0200 008546 1 00000395 00000382 000 343 43063.7354761806
24.11.2017 17:39:05 +00.04061E+00  0215 008546 1 00000396 00000382 000 343 43063.7354801505
24.11.2017 17:39:05 +00.04061E+00  0222 008544 1 00000397 00000382 000 343 43063.7354841204
24.11.2017 17:39:06 +00.04061E+00  0238 008544 1 00000398 00000382 000 376 43063.7354884722
24.11.2017 17:39:06 +00.04060E+00  0254 008544 1 00000399 00000382 000 342 43063.7354924306
24.11.2017 17:39:08 +00.04072E+00  0021 008570 1 00000400 00000400 000 343 43063.735518669
24.11.2017 17:39:09 +00.04072E+00  0042 008570 1 00000401 00000400 000 343 43063.7355226389
24.11.2017 17:39:09 +00.04073E+00  0063 008570 1 00000402 00000400 000 420 43063.7355275
24.11.2017 17:39:09 +00.04073E+00  0084 008570 1 00000403 00000400 000 342 43063.7355314583
24.11.2017 17:39:10 +00.04072E+00  0096 008570 1 00000404 00000400 000 343 43063.7355354282
24.11.2017 17:39:10 +00.04072E+00  0109 008570 1 00000405 00000400 000 343 43063.7355393981
24.11.2017 17:39:10 +00.04072E+00  0120 008570 1 00000406 00000400 000 377 43063.7355437616
24.11.2017 17:39:11 +00.04073E+00  0137 008570 1 00000407 00000400 000 342 43063.7355477199
24.11.2017 17:39:11 +00.04072E+00  0152 008570 1 00000408 00000400 000 342 43063.7355516782
24.11.2017 17:39:12 +00.04072E+00  0160 008570 1 00000409 00000400 000 343 43063.7355556481
24.11.2017 17:39:12 +00.04072E+00  0173 008570 1 00000410 00000400 000 380 43063.7355600463
24.11.2017 17:39:12 +00.04072E+00  0190 008570 1 00000411 00000400 000 344 43063.7355640278
24.11.2017 17:39:13 +00.04073E+00  0204 008570 1 00000412 00000400 000 343 43063.7355679977
24.11.2017 17:39:13 +00.04072E+00  0214 008570 1 00000413 00000400 000 343 43063.7355719676
24.11.2017 17:39:13 +00.04072E+00  0231 008566 1 00000414 00000400 000 375 43063.7355763079
24.11.2017 17:39:14 +00.04071E+00  0248 008566 1 00000415 00000400 000 343 43063.7355802778
24.11.2017 17:39:14 +00.04071E+00  0263 008566 1 00000416 00000400 000 343 43063.7355842477
24.11.2017 17:39:16 +00.04081E+00  0015 008590 1 00000417 00000417 000 343 43063.7356097569
24.11.2017 17:39:17 +00.04082E+00  0033 008590 1 00000418 00000417 000 343 43063.7356137269
24.11.2017 17:39:17 +00.04082E+00  0046 008590 1 00000419 00000417 000 419 43063.7356185764
24.11.2017 17:39:17 +00.04082E+00  0064 008590 1 00000420 00000417 000 342 43063.7356225347
24.11.2017 17:39:18 +00.04082E+00  0077 008590 1 00000421 00000417 000 343 43063.7356265162
24.11.2017 17:39:18 +00.04082E+00  0088 008590 1 00000422 00000417 000 342 43063.7356304745
24.11.2017 17:39:18 +00.04082E+00  0109 008590 1 00000423 00000417 000 375 43063.7356348264
24.11.2017 17:39:19 +00.04082E+00  0123 008590 1 00000424 00000417 000 341 43063.7356387847
24.11.2017 17:39:19 +00.04082E+00  0141 008590 1 00000425 00000417 000 344 43063.7356427662
24.11.2017 17:39:19 +00.04082E+00  0160 008590 1 00000426 00000417 000 342 43063.7356467245
24.11.2017 17:39:20 +00.04082E+00  0171 008590 1 00000427 00000417 000 378 43063.7356510995
24.11.2017 17:39:20 +00.04082E+00  0189 008590 1 00000428 00000417 000 340 43063.7356550347
24.11.2017 17:39:20 +00.04082E+00  0205 008590 1 00000429 00000417 000 343 43063.7356590046
24.11.2017 17:39:21 +00.04082E+00  0225 008590 1 00000430 00000417 000 343 43063.7356629745
24.11.2017 17:39:21 +00.04082E+00  0239 008590 1 00000431 00000417 000 378 43063.7356673495
24.11.2017 17:39:22 +00.04081E+00  0259 008586 1 00000432 00000417 000 341 43063.7356712963
24.11.2017 17:39:22 +00.04081E+00  0271 008586 1 00000433 00000417 000 342 43063.7356752546
24.11.2017 17:39:22 +00.04080E+00  0281 008586 1 00000434 00000417 000 343 43063.7356792245
24.11.2017 17:39:24 +00.04092E+00  0013 008612 1 00000435 00000435 000 342 43063.7357050232
24.11.2017 17:39:25 +00.04092E+00  0030 008612 1 00000436 00000435 000 399 43063.7357096412
24.11.2017 17:39:25 +00.04092E+00  0042 008612 1 00000437 00000435 000 344 43063.7357136227
24.11.2017 17:39:26 +00.04093E+00  0056 008612 1 00000438 00000435 000 343 43063.7357175926
24.11.2017 17:39:26 +00.04092E+00  0071 008612 1 00000439 00000435 000 343 43063.7357215625
24.11.2017 17:39:26 +00.04093E+00  0085 008612 1 00000440 00000435 000 375 43063.7357259028
24.11.2017 17:39:27 +00.04092E+00  0098 008612 1 00000441 00000435 000 343 43063.7357298727
24.11.2017 17:39:27 +00.04092E+00  0118 008612 1 00000442 00000435 000 343 43063.7357338426
24.11.2017 17:39:27 +00.04093E+00  0132 008612 1 00000443 00000435 000 343 43063.7357378125
24.11.2017 17:39:28 +00.04092E+00  0148 008612 1 00000444 00000435 000 376 43063.7357421644
24.11.2017 17:39:28 +00.04092E+00  0161 008612 1 00000445 00000435 000 342 43063.7357461227
24.11.2017 17:39:28 +00.04092E+00  0173 008612 1 00000446 00000435 000 343 43063.7357500926
24.11.2017 17:39:29 +00.04092E+00  0194 008612 1 00000447 00000435 000 342 43063.7357540509
24.11.2017 17:39:29 +00.04092E+00  0210 008612 1 00000448 00000435 000 377 43063.7357584259
24.11.2017 17:39:29 +00.04092E+00  0226 008608 1 00000449 00000435 000 340 43063.7357623611
24.11.2017 17:39:30 +00.04092E+00  0244 008608 1 00000450 00000435 000 344 43063.7357663426
24.11.2017 17:39:30 +00.04091E+00  0256 008608 1 00000451 00000435 000 342 43063.7357703009
24.11.2017 17:39:33 +00.04103E+00  0010 008634 1 00000452 00000452 000 377 43063.735800706
24.11.2017 17:39:33 +00.04103E+00  0022 008634 1 00000453 00000452 000 341 43063.7358046528
24.11.2017 17:39:33 +00.04103E+00  0044 008634 1 00000454 00000452 000 343 43063.7358086227
24.11.2017 17:39:34 +00.04103E+00  0059 008634 1 00000455 00000452 000 343 43063.7358125926
24.11.2017 17:39:34 +00.04103E+00  0074 008634 1 00000456 00000452 000 378 43063.7358169676
24.11.2017 17:39:34 +00.04103E+00  0088 008634 1 00000457 00000452 000 340 43063.7358209028
24.11.2017 17:39:35 +00.04103E+00  0104 008634 1 00000458 00000452 000 341 43063.7358248611
24.11.2017 17:39:35 +00.04103E+00  0120 008634 1 00000459 00000452 000 343 43063.735828831
24.11.2017 17:39:35 +00.04103E+00  0130 008634 1 00000460 00000452 000 379 43063.7358332176
24.11.2017 17:39:36 +00.04103E+00  0141 008634 1 00000461 00000452 000 344 43063.7358372106
24.11.2017 17:39:36 +00.04103E+00  0152 008634 1 00000462 00000452 000 342 43063.7358411806
24.11.2017 17:39:37 +00.04103E+00  0163 008634 1 00000463 00000452 000 343 43063.7358451505
24.11.2017 17:39:37 +00.04103E+00  0178 008634 1 00000464 00000452 000 373 43063.7358494792
24.11.2017 17:39:37 +00.04103E+00  0196 008634 1 00000465 00000452 000 343 43063.7358534606
24.11.2017 17:39:38 +00.04103E+00  0211 008628 1 00000466 00000452 000 343 43063.7358574306
24.11.2017 17:39:38 +00.04102E+00  0231 008628 1 00000467 00000452 000 343 43063.7358614005
24.11.2017 17:39:38 +00.04101E+00  0245 008628 1 00000468 00000452 000 376 43063.7358657523