
24.11.2017 17:36:04 0.036011 0.000002   00280 7579 00000001 000020 000004 43063.7333812037
24.11.2017 17:36:12 0.036350 0.000010   00281 7643 00000001 000038 000020 43063.73347625
24.11.2017 17:36:21 0.036647 0.000012   00290 7703 00000001 000054 000038 43063.7335803009
24.11.2017 17:36:29 0.036956 0.000011   00252 7767 00000001 000071 000054 43063.7336765046
24.11.2017 17:36:37 0.037278 0.000024   00279 7830 00000001 000089 000071 43063.7337726852
24.11.2017 17:36:46 0.037556 0.000012   00315 7894 00000001 000107 000089 43063.7338688773
24.11.2017 17:36:56 0.038983 0.000006   00272 8208 00000001 000124 000107 43063.7339871759
24.11.2017 17:37:04 0.039115 0.000006   00253 8228 00000001 000142 000124 43063.7340833912
24.11.2017 17:37:13 0.039210 0.000000   00261 8250 00000001 000159 000142 43063.7341796181
24.11.2017 17:37:21 0.039318 0.000004   00242 8270 00000001 000176 000159 43063.7342746644
24.11.2017 17:37:29 0.039419 0.000002   00211 8292 00000001 000193 000176 43063.7343697222
24.11.2017 17:37:37 0.039516 0.000006   00240 8312 00000001 000211 000193 43063.7344659259
24.11.2017 17:37:45 0.039619 0.000003   00242 8334 00000001 000228 000211 43063.7345590856
24.11.2017 17:37:53 0.039715 0.000005   00236 8356 00000001 000245 000228 43063.7346522685
24.11.2017 17:38:01 0.039819 0.000003   00247 8376 00000001 000262 000245 43063.7347452431
24.11.2017 17:38:10 0.039922 0.000006   00251 8398 00000001 000279 000262 43063.734838287
24.11.2017 17:38:18 0.040028 0.000005   00244 8418 00000001 000296 000279 43063.7349312963
24.11.2017 17:38:26 0.040111 0.000003   00280 8440 00000001 000314 000296 43063.7350255208
24.11.2017 17:38:34 0.040219 0.000003   00276 8460 00000001 000331 000314 43063.7351197569
24.11.2017 17:38:42 0.040321 0.000006   00282 8480 00000001 000348 000331 43063.7352128588
24.11.2017 17:38:50 0.040419 0.000002   00262 8502 00000001 000365 000348 43063.7353060301
24.11.2017 17:38:58 0.040521 0.000004   00243 8524 00000001 000382 000365 43063.7353990625
24.11.2017 17:39:06 0.040609 0.000002   00254 8544 00000001 000400 000382 43063.7354933565
24.11.2017 17:39:14 0.040721 0.000006   00263 8566 00000001 000417 000400 43063.7355864583
24.11.2017 17:39:22 0.040818 0.000005   00281 8586 00000001 000435 000417 43063.7356795949
24.11.2017 17:39:30 0.040921 0.000005   00256 8608 00000001 000452 000435 43063.7357738194
24.11.2017 17:39:39 0.041028 0.000005   00245 8628 00000001 000469 000452 43063.735868125
24.11.2017 17:39:46 0.040991 0.000002   00230 8628 -00000001 000486 000469 43063.7359496759
24.11.2017 17:39:54 0.040889 0.000002   00244 8606 -00000001 000504 000486 43063.7360439699
24.11.2017 17:40:02 0.040772 0.000005   00239 8586 -00000001 000521 000504 43063.7361372106
24.11.2017 17:40:10 0.040679 0.000005   00258 8564 -00000001 000538 000521 43063.736230544
24.11.2017 17:40:18 0.040573 0.000008   00228 8544 -00000001 000555 000538 43063.7363237037
24.11.2017 17:40:26 0.040488 0.000004   00240 8522 -00000001 000573 000555 43063.7364168982
24.11.2017 17:40:34 0.040383 0.000006   00253 8502 -00000001 000590 000573 43063.7365103356
24.11.2017 17:40:42 0.040281 0.000003   00256 8480 -00000001 000607 000590 43063.7366047106
24.11.2017 17:40:50 0.040182 0.000005   00277 8460 -00000001 000625 000607 43063.7366990509
24.11.2017 17:40:58 0.040071 0.000005   00252 8438 -00000001 000642 000625 43063.7367924537
24.11.2017 17:41:06 0.039983 0.000006   00259 8418 -00000001 000659 000642 43063.7368858102
24.11.2017 17:41:15 0.039881 0.000003   00241 8396 -00000001 000676 000659 43063.736979213
24.11.2017 17:41:23 0.039783 0.000006   00241 8376 -00000001 000693 000676 43063.7370734954
24.11.2017 17:41:31 0.039681 0.000006   00272 8354 -00000001 000711 000693 43063.737168044
24.11.2017 17:41:39 0.039564 0.000008   00245 8334 -00000001 000728 000711 43063.7372614583
24.11.2017 17:41:47 0.039491 0.000004   00226 8312 -00000001 000745 000728 43063.7373547338
24.11.2017 17:41:55 0.039382 0.000006   00254 8292 -00000001 000762 000745 43063.7374481134
24.11.2017 17:42:03 0.039281 0.000002   00260 8270 -00000001 000779 000762 43063.7375425926
24.11.2017 17:42:11 0.039183 0.000006   00261 8250 -00000001 000796 000779 43063.7376371065
24.11.2017 17:42:19 0.039090 0.000000   00272 8228 -00000001 000814 000796 43063.7377305093
24.11.2017 17:42:28 0.038983 0.000007   00268 8208 -00000001 000832 000814 43063.7378251042
24.11.2017 17:42:40 0.037513 0.000004   00273 7894 -00000001 000849 000832 43063.7379662616
24.11.2017 17:42:48 0.037154 0.000011   00260 7829 -00000001 000867 000849 43063.7380598148
24.11.2017 17:42:56 0.036834 0.000017   00255 7765 -00000001 000885 000867 43063.7381545023
24.11.2017 17:43:04 0.036535 0.000012   00274 7703 -00000001 000902 000885 43063.7382478356
24.11.2017 17:43:12 0.036245 0.000012   00265 7641 -00000001 000920 000902 43063.7383423611
24.11.2017 17:43:20 0.035968 0.000009   00257 7579 -00000001 000938 000920 43063.7384370139
24.11.2017 17:43:28 0.036009 0.000002   00245 7579 00000001 000956 000938 43063.7385187963
24.11.2017 17:43:36 0.036341 0.000009   00266 7643 00000001 000974 000956 43063.7386133449
24.11.2017 17:43:44 0.036638 0.000013   00265 7703 00000001 000992 000974 43063.7387068287
24.11.2017 17:43:52 0.036964 0.000014   00251 7767 00000001 001009 000992 43063.7388003588
24.11.2017 17:44:00 0.037247 0.000008   00291 7831 00000001 001026 001009 43063.7388948727
24.11.2017 17:44:08 0.037554 0.000013   00241 7893 00000001 001044 001026 43063.7389882986
24.11.2017 17:44:20 0.038991 0.000002   00271 8207 00000001 001061 001044 43063.7391284028
24.11.2017 17:44:28 0.039119 0.000003   00274 8229 00000001 001078 001061 43063.7392218866
24.11.2017 17:44:36 0.039224 0.000008   00240 8249 00000001 001095 001078 43063.7393154051
24.11.2017 17:44:45 0.039309 0.000002   00279 8271 00000001 001113 001095 43063.7394098727
24.11.2017 17:44:53 0.039424 0.000008   00277 8291 00000001 001131 001113 43063.7395046875
24.11.2017 17:45:01 0.039528 0.000005   00229 8313 00000001 001148 001131 43063.7395992014
24.11.2017 17:45:09 0.039623 0.000006   00269 8335 00000001 001165 001148 43063.7396937384
24.11.2017 17:45:17 0.039709 0.000002   00264 8355 00000001 001182 001165 43063.7397883681
24.11.2017 17:45:25 0.039815 0.000005   00308 8377 00000001 001200 001182 43063.7398819097
24.11.2017 17:45:33 0.039928 0.000005   00260 8397 00000001 001217 001200 43063.7399754398
24.11.2017 17:45:41 0.040023 0.000006   00265 8419 00000001 001234 001217 43063.7400691088
24.11.2017 17:45:50 0.040128 0.000006   00253 8439 00000001 001252 001234 43063.7401637153
24.11.2017 17:45:58 0.040216 0.000005   00236 8461 00000001 001269 001252 43063.7402584838
24.11.2017 17:46:06 0.040319 0.000003   00288 8481 00000001 001286 001269 43063.7403518866
24.11.2017 17:46:14 0.040415 0.000005   00265 8503 00000001 001304 001286 43063.7404455324
24.11.2017 17:46:22 0.040528 0.000005   00243 8523 00000001 001321 001304 43063.7405391667
24.11.2017 17:46:30 0.040612 0.000007   00241 8543 00000001 001338 001321 43063.7406338889
24.11.2017 17:46:38 0.040718 0.000004   00266 8565 00000001 001356 001338 43063.7407272685
24.11.2017 17:46:47 0.040811 0.000006   00277 8585 00000001 001374 001356 43063.7408219213
24.11.2017 17:46:55 0.040928 0.000005   00241 8607 00000001 001391 001374 43063.7409153935
24.11.2017 17:47:03 0.041024 0.000006   00262 8629 00000001 001408 001391 43063.7410099653
24.11.2017 17:47:10 0.040997 0.000005   00243 8629 -00000001 001425 001408 43063.7410930324
24.11.2017 17:47:18 0.040881 0.000003   00256 8607 -00000001 001442 001425 43063.7411877778
24.11.2017 17:47:26 0.040787 0.000005   00273 8585 -00000001 001460 001442 43063.7412812269
24.11.2017 17:47:34 0.040672 0.000008   00260 8565 -00000001 001477 001460 43063.7413747222
24.11.2017 17:47:42 0.040590 0.000000   00279 8543 -00000001 001495 001477 43063.7414684375
24.11.2017 17:47:50 0.040483 0.000006   00241 8523 -00000001 001513 001495 43063.7415620602
24.11.2017 17:47:59 0.040382 0.000004   00283 8501 -00000001 001531 001513 43063.7416566088
24.11.2017 17:48:07 0.040282 0.000005   00241 8481 -00000001 001548 001531 43063.7417501852
24.11.2017 17:48:15 0.040187 0.000004   00228 8459 -00000001 001565 001548 43063.7418449653
24.11.2017 17:48:23 0.040083 0.000006   00291 8439 -00000001 001583 001565 43063.7419395833
24.11.2017 17:48:31 0.039989 0.000003   00297 8417 -00000001 001601 001583 43063.7420342824
24.11.2017 17:48:39 0.039884 0.000005   00264 8395 -00000001 001619 001601 43063.7421290162
24.11.2017 17:48:48 0.039789 0.000005   00257 8375 -00000001 001637 001619 43063.7422224074
24.11.2017 17:48:56 0.039673 0.000006   00254 8355 -00000001 001654 001637 43063.7423169444
24.11.2017 17:49:04 0.039581 0.000003   00288 8333 -00000001 001671 001654 43063.7424106481
24.11.2017 17:49:12 0.039484 0.000006   00271 8313 -00000001 001689 001671 43063.7425055671
24.11.2017 17:49:20 0.039390 0.000000   00280 8291 -00000001 001707 001689 43063.7426005324
24.11.2017 17:49:28 0.039291 0.000003   00278 8271 -00000001 001725 001707 43063.742695625
24.11.2017 17:49:36 0.039172 0.000005   00263 8249 -00000001 001742 001725 43063.7427891782
24.11.2017 17:49:45 0.039073 0.000008   00258 8229 -00000001 001759 001742 43063.7428838079
24.11.2017 17:49:53 0.038991 0.000002   00264 8207 -00000001 001777 001759 43063.7429785764
24.11.2017 17:50:03 0.037517 0.000006   00259 7893 -00000001 001794 001777 43063.7430958102
24.11.2017 17:50:11 0.037154 0.000012   00277 7831 -00000001 001812 001794 43063.7431896875
24.11.2017 17:50:19 0.036816 0.000016   00276 7766 -00000001 001829 001812 43063.743283588
24.11.2017 17:50:27 0.036525 0.000015   00281 7703 -00000001 001846 001829 43063.7433783681
24.11.2017 17:50:36 0.036264 0.000009   00227 7641 -00000001 001863 001846 43063.7434734028
24.11.2017 17:50:44 0.035950 0.000010   00262 7577 -00000001 001881 001863 43063.7435683449
24.11.2017 17:50:51 0.036010 0.000000   00268 7579 00000001 001898 001881 43063.7436515278
24.11.2017 17:50:59 0.036377 0.000015   00234 7643 00000001 001915 001898 43063.7437462616
24.11.2017 17:51:07 0.036639 0.000010   00261 7705 00000001 001932 001915 43063.7438410185
24.11.2017 17:51:16 0.036954 0.000011   00239 7767 00000001 001950 001932 43063.7439357755
24.11.2017 17:51:24 0.037247 0.000011   00261 7831 00000001 001968 001950 43063.7440294907
24.11.2017 17:51:32 0.037591 0.000024   00253 7894 00000001 001986 001968 43063.7441244792
24.11.2017 17:51:42 0.038975 0.000008   00283 8208 00000001 002004 001986 43063.7442425579
24.11.2017 17:51:50 0.039124 0.000009   00258 8228 00000001 002021 002004 43063.7443361574
24.11.2017 17:51:58 0.039219 0.000003   00282 8250 00000001 002038 002021 43063.7444309144
24.11.2017 17:52:07 0.039316 0.000006   00250 8270 00000001 002055 002038 43063.7445257755
24.11.2017 17:52:15 0.039409 0.000003   00303 8292 00000001 002073 002055 43063.7446205671
24.11.2017 17:52:23 0.039514 0.000007   00261 8312 00000001 002091 002073 43063.7447156019
24.11.2017 17:52:31 0.039618 0.000005   00257 8334 00000001 002109 002091 43063.7448093056
24.11.2017 17:52:39 0.039713 0.000006   00238 8354 00000001 002127 002109 43063.7449041898
24.11.2017 17:52:47 0.039809 0.000003   00265 8376 00000001 002145 002127 43063.744997963
24.11.2017 17:52:55 0.039915 0.000007   00292 8396 00000001 002163 002145 43063.745091875
24.11.2017 17:53:04 0.040028 0.000005   00242 8418 00000001 002180 002163 43063.7451869329
24.11.2017 17:53:12 0.040121 0.000007   00231 8438 00000001 002197 002180 43063.7452819097
24.11.2017 17:53:20 0.040218 0.000005   00249 8460 00000001 002214 002197 43063.7453757176
24.11.2017 17:53:28 0.040313 0.000007   00250 8480 00000001 002232 002214 43063.7454695139
24.11.2017 17:53:36 0.040428 0.000005   00229 8502 00000001 002249 002232 43063.7455642708
24.11.2017 17:53:44 0.040519 0.000002   00274 8524 00000001 002266 002249 43063.7456589931
24.11.2017 17:53:53 0.040609 0.000002   00272 8544 00000001 002283 002266 43063.7457529977
24.11.2017 17:54:01 0.040714 0.000006   00288 8564 00000001 002301 002283 43063.7458482407
24.11.2017 17:54:09 0.040818 0.000005   00277 8586 00000001 002319 002301 43063.7459419676
24.11.2017 17:54:17 0.040928 0.000007   00277 8608 00000001 002337 002319 43063.746036875
24.11.2017 17:54:25 0.041018 0.000004   00266 8628 00000001 002354 002337 43063.7461316667
24.11.2017 17:54:32 0.040991 0.000002   00271 8628 -00000001 002371 002354 43063.7462140972
24.11.2017 17:54:41 0.040880 0.000004   00257 8606 -00000001 002388 002371 43063.7463088889
24.11.2017 17:54:49 0.040781 0.000003   00235 8586 -00000001 002405 002388 43063.7464037847
24.11.2017 17:54:57 0.040689 0.000002   00255 8564 -00000001 002423 002405 43063.7464974537
24.11.2017 17:55:05 0.040574 0.000008   00279 8544 -00000001 002441 002423 43063.7465924421
24.11.2017 17:55:13 0.040471 0.000005   00279 8522 -00000001 002458 002441 43063.7466862384
24.11.2017 17:55:21 0.040391 0.000003   00254 8502 -00000001 002475 002458 43063.74678
24.11.2017 17:55:29 0.040290 0.000005   00265 8482 -00000001 002493 002475 43063.7468748727
24.11.2017 17:55:38 0.040174 0.000008   00282 8460 -00000001 002511 002493 43063.7469697106
24.11.2017 17:55:46 0.040072 0.000006   00284 8438 -00000001 002529 002511 43063.7470647569
24.11.2017 17:55:54 0.039983 0.000006   00253 8418 -00000001 002546 002529 43063.7471587153
24.11.2017 17:56:02 0.039889 0.000002   00264 8396 -00000001 002563 002546 43063.7472527315
24.11.2017 17:56:10 0.039782 0.000005   00302 8376 -00000001 002581 002563 43063.7473477662
24.11.2017 17:56:18 0.039672 0.000006   00252 8354 -00000001 002599 002581 43063.7474417708
24.11.2017 17:56:27 0.039583 0.000006   00250 8334 -00000001 002616 002599 43063.7475356829
24.11.2017 17:56:35 0.039489 0.000002   00260 8312 -00000001 002634 002616 43063.7476305903
24.11.2017 17:56:43 0.039384 0.000006   00288 8292 -00000001 002652 002634 43063.7477244213
24.11.2017 17:56:51 0.039272 0.000006   00258 8270 -00000001 002670 002652 43063.7478197917
24.11.2017 17:56:59 0.039184 0.000007   00267 8250 -00000001 002688 002670 43063.7479145718
24.11.2017 17:57:08 0.039081 0.000003   00298 8228 -00000001 002706 002688 43063.7480096759
24.11.2017 17:57:16 0.038975 0.000007   00247 8206 -00000001 002724 002706 43063.7481046528
24.11.2017 17:57:28 0.037515 0.000005   00258 7894 -00000001 002741 002724 43063.7482461458
24.11.2017 17:57:36 0.037126 0.000016   00271 7829 -00000001 002758 002741 43063.7483401968
24.11.2017 17:57:44 0.036866 0.000011   00272 7767 -00000001 002776 002758 43063.748434375
24.11.2017 17:57:52 0.036536 0.000014   00257 7703 -00000001 002793 002776 43063.7485283681
24.11.2017 17:58:01 0.036244 0.000011   00272 7641 -00000001 002810 002793 43063.7486236921
24.11.2017 17:58:09 0.035933 0.000013   00244 7577 -00000001 002827 002810 43063.748718912
24.11.2017 17:58:16 0.036009 0.000002   00245 7579 00000001 002844 002827 43063.7488011921
24.11.2017 17:58:24 0.036349 0.000010   00252 7643 00000001 002861 002844 43063.7488964236
24.11.2017 17:58:32 0.036658 0.000011   00241 7705 00000001 002878 002861 43063.7489917708
24.11.2017 17:58:41 0.036936 0.000008   00281 7767 00000001 002896 002878 43063.749086875
24.11.2017 17:58:49 0.037247 0.000009   00269 7831 00000001 002914 002896 43063.7491809144
24.11.2017 17:58:57 0.037544 0.000011   00259 7893 00000001 002932 002914 43063.7492762384
24.11.2017 17:59:09 0.038990 0.000000   00283 8207 00000001 002949 002932 43063.7494167824
24.11.2017 17:59:17 0.039126 0.000009   00261 8228 00000001 002966 002949 43063.7495104977
24.11.2017 17:59:25 0.039238 0.000007   00246 8250 00000001 002983 002966 43063.7496044329
24.11.2017 17:59:33 0.039316 0.000007   00262 8270 00000001 003001 002984 43063.7496985532
24.11.2017 17:59:42 0.039419 0.000003   00253 8292 00000001 003018 003001 43063.7497926157
24.11.2017 17:59:50 0.039517 0.000005   00254 8314 00000001 003036 003018 43063.7498880556
24.11.2017 17:59:58 0.039627 0.000008   00263 8334 00000001 003054 003036 43063.7499821412
24.11.2017 18:00:06 0.039723 0.000008   00282 8354 00000001 003072 003054 43063.7500779282
24.11.2017 18:00:14 0.039828 0.000005   00273 8376 00000001 003089 003072 43063.7501720602
24.11.2017 18:00:23 0.039918 0.000004   00237 8396 00000001 003106 003089 43063.7502674421
24.11.2017 18:00:31 0.040009 0.000003   00264 8418 00000001 003123 003106 43063.7503614699
24.11.2017 18:00:39 0.040112 0.000004   00265 8440 00000001 003141 003123 43063.7504570023
24.11.2017 18:00:47 0.040218 0.000005   00283 8460 00000001 003159 003141 43063.7505511111
24.11.2017 18:00:55 0.040333 0.000008   00249 8480 00000001 003176 003159 43063.750645081
24.11.2017 18:01:03 0.040409 0.000003   00273 8502 00000001 003193 003176 43063.7507391204
24.11.2017 18:01:11 0.040512 0.000005   00247 8522 00000001 003211 003193 43063.7508331713
24.11.2017 18:01:20 0.040628 0.000005   00248 8544 00000001 003229 003211 43063.7509283565
24.11.2017 18:01:28 0.040731 0.000007   00243 8566 00000001 003246 003229 43063.7510220833
24.11.2017 18:01:36 0.040818 0.000006   00273 8586 00000001 003263 003246 43063.7511163657
24.11.2017 18:01:44 0.040911 0.000003   00290 8608 00000001 003281 003263 43063.751210463
24.11.2017 18:01:52 0.041009 0.000002   00246 8628 00000001 003298 003281 43063.7513046296
24.11.2017 18:01:59 0.041000 0.000000   00241 8628 -00000001 003316 003298 43063.751387963
24.11.2017 18:02:08 0.040881 0.000005   00299 8606 -00000001 003334 003316 43063.7514820139
24.11.2017 18:02:16 0.040782 0.000004   00225 8586 -00000001 003352 003334 43063.7515770139
24.11.2017 18:02:24 0.040690 0.000000   00272 8564 -00000001 003370 003352 43063.7516723843
24.11.2017 18:02:32 0.040583 0.000006   00299 8544 -00000001 003388 003370 43063.7517666551
24.11.2017 18:02:40 0.040490 0.000005   00253 8524 -00000001 003406 003388 43063.7518608333
24.11.2017 18:02:49 0.040374 0.000007   00272 8502 -00000001 003424 003406 43063.751956088
24.11.2017 18:02:57 0.040272 0.000006   00277 8480 -00000001 003442 003424 43063.7520514931
24.11.2017 18:03:05 0.040182 0.000005   00243 8460 -00000001 003460 003442 43063.7521468056
24.11.2017 18:03:13 0.040072 0.000005   00245 8438 -00000001 003477 003460 43063.7522412037
24.11.2017 18:03:21 0.039974 0.000008   00259 8418 -00000001 003494 003477 43063.7523351042
24.11.2017 18:03:29 0.039890 0.000003   00291 8396 -00000001 003512 003494 43063.7524305324
24.11.2017 18:03:38 0.039783 0.000007   00258 8376 -00000001 003529 003512 43063.7525245486
24.11.2017 18:03:46 0.039689 0.000005   00262 8356 -00000001 003547 003529 43063.7526187616
24.11.2017 18:03:54 0.039582 0.000004   00247 8334 -00000001 003564 003547 43063.7527128472
24.11.2017 18:04:02 0.039473 0.000007   00268 8312 -00000001 003582 003564 43063.7528083565
24.11.2017 18:04:10 0.039367 0.000011   00295 8292 -00000001 003600 003582 43063.7529028935
24.11.2017 18:04:19 0.039291 0.000004   00258 8270 -00000001 003618 003600 43063.7529980208
24.11.2017 18:04:27 0.039176 0.000008   00272 8250 -00000001 003636 003618 43063.7530930324
24.11.2017 18:04:35 0.039091 0.000002   00296 8228 -00000001 003654 003636 43063.7531875347
24.11.2017 18:04:43 0.038974 0.000006   00263 8206 -00000001 003671 003654 43063.7532821412
24.11.2017 18:04:55 0.037509 0.000002   00268 7893 -00000001 003688 003671 43063.7534228009
24.11.2017 18:05:04 0.037144 0.000012   00294 7829 -00000001 003706 003688 43063.753518669
24.11.2017 18:05:12 0.036865 0.000008   00292 7767 -00000001 003724 003706 43063.7536141898
24.11.2017 18:05:20 0.036555 0.000011   00280 7703 -00000001 003742 003724 43063.7537086343
24.11.2017 18:05:28 0.036255 0.000011   00273 7641 -00000001 003760 003742 43063.753802581
24.11.2017 18:05:36 0.035908 0.000018   00256 7576 -00000001 003777 003760 43063.7538969444
24.11.2017 18:05:43 0.036017 0.000006   00250 7578 00000001 003794 003777 43063.75398
24.11.2017 18:05:51 0.036364 0.000014   00244 7642 00000001 003811 003794 43063.7540739931
24.11.2017 18:06:00 0.036654 0.000014   00258 7704 00000001 003828 003811 43063.7541681829
24.11.2017 18:06:08 0.037011 0.000030   00248 7768 00000001 003846 003828 43063.7542623495
24.11.2017 18:06:16 0.037253 0.000015   00256 7830 00000001 003864 003846 43063.7543578588
24.11.2017 18:06:24 0.037540 0.000009   00270 7894 00000001 003882 003864 43063.7544525
24.11.2017 18:06:36 0.038991 0.000002   00242 8207 00000001 003899 003882 43063.7545935069
24.11.2017 18:06:45 0.039109 0.000002   00274 8229 00000001 003916 003899 43063.7546886921
24.11.2017 18:06:53 0.039214 0.000006   00244 8249 00000001 003933 003916 43063.7547840046
24.11.2017 18:07:01 0.039311 0.000002   00235 8271 00000001 003951 003933 43063.7548793866
24.11.2017 18:07:09 0.039416 0.000006   00279 8291 00000001 003969 003951 43063.7549739583
24.11.2017 18:07:18 0.039509 0.000002   00277 8313 00000001 003987 003969 43063.7550696181
24.11.2017 18:07:26 0.039614 0.000005   00259 8335 00000001 004005 003987 43063.7551638426
24.11.2017 18:07:34 0.039718 0.000005   00240 8355 00000001 004023 004005 43063.7552593403
24.11.2017 18:07:42 0.039823 0.000008   00264 8375 00000001 004041 004023 43063.7553546759
24.11.2017 18:07:50 0.039928 0.000006   00257 8397 00000001 004059 004041 43063.7554490046
24.11.2017 18:07:58 0.040015 0.000005   00228 8419 00000001 004076 004059 43063.7555431829
24.11.2017 18:08:07 0.040118 0.000005   00282 8439 00000001 004093 004076 43063.7556372222
24.11.2017 18:08:15 0.040214 0.000005   00244 8461 00000001 004111 004093 43063.7557326852
24.11.2017 18:08:23 0.040309 0.000002   00277 8481 00000001 004129 004111 43063.7558284259
24.11.2017 18:08:31 0.040416 0.000006   00261 8501 00000001 004147 004129 43063.7559241898
24.11.2017 18:08:40 0.040518 0.000005   00263 8523 00000001 004165 004147 43063.7560186574
24.11.2017 18:08:48 0.040632 0.000008   00262 8545 00000001 004183 004165 43063.7561140162
24.11.2017 18:08:56 0.040718 0.000004   00296 8565 00000001 004201 004183 43063.7562095486
24.11.2017 18:09:04 0.040812 0.000004   00295 8587 00000001 004219 004201 43063.7563051273
24.11.2017 18:09:12 0.040918 0.000005   00252 8607 00000001 004236 004219 43063.7563998958
24.11.2017 18:09:20 0.041014 0.000005   00269 8629 00000001 004254 004236 43063.7564930324
24.11.2017 18:09:28 0.040998 0.000004   00242 8627 -00000001 004272 004254 43063.7565757407
24.11.2017 18:09:36 0.040872 0.000005   00239 8607 -00000001 004289 004272 43063.7566698148
24.11.2017 18:09:44 0.040779 0.000006   00257 8585 -00000001 004306 004289 43063.7567628009
24.11.2017 18:09:52 0.040673 0.000008   00226 8565 -00000001 004323 004306 43063.7568556134
24.11.2017 18:10:00 0.040588 0.000006   00245 8543 -00000001 004341 004323 43063.7569496065
24.11.2017 18:10:08 0.040472 0.000005   00240 8523 -00000001 004358 004341 43063.7570424768
24.11.2017 18:10:16 0.040389 0.000002   00256 8501 -00000001 004375 004358 43063.7571364699
24.11.2017 18:10:24 0.040282 0.000004   00265 8481 -00000001 004392 004375 43063.7572304398
24.11.2017 18:10:32 0.040180 0.000004   00239 8459 -00000001 004409 004392 43063.7573232639
24.11.2017 18:10:40 0.040091 0.000002   00240 8439 -00000001 004426 004409 43063.7574161343
24.11.2017 18:10:48 0.039990 0.000000   00248 8417 -00000001 004443 004426 43063.7575100926
24.11.2017 18:10:56 0.039883 0.000006   00247 8397 -00000001 004461 004443 43063.7576038079
24.11.2017 18:11:05 0.039781 0.000003   00261 8375 -00000001 004478 004461 43063.7576968171
24.11.2017 18:11:13 0.039681 0.000003   00274 8355 -00000001 004495 004478 43063.7577898148
24.11.2017 18:11:21 0.039572 0.000005   00241 8333 -00000001 004512 004495 43063.7578828125
24.11.2017 18:11:29 0.039492 0.000004   00248 8313 -00000001 004529 004512 43063.7579757523
24.11.2017 18:11:37 0.039382 0.000005   00249 8291 -00000001 004546 004529 43063.7580696296