
24.11.2017 17:39:40 +00.04099E+00  0011 008626 -1 00000469 00000469 000 342 43063.7358829167
24.11.2017 17:39:40 +00.04099E+00  0019 008626 -1 00000470 00000469 000 343 43063.7358868866
24.11.2017 17:39:40 +00.04099E+00  0034 008626 -1 00000471 00000469 000 342 43063.7358908449
24.11.2017 17:39:41 +00.04099E+00  0044 008626 -1 00000472 00000469 000 360 43063.7358950232
24.11.2017 17:39:41 +00.04099E+00  0054 008626 -1 00000473 00000469 000 345 43063.7358990162
24.11.2017 17:39:42 +00.04099E+00  0068 008626 -1 00000474 00000469 000 343 43063.7359029861
24.11.2017 17:39:42 +00.04099E+00  0089 008626 -1 00000475 00000469 000 343 43063.735906956
24.11.2017 17:39:42 +00.04099E+00  0105 008626 -1 00000476 00000469 000 374 43063.7359112847
24.11.2017 17:39:43 +00.04099E+00  0119 008626 -1 00000477 00000469 000 343 43063.7359152546
24.11.2017 17:39:43 +00.04099E+00  0132 008626 -1 00000478 00000469 000 343 43063.7359192245
24.11.2017 17:39:43 +00.04099E+00  0151 008626 -1 00000479 00000469 000 344 43063.735923206
24.11.2017 17:39:44 +00.04099E+00  0163 008626 -1 00000480 00000469 000 374 43063.7359275347
24.11.2017 17:39:44 +00.04099E+00  0182 008626 -1 00000481 00000469 000 342 43063.7359315046
24.11.2017 17:39:44 +00.04099E+00  0193 008626 -1 00000482 00000469 000 344 43063.7359354861
24.11.2017 17:39:45 +00.04099E+00  0210 008628 -1 00000483 00000469 000 342 43063.7359394444
24.11.2017 17:39:45 +00.04099E+00  0221 008628 -1 00000484 00000469 000 377 43063.7359438079
24.11.2017 17:39:45 +00.04100E+00  0230 008628 -1 00000485 00000469 000 341 43063.7359477546
24.11.2017 17:39:48 +00.04089E+00  0010 008604 -1 00000486 00000486 000 343 43063.7359739931
24.11.2017 17:39:48 +00.04089E+00  0017 008604 -1 00000487 00000486 000 343 43063.735977963
24.11.2017 17:39:48 +00.04089E+00  0029 008604 -1 00000488 00000486 000 421 43063.7359828356
24.11.2017 17:39:49 +00.04088E+00  0049 008604 -1 00000489 00000486 000 342 43063.735986794
24.11.2017 17:39:49 +00.04089E+00  0062 008604 -1 00000490 00000486 000 342 43063.7359907523
24.11.2017 17:39:49 +00.04089E+00  0072 008604 -1 00000491 00000486 000 343 43063.7359947222
24.11.2017 17:39:50 +00.04089E+00  0092 008604 -1 00000492 00000486 000 378 43063.7359990972
24.11.2017 17:39:50 +00.04089E+00  0102 008604 -1 00000493 00000486 000 340 43063.7360030324
24.11.2017 17:39:51 +00.04089E+00  0110 008604 -1 00000494 00000486 000 343 43063.7360070023
24.11.2017 17:39:51 +00.04089E+00  0127 008604 -1 00000495 00000486 000 343 43063.7360109722
24.11.2017 17:39:51 +00.04089E+00  0139 008604 -1 00000496 00000486 000 379 43063.7360153588
24.11.2017 17:39:52 +00.04089E+00  0151 008604 -1 00000497 00000486 000 340 43063.736019294
24.11.2017 17:39:52 +00.04089E+00  0165 008604 -1 00000498 00000486 000 342 43063.7360232523
24.11.2017 17:39:52 +00.04089E+00  0182 008604 -1 00000499 00000486 000 343 43063.7360272222
24.11.2017 17:39:53 +00.04089E+00  0194 008604 -1 00000500 00000486 000 380 43063.7360316204
24.11.2017 17:39:53 +00.04089E+00  0205 008606 -1 00000501 00000486 000 344 43063.7360356019
24.11.2017 17:39:53 +00.04089E+00  0223 008606 -1 00000502 00000486 000 343 43063.7360395718
24.11.2017 17:39:54 +00.04089E+00  0244 008606 -1 00000503 00000486 000 343 43063.7360435417
24.11.2017 17:39:56 +00.04078E+00  0010 008580 -1 00000504 00000504 000 342 43063.7360692593
24.11.2017 17:39:56 +00.04077E+00  0033 008580 -1 00000505 00000504 000 400 43063.7360739005
24.11.2017 17:39:57 +00.04077E+00  0048 008580 -1 00000506 00000504 000 343 43063.7360778704
24.11.2017 17:39:57 +00.04077E+00  0060 008580 -1 00000507 00000504 000 343 43063.7360818403
24.11.2017 17:39:57 +00.04077E+00  0078 008580 -1 00000508 00000504 000 343 43063.7360858102
24.11.2017 17:39:58 +00.04077E+00  0086 008580 -1 00000509 00000504 000 376 43063.736090162
24.11.2017 17:39:58 +00.04077E+00  0102 008580 -1 00000510 00000504 000 341 43063.7360941088
24.11.2017 17:39:58 +00.04077E+00  0114 008580 -1 00000511 00000504 000 343 43063.7360980787
24.11.2017 17:39:59 +00.04077E+00  0124 008580 -1 00000512 00000504 000 344 43063.7361020602
24.11.2017 17:39:59 +00.04077E+00  0142 008580 -1 00000513 00000504 000 377 43063.7361064236
24.11.2017 17:39:59 +00.04077E+00  0164 008580 -1 00000514 00000504 000 340 43063.7361103588
24.11.2017 17:40:00 +00.04077E+00  0170 008580 -1 00000515 00000504 000 343 43063.7361143287
24.11.2017 17:40:00 +00.04077E+00  0189 008580 -1 00000516 00000504 000 343 43063.7361182986
24.11.2017 17:40:01 +00.04077E+00  0196 008580 -1 00000517 00000504 000 379 43063.7361226852
24.11.2017 17:40:01 +00.04077E+00  0211 008586 -1 00000518 00000504 000 340 43063.7361266204
24.11.2017 17:40:01 +00.04078E+00  0226 008586 -1 00000519 00000504 000 342 43063.7361305787
24.11.2017 17:40:02 +00.04079E+00  0239 008586 -1 00000520 00000504 000 343 43063.7361345486
24.11.2017 17:40:04 +00.04068E+00  0015 008560 -1 00000521 00000521 000 378 43063.7361649653
24.11.2017 17:40:04 +00.04068E+00  0034 008560 -1 00000522 00000521 000 340 43063.7361689005
24.11.2017 17:40:05 +00.04068E+00  0045 008560 -1 00000523 00000521 000 342 43063.7361728588
24.11.2017 17:40:05 +00.04068E+00  0061 008560 -1 00000524 00000521 000 343 43063.7361768287
24.11.2017 17:40:06 +00.04068E+00  0075 008560 -1 00000525 00000521 000 380 43063.7361812269
24.11.2017 17:40:06 +00.04067E+00  0094 008560 -1 00000526 00000521 000 344 43063.7361852083
24.11.2017 17:40:06 +00.04067E+00  0109 008560 -1 00000527 00000521 000 343 43063.7361891782
24.11.2017 17:40:07 +00.04067E+00  0123 008560 -1 00000528 00000521 000 343 43063.7361931482
24.11.2017 17:40:07 +00.04068E+00  0130 008560 -1 00000529 00000521 000 375 43063.7361974884
24.11.2017 17:40:07 +00.04068E+00  0143 008560 -1 00000530 00000521 000 343 43063.7362014583
24.11.2017 17:40:08 +00.04068E+00  0162 008560 -1 00000531 00000521 000 343 43063.7362054282
24.11.2017 17:40:08 +00.04068E+00  0179 008560 -1 00000532 00000521 000 343 43063.7362093982
24.11.2017 17:40:08 +00.04068E+00  0196 008560 -1 00000533 00000521 000 376 43063.73621375
24.11.2017 17:40:09 +00.04068E+00  0211 008560 -1 00000534 00000521 000 342 43063.7362177083
24.11.2017 17:40:09 +00.04068E+00  0228 008564 -1 00000535 00000521 000 343 43063.7362216782
24.11.2017 17:40:09 +00.04068E+00  0242 008564 -1 00000536 00000521 000 343 43063.7362256482
24.11.2017 17:40:10 +00.04069E+00  0258 008564 -1 00000537 00000521 000 377 43063.7362300116
24.11.2017 17:40:12 +00.04058E+00  0014 008538 -1 00000538 00000538 000 377 43063.7362560301
24.11.2017 17:40:12 +00.04058E+00  0027 008538 -1 00000539 00000538 000 341 43063.7362599769
24.11.2017 17:40:13 +00.04057E+00  0042 008538 -1 00000540 00000538 000 343 43063.7362639468
24.11.2017 17:40:13 +00.04057E+00  0057 008538 -1 00000541 00000538 000 342 43063.7362679051
24.11.2017 17:40:13 +00.04057E+00  0068 008538 -1 00000542 00000538 000 378 43063.7362722917
24.11.2017 17:40:14 +00.04057E+00  0084 008538 -1 00000543 00000538 000 340 43063.7362762269
24.11.2017 17:40:14 +00.04057E+00  0093 008538 -1 00000544 00000538 000 342 43063.7362801852
24.11.2017 17:40:14 +00.04057E+00  0113 008538 -1 00000545 00000538 000 344 43063.7362841667
24.11.2017 17:40:15 +00.04057E+00  0124 008538 -1 00000546 00000538 000 379 43063.7362885532
24.11.2017 17:40:15 +00.04057E+00  0136 008538 -1 00000547 00000538 000 345 43063.7362925463
24.11.2017 17:40:16 +00.04057E+00  0144 008538 -1 00000548 00000538 000 343 43063.7362965162
24.11.2017 17:40:16 +00.04057E+00  0158 008538 -1 00000549 00000538 000 343 43063.7363004861
24.11.2017 17:40:16 +00.04057E+00  0172 008538 -1 00000550 00000538 000 374 43063.7363048148
24.11.2017 17:40:17 +00.04057E+00  0191 008538 -1 00000551 00000538 000 343 43063.7363087847
24.11.2017 17:40:17 +00.04057E+00  0204 008544 -1 00000552 00000538 000 343 43063.7363127546
24.11.2017 17:40:17 +00.04058E+00  0215 008544 -1 00000553 00000538 000 343 43063.7363167245
24.11.2017 17:40:18 +00.04060E+00  0228 008544 -1 00000554 00000538 000 376 43063.7363210764
24.11.2017 17:40:20 +00.04049E+00  0009 008520 -1 00000555 00000555 000 381 43063.7363470949
24.11.2017 17:40:20 +00.04049E+00  0021 008520 -1 00000556 00000555 000 342 43063.7363510532
24.11.2017 17:40:21 +00.04048E+00  0035 008520 -1 00000557 00000555 000 343 43063.7363550231
24.11.2017 17:40:21 +00.04049E+00  0049 008520 -1 00000558 00000555 000 343 43063.7363589931
24.11.2017 17:40:21 +00.04048E+00  0055 008520 -1 00000559 00000555 000 377 43063.7363633565
24.11.2017 17:40:22 +00.04048E+00  0072 008520 -1 00000560 00000555 000 341 43063.7363673032
24.11.2017 17:40:22 +00.04048E+00  0088 008520 -1 00000561 00000555 000 343 43063.7363712731
24.11.2017 17:40:22 +00.04049E+00  0102 008520 -1 00000562 00000555 000 343 43063.7363752431
24.11.2017 17:40:23 +00.04049E+00  0112 008520 -1 00000563 00000555 000 379 43063.7363796296
24.11.2017 17:40:23 +00.04049E+00  0129 008520 -1 00000564 00000555 000 340 43063.7363835648
24.11.2017 17:40:23 +00.04049E+00  0135 008520 -1 00000565 00000555 000 342 43063.7363875231
24.11.2017 17:40:24 +00.04049E+00  0147 008520 -1 00000566 00000555 000 343 43063.7363914931
24.11.2017 17:40:24 +00.04049E+00  0165 008520 -1 00000567 00000555 000 380 43063.7363958912
24.11.2017 17:40:24 +00.04049E+00  0182 008520 -1 00000568 00000555 000 344 43063.7363998727
24.11.2017 17:40:25 +00.04049E+00  0197 008520 -1 00000569 00000555 000 343 43063.7364038426
24.11.2017 17:40:25 +00.04049E+00  0218 008522 -1 00000570 00000555 000 343 43063.7364078125
24.11.2017 17:40:26 +00.04049E+00  0233 008522 -1 00000571 00000555 000 375 43063.7364121528
24.11.2017 17:40:26 +00.04049E+00  0240 008522 -1 00000572 00000555 000 343 43063.7364161227
24.11.2017 17:40:28 +00.04038E+00  0008 008498 -1 00000573 00000573 000 343 43063.7364423611
24.11.2017 17:40:28 +00.04038E+00  0030 008498 -1 00000574 00000573 000 343 43063.736446331
24.11.2017 17:40:29 +00.04039E+00  0042 008498 -1 00000575 00000573 000 419 43063.7364511806
24.11.2017 17:40:29 +00.04039E+00  0054 008498 -1 00000576 00000573 000 343 43063.7364551505
24.11.2017 17:40:30 +00.04038E+00  0080 008498 -1 00000577 00000573 000 343 43063.7364591204
24.11.2017 17:40:30 +00.04038E+00  0095 008498 -1 00000578 00000573 000 343 43063.7364630903
24.11.2017 17:40:30 +00.04038E+00  0119 008498 -1 00000579 00000573 000 376 43063.7364674421
24.11.2017 17:40:31 +00.04038E+00  0132 008498 -1 00000580 00000573 000 342 43063.7364714005
24.11.2017 17:40:31 +00.04038E+00  0146 008498 -1 00000581 00000573 000 342 43063.7364753588
24.11.2017 17:40:31 +00.04038E+00  0155 008498 -1 00000582 00000573 000 343 43063.7364793403
24.11.2017 17:40:32 +00.04038E+00  0170 008498 -1 00000583 00000573 000 377 43063.7364837037
24.11.2017 17:40:32 +00.04038E+00  0179 008498 -1 00000584 00000573 000 341 43063.7364876505
24.11.2017 17:40:32 +00.04038E+00  0200 008498 -1 00000585 00000573 000 342 43063.7364916088
24.11.2017 17:40:33 +00.04038E+00  0215 008498 -1 00000586 00000573 000 343 43063.7364955787
24.11.2017 17:40:33 +00.04038E+00  0228 008502 -1 00000587 00000573 000 378 43063.7364999537
24.11.2017 17:40:33 +00.04039E+00  0241 008502 -1 00000588 00000573 000 340 43063.7365039005
24.11.2017 17:40:34 +00.04040E+00  0253 008502 -1 00000589 00000573 000 342 43063.7365078588
24.11.2017 17:40:36 +00.04028E+00  0010 008476 -1 00000590 00000590 000 342 43063.7365376389
24.11.2017 17:40:37 +00.04028E+00  0026 008476 -1 00000591 00000590 000 398 43063.7365422454
24.11.2017 17:40:37 +00.04028E+00  0050 008476 -1 00000592 00000590 000 340 43063.7365461806
24.11.2017 17:40:37 +00.04028E+00  0067 008476 -1 00000593 00000590 000 342 43063.7365501389
24.11.2017 17:40:38 +00.04028E+00  0083 008476 -1 00000594 00000590 000 343 43063.7365541088
24.11.2017 17:40:38 +00.04028E+00  0101 008476 -1 00000595 00000590 000 379 43063.7365584954
24.11.2017 17:40:38 +00.04028E+00  0116 008476 -1 00000596 00000590 000 341 43063.7365624421
24.11.2017 17:40:39 +00.04028E+00  0133 008476 -1 00000597 00000590 000 341 43063.7365663889
24.11.2017 17:40:39 +00.04028E+00  0146 008476 -1 00000598 00000590 000 343 43063.7365703588
24.11.2017 17:40:40 +00.04028E+00  0162 008476 -1 00000599 00000590 000 381 43063.7365747685
24.11.2017 17:40:40 +00.04028E+00  0178 008476 -1 00000600 00000590 000 343 43063.7365787384
24.11.2017 17:40:40 +00.04028E+00  0184 008476 -1 00000601 00000590 000 343 43063.7365827083
24.11.2017 17:40:41 +00.04028E+00  0201 008476 -1 00000602 00000590 000 343 43063.7365866782
24.11.2017 17:40:41 +00.04028E+00  0210 008476 -1 00000603 00000590 000 376 43063.7365910301
24.11.2017 17:40:41 +00.04028E+00  0228 008480 -1 00000604 00000590 000 342 43063.7365949884
24.11.2017 17:40:42 +00.04029E+00  0239 008480 -1 00000605 00000590 000 343 43063.7365989583
24.11.2017 17:40:42 +00.04029E+00  0256 008480 -1 00000606 00000590 000 343 43063.7366029282
24.11.2017 17:40:44 +00.04019E+00  0011 008456 -1 00000607 00000607 000 343 43063.7366286574
24.11.2017 17:40:45 +00.04018E+00  0021 008456 -1 00000608 00000607 000 402 43063.7366333102
24.11.2017 17:40:45 +00.04018E+00  0040 008456 -1 00000609 00000607 000 341 43063.7366372569
24.11.2017 17:40:45 +00.04018E+00  0056 008456 -1 00000610 00000607 000 343 43063.7366412269
24.11.2017 17:40:46 +00.04018E+00  0078 008456 -1 00000611 00000607 000 343 43063.7366451968
24.11.2017 17:40:46 +00.04018E+00  0093 008456 -1 00000612 00000607 000 378 43063.7366495718
24.11.2017 17:40:46 +00.04018E+00  0110 008456 -1 00000613 00000607 000 341 43063.7366535185
24.11.2017 17:40:47 +00.04018E+00  0124 008456 -1 00000614 00000607 000 342 43063.7366574769
24.11.2017 17:40:47 +00.04018E+00  0140 008456 -1 00000615 00000607 000 343 43063.7366614468
24.11.2017 17:40:47 +00.04018E+00  0150 008456 -1 00000616 00000607 000 379 43063.7366658333
24.11.2017 17:40:48 +00.04018E+00  0167 008456 -1 00000617 00000607 000 345 43063.7366698264
24.11.2017 17:40:48 +00.04018E+00  0183 008456 -1 00000618 00000607 000 343 43063.7366737963
24.11.2017 17:40:48 +00.04018E+00  0194 008456 -1 00000619 00000607 000 343 43063.7366777662
24.11.2017 17:40:49 +00.04018E+00  0209 008456 -1 00000620 00000607 000 374 43063.7366820949
24.11.2017 17:40:49 +00.04018E+00  0226 008456 -1 00000621 00000607 000 344 43063.7366860764
24.11.2017 17:40:50 +00.04018E+00  0241 008460 -1 00000622 00000607 000 343 43063.7366900463
24.11.2017 17:40:50 +00.04019E+00  0253 008460 -1 00000623 00000607 000 343 43063.7366940162
24.11.2017 17:40:50 +00.04020E+00  0277 008460 -1 00000624 00000607 000 375 43063.7366983565
24.11.2017 17:40:52 +00.04007E+00  0006 008432 -1 00000625 00000625 000 381 43063.736724375
24.11.2017 17:40:53 +00.04007E+00  0024 008432 -1 00000626 00000625 000 342 43063.7367283333
24.11.2017 17:40:53 +00.04007E+00  0031 008432 -1 00000627 00000625 000 343 43063.7367323032
24.11.2017 17:40:54 +00.04007E+00  0052 008432 -1 00000628 00000625 000 343 43063.7367362731
24.11.2017 17:40:54 +00.04007E+00  0067 008432 -1 00000629 00000625 000 377 43063.7367406366
24.11.2017 17:40:54 +00.04007E+00  0084 008432 -1 00000630 00000625 000 341 43063.7367445833
24.11.2017 17:40:55 +00.04007E+00  0098 008432 -1 00000631 00000625 000 343 43063.7367485532
24.11.2017 17:40:55 +00.04007E+00  0110 008432 -1 00000632 00000625 000 343 43063.7367525231
24.11.2017 17:40:55 +00.04007E+00  0130 008432 -1 00000633 00000625 000 378 43063.7367568981
24.11.2017 17:40:56 +00.04007E+00  0145 008432 -1 00000634 00000625 000 340 43063.7367608333
24.11.2017 17:40:56 +00.04007E+00  0156 008432 -1 00000635 00000625 000 343 43063.7367648032
24.11.2017 17:40:56 +00.04007E+00  0169 008432 -1 00000636 00000625 000 343 43063.7367687731
24.11.2017 17:40:57 +00.04007E+00  0183 008432 -1 00000637 00000625 000 379 43063.7367731597
24.11.2017 17:40:57 +00.04007E+00  0207 008432 -1 00000638 00000625 000 340 43063.7367770949
24.11.2017 17:40:57 +00.04007E+00  0228 008438 -1 00000639 00000625 000 341 43063.7367810532
24.11.2017 17:40:58 +00.04007E+00  0238 008438 -1 00000640 00000625 000 343 43063.7367850231
24.11.2017 17:40:58 +00.04009E+00  0252 008438 -1 00000641 00000625 000 380 43063.7367894213
24.11.2017 17:41:01 +00.03999E+00  0017 008414 -1 00000642 00000642 000 341 43063.7368195833
24.11.2017 17:41:01 +00.03998E+00  0032 008414 -1 00000643 00000642 000 343 43063.7368235532
24.11.2017 17:41:01 +00.03998E+00  0045 008414 -1 00000644 00000642 000 343 43063.7368275231
24.11.2017 17:41:02 +00.03999E+00  0055 008414 -1 00000645 00000642 000 361 43063.7368317014
24.11.2017 17:41:02 +00.03998E+00  0074 008414 -1 00000646 00000642 000 344 43063.7368356829
24.11.2017 17:41:02 +00.03998E+00  0089 008414 -1 00000647 00000642 000 343 43063.7368396528
24.11.2017 17:41:03 +00.03998E+00  0098 008414 -1 00000648 00000642 000 343 43063.7368436227
24.11.2017 17:41:03 +00.03998E+00  0111 008414 -1 00000649 00000642 000 375 43063.736847963
24.11.2017 17:41:04 +00.03998E+00  0126 008414 -1 00000650 00000642 000 343 43063.7368519329
24.11.2017 17:41:04 +00.03998E+00  0143 008414 -1 00000651 00000642 000 343 43063.7368559028
24.11.2017 17:41:04 +00.03998E+00  0154 008414 -1 00000652 00000642 000 343 43063.7368598727
24.11.2017 17:41:05 +00.03998E+00  0173 008414 -1 00000653 00000642 000 376 43063.7368642245
24.11.2017 17:41:05 +00.03998E+00  0192 008414 -1 00000654 00000642 000 342 43063.7368681829
24.11.2017 17:41:05 +00.03998E+00  0206 008414 -1 00000655 00000642 000 343 43063.7368721528
24.11.2017 17:41:06 +00.03999E+00  0219 008418 -1 00000656 00000642 000 343 43063.7368761227
24.11.2017 17:41:06 +00.03999E+00  0238 008418 -1 00000657 00000642 000 377 43063.7368804861
24.11.2017 17:41:06 +00.04000E+00  0259 008418 -1 00000658 00000642 000 340 43063.7368844213
24.11.2017 17:41:09 +00.03988E+00  0018 008392 -1 00000659 00000659 000 342 43063.7369106597
24.11.2017 17:41:09 +00.03988E+00  0028 008392 -1 00000660 00000659 000 343 43063.7369146296
24.11.2017 17:41:09 +00.03988E+00  0048 008392 -1 00000661 00000659 000 343 43063.7369185995
24.11.2017 17:41:10 +00.03988E+00  0059 008392 -1 00000662 00000659 000 360 43063.7369227662
24.11.2017 17:41:10 +00.03988E+00  0079 008392 -1 00000663 00000659 000 340 43063.7369267014
24.11.2017 17:41:10 +00.03988E+00  0093 008392 -1 00000664 00000659 000 342 43063.7369306597
24.11.2017 17:41:11 +00.03988E+00  0108 008392 -1 00000665 00000659 000 343 43063.7369346296
24.11.2017 17:41:11 +00.03988E+00  0129 008392 -1 00000666 00000659 000 380 43063.7369390278
24.11.2017 17:41:11 +00.03988E+00  0141 008392 -1 00000667 00000659 000 344 43063.7369430093
24.11.2017 17:41:12 +00.03988E+00  0156 008392 -1 00000668 00000659 000 343 43063.7369469792
24.11.2017 17:41:12 +00.03988E+00  0170 008392 -1 00000669 00000659 000 343 43063.7369509491
24.11.2017 17:41:12 +00.03988E+00  0180 008392 -1 00000670 00000659 000 375 43063.7369552894
24.11.2017 17:41:13 +00.03988E+00  0193 008392 -1 00000671 00000659 000 343 43063.7369592593
24.11.2017 17:41:13 +00.03988E+00  0205 008392 -1 00000672 00000659 000 343 43063.7369632292
24.11.2017 17:41:13 +00.03988E+00  0217 008392 -1 00000673 00000659 000 343 43063.7369671991
24.11.2017 17:41:14 +00.03989E+00  0225 008396 -1 00000674 00000659 000 376 43063.7369715509
24.11.2017 17:41:14 +00.03989E+00  0241 008396 -1 00000675 00000659 000 342 43063.7369755093
24.11.2017 17:41:17 +00.03978E+00  0012 008372 -1 00000676 00000676 000 342 43063.7370059491
24.11.2017 17:41:17 +00.03979E+00  0022 008372 -1 00000677 00000676 000 400 43063.7370105787
24.11.2017 17:41:18 +00.03978E+00  0037 008372 -1 00000678 00000676 000 343 43063.7370145486
24.11.2017 17:41:18 +00.03979E+00  0047 008372 -1 00000679 00000676 000 343 43063.7370185185
24.11.2017 17:41:18 +00.03978E+00  0062 008372 -1 00000680 00000676 000 343 43063.7370224884
24.11.2017 17:41:19 +00.03978E+00  0069 008372 -1 00000681 00000676 000 376 43063.7370268403
24.11.2017 17:41:19 +00.03978E+00  0085 008372 -1 00000682 00000676 000 342 43063.7370307986
24.11.2017 17:41:19 +00.03978E+00  0109 008372 -1 00000683 00000676 000 343 43063.7370347685
24.11.2017 17:41:20 +00.03978E+00  0119 008372 -1 00000684 00000676 000 343 43063.7370387384
24.11.2017 17:41:20 +00.03978E+00  0134 008372 -1 00000685 00000676 000 377 43063.7370431018
24.11.2017 17:41:20 +00.03978E+00  0149 008372 -1 00000686 00000676 000 340 43063.737047037
24.11.2017 17:41:21 +00.03978E+00  0160 008372 -1 00000687 00000676 000 343 43063.7370510185
24.11.2017 17:41:21 +00.03978E+00  0170 008372 -1 00000688 00000676 000 343 43063.7370549884
24.11.2017 17:41:21 +00.03978E+00  0188 008372 -1 00000689 00000676 000 379 43063.737059375
24.11.2017 17:41:22 +00.03978E+00  0205 008376 -1 00000690 00000676 000 345 43063.7370633681
24.11.2017 17:41:22 +00.03979E+00  0223 008376 -1 00000691 00000676 000 343 43063.737067338
24.11.2017 17:41:22 +00.03980E+00  0241 008376 -1 00000692 00000676 000 343 43063.7370713079
24.11.2017 17:41:25 +00.03968E+00  0015 008350 -1 00000693 00000693 000 343 43063.737097037
24.11.2017 17:41:25 +00.03968E+00  0027 008350 -1 00000694 00000693 000 398 43063.7371016435
24.11.2017 17:41:25 +00.03968E+00  0042 008350 -1 00000695 00000693 000 345 43063.7371056366
24.11.2017 17:41:26 +00.03968E+00  0061 008350 -1 00000696 00000693 000 343 43063.7371096065
24.11.2017 17:41:26 +00.03968E+00  0074 008350 -1 00000697 00000693 000 343 43063.7371135764
24.11.2017 17:41:26 +00.03968E+00  0088 008350 -1 00000698 00000693 000 376 43063.7371179282
24.11.2017 17:41:27 +00.03968E+00  0112 008350 -1 00000699 00000693 000 342 43063.7371218866
24.11.2017 17:41:27 +00.03967E+00  0134 008350 -1 00000700 00000693 000 342 43063.7371258449
24.11.2017 17:41:28 +00.03968E+00  0146 008350 -1 00000701 00000693 000 344 43063.7371298264
24.11.2017 17:41:28 +00.03968E+00  0153 008350 -1 00000702 00000693 000 375 43063.7371341667
24.11.2017 17:41:28 +00.03968E+00  0162 008350 -1 00000703 00000693 000 341 43063.737138125
24.11.2017 17:41:29 +00.03968E+00  0184 008350 -1 00000704 00000693 000 343 43063.7371420949
24.11.2017 17:41:29 +00.03968E+00  0197 008350 -1 00000705 00000693 000 343 43063.7371460648
24.11.2017 17:41:29 +00.03968E+00  0209 008350 -1 00000706 00000693 000 377 43063.7371504282
24.11.2017 17:41:30 +00.03968E+00  0234 008350 -1 00000707 00000693 000 341 43063.737154375
24.11.2017 17:41:30 +00.03968E+00  0249 008354 -1 00000708 00000693 000 343 43063.7371583449
24.11.2017 17:41:30 +00.03969E+00  0262 008354 -1 00000709 00000693 000 343 43063.7371623148
24.11.2017 17:41:31 +00.03970E+00  0272 008354 -1 00000710 00000693 000 378 43063.7371666898
24.11.2017 17:41:33 +00.03957E+00  0021 008326 -1 00000711 00000711 000 377 43063.7371927083
24.11.2017 17:41:33 +00.03957E+00  0037 008326 -1 00000712 00000711 000 341 43063.7371966551
24.11.2017 17:41:34 +00.03956E+00  0050 008326 -1 00000713 00000711 000 342 43063.7372006134
24.11.2017 17:41:34 +00.03956E+00  0065 008326 -1 00000714 00000711 000 343 43063.7372045833
24.11.2017 17:41:34 +00.03956E+00  0079 008326 -1 00000715 00000711 000 380 43063.7372089815
24.11.2017 17:41:35 +00.03956E+00  0096 008326 -1 00000716 00000711 000 344 43063.737212963
24.11.2017 17:41:35 +00.03956E+00  0109 008326 -1 00000717 00000711 000 343 43063.7372169329
24.11.2017 17:41:35 +00.03957E+00  0118 008326 -1 00000718 00000711 000 343 43063.7372209028
24.11.2017 17:41:36 +00.03956E+00  0131 008326 -1 00000719 00000711 000 375 43063.7372252431
24.11.2017 17:41:36 +00.03956E+00  0144 008326 -1 00000720 00000711 000 343 43063.737229213
24.11.2017 17:41:36 +00.03956E+00  0161 008326 -1 00000721 00000711 000 343 43063.7372331829
24.11.2017 17:41:37 +00.03956E+00  0174 008326 -1 00000722 00000711 000 343 43063.7372371528
24.11.2017 17:41:37 +00.03956E+00  0186 008326 -1 00000723 00000711 000 376 43063.7372415046
24.11.2017 17:41:38 +00.03956E+00  0198 008326 -1 00000724 00000711 000 342 43063.737245463
24.11.2017 17:41:38 +00.03956E+00  0210 008326 -1 00000725 00000711 000 343 43063.7372494329
24.11.2017 17:41:38 +00.03957E+00  0232 008334 -1 00000726 00000711 000 343 43063.7372534028
24.11.2017 17:41:39 +00.03959E+00  0245 008334 -1 00000727 00000711 000 377 43063.7372577662
24.11.2017 17:41:41 +00.03949E+00  0010 008310 -1 00000728 00000728 000 343 43063.737287963
24.11.2017 17:41:42 +00.03949E+00  0026 008310 -1 00000729 00000728 000 343 43063.7372919329
24.11.2017 17:41:42 +00.03949E+00  0044 008310 -1 00000730 00000728 000 420 43063.737296794
24.11.2017 17:41:42 +00.03949E+00  0058 008310 -1 00000731 00000728 000 342 43063.7373007523
24.11.2017 17:41:43 +00.03949E+00  0071 008310 -1 00000732 00000728 000 343 43063.7373047222
24.11.2017 17:41:43 +00.03949E+00  0079 008310 -1 00000733 00000728 000 343 43063.7373086921
24.11.2017 17:41:43 +00.03949E+00  0093 008310 -1 00000734 00000728 000 377 43063.7373130556
24.11.2017 17:41:44 +00.03949E+00  0105 008310 -1 00000735 00000728 000 341 43063.7373170023
24.11.2017 17:41:44 +00.03948E+00  0110 008310 -1 00000736 00000728 000 343 43063.7373209722
24.11.2017 17:41:44 +00.03949E+00  0124 008310 -1 00000737 00000728 000 343 43063.7373249421
24.11.2017 17:41:45 +00.03949E+00  0139 008310 -1 00000738 00000728 000 377 43063.7373293056
24.11.2017 17:41:45 +00.03949E+00  0154 008310 -1 00000739 00000728 000 340 43063.7373332523
24.11.2017 17:41:45 +00.03949E+00  0170 008310 -1 00000740 00000728 000 341 43063.7373372106
24.11.2017 17:41:46 +00.03949E+00  0182 008310 -1 00000741 00000728 000 343 43063.7373411806
24.11.2017 17:41:46 +00.03949E+00  0194 008312 -1 00000742 00000728 000 379 43063.7373455671
24.11.2017 17:41:47 +00.03950E+00  0209 008312 -1 00000743 00000728 000 344 43063.7373495602
24.11.2017 17:41:47 +00.03950E+00  0226 008312 -1 00000744 00000728 000 344 43063.7373535417
24.11.2017 17:41:49 +00.03939E+00  0017 008288 -1 00000745 00000745 000 342 43063.7373790394
24.11.2017 17:41:49 +00.03938E+00  0033 008288 -1 00000746 00000745 000 343 43063.7373830093
24.11.2017 17:41:50 +00.03938E+00  0044 008288 -1 00000747 00000745 000 419 43063.7373878588
24.11.2017 17:41:50 +00.03938E+00  0058 008288 -1 00000748 00000745 000 343 43063.7373918287
24.11.2017 17:41:50 +00.03939E+00  0070 008288 -1 00000749 00000745 000 343 43063.7373957986
24.11.2017 17:41:51 +00.03938E+00  0093 008288 -1 00000750 00000745 000 343 43063.7373997685
24.11.2017 17:41:51 +00.03938E+00  0104 008288 -1 00000751 00000745 000 376 43063.7374041204
24.11.2017 17:41:52 +00.03938E+00  0127 008288 -1 00000752 00000745 000 342 43063.7374080787
24.11.2017 17:41:52 +00.03938E+00  0141 008288 -1 00000753 00000745 000 343 43063.7374120486
24.11.2017 17:41:52 +00.03938E+00  0155 008288 -1 00000754 00000745 000 343 43063.7374160185
24.11.2017 17:41:53 +00.03938E+00  0167 008288 -1 00000755 00000745 000 377 43063.7374203819
24.11.2017 17:41:53 +00.03938E+00  0180 008288 -1 00000756 00000745 000 341 43063.7374243287
24.11.2017 17:41:53 +00.03938E+00  0195 008288 -1 00000757 00000745 000 343 43063.7374282986
24.11.2017 17:41:54 +00.03938E+00  0210 008288 -1 00000758 00000745 000 343 43063.7374322685
24.11.2017 17:41:54 +00.03938E+00  0225 008292 -1 00000759 00000745 000 378 43063.7374366435
24.11.2017 17:41:54 +00.03939E+00  0239 008292 -1 00000760 00000745 000 340 43063.7374405787
24.11.2017 17:41:55 +00.03940E+00  0254 008292 -1 00000761 00000745 000 343 43063.7374445486
24.11.2017 17:41:57 +00.03928E+00  0010 008266 -1 00000762 00000762 000 343 43063.7374742593
24.11.2017 17:41:58 +00.03928E+00  0024 008266 -1 00000763 00000762 000 403 43063.7374789236
24.11.2017 17:41:58 +00.03928E+00  0042 008266 -1 00000764 00000762 000 340 43063.7374828588
24.11.2017 17:41:58 +00.03928E+00  0067 008266 -1 00000765 00000762 000 342 43063.7374868287
24.11.2017 17:41:59 +00.03928E+00  0084 008266 -1 00000766 00000762 000 343 43063.7374907986
24.11.2017 17:41:59 +00.03928E+00  0100 008266 -1 00000767 00000762 000 379 43063.7374951852
24.11.2017 17:41:59 +00.03928E+00  0114 008266 -1 00000768 00000762 000 346 43063.7374991898
24.11.2017 17:42:00 +00.03928E+00  0120 008266 -1 00000769 00000762 000 342 43063.7375031481
24.11.2017 17:42:00 +00.03928E+00  0137 008266 -1 00000770 00000762 000 343 43063.7375071181
24.11.2017 17:42:00 +00.03928E+00  0154 008266 -1 00000771 00000762 000 374 43063.7375114468
24.11.2017 17:42:01 +00.03928E+00  0168 008266 -1 00000772 00000762 000 344 43063.7375154282
24.11.2017 17:42:01 +00.03928E+00  0180 008266 -1 00000773 00000762 000 344 43063.7375194097
24.11.2017 17:42:02 +00.03928E+00  0198 008266 -1 00000774 00000762 000 342 43063.7375233681
24.11.2017 17:42:02 +00.03928E+00  0218 008266 -1 00000775 00000762 000 375 43063.7375277083
24.11.2017 17:42:02 +00.03928E+00  0232 008270 -1 00000776 00000762 000 343 43063.7375316782
24.11.2017 17:42:03 +00.03928E+00  0247 008270 -1 00000777 00000762 000 343 43063.7375356481
24.11.2017 17:42:03 +00.03929E+00  0260 008270 -1 00000778 00000762 000 342 43063.7375396065
24.11.2017 17:42:06 +00.03918E+00  0009 008246 -1 00000779 00000779 000 381 43063.7375699884
24.11.2017 17:42:06 +00.03919E+00  0024 008246 -1 00000780 00000779 000 343 43063.7375739583
24.11.2017 17:42:06 +00.03919E+00  0041 008246 -1 00000781 00000779 000 342 43063.7375779167
24.11.2017 17:42:07 +00.03918E+00  0057 008246 -1 00000782 00000779 000 343 43063.7375818981
24.11.2017 17:42:07 +00.03918E+00  0068 008246 -1 00000783 00000779 000 376 43063.73758625
24.11.2017 17:42:07 +00.03918E+00  0084 008246 -1 00000784 00000779 000 341 43063.7375901968
24.11.2017 17:42:08 +00.03918E+00  0104 008246 -1 00000785 00000779 000 342 43063.7375941667
24.11.2017 17:42:08 +00.03918E+00  0119 008246 -1 00000786 00000779 000 343 43063.7375981366
24.11.2017 17:42:08 +00.03918E+00  0138 008246 -1 00000787 00000779 000 378 43063.7376025116
24.11.2017 17:42:09 +00.03918E+00  0166 008246 -1 00000788 00000779 000 340 43063.7376064468
24.11.2017 17:42:09 +00.03918E+00  0179 008246 -1 00000789 00000779 000 343 43063.7376104167
24.11.2017 17:42:09 +00.03918E+00  0191 008246 -1 00000790 00000779 000 343 43063.7376143866
24.11.2017 17:42:10 +00.03918E+00  0210 008246 -1 00000791 00000779 000 379 43063.7376187731
24.11.2017 17:42:10 +00.03918E+00  0224 008246 -1 00000792 00000779 000 340 43063.7376227083
24.11.2017 17:42:10 +00.03918E+00  0238 008250 -1 00000793 00000779 000 342 43063.7376266667
24.11.2017 17:42:11 +00.03919E+00  0249 008250 -1 00000794 00000779 000 343 43063.7376306366
24.11.2017 17:42:11 +00.03920E+00  0261 008250 -1 00000795 00000779 000 380 43063.7376350347
24.11.2017 17:42:13 +00.03909E+00  0010 008226 -1 00000796 00000796 000 379 43063.7376610532
24.11.2017 17:42:14 +00.03909E+00  0032 008226 -1 00000797 00000796 000 344 43063.7376650347
24.11.2017 17:42:14 +00.03909E+00  0046 008226 -1 00000798 00000796 000 343 43063.7376690046
24.11.2017 17:42:14 +00.03909E+00  0062 008226 -1 00000799 00000796 000 343 43063.7376729745
24.11.2017 17:42:15 +00.03909E+00  0075 008226 -1 00000800 00000796 000 375 43063.7376773148
24.11.2017 17:42:15 +00.03909E+00  0093 008226 -1 00000801 00000796 000 343 43063.7376812847
24.11.2017 17:42:16 +00.03909E+00  0105 008226 -1 00000802 00000796 000 343 43063.7376852546
24.11.2017 17:42:16 +00.03909E+00  0120 008226 -1 00000803 00000796 000 343 43063.7376892245
24.11.2017 17:42:16 +00.03909E+00  0133 008226 -1 00000804 00000796 000 376 43063.7376935764
24.11.2017 17:42:17 +00.03909E+00  0150 008226 -1 00000805 00000796 000 342 43063.7376975347
24.11.2017 17:42:17 +00.03909E+00  0158 008226 -1 00000806 00000796 000 343 43063.7377015046
24.11.2017 17:42:17 +00.03909E+00  0169 008226 -1 00000807 00000796 000 343 43063.7377054745
24.11.2017 17:42:18 +00.03909E+00  0182 008226 -1 00000808 00000796 000 377 43063.737709838
24.11.2017 17:42:18 +00.03909E+00  0203 008226 -1 00000809 00000796 000 340 43063.7377137731
24.11.2017 17:42:18 +00.03909E+00  0218 008226 -1 00000810 00000796 000 343 43063.7377177431
24.11.2017 17:42:19 +00.03909E+00  0231 008228 -1 00000811 00000796 000 342 43063.737721713
24.11.2017 17:42:19 +00.03909E+00  0247 008228 -1 00000812 00000796 000 378 43063.7377260995
24.11.2017 17:42:19 +00.03909E+00  0272 008228 -1 00000813 00000796 000 344 43063.7377300926
24.11.2017 17:42:22 +00.03899E+00  0012 008204 -1 00000814 00000814 000 341 43063.7377562616
24.11.2017 17:42:22 +00.03898E+00  0032 008204 -1 00000815 00000814 000 343 43063.7377602315
24.11.2017 17:42:22 +00.03898E+00  0041 008204 -1 00000816 00000814 000 343 43063.7377642014
24.11.2017 17:42:23 +00.03898E+00  0050 008204 -1 00000817 00000814 000 361 43063.7377683796
24.11.2017 17:42:23 +00.03898E+00  0058 008204 -1 00000818 00000814 000 343 43063.7377723611
24.11.2017 17:42:23 +00.03898E+00  0079 008204 -1 00000819 00000814 000 343 43063.737776331
24.11.2017 17:42:24 +00.03898E+00  0092 008204 -1 00000820 00000814 000 342 43063.7377803009
24.11.2017 17:42:24 +00.03898E+00  0108 008204 -1 00000821 00000814 000 374 43063.7377846412
24.11.2017 17:42:24 +00.03898E+00  0128 008204 -1 00000822 00000814 000 342 43063.7377886111
24.11.2017 17:42:25 +00.03898E+00  0140 008204 -1 00000823 00000814 000 343 43063.737792581
24.11.2017 17:42:25 +00.03898E+00  0152 008204 -1 00000824 00000814 000 343 43063.7377965509
24.11.2017 17:42:25 +00.03898E+00  0167 008204 -1 00000825 00000814 000 376 43063.7378009028
24.11.2017 17:42:26 +00.03898E+00  0184 008204 -1 00000826 00000814 000 341 43063.7378048611
24.11.2017 17:42:26 +00.03898E+00  0196 008204 -1 00000827 00000814 000 343 43063.737808831
24.11.2017 17:42:27 +00.03898E+00  0217 008204 -1 00000828 00000814 000 343 43063.7378128009
24.11.2017 17:42:27 +00.03899E+00  0239 008208 -1 00000829 00000814 000 377 43063.7378171644
24.11.2017 17:42:27 +00.03900E+00  0253 008208 -1 00000830 00000814 000 341 43063.7378211111
24.11.2017 17:42:28 +00.03900E+00  0268 008208 -1 00000831 00000814 000 343 43063.737825081