
24.11.2017 17:42:34 +00.03752E+00  0018 007896 -1 00000832 00000832 000 376 43063.7378984722
24.11.2017 17:42:34 +00.03751E+00  0029 007896 -1 00000833 00000832 000 341 43063.737902419
24.11.2017 17:42:35 +00.03752E+00  0045 007896 -1 00000834 00000832 000 343 43063.7379063889
24.11.2017 17:42:35 +00.03751E+00  0061 007896 -1 00000835 00000832 000 343 43063.7379103588
24.11.2017 17:42:35 +00.03752E+00  0079 007896 -1 00000836 00000832 000 378 43063.7379147338
24.11.2017 17:42:36 +00.03751E+00  0098 007896 -1 00000837 00000832 000 340 43063.737918669
24.11.2017 17:42:36 +00.03751E+00  0112 007896 -1 00000838 00000832 000 342 43063.7379226389
24.11.2017 17:42:36 +00.03751E+00  0130 007896 -1 00000839 00000832 000 343 43063.7379266088
24.11.2017 17:42:37 +00.03752E+00  0148 007896 -1 00000840 00000832 000 380 43063.7379310069
24.11.2017 17:42:37 +00.03751E+00  0161 007896 -1 00000841 00000832 000 344 43063.7379349884
24.11.2017 17:42:37 +00.03752E+00  0178 007896 -1 00000842 00000832 000 343 43063.7379389583
24.11.2017 17:42:38 +00.03751E+00  0195 007896 -1 00000843 00000832 000 343 43063.7379429282
24.11.2017 17:42:38 +00.03751E+00  0214 007896 -1 00000844 00000832 000 375 43063.7379472685
24.11.2017 17:42:38 +00.03751E+00  0233 007896 -1 00000845 00000832 000 342 43063.7379512269
24.11.2017 17:42:39 +00.03751E+00  0243 007894 -1 00000846 00000832 000 343 43063.7379552083
24.11.2017 17:42:39 +00.03751E+00  0258 007894 -1 00000847 00000832 000 343 43063.7379591782
24.11.2017 17:42:40 +00.03751E+00  0273 007894 -1 00000848 00000832 000 376 43063.7379635301
24.11.2017 17:42:42 +00.03716E+00  0011 007819 -1 00000849 00000849 000 382 43063.7379895486
24.11.2017 17:42:42 +00.03715E+00  0031 007819 -1 00000850 00000849 000 342 43063.7379935069
24.11.2017 17:42:42 +00.03715E+00  0045 007819 -1 00000851 00000849 000 343 43063.7379974768
24.11.2017 17:42:43 +00.03715E+00  0061 007819 -1 00000852 00000849 000 343 43063.7380014468
24.11.2017 17:42:43 +00.03715E+00  0075 007819 -1 00000853 00000849 000 376 43063.7380058102
24.11.2017 17:42:44 +00.03715E+00  0089 007819 -1 00000854 00000849 000 340 43063.7380097454
24.11.2017 17:42:44 +00.03715E+00  0099 007819 -1 00000855 00000849 000 343 43063.7380137153
24.11.2017 17:42:44 +00.03715E+00  0110 007819 -1 00000856 00000849 000 344 43063.7380176968
24.11.2017 17:42:45 +00.03715E+00  0127 007819 -1 00000857 00000849 000 377 43063.7380220602
24.11.2017 17:42:45 +00.03715E+00  0143 007819 -1 00000858 00000849 000 340 43063.7380260069
24.11.2017 17:42:45 +00.03715E+00  0159 007819 -1 00000859 00000849 000 341 43063.7380299653
24.11.2017 17:42:46 +00.03715E+00  0170 007819 -1 00000860 00000849 000 343 43063.7380339352
24.11.2017 17:42:46 +00.03715E+00  0182 007819 -1 00000861 00000849 000 380 43063.7380383333
24.11.2017 17:42:46 +00.03715E+00  0196 007819 -1 00000862 00000849 000 344 43063.7380423148
24.11.2017 17:42:47 +00.03715E+00  0213 007819 -1 00000863 00000849 000 343 43063.7380462847
24.11.2017 17:42:47 +00.03715E+00  0224 007829 -1 00000864 00000849 000 343 43063.7380502546
24.11.2017 17:42:47 +00.03718E+00  0245 007829 -1 00000865 00000849 000 375 43063.7380545949
24.11.2017 17:42:48 +00.03719E+00  0260 007829 -1 00000866 00000849 000 343 43063.7380585648
24.11.2017 17:42:50 +00.03684E+00  0007 007751 -1 00000867 00000867 000 343 43063.7380848032
24.11.2017 17:42:50 +00.03683E+00  0015 007751 -1 00000868 00000867 000 343 43063.7380887731
24.11.2017 17:42:51 +00.03683E+00  0030 007751 -1 00000869 00000867 000 419 43063.7380936227
24.11.2017 17:42:51 +00.03683E+00  0044 007751 -1 00000870 00000867 000 343 43063.7380975926
24.11.2017 17:42:51 +00.03683E+00  0062 007751 -1 00000871 00000867 000 343 43063.7381015625
24.11.2017 17:42:52 +00.03683E+00  0075 007751 -1 00000872 00000867 000 343 43063.7381055324
24.11.2017 17:42:52 +00.03683E+00  0087 007751 -1 00000873 00000867 000 376 43063.7381098843
24.11.2017 17:42:53 +00.03682E+00  0104 007751 -1 00000874 00000867 000 342 43063.7381138426
24.11.2017 17:42:53 +00.03683E+00  0117 007751 -1 00000875 00000867 000 343 43063.7381178125
24.11.2017 17:42:53 +00.03682E+00  0136 007751 -1 00000876 00000867 000 343 43063.7381217824
24.11.2017 17:42:54 +00.03682E+00  0158 007751 -1 00000877 00000867 000 377 43063.7381261458
24.11.2017 17:42:54 +00.03683E+00  0166 007751 -1 00000878 00000867 000 341 43063.7381300926
24.11.2017 17:42:54 +00.03682E+00  0182 007751 -1 00000879 00000867 000 343 43063.7381340625
24.11.2017 17:42:55 +00.03682E+00  0195 007751 -1 00000880 00000867 000 343 43063.7381380324
24.11.2017 17:42:55 +00.03683E+00  0213 007751 -1 00000881 00000867 000 378 43063.7381424074
24.11.2017 17:42:55 +00.03685E+00  0223 007765 -1 00000882 00000867 000 340 43063.7381463426
24.11.2017 17:42:56 +00.03687E+00  0235 007765 -1 00000883 00000867 000 342 43063.7381503009
24.11.2017 17:42:56 +00.03688E+00  0255 007765 -1 00000884 00000867 000 343 43063.7381542708
24.11.2017 17:42:58 +00.03654E+00  0010 007689 -1 00000885 00000885 000 343 43063.738180081
24.11.2017 17:42:59 +00.03654E+00  0019 007689 -1 00000886 00000885 000 398 43063.7381846875
24.11.2017 17:42:59 +00.03653E+00  0038 007689 -1 00000887 00000885 000 345 43063.7381886806
24.11.2017 17:42:59 +00.03653E+00  0052 007689 -1 00000888 00000885 000 343 43063.7381926505
24.11.2017 17:43:00 +00.03653E+00  0063 007689 -1 00000889 00000885 000 343 43063.7381966204
24.11.2017 17:43:00 +00.03653E+00  0078 007689 -1 00000890 00000885 000 374 43063.7382009491
24.11.2017 17:43:00 +00.03653E+00  0105 007689 -1 00000891 00000885 000 343 43063.738204919
24.11.2017 17:43:01 +00.03653E+00  0124 007689 -1 00000892 00000885 000 343 43063.7382088889
24.11.2017 17:43:01 +00.03653E+00  0141 007689 -1 00000893 00000885 000 343 43063.7382128588
24.11.2017 17:43:01 +00.03653E+00  0156 007689 -1 00000894 00000885 000 375 43063.7382172107
24.11.2017 17:43:02 +00.03653E+00  0168 007689 -1 00000895 00000885 000 342 43063.738221169
24.11.2017 17:43:02 +00.03653E+00  0187 007689 -1 00000896 00000885 000 343 43063.7382251389
24.11.2017 17:43:02 +00.03653E+00  0204 007689 -1 00000897 00000885 000 343 43063.7382291088
24.11.2017 17:43:03 +00.03653E+00  0227 007689 -1 00000898 00000885 000 377 43063.7382334722
24.11.2017 17:43:03 +00.03653E+00  0247 007703 -1 00000899 00000885 000 341 43063.738237419
24.11.2017 17:43:04 +00.03656E+00  0258 007703 -1 00000900 00000885 000 343 43063.7382413889
24.11.2017 17:43:04 +00.03657E+00  0274 007703 -1 00000901 00000885 000 343 43063.7382453588
24.11.2017 17:43:06 +00.03626E+00  0013 007629 -1 00000902 00000902 000 343 43063.738271088
24.11.2017 17:43:07 +00.03625E+00  0036 007629 -1 00000903 00000902 000 403 43063.7382757523
24.11.2017 17:43:07 +00.03624E+00  0058 007629 -1 00000904 00000902 000 341 43063.7382796991
24.11.2017 17:43:07 +00.03624E+00  0073 007629 -1 00000905 00000902 000 342 43063.7382836574
24.11.2017 17:43:08 +00.03624E+00  0085 007629 -1 00000906 00000902 000 343 43063.7382876273
24.11.2017 17:43:08 +00.03624E+00  0093 007629 -1 00000907 00000902 000 379 43063.7382920139
24.11.2017 17:43:08 +00.03624E+00  0107 007629 -1 00000908 00000902 000 345 43063.7382960069
24.11.2017 17:43:09 +00.03624E+00  0123 007629 -1 00000909 00000902 000 343 43063.7382999769
24.11.2017 17:43:09 +00.03624E+00  0134 007629 -1 00000910 00000902 000 343 43063.7383039468
24.11.2017 17:43:09 +00.03624E+00  0151 007629 -1 00000911 00000902 000 374 43063.7383082755
24.11.2017 17:43:10 +00.03624E+00  0164 007629 -1 00000912 00000902 000 344 43063.7383122569
24.11.2017 17:43:10 +00.03624E+00  0180 007629 -1 00000913 00000902 000 343 43063.7383162269
24.11.2017 17:43:10 +00.03624E+00  0200 007629 -1 00000914 00000902 000 343 43063.7383201968
24.11.2017 17:43:11 +00.03624E+00  0208 007629 -1 00000915 00000902 000 375 43063.738324537
24.11.2017 17:43:11 +00.03624E+00  0224 007629 -1 00000916 00000902 000 343 43063.7383285069
24.11.2017 17:43:11 +00.03624E+00  0239 007641 -1 00000917 00000902 000 344 43063.7383324884
24.11.2017 17:43:12 +00.03626E+00  0253 007641 -1 00000918 00000902 000 342 43063.7383364468
24.11.2017 17:43:12 +00.03629E+00  0265 007641 -1 00000919 00000902 000 376 43063.7383407986
24.11.2017 17:43:14 +00.03597E+00  0008 007571 -1 00000920 00000920 000 382 43063.7383668171
24.11.2017 17:43:15 +00.03597E+00  0019 007571 -1 00000921 00000920 000 341 43063.7383707639
24.11.2017 17:43:15 +00.03597E+00  0038 007571 -1 00000922 00000920 000 343 43063.7383747338
24.11.2017 17:43:15 +00.03596E+00  0047 007571 -1 00000923 00000920 000 343 43063.7383787037
24.11.2017 17:43:16 +00.03596E+00  0060 007571 -1 00000924 00000920 000 378 43063.7383830787
24.11.2017 17:43:16 +00.03597E+00  0071 007571 -1 00000925 00000920 000 340 43063.7383870139
24.11.2017 17:43:16 +00.03597E+00  0089 007571 -1 00000926 00000920 000 343 43063.7383909838
24.11.2017 17:43:17 +00.03597E+00  0109 007571 -1 00000927 00000920 000 343 43063.7383949537
24.11.2017 17:43:17 +00.03597E+00  0123 007571 -1 00000928 00000920 000 379 43063.7383993403
24.11.2017 17:43:18 +00.03597E+00  0132 007571 -1 00000929 00000920 000 340 43063.7384032755
24.11.2017 17:43:18 +00.03597E+00  0142 007571 -1 00000930 00000920 000 342 43063.7384072338
24.11.2017 17:43:18 +00.03596E+00  0157 007571 -1 00000931 00000920 000 343 43063.7384112037
24.11.2017 17:43:19 +00.03596E+00  0170 007571 -1 00000932 00000920 000 380 43063.7384156019
24.11.2017 17:43:19 +00.03596E+00  0184 007571 -1 00000933 00000920 000 344 43063.7384195833
24.11.2017 17:43:19 +00.03596E+00  0209 007571 -1 00000934 00000920 000 343 43063.7384235532
24.11.2017 17:43:20 +00.03596E+00  0227 007579 -1 00000935 00000920 000 343 43063.7384275231
24.11.2017 17:43:20 +00.03599E+00  0241 007579 -1 00000936 00000920 000 375 43063.7384318634
24.11.2017 17:43:20 +00.03599E+00  0257 007579 -1 00000937 00000920 000 343 43063.7384358333