
24.11.2017 17:43:21 +00.03601E+00  0014 007581 1 00000938 00000938 000 341 43063.7384490162
24.11.2017 17:43:22 +00.03601E+00  0031 007581 1 00000939 00000938 000 344 43063.7384529977
24.11.2017 17:43:22 +00.03601E+00  0040 007581 1 00000940 00000938 000 342 43063.738456956
24.11.2017 17:43:23 +00.03601E+00  0063 007581 1 00000941 00000938 000 361 43063.7384611343
24.11.2017 17:43:23 +00.03601E+00  0079 007581 1 00000942 00000938 000 344 43063.7384651157
24.11.2017 17:43:23 +00.03601E+00  0089 007581 1 00000943 00000938 000 343 43063.7384690856
24.11.2017 17:43:24 +00.03601E+00  0101 007581 1 00000944 00000938 000 343 43063.7384730556
24.11.2017 17:43:24 +00.03601E+00  0112 007581 1 00000945 00000938 000 375 43063.7384773958
24.11.2017 17:43:24 +00.03601E+00  0123 007581 1 00000946 00000938 000 343 43063.7384813657
24.11.2017 17:43:25 +00.03601E+00  0134 007581 1 00000947 00000938 000 343 43063.7384853356
24.11.2017 17:43:25 +00.03601E+00  0147 007581 1 00000948 00000938 000 343 43063.7384893056
24.11.2017 17:43:25 +00.03601E+00  0159 007581 1 00000949 00000938 000 376 43063.7384936574
24.11.2017 17:43:26 +00.03601E+00  0169 007581 1 00000950 00000938 000 342 43063.7384976157
24.11.2017 17:43:26 +00.03601E+00  0188 007581 1 00000951 00000938 000 343 43063.7385015856
24.11.2017 17:43:26 +00.03601E+00  0201 007581 1 00000952 00000938 000 343 43063.7385055556
24.11.2017 17:43:27 +00.03601E+00  0216 007579 1 00000953 00000938 000 377 43063.738509919
24.11.2017 17:43:27 +00.03601E+00  0229 007579 1 00000954 00000938 000 340 43063.7385138542
24.11.2017 17:43:27 +00.03600E+00  0245 007579 1 00000955 00000938 000 342 43063.7385178241
24.11.2017 17:43:30 +00.03634E+00  0010 007651 1 00000956 00000956 000 342 43063.7385433333
24.11.2017 17:43:30 +00.03634E+00  0023 007651 1 00000957 00000956 000 343 43063.7385473032
24.11.2017 17:43:30 +00.03634E+00  0038 007651 1 00000958 00000956 000 343 43063.7385512731
24.11.2017 17:43:31 +00.03635E+00  0055 007651 1 00000959 00000956 000 361 43063.7385554514
24.11.2017 17:43:31 +00.03635E+00  0069 007651 1 00000960 00000956 000 345 43063.7385594444
24.11.2017 17:43:31 +00.03634E+00  0085 007651 1 00000961 00000956 000 342 43063.7385634028
24.11.2017 17:43:32 +00.03635E+00  0103 007651 1 00000962 00000956 000 343 43063.7385673843
24.11.2017 17:43:32 +00.03634E+00  0116 007651 1 00000963 00000956 000 374 43063.738571713
24.11.2017 17:43:32 +00.03635E+00  0134 007651 1 00000964 00000956 000 343 43063.7385756829
24.11.2017 17:43:33 +00.03634E+00  0145 007651 1 00000965 00000956 000 343 43063.7385796528
24.11.2017 17:43:33 +00.03635E+00  0160 007651 1 00000966 00000956 000 343 43063.7385836227
24.11.2017 17:43:34 +00.03635E+00  0178 007651 1 00000967 00000956 000 376 43063.7385879745
24.11.2017 17:43:34 +00.03634E+00  0193 007651 1 00000968 00000956 000 342 43063.7385919329
24.11.2017 17:43:34 +00.03634E+00  0205 007651 1 00000969 00000956 000 343 43063.7385959028
24.11.2017 17:43:35 +00.03634E+00  0226 007651 1 00000970 00000956 000 343 43063.7385998727
24.11.2017 17:43:35 +00.03634E+00  0240 007643 1 00000971 00000956 000 377 43063.7386042361
24.11.2017 17:43:35 +00.03632E+00  0253 007643 1 00000972 00000956 000 341 43063.7386081829
24.11.2017 17:43:36 +00.03632E+00  0266 007643 1 00000973 00000956 000 343 43063.7386121528
24.11.2017 17:43:38 +00.03664E+00  0014 007713 1 00000974 00000974 000 341 43063.738637662
24.11.2017 17:43:38 +00.03664E+00  0033 007713 1 00000975 00000974 000 343 43063.7386416319
24.11.2017 17:43:38 +00.03664E+00  0049 007713 1 00000976 00000974 000 343 43063.7386456019
24.11.2017 17:43:39 +00.03664E+00  0061 007713 1 00000977 00000974 000 360 43063.7386497685
24.11.2017 17:43:39 +00.03665E+00  0074 007713 1 00000978 00000974 000 345 43063.7386537616
24.11.2017 17:43:40 +00.03664E+00  0095 007713 1 00000979 00000974 000 343 43063.7386577315
24.11.2017 17:43:40 +00.03664E+00  0110 007713 1 00000980 00000974 000 343 43063.7386617014
24.11.2017 17:43:40 +00.03664E+00  0125 007713 1 00000981 00000974 000 376 43063.7386660532
24.11.2017 17:43:41 +00.03665E+00  0139 007713 1 00000982 00000974 000 341 43063.73867
24.11.2017 17:43:41 +00.03664E+00  0160 007713 1 00000983 00000974 000 342 43063.7386739699
24.11.2017 17:43:41 +00.03664E+00  0174 007713 1 00000984 00000974 000 343 43063.7386779514
24.11.2017 17:43:42 +00.03664E+00  0184 007713 1 00000985 00000974 000 377 43063.7386823148
24.11.2017 17:43:42 +00.03665E+00  0198 007713 1 00000986 00000974 000 340 43063.73868625
24.11.2017 17:43:42 +00.03665E+00  0205 007713 1 00000987 00000974 000 343 43063.7386902199
24.11.2017 17:43:43 +00.03665E+00  0220 007713 1 00000988 00000974 000 343 43063.7386941898
24.11.2017 17:43:43 +00.03663E+00  0233 007703 1 00000989 00000974 000 377 43063.7386985532
24.11.2017 17:43:43 +00.03661E+00  0245 007703 1 00000990 00000974 000 341 43063.7387025
24.11.2017 17:43:44 +00.03660E+00  0265 007703 1 00000991 00000974 000 343 43063.7387064699
24.11.2017 17:43:46 +00.03695E+00  0017 007781 1 00000992 00000992 000 341 43063.7387319792
24.11.2017 17:43:46 +00.03696E+00  0031 007781 1 00000993 00000992 000 343 43063.7387359491
24.11.2017 17:43:47 +00.03696E+00  0048 007781 1 00000994 00000992 000 343 43063.738739919
24.11.2017 17:43:47 +00.03697E+00  0062 007781 1 00000995 00000992 000 361 43063.7387440972
24.11.2017 17:43:47 +00.03697E+00  0074 007781 1 00000996 00000992 000 344 43063.7387480787
24.11.2017 17:43:48 +00.03697E+00  0084 007781 1 00000997 00000992 000 343 43063.7387520486
24.11.2017 17:43:48 +00.03697E+00  0097 007781 1 00000998 00000992 000 343 43063.7387560185
24.11.2017 17:43:48 +00.03697E+00  0108 007781 1 00000999 00000992 000 375 43063.7387603588
24.11.2017 17:43:49 +00.03697E+00  0125 007781 1 00001000 00000992 000 343 43063.7387643287
24.11.2017 17:43:49 +00.03697E+00  0136 007781 1 00001001 00000992 000 343 43063.7387682986
24.11.2017 17:43:49 +00.03697E+00  0158 007781 1 00001002 00000992 000 343 43063.7387722685
24.11.2017 17:43:50 +00.03697E+00  0166 007781 1 00001003 00000992 000 376 43063.7387766204
24.11.2017 17:43:50 +00.03697E+00  0187 007781 1 00001004 00000992 000 342 43063.7387805787
24.11.2017 17:43:50 +00.03697E+00  0200 007781 1 00001005 00000992 000 343 43063.7387845486
24.11.2017 17:43:51 +00.03697E+00  0216 007781 1 00001006 00000992 000 343 43063.7387885185
24.11.2017 17:43:51 +00.03694E+00  0235 007767 1 00001007 00000992 000 377 43063.7387928819
24.11.2017 17:43:52 +00.03692E+00  0251 007767 1 00001008 00000992 000 341 43063.7387968287
24.11.2017 17:43:54 +00.03724E+00  0013 007841 1 00001009 00001009 000 343 43063.7388272685
24.11.2017 17:43:55 +00.03725E+00  0031 007841 1 00001010 00001009 000 401 43063.7388319097
24.11.2017 17:43:55 +00.03725E+00  0050 007841 1 00001011 00001009 000 342 43063.7388358681
24.11.2017 17:43:55 +00.03725E+00  0069 007841 1 00001012 00001009 000 343 43063.738839838
24.11.2017 17:43:56 +00.03725E+00  0087 007841 1 00001013 00001009 000 343 43063.7388438079
24.11.2017 17:43:56 +00.03725E+00  0105 007841 1 00001014 00001009 000 377 43063.7388481713
24.11.2017 17:43:56 +00.03725E+00  0129 007841 1 00001015 00001009 000 341 43063.7388521181
24.11.2017 17:43:57 +00.03725E+00  0152 007841 1 00001016 00001009 000 343 43063.738856088
24.11.2017 17:43:57 +00.03725E+00  0172 007841 1 00001017 00001009 000 343 43063.7388600579
24.11.2017 17:43:57 +00.03725E+00  0193 007841 1 00001018 00001009 000 377 43063.7388644213
24.11.2017 17:43:58 +00.03725E+00  0214 007841 1 00001019 00001009 000 340 43063.7388683681
24.11.2017 17:43:58 +00.03725E+00  0226 007841 1 00001020 00001009 000 343 43063.738872338
24.11.2017 17:43:58 +00.03725E+00  0239 007841 1 00001021 00001009 000 343 43063.7388763079
24.11.2017 17:43:59 +00.03725E+00  0258 007841 1 00001022 00001009 000 379 43063.7388806944
24.11.2017 17:43:59 +00.03725E+00  0269 007831 1 00001023 00001009 000 345 43063.7388846875
24.11.2017 17:43:59 +00.03723E+00  0284 007831 1 00001024 00001009 000 342 43063.7388886458
24.11.2017 17:44:00 +00.03722E+00  0291 007831 1 00001025 00001009 000 343 43063.7388926273
24.11.2017 17:44:02 +00.03754E+00  0010 007905 1 00001026 00001026 000 342 43063.7389183449
24.11.2017 17:44:02 +00.03755E+00  0018 007905 1 00001027 00001026 000 399 43063.738922963
24.11.2017 17:44:03 +00.03756E+00  0034 007905 1 00001028 00001026 000 343 43063.7389269444
24.11.2017 17:44:03 +00.03756E+00  0049 007905 1 00001029 00001026 000 343 43063.7389309144
24.11.2017 17:44:03 +00.03756E+00  0063 007905 1 00001030 00001026 000 344 43063.7389348958
24.11.2017 17:44:04 +00.03756E+00  0081 007905 1 00001031 00001026 000 375 43063.7389392361
24.11.2017 17:44:04 +00.03756E+00  0096 007905 1 00001032 00001026 000 342 43063.7389431944
24.11.2017 17:44:05 +00.03756E+00  0109 007905 1 00001033 00001026 000 343 43063.7389471644
24.11.2017 17:44:05 +00.03756E+00  0122 007905 1 00001034 00001026 000 343 43063.7389511343
24.11.2017 17:44:05 +00.03756E+00  0134 007905 1 00001035 00001026 000 377 43063.7389554977
24.11.2017 17:44:06 +00.03756E+00  0147 007905 1 00001036 00001026 000 341 43063.7389594444
24.11.2017 17:44:06 +00.03756E+00  0157 007905 1 00001037 00001026 000 343 43063.7389634144
24.11.2017 17:44:06 +00.03756E+00  0168 007905 1 00001038 00001026 000 343 43063.7389673843
24.11.2017 17:44:07 +00.03756E+00  0180 007905 1 00001039 00001026 000 378 43063.7389717593
24.11.2017 17:44:07 +00.03756E+00  0197 007905 1 00001040 00001026 000 341 43063.738975706
24.11.2017 17:44:07 +00.03755E+00  0209 007893 1 00001041 00001026 000 342 43063.7389796644
24.11.2017 17:44:08 +00.03753E+00  0229 007893 1 00001042 00001026 000 343 43063.7389836343
24.11.2017 17:44:08 +00.03751E+00  0241 007893 1 00001043 00001026 000 379 43063.7389880208