
24.11.2017 17:44:14 +00.03898E+00  0010 008205 1 00001044 00001044 000 343 43063.739061412
24.11.2017 17:44:15 +00.03899E+00  0026 008205 1 00001045 00001044 000 403 43063.7390660764
24.11.2017 17:44:15 +00.03899E+00  0037 008205 1 00001046 00001044 000 340 43063.7390700116
24.11.2017 17:44:15 +00.03899E+00  0053 008205 1 00001047 00001044 000 343 43063.7390739815
24.11.2017 17:44:16 +00.03899E+00  0072 008205 1 00001048 00001044 000 343 43063.7390779514
24.11.2017 17:44:16 +00.03899E+00  0091 008205 1 00001049 00001044 000 379 43063.739082338
24.11.2017 17:44:17 +00.03899E+00  0103 008205 1 00001050 00001044 000 341 43063.7390862847
24.11.2017 17:44:17 +00.03899E+00  0115 008205 1 00001051 00001044 000 341 43063.7390902315
24.11.2017 17:44:17 +00.03899E+00  0131 008205 1 00001052 00001044 000 343 43063.7390942014
24.11.2017 17:44:18 +00.03899E+00  0146 008205 1 00001053 00001044 000 380 43063.7390985995
24.11.2017 17:44:18 +00.03899E+00  0161 008205 1 00001054 00001044 000 344 43063.739102581
24.11.2017 17:44:18 +00.03899E+00  0178 008205 1 00001055 00001044 000 343 43063.7391065509
24.11.2017 17:44:19 +00.03899E+00  0194 008205 1 00001056 00001044 000 343 43063.7391105208
24.11.2017 17:44:19 +00.03899E+00  0208 008205 1 00001057 00001044 000 375 43063.7391148611
24.11.2017 17:44:19 +00.03899E+00  0234 008207 1 00001058 00001044 000 343 43063.739118831
24.11.2017 17:44:20 +00.03899E+00  0248 008207 1 00001059 00001044 000 343 43063.7391228009
24.11.2017 17:44:20 +00.03900E+00  0271 008207 1 00001060 00001044 000 343 43063.7391267708
24.11.2017 17:44:22 +00.03912E+00  0022 008233 1 00001061 00001061 000 343 43063.7391525
24.11.2017 17:44:23 +00.03912E+00  0045 008233 1 00001062 00001061 000 401 43063.7391571412
24.11.2017 17:44:23 +00.03912E+00  0064 008233 1 00001063 00001061 000 341 43063.739161088
24.11.2017 17:44:23 +00.03912E+00  0080 008233 1 00001064 00001061 000 343 43063.7391650579
24.11.2017 17:44:24 +00.03912E+00  0093 008233 1 00001065 00001061 000 343 43063.7391690393
24.11.2017 17:44:24 +00.03912E+00  0113 008233 1 00001066 00001061 000 377 43063.7391734028
24.11.2017 17:44:24 +00.03912E+00  0126 008233 1 00001067 00001061 000 340 43063.739177338
24.11.2017 17:44:25 +00.03912E+00  0143 008233 1 00001068 00001061 000 343 43063.7391813079
24.11.2017 17:44:25 +00.03912E+00  0163 008233 1 00001069 00001061 000 343 43063.7391852778
24.11.2017 17:44:25 +00.03912E+00  0174 008233 1 00001070 00001061 000 379 43063.7391896644
24.11.2017 17:44:26 +00.03912E+00  0189 008233 1 00001071 00001061 000 340 43063.7391935995
24.11.2017 17:44:26 +00.03912E+00  0204 008233 1 00001072 00001061 000 341 43063.7391975579
24.11.2017 17:44:27 +00.03912E+00  0212 008233 1 00001073 00001061 000 343 43063.7392015278
24.11.2017 17:44:27 +00.03912E+00  0226 008233 1 00001074 00001061 000 380 43063.7392059259
24.11.2017 17:44:27 +00.03912E+00  0238 008233 1 00001075 00001061 000 344 43063.7392099074
24.11.2017 17:44:28 +00.03911E+00  0258 008229 1 00001076 00001061 000 343 43063.7392138773
24.11.2017 17:44:28 +00.03911E+00  0274 008229 1 00001077 00001061 000 343 43063.7392178472
24.11.2017 17:44:31 +00.03922E+00  0013 008255 1 00001078 00001078 000 379 43063.739248206
24.11.2017 17:44:31 +00.03922E+00  0026 008255 1 00001079 00001078 000 344 43063.7392521875
24.11.2017 17:44:31 +00.03922E+00  0033 008255 1 00001080 00001078 000 344 43063.739256169
24.11.2017 17:44:32 +00.03922E+00  0051 008255 1 00001081 00001078 000 342 43063.7392601273
24.11.2017 17:44:32 +00.03922E+00  0067 008255 1 00001082 00001078 000 375 43063.7392644676
24.11.2017 17:44:32 +00.03923E+00  0087 008255 1 00001083 00001078 000 343 43063.7392684375
24.11.2017 17:44:33 +00.03923E+00  0100 008255 1 00001084 00001078 000 343 43063.7392724074
24.11.2017 17:44:33 +00.03922E+00  0117 008255 1 00001085 00001078 000 343 43063.7392763773
24.11.2017 17:44:33 +00.03923E+00  0126 008255 1 00001086 00001078 000 376 43063.7392807292
24.11.2017 17:44:34 +00.03922E+00  0143 008255 1 00001087 00001078 000 342 43063.7392846875
24.11.2017 17:44:34 +00.03923E+00  0159 008255 1 00001088 00001078 000 343 43063.7392886574
24.11.2017 17:44:34 +00.03923E+00  0168 008255 1 00001089 00001078 000 343 43063.7392926273
24.11.2017 17:44:35 +00.03923E+00  0184 008255 1 00001090 00001078 000 377 43063.7392969907
24.11.2017 17:44:35 +00.03923E+00  0199 008255 1 00001091 00001078 000 341 43063.7393009375
24.11.2017 17:44:35 +00.03923E+00  0215 008249 1 00001092 00001078 000 343 43063.7393049074
24.11.2017 17:44:36 +00.03922E+00  0227 008249 1 00001093 00001078 000 343 43063.7393088773
24.11.2017 17:44:36 +00.03920E+00  0240 008249 1 00001094 00001078 000 378 43063.7393132523
24.11.2017 17:44:38 +00.03931E+00  0017 008273 1 00001095 00001095 000 378 43063.7393392708
24.11.2017 17:44:39 +00.03931E+00  0033 008273 1 00001096 00001095 000 340 43063.739343206
24.11.2017 17:44:39 +00.03931E+00  0048 008273 1 00001097 00001095 000 343 43063.7393471759
24.11.2017 17:44:39 +00.03931E+00  0062 008273 1 00001098 00001095 000 343 43063.7393511458
24.11.2017 17:44:40 +00.03931E+00  0078 008273 1 00001099 00001095 000 379 43063.7393555324
24.11.2017 17:44:40 +00.03931E+00  0095 008273 1 00001100 00001095 000 345 43063.7393595255
24.11.2017 17:44:41 +00.03931E+00  0110 008273 1 00001101 00001095 000 343 43063.7393634954
24.11.2017 17:44:41 +00.03931E+00  0130 008273 1 00001102 00001095 000 343 43063.7393674653
24.11.2017 17:44:41 +00.03931E+00  0141 008273 1 00001103 00001095 000 375 43063.7393718056
24.11.2017 17:44:42 +00.03931E+00  0161 008273 1 00001104 00001095 000 343 43063.7393757755
24.11.2017 17:44:42 +00.03931E+00  0165 008273 1 00001105 00001095 000 343 43063.7393797454
24.11.2017 17:44:42 +00.03931E+00  0186 008273 1 00001106 00001095 000 343 43063.7393837153
24.11.2017 17:44:43 +00.03931E+00  0206 008273 1 00001107 00001095 000 376 43063.7393880671
24.11.2017 17:44:43 +00.03931E+00  0217 008273 1 00001108 00001095 000 341 43063.7393920139
24.11.2017 17:44:43 +00.03931E+00  0232 008273 1 00001109 00001095 000 343 43063.7393959838
24.11.2017 17:44:44 +00.03931E+00  0247 008271 1 00001110 00001095 000 343 43063.7393999537
24.11.2017 17:44:44 +00.03931E+00  0256 008271 1 00001111 00001095 000 377 43063.7394043171
24.11.2017 17:44:44 +00.03930E+00  0279 008271 1 00001112 00001095 000 341 43063.7394082639
24.11.2017 17:44:47 +00.03942E+00  0010 008297 1 00001113 00001113 000 341 43063.7394345023
24.11.2017 17:44:47 +00.03942E+00  0029 008297 1 00001114 00001113 000 343 43063.7394384722
24.11.2017 17:44:47 +00.03942E+00  0038 008297 1 00001115 00001113 000 422 43063.7394433565
24.11.2017 17:44:48 +00.03943E+00  0059 008297 1 00001116 00001113 000 340 43063.7394472917
24.11.2017 17:44:48 +00.03943E+00  0070 008297 1 00001117 00001113 000 343 43063.7394512616
24.11.2017 17:44:48 +00.03943E+00  0090 008297 1 00001118 00001113 000 343 43063.7394552315
24.11.2017 17:44:49 +00.03943E+00  0105 008297 1 00001119 00001113 000 378 43063.7394596065
24.11.2017 17:44:49 +00.03943E+00  0125 008297 1 00001120 00001113 000 341 43063.7394635532
24.11.2017 17:44:49 +00.03943E+00  0139 008297 1 00001121 00001113 000 342 43063.7394675116
24.11.2017 17:44:50 +00.03943E+00  0150 008297 1 00001122 00001113 000 343 43063.7394714815
24.11.2017 17:44:50 +00.03942E+00  0169 008297 1 00001123 00001113 000 380 43063.7394758796
24.11.2017 17:44:51 +00.03943E+00  0183 008297 1 00001124 00001113 000 344 43063.7394798611
24.11.2017 17:44:51 +00.03942E+00  0195 008297 1 00001125 00001113 000 343 43063.739483831
24.11.2017 17:44:51 +00.03943E+00  0211 008297 1 00001126 00001113 000 343 43063.7394878009
24.11.2017 17:44:52 +00.03943E+00  0229 008297 1 00001127 00001113 000 375 43063.7394921412
24.11.2017 17:44:52 +00.03942E+00  0249 008291 1 00001128 00001113 000 343 43063.7394961111
24.11.2017 17:44:52 +00.03941E+00  0258 008291 1 00001129 00001113 000 343 43063.739500081
24.11.2017 17:44:53 +00.03940E+00  0277 008291 1 00001130 00001113 000 343 43063.7395040509
24.11.2017 17:44:55 +00.03953E+00  0008 008319 1 00001131 00001131 000 343 43063.7395297801
24.11.2017 17:44:55 +00.03953E+00  0027 008319 1 00001132 00001131 000 401 43063.7395344213
24.11.2017 17:44:56 +00.03953E+00  0042 008319 1 00001133 00001131 000 342 43063.7395383796
24.11.2017 17:44:56 +00.03953E+00  0054 008319 1 00001134 00001131 000 343 43063.7395423495
24.11.2017 17:44:56 +00.03953E+00  0067 008319 1 00001135 00001131 000 343 43063.7395463194
24.11.2017 17:44:57 +00.03953E+00  0081 008319 1 00001136 00001131 000 377 43063.7395506829
24.11.2017 17:44:57 +00.03953E+00  0091 008319 1 00001137 00001131 000 341 43063.7395546296
24.11.2017 17:44:57 +00.03953E+00  0105 008319 1 00001138 00001131 000 342 43063.739558588
24.11.2017 17:44:58 +00.03953E+00  0115 008319 1 00001139 00001131 000 344 43063.7395625694
24.11.2017 17:44:58 +00.03953E+00  0130 008319 1 00001140 00001131 000 378 43063.7395669444
24.11.2017 17:44:58 +00.03953E+00  0146 008319 1 00001141 00001131 000 340 43063.7395708796
24.11.2017 17:44:59 +00.03953E+00  0156 008319 1 00001142 00001131 000 342 43063.739574838
24.11.2017 17:44:59 +00.03953E+00  0165 008319 1 00001143 00001131 000 343 43063.7395788079
24.11.2017 17:44:59 +00.03953E+00  0180 008319 1 00001144 00001131 000 379 43063.7395831944
24.11.2017 17:45:00 +00.03953E+00  0203 008319 1 00001145 00001131 000 340 43063.7395871296
24.11.2017 17:45:00 +00.03952E+00  0214 008313 1 00001146 00001131 000 342 43063.739591088
24.11.2017 17:45:01 +00.03951E+00  0229 008313 1 00001147 00001131 000 343 43063.7395950579
24.11.2017 17:45:03 +00.03962E+00  0016 008339 1 00001148 00001148 000 379 43063.7396254861
24.11.2017 17:45:03 +00.03962E+00  0032 008339 1 00001149 00001148 000 344 43063.7396294676
24.11.2017 17:45:04 +00.03962E+00  0053 008339 1 00001150 00001148 000 342 43063.7396334375
24.11.2017 17:45:04 +00.03962E+00  0072 008339 1 00001151 00001148 000 344 43063.739637419
24.11.2017 17:45:05 +00.03962E+00  0087 008339 1 00001152 00001148 000 374 43063.7396417477
24.11.2017 17:45:05 +00.03962E+00  0099 008339 1 00001153 00001148 000 343 43063.7396457176
24.11.2017 17:45:05 +00.03963E+00  0113 008339 1 00001154 00001148 000 343 43063.7396496875
24.11.2017 17:45:06 +00.03963E+00  0130 008339 1 00001155 00001148 000 343 43063.7396536574
24.11.2017 17:45:06 +00.03962E+00  0149 008339 1 00001156 00001148 000 376 43063.7396580093
24.11.2017 17:45:06 +00.03962E+00  0166 008339 1 00001157 00001148 000 342 43063.7396619676
24.11.2017 17:45:07 +00.03963E+00  0179 008339 1 00001158 00001148 000 343 43063.7396659375
24.11.2017 17:45:07 +00.03963E+00  0190 008339 1 00001159 00001148 000 343 43063.7396699074
24.11.2017 17:45:07 +00.03963E+00  0197 008339 1 00001160 00001148 000 377 43063.7396742708
24.11.2017 17:45:08 +00.03962E+00  0215 008339 1 00001161 00001148 000 341 43063.7396782176
24.11.2017 17:45:08 +00.03963E+00  0238 008335 1 00001162 00001148 000 343 43063.7396821875
24.11.2017 17:45:08 +00.03962E+00  0253 008335 1 00001163 00001148 000 343 43063.7396861574
24.11.2017 17:45:09 +00.03961E+00  0269 008335 1 00001164 00001148 000 378 43063.7396905324
24.11.2017 17:45:11 +00.03971E+00  0017 008357 1 00001165 00001165 000 343 43063.7397207176
24.11.2017 17:45:12 +00.03971E+00  0028 008357 1 00001166 00001165 000 343 43063.7397246875
24.11.2017 17:45:12 +00.03971E+00  0046 008357 1 00001167 00001165 000 421 43063.7397295602
24.11.2017 17:45:12 +00.03971E+00  0064 008357 1 00001168 00001165 000 341 43063.7397335069
24.11.2017 17:45:13 +00.03971E+00  0087 008357 1 00001169 00001165 000 343 43063.7397374769
24.11.2017 17:45:13 +00.03971E+00  0096 008357 1 00001170 00001165 000 343 43063.7397414468
24.11.2017 17:45:14 +00.03971E+00  0109 008357 1 00001171 00001165 000 378 43063.7397458218
24.11.2017 17:45:14 +00.03971E+00  0126 008357 1 00001172 00001165 000 340 43063.7397497569
24.11.2017 17:45:14 +00.03971E+00  0147 008357 1 00001173 00001165 000 343 43063.7397537269
24.11.2017 17:45:15 +00.03971E+00  0159 008357 1 00001174 00001165 000 343 43063.7397576968
24.11.2017 17:45:15 +00.03971E+00  0173 008357 1 00001175 00001165 000 379 43063.7397620833
24.11.2017 17:45:15 +00.03971E+00  0189 008357 1 00001176 00001165 000 345 43063.7397660764
24.11.2017 17:45:16 +00.03971E+00  0204 008357 1 00001177 00001165 000 343 43063.7397700463
24.11.2017 17:45:16 +00.03971E+00  0217 008357 1 00001178 00001165 000 343 43063.7397740162
24.11.2017 17:45:16 +00.03971E+00  0236 008355 1 00001179 00001165 000 374 43063.7397783449
24.11.2017 17:45:17 +00.03971E+00  0253 008355 1 00001180 00001165 000 344 43063.7397823264
24.11.2017 17:45:17 +00.03970E+00  0264 008355 1 00001181 00001165 000 342 43063.7397862847
24.11.2017 17:45:19 +00.03981E+00  0017 008379 1 00001182 00001182 000 343 43063.7398118056
24.11.2017 17:45:20 +00.03981E+00  0031 008379 1 00001183 00001182 000 342 43063.7398157639
24.11.2017 17:45:20 +00.03982E+00  0046 008379 1 00001184 00001182 000 420 43063.739820625
24.11.2017 17:45:20 +00.03982E+00  0059 008379 1 00001185 00001182 000 342 43063.7398245833
24.11.2017 17:45:21 +00.03982E+00  0078 008379 1 00001186 00001182 000 343 43063.7398285532
24.11.2017 17:45:21 +00.03982E+00  0094 008379 1 00001187 00001182 000 342 43063.7398325231
24.11.2017 17:45:21 +00.03982E+00  0107 008379 1 00001188 00001182 000 376 43063.7398368866
24.11.2017 17:45:22 +00.03981E+00  0126 008379 1 00001189 00001182 000 341 43063.7398408333
24.11.2017 17:45:22 +00.03982E+00  0150 008379 1 00001190 00001182 000 343 43063.7398448032
24.11.2017 17:45:22 +00.03982E+00  0174 008379 1 00001191 00001182 000 343 43063.7398487731
24.11.2017 17:45:23 +00.03982E+00  0197 008379 1 00001192 00001182 000 378 43063.7398531481
24.11.2017 17:45:23 +00.03982E+00  0214 008379 1 00001193 00001182 000 340 43063.7398570833
24.11.2017 17:45:23 +00.03981E+00  0229 008379 1 00001194 00001182 000 342 43063.7398610532
24.11.2017 17:45:24 +00.03981E+00  0244 008379 1 00001195 00001182 000 343 43063.7398650231
24.11.2017 17:45:24 +00.03981E+00  0266 008379 1 00001196 00001182 000 379 43063.7398694097
24.11.2017 17:45:25 +00.03981E+00  0277 008377 1 00001197 00001182 000 340 43063.7398733449
24.11.2017 17:45:25 +00.03981E+00  0293 008377 1 00001198 00001182 000 342 43063.7398773032
24.11.2017 17:45:25 +00.03981E+00  0308 008377 1 00001199 00001182 000 343 43063.7398812731
24.11.2017 17:45:27 +00.03993E+00  0010 008403 1 00001200 00001200 000 342 43063.7399070718
24.11.2017 17:45:28 +00.03993E+00  0032 008403 1 00001201 00001200 000 399 43063.7399116898
24.11.2017 17:45:28 +00.03993E+00  0052 008403 1 00001202 00001200 000 344 43063.7399156713
24.11.2017 17:45:29 +00.03993E+00  0069 008403 1 00001203 00001200 000 343 43063.7399196412
24.11.2017 17:45:29 +00.03993E+00  0085 008403 1 00001204 00001200 000 343 43063.7399236111
24.11.2017 17:45:29 +00.03993E+00  0102 008403 1 00001205 00001200 000 375 43063.7399279514
24.11.2017 17:45:30 +00.03993E+00  0124 008403 1 00001206 00001200 000 343 43063.7399319213
24.11.2017 17:45:30 +00.03993E+00  0139 008403 1 00001207 00001200 000 343 43063.7399358912
24.11.2017 17:45:30 +00.03993E+00  0156 008403 1 00001208 00001200 000 343 43063.7399398611
24.11.2017 17:45:31 +00.03993E+00  0170 008403 1 00001209 00001200 000 376 43063.739944213
24.11.2017 17:45:31 +00.03993E+00  0182 008403 1 00001210 00001200 000 341 43063.7399481597
24.11.2017 17:45:31 +00.03993E+00  0194 008403 1 00001211 00001200 000 343 43063.7399521412
24.11.2017 17:45:32 +00.03993E+00  0213 008403 1 00001212 00001200 000 343 43063.7399561111
24.11.2017 17:45:32 +00.03993E+00  0219 008403 1 00001213 00001200 000 377 43063.7399604745
24.11.2017 17:45:32 +00.03993E+00  0234 008397 1 00001214 00001200 000 340 43063.7399644097
24.11.2017 17:45:33 +00.03992E+00  0247 008397 1 00001215 00001200 000 343 43063.7399683796
24.11.2017 17:45:33 +00.03991E+00  0260 008397 1 00001216 00001200 000 343 43063.7399723495
24.11.2017 17:45:36 +00.04002E+00  0016 008423 1 00001217 00001217 000 377 43063.7400027546
24.11.2017 17:45:36 +00.04002E+00  0032 008423 1 00001218 00001217 000 341 43063.7400067014
24.11.2017 17:45:36 +00.04002E+00  0046 008423 1 00001219 00001217 000 343 43063.7400106713
24.11.2017 17:45:37 +00.04002E+00  0064 008423 1 00001220 00001217 000 343 43063.7400146412
24.11.2017 17:45:37 +00.04002E+00  0081 008423 1 00001221 00001217 000 378 43063.7400190162
24.11.2017 17:45:37 +00.04003E+00  0099 008423 1 00001222 00001217 000 345 43063.7400230208
24.11.2017 17:45:38 +00.04002E+00  0108 008423 1 00001223 00001217 000 343 43063.7400269907
24.11.2017 17:45:38 +00.04003E+00  0124 008423 1 00001224 00001217 000 343 43063.7400309606
24.11.2017 17:45:39 +00.04002E+00  0138 008423 1 00001225 00001217 000 373 43063.7400352778
24.11.2017 17:45:39 +00.04003E+00  0155 008423 1 00001226 00001217 000 345 43063.7400392708
24.11.2017 17:45:39 +00.04003E+00  0168 008423 1 00001227 00001217 000 342 43063.7400432292
24.11.2017 17:45:40 +00.04003E+00  0184 008423 1 00001228 00001217 000 343 43063.7400471991
24.11.2017 17:45:40 +00.04003E+00  0203 008423 1 00001229 00001217 000 375 43063.7400515394
24.11.2017 17:45:40 +00.04002E+00  0226 008423 1 00001230 00001217 000 343 43063.7400555093
24.11.2017 17:45:41 +00.04002E+00  0241 008419 1 00001231 00001217 000 343 43063.7400594792
24.11.2017 17:45:41 +00.04002E+00  0252 008419 1 00001232 00001217 000 343 43063.7400634491
24.11.2017 17:45:41 +00.04001E+00  0265 008419 1 00001233 00001217 000 376 43063.7400678009
24.11.2017 17:45:44 +00.04013E+00  0013 008445 1 00001234 00001234 000 381 43063.7400938194
24.11.2017 17:45:44 +00.04013E+00  0025 008445 1 00001235 00001234 000 342 43063.7400977778
24.11.2017 17:45:44 +00.04013E+00  0039 008445 1 00001236 00001234 000 343 43063.7401017477
24.11.2017 17:45:45 +00.04013E+00  0058 008445 1 00001237 00001234 000 343 43063.7401057176
24.11.2017 17:45:45 +00.04013E+00  0077 008445 1 00001238 00001234 000 377 43063.740110081
24.11.2017 17:45:45 +00.04013E+00  0089 008445 1 00001239 00001234 000 341 43063.7401140278
24.11.2017 17:45:46 +00.04013E+00  0106 008445 1 00001240 00001234 000 343 43063.7401179977
24.11.2017 17:45:46 +00.04013E+00  0125 008445 1 00001241 00001234 000 343 43063.7401219676
24.11.2017 17:45:46 +00.04013E+00  0135 008445 1 00001242 00001234 000 378 43063.7401263426
24.11.2017 17:45:47 +00.04013E+00  0151 008445 1 00001243 00001234 000 340 43063.7401302778
24.11.2017 17:45:47 +00.04013E+00  0159 008445 1 00001244 00001234 000 343 43063.7401342477
24.11.2017 17:45:47 +00.04013E+00  0174 008445 1 00001245 00001234 000 343 43063.7401382176
24.11.2017 17:45:48 +00.04013E+00  0189 008445 1 00001246 00001234 000 380 43063.7401426157
24.11.2017 17:45:48 +00.04013E+00  0201 008445 1 00001247 00001234 000 344 43063.7401465972
24.11.2017 17:45:49 +00.04013E+00  0213 008445 1 00001248 00001234 000 343 43063.7401505671
24.11.2017 17:45:49 +00.04013E+00  0226 008439 1 00001249 00001234 000 343 43063.740154537
24.11.2017 17:45:49 +00.04011E+00  0241 008439 1 00001250 00001234 000 374 43063.7401588657
24.11.2017 17:45:50 +00.04011E+00  0253 008439 1 00001251 00001234 000 344 43063.7401628472
24.11.2017 17:45:52 +00.04021E+00  0014 008463 1 00001252 00001252 000 343 43063.7401890856
24.11.2017 17:45:52 +00.04021E+00  0025 008463 1 00001253 00001252 000 343 43063.7401930556
24.11.2017 17:45:53 +00.04022E+00  0037 008463 1 00001254 00001252 000 419 43063.7401979051
24.11.2017 17:45:53 +00.04022E+00  0059 008463 1 00001255 00001252 000 342 43063.7402018634
24.11.2017 17:45:53 +00.04022E+00  0072 008463 1 00001256 00001252 000 343 43063.7402058449
24.11.2017 17:45:54 +00.04022E+00  0087 008463 1 00001257 00001252 000 343 43063.7402098148
24.11.2017 17:45:54 +00.04022E+00  0100 008463 1 00001258 00001252 000 376 43063.7402141667
24.11.2017 17:45:54 +00.04022E+00  0117 008463 1 00001259 00001252 000 341 43063.7402181134
24.11.2017 17:45:55 +00.04022E+00  0134 008463 1 00001260 00001252 000 344 43063.7402220949
24.11.2017 17:45:55 +00.04022E+00  0150 008463 1 00001261 00001252 000 342 43063.7402260532
24.11.2017 17:45:55 +00.04022E+00  0160 008463 1 00001262 00001252 000 377 43063.7402304282
24.11.2017 17:45:56 +00.04022E+00  0167 008463 1 00001263 00001252 000 341 43063.740234375
24.11.2017 17:45:56 +00.04021E+00  0179 008463 1 00001264 00001252 000 342 43063.7402383333
24.11.2017 17:45:56 +00.04021E+00  0192 008463 1 00001265 00001252 000 343 43063.7402423032
24.11.2017 17:45:57 +00.04021E+00  0205 008463 1 00001266 00001252 000 378 43063.7402466782
24.11.2017 17:45:57 +00.04021E+00  0223 008461 1 00001267 00001252 000 340 43063.7402506134
24.11.2017 17:45:57 +00.04021E+00  0236 008461 1 00001268 00001252 000 343 43063.7402545833
24.11.2017 17:46:00 +00.04031E+00  0012 008485 1 00001269 00001269 000 342 43063.7402843634
24.11.2017 17:46:00 +00.04032E+00  0033 008485 1 00001270 00001269 000 397 43063.7402889583
24.11.2017 17:46:01 +00.04032E+00  0050 008485 1 00001271 00001269 000 340 43063.7402929051
24.11.2017 17:46:01 +00.04032E+00  0068 008485 1 00001272 00001269 000 342 43063.7402968634
24.11.2017 17:46:01 +00.04032E+00  0080 008485 1 00001273 00001269 000 343 43063.7403008333
24.11.2017 17:46:02 +00.04032E+00  0098 008485 1 00001274 00001269 000 380 43063.7403052315
24.11.2017 17:46:02 +00.04032E+00  0123 008485 1 00001275 00001269 000 344 43063.740309213
24.11.2017 17:46:03 +00.04032E+00  0138 008485 1 00001276 00001269 000 343 43063.7403131829
24.11.2017 17:46:03 +00.04032E+00  0147 008485 1 00001277 00001269 000 343 43063.7403171528
24.11.2017 17:46:03 +00.04032E+00  0169 008485 1 00001278 00001269 000 374 43063.7403214815
24.11.2017 17:46:04 +00.04032E+00  0185 008485 1 00001279 00001269 000 344 43063.740325463
24.11.2017 17:46:04 +00.04032E+00  0204 008485 1 00001280 00001269 000 343 43063.7403294329
24.11.2017 17:46:04 +00.04032E+00  0216 008485 1 00001281 00001269 000 343 43063.7403334028
24.11.2017 17:46:05 +00.04032E+00  0233 008485 1 00001282 00001269 000 376 43063.7403377546
24.11.2017 17:46:05 +00.04032E+00  0260 008481 1 00001283 00001269 000 342 43063.740341713
24.11.2017 17:46:05 +00.04031E+00  0274 008481 1 00001284 00001269 000 343 43063.7403456829
24.11.2017 17:46:06 +00.04031E+00  0288 008481 1 00001285 00001269 000 343 43063.7403496528
24.11.2017 17:46:08 +00.04041E+00  0022 008505 1 00001286 00001286 000 343 43063.7403753819
24.11.2017 17:46:08 +00.04041E+00  0039 008505 1 00001287 00001286 000 401 43063.7403800231
24.11.2017 17:46:09 +00.04042E+00  0054 008505 1 00001288 00001286 000 341 43063.7403839815
24.11.2017 17:46:09 +00.04042E+00  0064 008505 1 00001289 00001286 000 342 43063.7403879398
24.11.2017 17:46:09 +00.04041E+00  0081 008505 1 00001290 00001286 000 343 43063.7403919213
24.11.2017 17:46:10 +00.04042E+00  0097 008505 1 00001291 00001286 000 378 43063.7403962963
24.11.2017 17:46:10 +00.04042E+00  0117 008505 1 00001292 00001286 000 340 43063.7404002315
24.11.2017 17:46:10 +00.04042E+00  0130 008505 1 00001293 00001286 000 343 43063.7404042014
24.11.2017 17:46:11 +00.04042E+00  0138 008505 1 00001294 00001286 000 342 43063.7404081597
24.11.2017 17:46:11 +00.04042E+00  0150 008505 1 00001295 00001286 000 379 43063.7404125463
24.11.2017 17:46:11 +00.04041E+00  0163 008505 1 00001296 00001286 000 345 43063.7404165509
24.11.2017 17:46:12 +00.04042E+00  0180 008505 1 00001297 00001286 000 343 43063.7404205208
24.11.2017 17:46:12 +00.04042E+00  0196 008505 1 00001298 00001286 000 343 43063.7404244907
24.11.2017 17:46:13 +00.04041E+00  0212 008505 1 00001299 00001286 000 373 43063.7404288079
24.11.2017 17:46:13 +00.04041E+00  0225 008505 1 00001300 00001286 000 344 43063.7404328009
24.11.2017 17:46:13 +00.04041E+00  0236 008503 1 00001301 00001286 000 342 43063.7404367593
24.11.2017 17:46:14 +00.04041E+00  0252 008503 1 00001302 00001286 000 344 43063.7404407407
24.11.2017 17:46:14 +00.04041E+00  0265 008503 1 00001303 00001286 000 375 43063.740445081
24.11.2017 17:46:16 +00.04052E+00  0010 008529 1 00001304 00001304 000 381 43063.7404710995
24.11.2017 17:46:17 +00.04053E+00  0024 008529 1 00001305 00001304 000 342 43063.7404750579
24.11.2017 17:46:17 +00.04053E+00  0038 008529 1 00001306 00001304 000 343 43063.7404790278
24.11.2017 17:46:17 +00.04053E+00  0051 008529 1 00001307 00001304 000 343 43063.7404829977
24.11.2017 17:46:18 +00.04053E+00  0065 008529 1 00001308 00001304 000 377 43063.7404873611
24.11.2017 17:46:18 +00.04053E+00  0085 008529 1 00001309 00001304 000 340 43063.7404913079
24.11.2017 17:46:18 +00.04053E+00  0107 008529 1 00001310 00001304 000 343 43063.7404952778
24.11.2017 17:46:19 +00.04053E+00  0124 008529 1 00001311 00001304 000 343 43063.7404992477
24.11.2017 17:46:19 +00.04053E+00  0138 008529 1 00001312 00001304 000 378 43063.7405036227
24.11.2017 17:46:19 +00.04053E+00  0153 008529 1 00001313 00001304 000 340 43063.7405075579
24.11.2017 17:46:20 +00.04053E+00  0162 008529 1 00001314 00001304 000 343 43063.7405115278
24.11.2017 17:46:20 +00.04053E+00  0175 008529 1 00001315 00001304 000 343 43063.7405154977
24.11.2017 17:46:20 +00.04053E+00  0186 008529 1 00001316 00001304 000 379 43063.7405198843
24.11.2017 17:46:21 +00.04053E+00  0201 008529 1 00001317 00001304 000 345 43063.7405238773
24.11.2017 17:46:21 +00.04053E+00  0222 008523 1 00001318 00001304 000 343 43063.7405278472
24.11.2017 17:46:21 +00.04052E+00  0231 008523 1 00001319 00001304 000 343 43063.7405318171
24.11.2017 17:46:22 +00.04051E+00  0243 008523 1 00001320 00001304 000 374 43063.7405361458
24.11.2017 17:46:24 +00.04061E+00  0009 008547 1 00001321 00001321 000 341 43063.7405663079
24.11.2017 17:46:25 +00.04061E+00  0024 008547 1 00001322 00001321 000 343 43063.7405702778
24.11.2017 17:46:25 +00.04061E+00  0041 008547 1 00001323 00001321 000 343 43063.7405742477
24.11.2017 17:46:25 +00.04062E+00  0057 008547 1 00001324 00001321 000 361 43063.7405784259
24.11.2017 17:46:26 +00.04061E+00  0068 008547 1 00001325 00001321 000 344 43063.7405824074
24.11.2017 17:46:26 +00.04061E+00  0086 008547 1 00001326 00001321 000 343 43063.7405863773
24.11.2017 17:46:27 +00.04061E+00  0094 008547 1 00001327 00001321 000 343 43063.7405903472
24.11.2017 17:46:27 +00.04061E+00  0107 008547 1 00001328 00001321 000 375 43063.7405946875
24.11.2017 17:46:27 +00.04061E+00  0124 008547 1 00001329 00001321 000 342 43063.7405986458
24.11.2017 17:46:28 +00.04062E+00  0142 008547 1 00001330 00001321 000 343 43063.7406026273
24.11.2017 17:46:28 +00.04062E+00  0153 008547 1 00001331 00001321 000 343 43063.7406065972
24.11.2017 17:46:28 +00.04061E+00  0165 008547 1 00001332 00001321 000 375 43063.7406109375
24.11.2017 17:46:29 +00.04062E+00  0184 008547 1 00001333 00001321 000 341 43063.7406148958
24.11.2017 17:46:29 +00.04062E+00  0196 008547 1 00001334 00001321 000 343 43063.7406188657
24.11.2017 17:46:29 +00.04062E+00  0210 008543 1 00001335 00001321 000 343 43063.7406228356
24.11.2017 17:46:30 +00.04060E+00  0231 008543 1 00001336 00001321 000 378 43063.7406272106
24.11.2017 17:46:30 +00.04060E+00  0241 008543 1 00001337 00001321 000 341 43063.7406311574
24.11.2017 17:46:32 +00.04071E+00  0015 008569 1 00001338 00001338 000 342 43063.7406573843
24.11.2017 17:46:33 +00.04072E+00  0030 008569 1 00001339 00001338 000 343 43063.7406613542
24.11.2017 17:46:33 +00.04072E+00  0049 008569 1 00001340 00001338 000 343 43063.7406653241
24.11.2017 17:46:33 +00.04072E+00  0063 008569 1 00001341 00001338 000 360 43063.7406694907
24.11.2017 17:46:34 +00.04072E+00  0082 008569 1 00001342 00001338 000 340 43063.7406734259
24.11.2017 17:46:34 +00.04072E+00  0092 008569 1 00001343 00001338 000 342 43063.7406773843
24.11.2017 17:46:34 +00.04072E+00  0105 008569 1 00001344 00001338 000 343 43063.7406813542
24.11.2017 17:46:35 +00.04072E+00  0121 008569 1 00001345 00001338 000 380 43063.7406857523
24.11.2017 17:46:35 +00.04072E+00  0138 008569 1 00001346 00001338 000 344 43063.7406897338
24.11.2017 17:46:35 +00.04072E+00  0151 008569 1 00001347 00001338 000 343 43063.7406937037
24.11.2017 17:46:36 +00.04072E+00  0165 008569 1 00001348 00001338 000 343 43063.7406976736
24.11.2017 17:46:36 +00.04072E+00  0176 008569 1 00001349 00001338 000 375 43063.7407020139
24.11.2017 17:46:36 +00.04072E+00  0199 008569 1 00001350 00001338 000 343 43063.7407059838
24.11.2017 17:46:37 +00.04072E+00  0209 008569 1 00001351 00001338 000 343 43063.7407099537
24.11.2017 17:46:37 +00.04072E+00  0227 008569 1 00001352 00001338 000 343 43063.7407139236
24.11.2017 17:46:38 +00.04071E+00  0240 008565 1 00001353 00001338 000 376 43063.7407182755
24.11.2017 17:46:38 +00.04071E+00  0250 008565 1 00001354 00001338 000 342 43063.7407222338
24.11.2017 17:46:38 +00.04071E+00  0266 008565 1 00001355 00001338 000 343 43063.7407262037
24.11.2017 17:46:40 +00.04081E+00  0017 008589 1 00001356 00001356 000 343 43063.740751713
24.11.2017 17:46:41 +00.04081E+00  0039 008589 1 00001357 00001356 000 343 43063.7407556829
24.11.2017 17:46:41 +00.04081E+00  0047 008589 1 00001358 00001356 000 421 43063.7407605556
24.11.2017 17:46:42 +00.04081E+00  0059 008589 1 00001359 00001356 000 342 43063.7407645139
24.11.2017 17:46:42 +00.04081E+00  0072 008589 1 00001360 00001356 000 342 43063.7407684722
24.11.2017 17:46:42 +00.04082E+00  0090 008589 1 00001361 00001356 000 342 43063.7407724306
24.11.2017 17:46:43 +00.04081E+00  0102 008589 1 00001362 00001356 000 378 43063.7407768171
24.11.2017 17:46:43 +00.04081E+00  0120 008589 1 00001363 00001356 000 345 43063.7407808218
24.11.2017 17:46:43 +00.04082E+00  0137 008589 1 00001364 00001356 000 343 43063.7407847917
24.11.2017 17:46:44 +00.04082E+00  0149 008589 1 00001365 00001356 000 343 43063.7407887616
24.11.2017 17:46:44 +00.04081E+00  0167 008589 1 00001366 00001356 000 373 43063.7407930787
24.11.2017 17:46:44 +00.04081E+00  0179 008589 1 00001367 00001356 000 344 43063.7407970602
24.11.2017 17:46:45 +00.04081E+00  0191 008589 1 00001368 00001356 000 344 43063.7408010417
24.11.2017 17:46:45 +00.04081E+00  0215 008589 1 00001369 00001356 000 342 43063.740805
24.11.2017 17:46:45 +00.04082E+00  0229 008589 1 00001370 00001356 000 374 43063.7408093403
24.11.2017 17:46:46 +00.04081E+00  0246 008585 1 00001371 00001356 000 343 43063.7408133102
24.11.2017 17:46:46 +00.04080E+00  0261 008585 1 00001372 00001356 000 344 43063.7408172917
24.11.2017 17:46:46 +00.04080E+00  0277 008585 1 00001373 00001356 000 342 43063.74082125
24.11.2017 17:46:49 +00.04092E+00  0015 008613 1 00001374 00001374 000 343 43063.7408469792
24.11.2017 17:46:49 +00.04093E+00  0033 008613 1 00001375 00001374 000 401 43063.7408516204
24.11.2017 17:46:49 +00.04093E+00  0047 008613 1 00001376 00001374 000 342 43063.7408555787
24.11.2017 17:46:50 +00.04093E+00  0065 008613 1 00001377 00001374 000 343 43063.7408595486
24.11.2017 17:46:50 +00.04093E+00  0076 008613 1 00001378 00001374 000 343 43063.7408635185
24.11.2017 17:46:50 +00.04093E+00  0096 008613 1 00001379 00001374 000 377 43063.7408678819
24.11.2017 17:46:51 +00.04093E+00  0107 008613 1 00001380 00001374 000 341 43063.7408718287
24.11.2017 17:46:51 +00.04093E+00  0118 008613 1 00001381 00001374 000 343 43063.7408757986
24.11.2017 17:46:52 +00.04093E+00  0129 008613 1 00001382 00001374 000 343 43063.7408797685
24.11.2017 17:46:52 +00.04093E+00  0142 008613 1 00001383 00001374 000 378 43063.7408841435
24.11.2017 17:46:52 +00.04093E+00  0157 008613 1 00001384 00001374 000 340 43063.7408880787
24.11.2017 17:46:53 +00.04093E+00  0169 008613 1 00001385 00001374 000 342 43063.7408920486
24.11.2017 17:46:53 +00.04093E+00  0184 008613 1 00001386 00001374 000 343 43063.7408960185
24.11.2017 17:46:53 +00.04093E+00  0201 008613 1 00001387 00001374 000 379 43063.7409004051
24.11.2017 17:46:54 +00.04093E+00  0215 008607 1 00001388 00001374 000 345 43063.7409043981
24.11.2017 17:46:54 +00.04092E+00  0225 008607 1 00001389 00001374 000 343 43063.7409083681
24.11.2017 17:46:54 +00.04091E+00  0241 008607 1 00001390 00001374 000 343 43063.740912338
24.11.2017 17:46:57 +00.04102E+00  0016 008633 1 00001391 00001391 000 379 43063.7409426852
24.11.2017 17:46:57 +00.04102E+00  0036 008633 1 00001392 00001391 000 345 43063.7409466782
24.11.2017 17:46:58 +00.04103E+00  0052 008633 1 00001393 00001391 000 343 43063.7409506481
24.11.2017 17:46:58 +00.04102E+00  0067 008633 1 00001394 00001391 000 343 43063.7409546181
24.11.2017 17:46:58 +00.04103E+00  0077 008633 1 00001395 00001391 000 374 43063.7409589468
24.11.2017 17:46:59 +00.04103E+00  0092 008633 1 00001396 00001391 000 344 43063.7409629282
24.11.2017 17:46:59 +00.04103E+00  0120 008633 1 00001397 00001391 000 343 43063.7409668981
24.11.2017 17:46:59 +00.04102E+00  0136 008633 1 00001398 00001391 000 342 43063.7409708565
24.11.2017 17:47:00 +00.04102E+00  0145 008633 1 00001399 00001391 000 375 43063.7409752083
24.11.2017 17:47:00 +00.04102E+00  0158 008633 1 00001400 00001391 000 343 43063.7409791782
24.11.2017 17:47:00 +00.04103E+00  0171 008633 1 00001401 00001391 000 342 43063.7409831366
24.11.2017 17:47:01 +00.04103E+00  0181 008633 1 00001402 00001391 000 344 43063.7409871181
24.11.2017 17:47:01 +00.04103E+00  0195 008633 1 00001403 00001391 000 377 43063.7409914815
24.11.2017 17:47:02 +00.04102E+00  0208 008633 1 00001404 00001391 000 340 43063.7409954167
24.11.2017 17:47:02 +00.04102E+00  0234 008629 1 00001405 00001391 000 343 43063.7409993866
24.11.2017 17:47:02 +00.04102E+00  0250 008629 1 00001406 00001391 000 343 43063.7410033565
24.11.2017 17:47:03 +00.04101E+00  0262 008629 1 00001407 00001391 000 378 43063.7410077315