
24.11.2017 17:49:57 +00.03751E+00  0013 007897 -1 00001777 00001777 000 343 43063.7430283912
24.11.2017 17:49:57 +00.03751E+00  0025 007897 -1 00001778 00001777 000 343 43063.7430323611
24.11.2017 17:49:58 +00.03752E+00  0037 007897 -1 00001779 00001777 000 419 43063.7430372106
24.11.2017 17:49:58 +00.03752E+00  0052 007897 -1 00001780 00001777 000 343 43063.7430411806
24.11.2017 17:49:59 +00.03752E+00  0059 007897 -1 00001781 00001777 000 343 43063.7430451505
24.11.2017 17:49:59 +00.03752E+00  0075 007897 -1 00001782 00001777 000 343 43063.7430491204
24.11.2017 17:49:59 +00.03752E+00  0087 007897 -1 00001783 00001777 000 376 43063.7430534722
24.11.2017 17:50:00 +00.03752E+00  0106 007897 -1 00001784 00001777 000 342 43063.7430574306
24.11.2017 17:50:00 +00.03752E+00  0123 007897 -1 00001785 00001777 000 343 43063.7430614005
24.11.2017 17:50:00 +00.03752E+00  0139 007897 -1 00001786 00001777 000 343 43063.7430653704
24.11.2017 17:50:01 +00.03752E+00  0153 007897 -1 00001787 00001777 000 377 43063.7430697338
24.11.2017 17:50:01 +00.03752E+00  0171 007897 -1 00001788 00001777 000 341 43063.7430736806
24.11.2017 17:50:01 +00.03752E+00  0184 007897 -1 00001789 00001777 000 343 43063.7430776505
24.11.2017 17:50:02 +00.03752E+00  0204 007897 -1 00001790 00001777 000 343 43063.7430816204
24.11.2017 17:50:02 +00.03751E+00  0218 007893 -1 00001791 00001777 000 378 43063.7430859954
24.11.2017 17:50:02 +00.03751E+00  0235 007893 -1 00001792 00001777 000 340 43063.7430899306
24.11.2017 17:50:03 +00.03750E+00  0259 007893 -1 00001793 00001777 000 343 43063.7430939005
24.11.2017 17:50:05 +00.03716E+00  0018 007819 -1 00001794 00001794 000 343 43063.7431194792
24.11.2017 17:50:05 +00.03715E+00  0033 007819 -1 00001795 00001794 000 343 43063.7431234491
24.11.2017 17:50:06 +00.03715E+00  0047 007819 -1 00001796 00001794 000 417 43063.7431282755
24.11.2017 17:50:06 +00.03715E+00  0057 007819 -1 00001797 00001794 000 345 43063.7431322685
24.11.2017 17:50:06 +00.03715E+00  0073 007819 -1 00001798 00001794 000 343 43063.7431362384
24.11.2017 17:50:07 +00.03715E+00  0088 007819 -1 00001799 00001794 000 343 43063.7431402083
24.11.2017 17:50:07 +00.03715E+00  0106 007819 -1 00001800 00001794 000 374 43063.743144537
24.11.2017 17:50:08 +00.03715E+00  0119 007819 -1 00001801 00001794 000 343 43063.7431485069
24.11.2017 17:50:08 +00.03715E+00  0132 007819 -1 00001802 00001794 000 343 43063.7431524769
24.11.2017 17:50:08 +00.03715E+00  0150 007819 -1 00001803 00001794 000 343 43063.7431564583
24.11.2017 17:50:09 +00.03715E+00  0168 007819 -1 00001804 00001794 000 377 43063.7431608218
24.11.2017 17:50:09 +00.03715E+00  0182 007819 -1 00001805 00001794 000 340 43063.7431647569
24.11.2017 17:50:09 +00.03715E+00  0202 007819 -1 00001806 00001794 000 343 43063.7431687269
24.11.2017 17:50:10 +00.03715E+00  0215 007819 -1 00001807 00001794 000 343 43063.7431726968
24.11.2017 17:50:10 +00.03714E+00  0229 007819 -1 00001808 00001794 000 377 43063.7431770602
24.11.2017 17:50:10 +00.03716E+00  0250 007831 -1 00001809 00001794 000 341 43063.7431810069
24.11.2017 17:50:11 +00.03718E+00  0261 007831 -1 00001810 00001794 000 343 43063.7431849769
24.11.2017 17:50:11 +00.03719E+00  0277 007831 -1 00001811 00001794 000 343 43063.7431889468
24.11.2017 17:50:13 +00.03683E+00  0013 007748 -1 00001812 00001812 000 342 43063.7432147454
24.11.2017 17:50:14 +00.03682E+00  0024 007748 -1 00001813 00001812 000 397 43063.7432193403
24.11.2017 17:50:14 +00.03681E+00  0038 007748 -1 00001814 00001812 000 340 43063.7432232755
24.11.2017 17:50:14 +00.03681E+00  0050 007748 -1 00001815 00001812 000 342 43063.7432272454
24.11.2017 17:50:15 +00.03681E+00  0072 007748 -1 00001816 00001812 000 343 43063.7432312153
24.11.2017 17:50:15 +00.03681E+00  0082 007748 -1 00001817 00001812 000 379 43063.7432356019
24.11.2017 17:50:15 +00.03681E+00  0097 007748 -1 00001818 00001812 000 340 43063.743239537
24.11.2017 17:50:16 +00.03681E+00  0111 007748 -1 00001819 00001812 000 342 43063.7432434954
24.11.2017 17:50:16 +00.03681E+00  0124 007748 -1 00001820 00001812 000 343 43063.7432474653
24.11.2017 17:50:16 +00.03681E+00  0145 007748 -1 00001821 00001812 000 380 43063.7432518634
24.11.2017 17:50:17 +00.03681E+00  0170 007748 -1 00001822 00001812 000 344 43063.7432558449
24.11.2017 17:50:17 +00.03681E+00  0195 007748 -1 00001823 00001812 000 343 43063.7432598148
24.11.2017 17:50:17 +00.03681E+00  0211 007748 -1 00001824 00001812 000 343 43063.7432637847
24.11.2017 17:50:18 +00.03681E+00  0225 007748 -1 00001825 00001812 000 375 43063.743268125
24.11.2017 17:50:18 +00.03681E+00  0244 007766 -1 00001826 00001812 000 343 43063.7432720949
24.11.2017 17:50:19 +00.03684E+00  0259 007766 -1 00001827 00001812 000 343 43063.7432760648
24.11.2017 17:50:19 +00.03687E+00  0276 007766 -1 00001828 00001812 000 343 43063.7432800347
24.11.2017 17:50:22 +00.03653E+00  0014 007687 -1 00001829 00001829 000 376 43063.7433104167
24.11.2017 17:50:22 +00.03652E+00  0035 007687 -1 00001830 00001829 000 342 43063.743314375
24.11.2017 17:50:22 +00.03652E+00  0058 007687 -1 00001831 00001829 000 343 43063.7433183449
24.11.2017 17:50:23 +00.03652E+00  0081 007687 -1 00001832 00001829 000 343 43063.7433223148
24.11.2017 17:50:23 +00.03652E+00  0098 007687 -1 00001833 00001829 000 376 43063.7433266667
24.11.2017 17:50:23 +00.03652E+00  0113 007687 -1 00001834 00001829 000 342 43063.743330625
24.11.2017 17:50:24 +00.03652E+00  0124 007687 -1 00001835 00001829 000 342 43063.7433345833
24.11.2017 17:50:24 +00.03652E+00  0139 007687 -1 00001836 00001829 000 344 43063.7433385648
24.11.2017 17:50:24 +00.03652E+00  0154 007687 -1 00001837 00001829 000 377 43063.7433429282
24.11.2017 17:50:25 +00.03652E+00  0169 007687 -1 00001838 00001829 000 340 43063.743346875
24.11.2017 17:50:25 +00.03652E+00  0182 007687 -1 00001839 00001829 000 344 43063.7433508565
24.11.2017 17:50:25 +00.03652E+00  0193 007687 -1 00001840 00001829 000 341 43063.7433548032
24.11.2017 17:50:26 +00.03652E+00  0212 007687 -1 00001841 00001829 000 379 43063.7433591898
24.11.2017 17:50:26 +00.03652E+00  0232 007687 -1 00001842 00001829 000 340 43063.743363125
24.11.2017 17:50:26 +00.03652E+00  0243 007703 -1 00001843 00001829 000 342 43063.7433670833
24.11.2017 17:50:27 +00.03654E+00  0260 007703 -1 00001844 00001829 000 343 43063.7433710532
24.11.2017 17:50:27 +00.03658E+00  0281 007703 -1 00001845 00001829 000 381 43063.743375463
24.11.2017 17:50:30 +00.03626E+00  0010 007633 -1 00001846 00001846 000 343 43063.7434056944
24.11.2017 17:50:30 +00.03626E+00  0025 007633 -1 00001847 00001846 000 342 43063.7434096528
24.11.2017 17:50:31 +00.03626E+00  0042 007633 -1 00001848 00001846 000 417 43063.7434144907
24.11.2017 17:50:31 +00.03626E+00  0060 007633 -1 00001849 00001846 000 344 43063.7434184722
24.11.2017 17:50:31 +00.03626E+00  0068 007633 -1 00001850 00001846 000 344 43063.7434224537
24.11.2017 17:50:32 +00.03626E+00  0081 007633 -1 00001851 00001846 000 342 43063.743426412
24.11.2017 17:50:32 +00.03626E+00  0092 007633 -1 00001852 00001846 000 374 43063.7434307523
24.11.2017 17:50:32 +00.03626E+00  0105 007633 -1 00001853 00001846 000 343 43063.7434347222
24.11.2017 17:50:33 +00.03626E+00  0125 007633 -1 00001854 00001846 000 344 43063.7434387037
24.11.2017 17:50:33 +00.03626E+00  0135 007633 -1 00001855 00001846 000 342 43063.743442662
24.11.2017 17:50:33 +00.03626E+00  0145 007633 -1 00001856 00001846 000 375 43063.7434470023
24.11.2017 17:50:34 +00.03626E+00  0159 007633 -1 00001857 00001846 000 342 43063.7434509722
24.11.2017 17:50:34 +00.03626E+00  0175 007633 -1 00001858 00001846 000 343 43063.7434549421
24.11.2017 17:50:34 +00.03626E+00  0187 007633 -1 00001859 00001846 000 343 43063.743458912
24.11.2017 17:50:35 +00.03627E+00  0203 007641 -1 00001860 00001846 000 377 43063.7434632755
24.11.2017 17:50:35 +00.03628E+00  0216 007641 -1 00001861 00001846 000 341 43063.7434672222
24.11.2017 17:50:35 +00.03629E+00  0227 007641 -1 00001862 00001846 000 343 43063.7434711921
24.11.2017 17:50:38 +00.03596E+00  0009 007567 -1 00001863 00001863 000 342 43063.7434967014
24.11.2017 17:50:38 +00.03595E+00  0024 007567 -1 00001864 00001863 000 343 43063.7435006713
24.11.2017 17:50:38 +00.03595E+00  0034 007567 -1 00001865 00001863 000 343 43063.7435046412
24.11.2017 17:50:39 +00.03595E+00  0047 007567 -1 00001866 00001863 000 360 43063.7435088079
24.11.2017 17:50:39 +00.03594E+00  0065 007567 -1 00001867 00001863 000 345 43063.7435128009
24.11.2017 17:50:39 +00.03594E+00  0075 007567 -1 00001868 00001863 000 343 43063.7435167708
24.11.2017 17:50:40 +00.03595E+00  0091 007567 -1 00001869 00001863 000 343 43063.7435207407
24.11.2017 17:50:40 +00.03595E+00  0111 007567 -1 00001870 00001863 000 374 43063.7435250694
24.11.2017 17:50:40 +00.03595E+00  0132 007567 -1 00001871 00001863 000 343 43063.7435290394
24.11.2017 17:50:41 +00.03595E+00  0148 007567 -1 00001872 00001863 000 342 43063.7435330093
24.11.2017 17:50:41 +00.03594E+00  0162 007567 -1 00001873 00001863 000 343 43063.7435369907
24.11.2017 17:50:41 +00.03594E+00  0171 007567 -1 00001874 00001863 000 375 43063.743541331
24.11.2017 17:50:42 +00.03594E+00  0186 007567 -1 00001875 00001863 000 342 43063.7435452894
24.11.2017 17:50:42 +00.03595E+00  0206 007567 -1 00001876 00001863 000 343 43063.7435492593
24.11.2017 17:50:43 +00.03595E+00  0222 007567 -1 00001877 00001863 000 344 43063.7435532407
24.11.2017 17:50:43 +00.03595E+00  0237 007577 -1 00001878 00001863 000 376 43063.7435575926
24.11.2017 17:50:43 +00.03597E+00  0252 007577 -1 00001879 00001863 000 340 43063.7435615394
24.11.2017 17:50:44 +00.03598E+00  0262 007577 -1 00001880 00001863 000 343 43063.7435655093