
24.11.2017 17:50:45 +00.03601E+00  0007 007581 1 00001881 00001881 000 343 43063.7435822454
24.11.2017 17:50:45 +00.03601E+00  0024 007581 1 00001882 00001881 000 399 43063.7435868634
24.11.2017 17:50:46 +00.03601E+00  0042 007581 1 00001883 00001881 000 344 43063.7435908449
24.11.2017 17:50:46 +00.03601E+00  0054 007581 1 00001884 00001881 000 343 43063.7435948148
24.11.2017 17:50:46 +00.03601E+00  0071 007581 1 00001885 00001881 000 343 43063.7435987847
24.11.2017 17:50:47 +00.03601E+00  0084 007581 1 00001886 00001881 000 375 43063.743603125
24.11.2017 17:50:47 +00.03601E+00  0101 007581 1 00001887 00001881 000 343 43063.7436070949
24.11.2017 17:50:47 +00.03601E+00  0126 007581 1 00001888 00001881 000 343 43063.7436110648
24.11.2017 17:50:48 +00.03601E+00  0141 007581 1 00001889 00001881 000 343 43063.7436150347
24.11.2017 17:50:48 +00.03601E+00  0157 007581 1 00001890 00001881 000 376 43063.7436193866
24.11.2017 17:50:49 +00.03601E+00  0178 007581 1 00001891 00001881 000 341 43063.7436233333
24.11.2017 17:50:49 +00.03601E+00  0191 007581 1 00001892 00001881 000 343 43063.7436273032
24.11.2017 17:50:49 +00.03601E+00  0209 007581 1 00001893 00001881 000 343 43063.7436312732
24.11.2017 17:50:50 +00.03601E+00  0221 007581 1 00001894 00001881 000 378 43063.7436356481
24.11.2017 17:50:50 +00.03601E+00  0239 007581 1 00001895 00001881 000 341 43063.7436395949
24.11.2017 17:50:50 +00.03601E+00  0251 007579 1 00001896 00001881 000 342 43063.7436435532
24.11.2017 17:50:51 +00.03601E+00  0268 007579 1 00001897 00001881 000 343 43063.7436475232
24.11.2017 17:50:53 +00.03637E+00  0010 007659 1 00001898 00001898 000 377 43063.7436779282
24.11.2017 17:50:54 +00.03638E+00  0031 007659 1 00001899 00001898 000 341 43063.7436818866
24.11.2017 17:50:54 +00.03638E+00  0039 007659 1 00001900 00001898 000 341 43063.7436858333
24.11.2017 17:50:54 +00.03638E+00  0051 007659 1 00001901 00001898 000 343 43063.7436898032
24.11.2017 17:50:55 +00.03638E+00  0065 007659 1 00001902 00001898 000 379 43063.7436941898
24.11.2017 17:50:55 +00.03638E+00  0080 007659 1 00001903 00001898 000 341 43063.7436981366
24.11.2017 17:50:55 +00.03638E+00  0103 007659 1 00001904 00001898 000 341 43063.7437020833
24.11.2017 17:50:56 +00.03638E+00  0115 007659 1 00001905 00001898 000 343 43063.7437060532
24.11.2017 17:50:56 +00.03638E+00  0127 007659 1 00001906 00001898 000 380 43063.7437104514
24.11.2017 17:50:56 +00.03639E+00  0143 007659 1 00001907 00001898 000 344 43063.7437144329
24.11.2017 17:50:57 +00.03638E+00  0152 007659 1 00001908 00001898 000 343 43063.7437184028
24.11.2017 17:50:57 +00.03638E+00  0164 007659 1 00001909 00001898 000 343 43063.7437223727
24.11.2017 17:50:57 +00.03639E+00  0181 007659 1 00001910 00001898 000 375 43063.743726713
24.11.2017 17:50:58 +00.03638E+00  0195 007659 1 00001911 00001898 000 343 43063.7437306829
24.11.2017 17:50:58 +00.03638E+00  0211 007643 1 00001912 00001898 000 343 43063.7437346528
24.11.2017 17:50:59 +00.03637E+00  0220 007643 1 00001913 00001898 000 343 43063.7437386227
24.11.2017 17:50:59 +00.03632E+00  0234 007643 1 00001914 00001898 000 376 43063.7437429745
24.11.2017 17:51:02 +00.03664E+00  0013 007713 1 00001915 00001915 000 342 43063.7437731829
24.11.2017 17:51:02 +00.03664E+00  0028 007713 1 00001916 00001915 000 343 43063.7437771528
24.11.2017 17:51:02 +00.03665E+00  0041 007713 1 00001917 00001915 000 419 43063.7437820023
24.11.2017 17:51:03 +00.03665E+00  0057 007713 1 00001918 00001915 000 343 43063.7437859722
24.11.2017 17:51:03 +00.03664E+00  0076 007713 1 00001919 00001915 000 343 43063.7437899421
24.11.2017 17:51:03 +00.03664E+00  0086 007713 1 00001920 00001915 000 343 43063.743793912
24.11.2017 17:51:04 +00.03664E+00  0104 007713 1 00001921 00001915 000 376 43063.7437982639
24.11.2017 17:51:04 +00.03664E+00  0118 007713 1 00001922 00001915 000 342 43063.7438022222
24.11.2017 17:51:04 +00.03665E+00  0132 007713 1 00001923 00001915 000 343 43063.7438061921
24.11.2017 17:51:05 +00.03664E+00  0149 007713 1 00001924 00001915 000 343 43063.743810162
24.11.2017 17:51:05 +00.03664E+00  0166 007713 1 00001925 00001915 000 377 43063.7438145255
24.11.2017 17:51:05 +00.03664E+00  0186 007713 1 00001926 00001915 000 341 43063.7438184722
24.11.2017 17:51:06 +00.03665E+00  0200 007713 1 00001927 00001915 000 343 43063.7438224421
24.11.2017 17:51:06 +00.03664E+00  0223 007713 1 00001928 00001915 000 343 43063.743826412
24.11.2017 17:51:06 +00.03664E+00  0234 007705 1 00001929 00001915 000 378 43063.743830787
24.11.2017 17:51:07 +00.03662E+00  0247 007705 1 00001930 00001915 000 340 43063.7438347222
24.11.2017 17:51:07 +00.03661E+00  0261 007705 1 00001931 00001915 000 343 43063.7438386921
24.11.2017 17:51:09 +00.03694E+00  0018 007779 1 00001932 00001932 000 343 43063.7438642708
24.11.2017 17:51:10 +00.03695E+00  0031 007779 1 00001933 00001932 000 343 43063.7438682407
24.11.2017 17:51:10 +00.03695E+00  0044 007779 1 00001934 00001932 000 417 43063.7438730671
24.11.2017 17:51:10 +00.03696E+00  0062 007779 1 00001935 00001932 000 345 43063.7438770602
24.11.2017 17:51:11 +00.03696E+00  0071 007779 1 00001936 00001932 000 343 43063.7438810301
24.11.2017 17:51:11 +00.03696E+00  0081 007779 1 00001937 00001932 000 342 43063.7438849884
24.11.2017 17:51:12 +00.03696E+00  0092 007779 1 00001938 00001932 000 374 43063.7438893287
24.11.2017 17:51:12 +00.03696E+00  0108 007779 1 00001939 00001932 000 343 43063.7438932986
24.11.2017 17:51:12 +00.03696E+00  0122 007779 1 00001940 00001932 000 344 43063.7438972801
24.11.2017 17:51:13 +00.03696E+00  0134 007779 1 00001941 00001932 000 342 43063.7439012384
24.11.2017 17:51:13 +00.03696E+00  0151 007779 1 00001942 00001932 000 376 43063.7439055903
24.11.2017 17:51:13 +00.03696E+00  0160 007779 1 00001943 00001932 000 342 43063.7439095486
24.11.2017 17:51:14 +00.03696E+00  0173 007779 1 00001944 00001932 000 343 43063.7439135185
24.11.2017 17:51:14 +00.03696E+00  0179 007779 1 00001945 00001932 000 343 43063.7439174884
24.11.2017 17:51:14 +00.03696E+00  0192 007779 1 00001946 00001932 000 377 43063.7439218518
24.11.2017 17:51:15 +00.03695E+00  0204 007767 1 00001947 00001932 000 341 43063.7439257986
24.11.2017 17:51:15 +00.03693E+00  0216 007767 1 00001948 00001932 000 343 43063.7439297685
24.11.2017 17:51:15 +00.03692E+00  0239 007767 1 00001949 00001932 000 343 43063.7439337384
24.11.2017 17:51:18 +00.03723E+00  0013 007841 1 00001950 00001950 000 344 43063.7439594792
24.11.2017 17:51:18 +00.03725E+00  0034 007841 1 00001951 00001950 000 402 43063.7439641319
24.11.2017 17:51:18 +00.03725E+00  0054 007841 1 00001952 00001950 000 340 43063.7439680671
24.11.2017 17:51:19 +00.03725E+00  0068 007841 1 00001953 00001950 000 343 43063.743972037
24.11.2017 17:51:19 +00.03725E+00  0079 007841 1 00001954 00001950 000 343 43063.7439760069
24.11.2017 17:51:19 +00.03725E+00  0097 007841 1 00001955 00001950 000 380 43063.7439804051
24.11.2017 17:51:20 +00.03726E+00  0114 007841 1 00001956 00001950 000 344 43063.7439843866
24.11.2017 17:51:20 +00.03725E+00  0125 007841 1 00001957 00001950 000 343 43063.7439883565
24.11.2017 17:51:20 +00.03725E+00  0137 007841 1 00001958 00001950 000 343 43063.7439923264
24.11.2017 17:51:21 +00.03725E+00  0151 007841 1 00001959 00001950 000 374 43063.7439966551
24.11.2017 17:51:21 +00.03725E+00  0162 007841 1 00001960 00001950 000 344 43063.7440006366
24.11.2017 17:51:21 +00.03725E+00  0176 007841 1 00001961 00001950 000 343 43063.7440046065
24.11.2017 17:51:22 +00.03725E+00  0192 007841 1 00001962 00001950 000 343 43063.7440085764
24.11.2017 17:51:22 +00.03725E+00  0203 007841 1 00001963 00001950 000 376 43063.7440129282
24.11.2017 17:51:23 +00.03725E+00  0221 007841 1 00001964 00001950 000 342 43063.7440168866
24.11.2017 17:51:23 +00.03725E+00  0231 007831 1 00001965 00001950 000 342 43063.7440208449
24.11.2017 17:51:23 +00.03723E+00  0243 007831 1 00001966 00001950 000 343 43063.7440248264
24.11.2017 17:51:24 +00.03721E+00  0261 007831 1 00001967 00001950 000 376 43063.7440291782
24.11.2017 17:51:26 +00.03759E+00  0012 007914 1 00001968 00001968 000 377 43063.7440552083
24.11.2017 17:51:26 +00.03760E+00  0024 007914 1 00001969 00001968 000 340 43063.7440591435
24.11.2017 17:51:27 +00.03760E+00  0043 007914 1 00001970 00001968 000 343 43063.7440631134
24.11.2017 17:51:27 +00.03760E+00  0058 007914 1 00001971 00001968 000 344 43063.7440670949
24.11.2017 17:51:27 +00.03760E+00  0068 007914 1 00001972 00001968 000 378 43063.7440714699
24.11.2017 17:51:28 +00.03760E+00  0086 007914 1 00001973 00001968 000 340 43063.7440754051
24.11.2017 17:51:28 +00.03760E+00  0097 007914 1 00001974 00001968 000 342 43063.7440793634
24.11.2017 17:51:28 +00.03760E+00  0111 007914 1 00001975 00001968 000 343 43063.7440833333
24.11.2017 17:51:29 +00.03760E+00  0125 007914 1 00001976 00001968 000 379 43063.7440877199
24.11.2017 17:51:29 +00.03760E+00  0136 007914 1 00001977 00001968 000 340 43063.7440916551
24.11.2017 17:51:29 +00.03760E+00  0154 007914 1 00001978 00001968 000 342 43063.7440956134
24.11.2017 17:51:30 +00.03760E+00  0169 007914 1 00001979 00001968 000 343 43063.7440995833
24.11.2017 17:51:30 +00.03760E+00  0184 007914 1 00001980 00001968 000 382 43063.7441040046
24.11.2017 17:51:30 +00.03760E+00  0200 007914 1 00001981 00001968 000 342 43063.744107963
24.11.2017 17:51:31 +00.03760E+00  0214 007914 1 00001982 00001968 000 343 43063.7441119329
24.11.2017 17:51:31 +00.03759E+00  0229 007894 1 00001983 00001968 000 343 43063.7441159028
24.11.2017 17:51:31 +00.03753E+00  0240 007894 1 00001984 00001968 000 376 43063.7441202546
24.11.2017 17:51:32 +00.03752E+00  0253 007894 1 00001985 00001968 000 342 43063.744124213