
24.11.2017 16:45:14 +00.03740E+00  0200 007578 1 00000413 00000401 000 343 43063.6980851968
24.11.2017 16:45:14 +00.03641E+00  0214 007578 1 00000414 00000401 000 375 43063.698089537
24.11.2017 16:45:15 +00.03622E+00  0231 007493 1 00000415 00000401 000 343 43063.6980935069
24.11.2017 16:45:15 +00.03600E+00  0245 007493 1 00000416 00000401 000 343 43063.6980974769
24.11.2017 16:45:15 +00.03581E+00  0255 007493 1 00000417 00000401 000 343 43063.6981014468
24.11.2017 16:45:16 +00.03566E+00  0268 007532 1 00000418 00000401 000 376 43063.6981057986
24.11.2017 16:45:16 +00.03572E+00  0283 007532 1 00000419 00000401 000 341 43063.6981097454
24.11.2017 16:45:17 +00.03574E+00  0298 007532 1 00000420 00000401 000 343 43063.6981137153
24.11.2017 16:45:17 +00.03576E+00  0315 007586 1 00000421 00000401 000 343 43063.6981176852
24.11.2017 16:45:17 +00.03593E+00  0332 007586 1 00000422 00000401 000 378 43063.6981220602
24.11.2017 16:45:18 +00.03598E+00  0344 007586 1 00000423 00000401 000 340 43063.6981259954
24.11.2017 16:45:18 +00.03600E+00  0356 007590 1 00000424 00000401 000 343 43063.6981299653
24.11.2017 16:45:18 +00.03603E+00  0371 007590 1 00000425 00000401 000 343 43063.6981339352
24.11.2017 16:45:19 +00.03605E+00  0384 007590 1 00000426 00000401 000 379 43063.6981383218
24.11.2017 16:45:19 +00.03604E+00  0409 007580 1 00000427 00000401 000 341 43063.6981422685
24.11.2017 16:45:19 +00.03603E+00  0431 007580 1 00000428 00000401 000 341 43063.6981462153
24.11.2017 16:45:20 +00.03602E+00  0448 007580 1 00000429 00000401 000 343 43063.6981501852
24.11.2017 16:45:20 +00.03600E+00  0462 007576 1 00000430 00000401 000 380 43063.6981545833
24.11.2017 16:45:20 +00.03599E+00  0482 007576 1 00000431 00000401 000 344 43063.6981585648
24.11.2017 16:45:21 +00.03599E+00  0500 007576 1 00000432 00000401 000 343 43063.6981625347
24.11.2017 16:45:21 +00.03599E+00  0515 007576 1 00000002 00000004 000 299 43063.6981665046
24.11.2017 16:45:21 +00.03599E+00  0534 007576 1 00000003 00000004 000 375 43063.6981708449
24.11.2017 16:45:22 +00.03599E+00  0549 007576 1 00000004 00000004 000 343 43063.6981748148
24.11.2017 16:45:22 +00.03599E+00  0564 007576 1 00000005 00000004 000 342 43063.6981787731
24.11.2017 16:45:22 +00.03599E+00  0582 007576 1 00000006 00000004 000 343 43063.6981827546
24.11.2017 16:45:23 +00.03599E+00  0592 007576 1 00000007 00000004 000 376 43063.6981871065
24.11.2017 16:45:23 +00.03599E+00  0609 007576 1 00000008 00000004 000 342 43063.6981910648
24.11.2017 16:45:24 +00.03599E+00  0629 007576 1 00000009 00000004 000 342 43063.6981950231
24.11.2017 16:45:24 +00.03599E+00  0649 007576 1 00000010 00000004 000 342 43063.6981989931
24.11.2017 16:45:24 +00.03599E+00  0666 007576 1 00000011 00000004 000 377 43063.6982033681
24.11.2017 16:45:25 +00.03599E+00  0680 007576 1 00000012 00000004 000 340 43063.6982073148
24.11.2017 16:45:25 +00.03599E+00  0693 007576 1 00000013 00000004 000 341 43063.6982112731
24.11.2017 16:45:25 +00.03599E+00  0701 007576 1 00000014 00000004 000 343 43063.6982152431
24.11.2017 16:45:26 +00.03599E+00  0719 007576 1 00000015 00000004 000 379 43063.6982196296
24.11.2017 16:45:26 +00.03599E+00  0735 007576 1 00000016 00000004 000 344 43063.6982236227
24.11.2017 16:45:26 +00.03599E+00  0745 007578 1 00000017 00000004 000 342 43063.6982275926
24.11.2017 16:45:27 +00.03599E+00  0760 007578 1 00000018 00000004 000 342 43063.6982315625
24.11.2017 16:45:27 +00.03600E+00  0777 007578 1 00000019 00000004 000 373 43063.6982358912
24.11.2017 16:45:29 +00.03640E+00  0020 007665 1 00000020 00000020 000 379 43063.6982619097
24.11.2017 16:45:30 +00.03641E+00  0034 007665 1 00000021 00000020 000 344 43063.6982658912
24.11.2017 16:45:30 +00.03641E+00  0049 007665 1 00000022 00000020 000 343 43063.6982698611
24.11.2017 16:45:30 +00.03641E+00  0060 007665 1 00000023 00000020 000 344 43063.6982738426
24.11.2017 16:45:31 +00.03641E+00  0075 007665 1 00000024 00000020 000 374 43063.6982781713
24.11.2017 16:45:31 +00.03641E+00  0089 007665 1 00000025 00000020 000 342 43063.6982821412
24.11.2017 16:45:31 +00.03641E+00  0097 007665 1 00000026 00000020 000 344 43063.6982861227
24.11.2017 16:45:32 +00.03641E+00  0115 007665 1 00000027 00000020 000 342 43063.698290081
24.11.2017 16:45:32 +00.03641E+00  0130 007665 1 00000028 00000020 000 376 43063.6982944329
24.11.2017 16:45:32 +00.03641E+00  0143 007665 1 00000029 00000020 000 342 43063.6982983912
24.11.2017 16:45:33 +00.03641E+00  0165 007665 1 00000030 00000020 000 343 43063.6983023611
24.11.2017 16:45:33 +00.03641E+00  0187 007665 1 00000031 00000020 000 343 43063.698306331
24.11.2017 16:45:34 +00.03641E+00  0197 007665 1 00000032 00000020 000 378 43063.698310706
24.11.2017 16:45:34 +00.03641E+00  0213 007665 1 00000033 00000020 000 340 43063.6983146412
24.11.2017 16:45:34 +00.03641E+00  0228 007642 1 00000034 00000020 000 342 43063.6983185995
24.11.2017 16:45:35 +00.03638E+00  0243 007642 1 00000035 00000020 000 342 43063.6983225694
24.11.2017 16:45:35 +00.03632E+00  0250 007642 1 00000036 00000020 000 378 43063.698326956
24.11.2017 16:45:37 +00.03663E+00  0015 007712 1 00000037 00000037 000 379 43063.6983529861
24.11.2017 16:45:38 +00.03663E+00  0028 007712 1 00000038 00000037 000 345 43063.6983569792
24.11.2017 16:45:38 +00.03664E+00  0044 007712 1 00000039 00000037 000 343 43063.6983609491
24.11.2017 16:45:38 +00.03664E+00  0058 007712 1 00000040 00000037 000 343 43063.698364919
24.11.2017 16:45:39 +00.03664E+00  0070 007712 1 00000041 00000037 000 373 43063.6983692361
24.11.2017 16:45:39 +00.03664E+00  0081 007712 1 00000042 00000037 000 344 43063.6983732176
24.11.2017 16:45:39 +00.03664E+00  0093 007712 1 00000043 00000037 000 343 43063.6983771991
24.11.2017 16:45:40 +00.03664E+00  0111 007712 1 00000044 00000037 000 342 43063.6983811574
24.11.2017 16:45:40 +00.03664E+00  0128 007712 1 00000045 00000037 000 375 43063.6983855093
24.11.2017 16:45:40 +00.03664E+00  0137 007712 1 00000046 00000037 000 342 43063.6983894676
24.11.2017 16:45:41 +00.03664E+00  0153 007712 1 00000047 00000037 000 342 43063.6983934375
24.11.2017 16:45:41 +00.03664E+00  0163 007712 1 00000048 00000037 000 342 43063.6983974074
24.11.2017 16:45:41 +00.03664E+00  0177 007712 1 00000049 00000037 000 375 43063.6984017593
24.11.2017 16:45:42 +00.03664E+00  0200 007712 1 00000050 00000037 000 341 43063.6984057176
24.11.2017 16:45:42 +00.03664E+00  0216 007712 1 00000051 00000037 000 343 43063.6984096875
24.11.2017 16:45:42 +00.03664E+00  0223 007704 1 00000052 00000037 000 343 43063.6984136574
24.11.2017 16:45:43 +00.03661E+00  0239 007704 1 00000053 00000037 000 378 43063.6984180324
24.11.2017 16:45:43 +00.03660E+00  0254 007704 1 00000054 00000037 000 340 43063.6984219676
24.11.2017 16:45:45 +00.03695E+00  0010 007780 1 00000055 00000055 000 342 43063.698448206
24.11.2017 16:45:46 +00.03696E+00  0025 007780 1 00000056 00000055 000 343 43063.6984521759
24.11.2017 16:45:46 +00.03696E+00  0039 007780 1 00000057 00000055 000 422 43063.6984570602
24.11.2017 16:45:47 +00.03696E+00  0057 007780 1 00000058 00000055 000 340 43063.6984609954
24.11.2017 16:45:47 +00.03696E+00  0071 007780 1 00000059 00000055 000 342 43063.6984649653
24.11.2017 16:45:47 +00.03696E+00  0082 007780 1 00000060 00000055 000 343 43063.6984689352
24.11.2017 16:45:48 +00.03696E+00  0092 007780 1 00000061 00000055 000 379 43063.6984733218
24.11.2017 16:45:48 +00.03696E+00  0106 007780 1 00000062 00000055 000 340 43063.6984772569
24.11.2017 16:45:48 +00.03696E+00  0120 007780 1 00000063 00000055 000 341 43063.6984812153
24.11.2017 16:45:49 +00.03696E+00  0127 007780 1 00000064 00000055 000 343 43063.6984851852
24.11.2017 16:45:49 +00.03696E+00  0142 007780 1 00000065 00000055 000 380 43063.6984895833
24.11.2017 16:45:49 +00.03696E+00  0158 007780 1 00000066 00000055 000 344 43063.6984935648
24.11.2017 16:45:50 +00.03696E+00  0173 007780 1 00000067 00000055 000 343 43063.6984975347
24.11.2017 16:45:50 +00.03696E+00  0187 007780 1 00000068 00000055 000 343 43063.6985015046
24.11.2017 16:45:50 +00.03696E+00  0209 007768 1 00000069 00000055 000 375 43063.6985058449
24.11.2017 16:45:51 +00.03693E+00  0223 007768 1 00000070 00000055 000 343 43063.6985098148
24.11.2017 16:45:51 +00.03692E+00  0237 007768 1 00000071 00000055 000 343 43063.6985137847
24.11.2017 16:45:54 +00.03725E+00  0011 007842 1 00000072 00000072 000 343 43063.6985434954
24.11.2017 16:45:54 +00.03726E+00  0026 007842 1 00000073 00000072 000 400 43063.698548125
24.11.2017 16:45:54 +00.03726E+00  0047 007842 1 00000074 00000072 000 343 43063.6985520949
24.11.2017 16:45:55 +00.03726E+00  0059 007842 1 00000075 00000072 000 343 43063.6985560648
24.11.2017 16:45:55 +00.03726E+00  0069 007842 1 00000076 00000072 000 343 43063.6985600347
24.11.2017 16:45:55 +00.03726E+00  0081 007842 1 00000077 00000072 000 376 43063.6985643866
24.11.2017 16:45:56 +00.03726E+00  0097 007842 1 00000078 00000072 000 341 43063.6985683333
24.11.2017 16:45:56 +00.03726E+00  0111 007842 1 00000079 00000072 000 342 43063.6985723032
24.11.2017 16:45:56 +00.03726E+00  0119 007842 1 00000080 00000072 000 342 43063.6985762731
24.11.2017 16:45:57 +00.03726E+00  0135 007842 1 00000081 00000072 000 377 43063.6985806481
24.11.2017 16:45:57 +00.03726E+00  0147 007842 1 00000082 00000072 000 340 43063.6985845833
24.11.2017 16:45:58 +00.03726E+00  0162 007842 1 00000083 00000072 000 342 43063.6985885532
24.11.2017 16:45:58 +00.03726E+00  0172 007842 1 00000084 00000072 000 343 43063.6985925231
24.11.2017 16:45:58 +00.03726E+00  0188 007842 1 00000085 00000072 000 377 43063.6985968981
24.11.2017 16:45:59 +00.03725E+00  0204 007830 1 00000086 00000072 000 340 43063.6986008449
24.11.2017 16:45:59 +00.03723E+00  0212 007830 1 00000087 00000072 000 342 43063.6986048148
24.11.2017 16:45:59 +00.03722E+00  0235 007830 1 00000088 00000072 000 342 43063.6986087731
24.11.2017 16:46:02 +00.03753E+00  0006 007904 1 00000089 00000089 000 342 43063.6986345718
24.11.2017 16:46:02 +00.03755E+00  0017 007904 1 00000090 00000089 000 399 43063.6986391898
24.11.2017 16:46:02 +00.03755E+00  0035 007904 1 00000091 00000089 000 344 43063.6986431713
24.11.2017 16:46:03 +00.03755E+00  0042 007904 1 00000092 00000089 000 343 43063.6986471528
24.11.2017 16:46:03 +00.03755E+00  0052 007904 1 00000093 00000089 000 342 43063.6986511111
24.11.2017 16:46:03 +00.03755E+00  0063 007904 1 00000094 00000089 000 374 43063.6986554514
24.11.2017 16:46:04 +00.03755E+00  0077 007904 1 00000095 00000089 000 342 43063.6986594213
24.11.2017 16:46:04 +00.03755E+00  0091 007904 1 00000096 00000089 000 343 43063.6986633912
24.11.2017 16:46:04 +00.03755E+00  0106 007904 1 00000097 00000089 000 343 43063.6986673611
24.11.2017 16:46:05 +00.03755E+00  0132 007904 1 00000098 00000089 000 376 43063.698671713
24.11.2017 16:46:05 +00.03755E+00  0146 007904 1 00000099 00000089 000 342 43063.6986756713
24.11.2017 16:46:05 +00.03755E+00  0165 007904 1 00000100 00000089 000 343 43063.6986796412
24.11.2017 16:46:06 +00.03755E+00  0180 007904 1 00000101 00000089 000 343 43063.6986836111
24.11.2017 16:46:06 +00.03755E+00  0191 007904 1 00000102 00000089 000 377 43063.6986879745
24.11.2017 16:46:06 +00.03755E+00  0208 007904 1 00000103 00000089 000 340 43063.6986919097
24.11.2017 16:46:07 +00.03754E+00  0224 007894 1 00000104 00000089 000 343 43063.6986958912
24.11.2017 16:46:07 +00.03752E+00  0235 007894 1 00000105 00000089 000 343 43063.6986998611