
24.11.2017 17:03:52 +00.04100E+00  0010 008628 -1 00002360 00002360 000 400 43063.7110209375
24.11.2017 17:03:52 +00.04100E+00  0030 008628 -1 00002361 00002360 000 342 43063.7110248958
24.11.2017 17:03:52 +00.04100E+00  0046 008628 -1 00002362 00002360 000 343 43063.7110288657
24.11.2017 17:03:53 +00.04100E+00  0057 008628 -1 00002363 00002360 000 342 43063.7110328357
24.11.2017 17:03:53 +00.04100E+00  0078 008628 -1 00002364 00002360 000 376 43063.7110371991
24.11.2017 17:03:53 +00.04100E+00  0087 008628 -1 00002365 00002360 000 340 43063.7110411458
24.11.2017 17:03:54 +00.04100E+00  0098 008628 -1 00002366 00002360 000 342 43063.7110451157
24.11.2017 17:03:54 +00.04100E+00  0119 008628 -1 00002367 00002360 000 343 43063.7110490857
24.11.2017 17:03:55 +00.04100E+00  0136 008628 -1 00002368 00002360 000 377 43063.7110534606
24.11.2017 17:03:55 +00.04100E+00  0154 008628 -1 00002369 00002360 000 341 43063.711057419
24.11.2017 17:03:55 +00.04100E+00  0171 008628 -1 00002370 00002360 000 341 43063.7110613657
24.11.2017 17:03:56 +00.04100E+00  0186 008628 -1 00002371 00002360 000 343 43063.7110653357
24.11.2017 17:03:56 +00.04100E+00  0210 008628 -1 00002372 00002360 000 379 43063.7110697222
24.11.2017 17:03:56 +00.04100E+00  0234 008628 -1 00002373 00002360 000 340 43063.7110736574
24.11.2017 17:03:57 +00.04100E+00  0250 008628 -1 00002374 00002360 000 341 43063.7110776157
24.11.2017 17:03:57 +00.04100E+00  0269 008628 -1 00002375 00002360 000 343 43063.7110815857
24.11.2017 17:03:57 +00.04100E+00  0291 008628 -1 00002376 00002360 000 380 43063.7110859838
24.11.2017 17:03:58 +00.04100E+00  0305 008628 -1 00002377 00002360 000 344 43063.7110899653
24.11.2017 17:04:00 +00.04088E+00  0010 008600 -1 00002378 00002378 000 343 43063.7111162037
24.11.2017 17:04:00 +00.04087E+00  0028 008600 -1 00002379 00002378 000 343 43063.7111201736
24.11.2017 17:04:01 +00.04087E+00  0043 008600 -1 00002380 00002378 000 418 43063.7111250116
24.11.2017 17:04:01 +00.04087E+00  0061 008600 -1 00002381 00002378 000 344 43063.7111289931
24.11.2017 17:04:01 +00.04087E+00  0075 008600 -1 00002382 00002378 000 343 43063.711132963
24.11.2017 17:04:02 +00.04087E+00  0086 008600 -1 00002383 00002378 000 343 43063.7111369329
24.11.2017 17:04:02 +00.04087E+00  0103 008600 -1 00002384 00002378 000 375 43063.7111412731
24.11.2017 17:04:02 +00.04087E+00  0119 008600 -1 00002385 00002378 000 343 43063.7111452431
24.11.2017 17:04:03 +00.04087E+00  0138 008600 -1 00002386 00002378 000 343 43063.711149213
24.11.2017 17:04:03 +00.04087E+00  0150 008600 -1 00002387 00002378 000 343 43063.7111531829
24.11.2017 17:04:04 +00.04087E+00  0171 008600 -1 00002388 00002378 000 376 43063.7111575347
24.11.2017 17:04:04 +00.04087E+00  0185 008600 -1 00002389 00002378 000 341 43063.7111614815
24.11.2017 17:04:04 +00.04087E+00  0200 008600 -1 00002390 00002378 000 342 43063.7111654514
24.11.2017 17:04:05 +00.04087E+00  0215 008600 -1 00002391 00002378 000 342 43063.7111694213
24.11.2017 17:04:05 +00.04087E+00  0230 008600 -1 00002392 00002378 000 378 43063.7111738079
24.11.2017 17:04:05 +00.04088E+00  0240 008606 -1 00002393 00002378 000 340 43063.7111777431
24.11.2017 17:04:06 +00.04089E+00  0249 008606 -1 00002394 00002378 000 342 43063.7111817014
24.11.2017 17:04:06 +00.04089E+00  0261 008606 -1 00002395 00002378 000 342 43063.7111856713
24.11.2017 17:04:08 +00.04078E+00  0010 008580 -1 00002396 00002396 000 342 43063.7112114699
24.11.2017 17:04:09 +00.04077E+00  0024 008580 -1 00002397 00002396 000 397 43063.7112160764
24.11.2017 17:04:09 +00.04077E+00  0043 008580 -1 00002398 00002396 000 344 43063.7112200694
24.11.2017 17:04:09 +00.04077E+00  0059 008580 -1 00002399 00002396 000 342 43063.7112240394
24.11.2017 17:04:10 +00.04077E+00  0078 008580 -1 00002400 00002396 000 342 43063.7112280093
24.11.2017 17:04:10 +00.04077E+00  0092 008580 -1 00002401 00002396 000 373 43063.711232338
24.11.2017 17:04:10 +00.04077E+00  0112 008580 -1 00002402 00002396 000 343 43063.7112363194
24.11.2017 17:04:11 +00.04077E+00  0124 008580 -1 00002403 00002396 000 343 43063.7112402894
24.11.2017 17:04:11 +00.04077E+00  0142 008580 -1 00002404 00002396 000 343 43063.7112442593
24.11.2017 17:04:11 +00.04077E+00  0152 008580 -1 00002405 00002396 000 374 43063.7112485995
24.11.2017 17:04:12 +00.04077E+00  0167 008580 -1 00002406 00002396 000 342 43063.7112525694
24.11.2017 17:04:12 +00.04077E+00  0180 008580 -1 00002407 00002396 000 343 43063.7112565394
24.11.2017 17:04:12 +00.04077E+00  0199 008580 -1 00002408 00002396 000 343 43063.7112605093
24.11.2017 17:04:13 +00.04077E+00  0215 008580 -1 00002409 00002396 000 376 43063.7112648611
24.11.2017 17:04:13 +00.04077E+00  0237 008580 -1 00002410 00002396 000 342 43063.7112688194
24.11.2017 17:04:13 +00.04078E+00  0248 008586 -1 00002411 00002396 000 343 43063.7112727894
24.11.2017 17:04:14 +00.04079E+00  0261 008586 -1 00002412 00002396 000 343 43063.7112767593
24.11.2017 17:04:16 +00.04068E+00  0014 008560 -1 00002413 00002413 000 383 43063.7113071528
24.11.2017 17:04:17 +00.04068E+00  0030 008560 -1 00002414 00002413 000 341 43063.7113110995
24.11.2017 17:04:17 +00.04068E+00  0041 008560 -1 00002415 00002413 000 343 43063.7113150694
24.11.2017 17:04:17 +00.04068E+00  0055 008560 -1 00002416 00002413 000 344 43063.7113190509
24.11.2017 17:04:18 +00.04068E+00  0072 008560 -1 00002417 00002413 000 376 43063.7113234028
24.11.2017 17:04:18 +00.04068E+00  0086 008560 -1 00002418 00002413 000 341 43063.7113273495
24.11.2017 17:04:19 +00.04068E+00  0105 008560 -1 00002419 00002413 000 343 43063.7113313194
24.11.2017 17:04:19 +00.04068E+00  0123 008560 -1 00002420 00002413 000 343 43063.7113352894
24.11.2017 17:04:19 +00.04068E+00  0141 008560 -1 00002421 00002413 000 379 43063.7113396759
24.11.2017 17:04:20 +00.04068E+00  0152 008560 -1 00002422 00002413 000 345 43063.711343669
24.11.2017 17:04:20 +00.04068E+00  0165 008560 -1 00002423 00002413 000 343 43063.7113476389
24.11.2017 17:04:20 +00.04068E+00  0180 008560 -1 00002424 00002413 000 343 43063.7113516088
24.11.2017 17:04:21 +00.04068E+00  0192 008560 -1 00002425 00002413 000 374 43063.7113559375
24.11.2017 17:04:21 +00.04068E+00  0210 008560 -1 00002426 00002413 000 343 43063.7113599074
24.11.2017 17:04:21 +00.04068E+00  0224 008560 -1 00002427 00002413 000 343 43063.7113638889
24.11.2017 17:04:22 +00.04068E+00  0239 008564 -1 00002428 00002413 000 343 43063.7113678588
24.11.2017 17:04:22 +00.04069E+00  0259 008564 -1 00002429 00002413 000 375 43063.7113721991
24.11.2017 17:04:25 +00.04058E+00  0012 008540 -1 00002430 00002430 000 343 43063.711402419
24.11.2017 17:04:25 +00.04058E+00  0023 008540 -1 00002431 00002430 000 343 43063.7114063889
24.11.2017 17:04:25 +00.04058E+00  0041 008540 -1 00002432 00002430 000 418 43063.7114112269
24.11.2017 17:04:26 +00.04058E+00  0065 008540 -1 00002433 00002430 000 344 43063.7114152083
24.11.2017 17:04:26 +00.04058E+00  0076 008540 -1 00002434 00002430 000 343 43063.7114191782
24.11.2017 17:04:26 +00.04058E+00  0088 008540 -1 00002435 00002430 000 343 43063.7114231481
24.11.2017 17:04:27 +00.04058E+00  0111 008540 -1 00002436 00002430 000 375 43063.7114274884
24.11.2017 17:04:27 +00.04058E+00  0125 008540 -1 00002437 00002430 000 342 43063.7114314468
24.11.2017 17:04:28 +00.04058E+00  0137 008540 -1 00002438 00002430 000 343 43063.7114354282
24.11.2017 17:04:28 +00.04058E+00  0148 008540 -1 00002439 00002430 000 342 43063.7114393866
24.11.2017 17:04:28 +00.04058E+00  0161 008540 -1 00002440 00002430 000 376 43063.71144375
24.11.2017 17:04:29 +00.04058E+00  0173 008540 -1 00002441 00002430 000 341 43063.7114476968
24.11.2017 17:04:29 +00.04058E+00  0183 008540 -1 00002442 00002430 000 343 43063.7114516667
24.11.2017 17:04:29 +00.04058E+00  0197 008540 -1 00002443 00002430 000 343 43063.7114556366
24.11.2017 17:04:30 +00.04058E+00  0210 008544 -1 00002444 00002430 000 376 43063.71146
24.11.2017 17:04:30 +00.04059E+00  0222 008544 -1 00002445 00002430 000 340 43063.7114639468
24.11.2017 17:04:30 +00.04060E+00  0243 008544 -1 00002446 00002430 000 342 43063.7114679167
24.11.2017 17:04:33 +00.04048E+00  0009 008518 -1 00002447 00002447 000 342 43063.7114976273
24.11.2017 17:04:33 +00.04048E+00  0026 008518 -1 00002448 00002447 000 404 43063.7115023032
24.11.2017 17:04:34 +00.04048E+00  0045 008518 -1 00002449 00002447 000 345 43063.7115063079
24.11.2017 17:04:34 +00.04048E+00  0057 008518 -1 00002450 00002447 000 343 43063.7115102778
24.11.2017 17:04:34 +00.04048E+00  0076 008518 -1 00002451 00002447 000 343 43063.7115142477
24.11.2017 17:04:35 +00.04048E+00  0089 008518 -1 00002452 00002447 000 372 43063.7115185532
24.11.2017 17:04:35 +00.04048E+00  0107 008518 -1 00002453 00002447 000 340 43063.7115224884
24.11.2017 17:04:35 +00.04048E+00  0125 008518 -1 00002454 00002447 000 342 43063.7115264468
24.11.2017 17:04:36 +00.04048E+00  0144 008518 -1 00002455 00002447 000 343 43063.7115304167
24.11.2017 17:04:36 +00.04048E+00  0157 008518 -1 00002456 00002447 000 379 43063.7115348148
24.11.2017 17:04:36 +00.04048E+00  0171 008518 -1 00002457 00002447 000 344 43063.7115387963
24.11.2017 17:04:37 +00.04048E+00  0190 008518 -1 00002458 00002447 000 343 43063.7115427662
24.11.2017 17:04:37 +00.04048E+00  0201 008518 -1 00002459 00002447 000 343 43063.7115467361
24.11.2017 17:04:38 +00.04048E+00  0215 008518 -1 00002460 00002447 000 374 43063.7115510764
24.11.2017 17:04:38 +00.04048E+00  0232 008522 -1 00002461 00002447 000 342 43063.7115550463
24.11.2017 17:04:38 +00.04049E+00  0246 008522 -1 00002462 00002447 000 343 43063.7115590162
24.11.2017 17:04:39 +00.04049E+00  0262 008522 -1 00002463 00002447 000 343 43063.7115629861
24.11.2017 17:04:41 +00.04037E+00  0008 008496 -1 00002464 00002464 000 380 43063.7115933565
24.11.2017 17:04:42 +00.04037E+00  0022 008496 -1 00002465 00002464 000 343 43063.7115973264
24.11.2017 17:04:42 +00.04037E+00  0034 008496 -1 00002466 00002464 000 344 43063.7116013079
24.11.2017 17:04:42 +00.04037E+00  0053 008496 -1 00002467 00002464 000 342 43063.7116052662
24.11.2017 17:04:43 +00.04037E+00  0068 008496 -1 00002468 00002464 000 375 43063.7116096181
24.11.2017 17:04:43 +00.04037E+00  0079 008496 -1 00002469 00002464 000 342 43063.7116135764
24.11.2017 17:04:43 +00.04037E+00  0095 008496 -1 00002470 00002464 000 343 43063.7116175463
24.11.2017 17:04:44 +00.04037E+00  0112 008496 -1 00002471 00002464 000 343 43063.7116215162
24.11.2017 17:04:44 +00.04037E+00  0132 008496 -1 00002472 00002464 000 377 43063.7116258796
24.11.2017 17:04:44 +00.04037E+00  0149 008496 -1 00002473 00002464 000 341 43063.7116298264
24.11.2017 17:04:45 +00.04037E+00  0170 008496 -1 00002474 00002464 000 343 43063.7116337963
24.11.2017 17:04:45 +00.04037E+00  0186 008496 -1 00002475 00002464 000 343 43063.7116377662
24.11.2017 17:04:45 +00.04037E+00  0202 008496 -1 00002476 00002464 000 378 43063.7116421412
24.11.2017 17:04:46 +00.04037E+00  0216 008496 -1 00002477 00002464 000 340 43063.7116460764
24.11.2017 17:04:46 +00.04037E+00  0236 008502 -1 00002478 00002464 000 341 43063.7116500347
24.11.2017 17:04:46 +00.04038E+00  0251 008502 -1 00002479 00002464 000 342 43063.7116540046
24.11.2017 17:04:47 +00.04040E+00  0261 008502 -1 00002480 00002464 000 379 43063.7116584028
24.11.2017 17:04:49 +00.04029E+00  0013 008478 -1 00002481 00002481 000 342 43063.7116885764
24.11.2017 17:04:50 +00.04029E+00  0028 008478 -1 00002482 00002481 000 342 43063.7116925347
24.11.2017 17:04:50 +00.04029E+00  0046 008478 -1 00002483 00002481 000 343 43063.7116965162
24.11.2017 17:04:50 +00.04029E+00  0057 008478 -1 00002484 00002481 000 359 43063.7117006713
24.11.2017 17:04:51 +00.04029E+00  0075 008478 -1 00002485 00002481 000 345 43063.7117046759
24.11.2017 17:04:51 +00.04029E+00  0088 008478 -1 00002486 00002481 000 343 43063.7117086458
24.11.2017 17:04:51 +00.04029E+00  0099 008478 -1 00002487 00002481 000 343 43063.7117126157
24.11.2017 17:04:52 +00.04029E+00  0115 008478 -1 00002488 00002481 000 374 43063.7117169444
24.11.2017 17:04:52 +00.04029E+00  0127 008478 -1 00002489 00002481 000 343 43063.7117209144
24.11.2017 17:04:53 +00.04029E+00  0144 008478 -1 00002490 00002481 000 343 43063.7117248843
24.11.2017 17:04:53 +00.04029E+00  0159 008478 -1 00002491 00002481 000 342 43063.7117288542
24.11.2017 17:04:53 +00.04028E+00  0172 008478 -1 00002492 00002481 000 375 43063.711733206
24.11.2017 17:04:54 +00.04029E+00  0186 008478 -1 00002493 00002481 000 341 43063.7117371644
24.11.2017 17:04:54 +00.04029E+00  0198 008478 -1 00002494 00002481 000 343 43063.7117411343
24.11.2017 17:04:54 +00.04029E+00  0210 008480 -1 00002495 00002481 000 342 43063.7117451042
24.11.2017 17:04:55 +00.04029E+00  0223 008480 -1 00002496 00002481 000 377 43063.7117494676
24.11.2017 17:04:55 +00.04029E+00  0236 008480 -1 00002497 00002481 000 340 43063.7117534144
24.11.2017 17:04:58 +00.04018E+00  0012 008456 -1 00002498 00002498 000 343 43063.7117838657
24.11.2017 17:04:58 +00.04018E+00  0023 008456 -1 00002499 00002498 000 400 43063.7117884954
24.11.2017 17:04:58 +00.04018E+00  0042 008456 -1 00002500 00002498 000 341 43063.7117924537
24.11.2017 17:04:59 +00.04018E+00  0053 008456 -1 00002501 00002498 000 343 43063.7117964236
24.11.2017 17:04:59 +00.04018E+00  0070 008456 -1 00002502 00002498 000 342 43063.7118003935
24.11.2017 17:04:59 +00.04018E+00  0084 008456 -1 00002503 00002498 000 377 43063.7118047685
24.11.2017 17:05:00 +00.04018E+00  0097 008456 -1 00002504 00002498 000 340 43063.7118087037
24.11.2017 17:05:00 +00.04018E+00  0107 008456 -1 00002505 00002498 000 342 43063.7118126736
24.11.2017 17:05:00 +00.04018E+00  0125 008456 -1 00002506 00002498 000 343 43063.7118166435
24.11.2017 17:05:01 +00.04018E+00  0140 008456 -1 00002507 00002498 000 377 43063.7118210185
24.11.2017 17:05:01 +00.04018E+00  0157 008456 -1 00002508 00002498 000 340 43063.7118249653
24.11.2017 17:05:02 +00.04018E+00  0174 008456 -1 00002509 00002498 000 341 43063.7118289236
24.11.2017 17:05:02 +00.04018E+00  0190 008456 -1 00002510 00002498 000 343 43063.7118328935
24.11.2017 17:05:02 +00.04018E+00  0206 008456 -1 00002511 00002498 000 379 43063.7118372801
24.11.2017 17:05:03 +00.04018E+00  0222 008460 -1 00002512 00002498 000 340 43063.7118412153
24.11.2017 17:05:03 +00.04019E+00  0240 008460 -1 00002513 00002498 000 342 43063.7118451736
24.11.2017 17:05:03 +00.04019E+00  0260 008460 -1 00002514 00002498 000 343 43063.7118491435
24.11.2017 17:05:06 +00.04008E+00  0014 008434 -1 00002515 00002515 000 378 43063.7118795602
24.11.2017 17:05:06 +00.04008E+00  0027 008434 -1 00002516 00002515 000 340 43063.7118834954
24.11.2017 17:05:07 +00.04008E+00  0050 008434 -1 00002517 00002515 000 341 43063.7118874537
24.11.2017 17:05:07 +00.04008E+00  0069 008434 -1 00002518 00002515 000 343 43063.7118914236
24.11.2017 17:05:07 +00.04008E+00  0078 008434 -1 00002519 00002515 000 380 43063.7118958218
24.11.2017 17:05:08 +00.04008E+00  0088 008434 -1 00002520 00002515 000 344 43063.7118998032
24.11.2017 17:05:08 +00.04008E+00  0108 008434 -1 00002521 00002515 000 343 43063.7119037731
24.11.2017 17:05:08 +00.04008E+00  0123 008434 -1 00002522 00002515 000 343 43063.7119077431
24.11.2017 17:05:09 +00.04008E+00  0136 008434 -1 00002523 00002515 000 375 43063.7119120833
24.11.2017 17:05:09 +00.04008E+00  0147 008434 -1 00002524 00002515 000 343 43063.7119160532
24.11.2017 17:05:09 +00.04008E+00  0157 008434 -1 00002525 00002515 000 343 43063.7119200231
24.11.2017 17:05:10 +00.04008E+00  0168 008434 -1 00002526 00002515 000 343 43063.7119239931
24.11.2017 17:05:10 +00.04008E+00  0183 008434 -1 00002527 00002515 000 376 43063.7119283449
24.11.2017 17:05:10 +00.04008E+00  0205 008434 -1 00002528 00002515 000 341 43063.7119322917
24.11.2017 17:05:11 +00.04008E+00  0219 008434 -1 00002529 00002515 000 343 43063.7119362731
24.11.2017 17:05:11 +00.04008E+00  0231 008438 -1 00002530 00002515 000 343 43063.7119402431
24.11.2017 17:05:12 +00.04009E+00  0244 008438 -1 00002531 00002515 000 378 43063.7119446181
24.11.2017 17:05:14 +00.03999E+00  0016 008414 -1 00002532 00002532 000 343 43063.7119748032
24.11.2017 17:05:14 +00.03998E+00  0025 008414 -1 00002533 00002532 000 343 43063.7119787731
24.11.2017 17:05:15 +00.03998E+00  0041 008414 -1 00002534 00002532 000 420 43063.7119836343
24.11.2017 17:05:15 +00.03998E+00  0061 008414 -1 00002535 00002532 000 342 43063.7119875926
24.11.2017 17:05:16 +00.03998E+00  0069 008414 -1 00002536 00002532 000 343 43063.7119915625
24.11.2017 17:05:16 +00.03998E+00  0081 008414 -1 00002537 00002532 000 343 43063.7119955324
24.11.2017 17:05:16 +00.03998E+00  0094 008414 -1 00002538 00002532 000 378 43063.7119999074
24.11.2017 17:05:17 +00.03998E+00  0104 008414 -1 00002539 00002532 000 340 43063.7120038426
24.11.2017 17:05:17 +00.03998E+00  0118 008414 -1 00002540 00002532 000 341 43063.7120078009
24.11.2017 17:05:17 +00.03998E+00  0137 008414 -1 00002541 00002532 000 343 43063.7120117824
24.11.2017 17:05:18 +00.03998E+00  0150 008414 -1 00002542 00002532 000 378 43063.7120161574
24.11.2017 17:05:18 +00.03998E+00  0160 008414 -1 00002543 00002532 000 345 43063.712020162
24.11.2017 17:05:18 +00.03998E+00  0174 008414 -1 00002544 00002532 000 343 43063.7120241319
24.11.2017 17:05:19 +00.03998E+00  0189 008414 -1 00002545 00002532 000 343 43063.7120281019
24.11.2017 17:05:19 +00.03998E+00  0202 008418 -1 00002546 00002532 000 373 43063.712032419
24.11.2017 17:05:19 +00.03999E+00  0221 008418 -1 00002547 00002532 000 343 43063.7120364005
24.11.2017 17:05:20 +00.04000E+00  0240 008418 -1 00002548 00002532 000 343 43063.7120403704
24.11.2017 17:05:22 +00.03988E+00  0013 008392 -1 00002549 00002549 000 342 43063.712070081
24.11.2017 17:05:23 +00.03988E+00  0031 008392 -1 00002550 00002549 000 398 43063.7120746991
24.11.2017 17:05:23 +00.03988E+00  0047 008392 -1 00002551 00002549 000 343 43063.7120786806
24.11.2017 17:05:23 +00.03988E+00  0062 008392 -1 00002552 00002549 000 343 43063.712082662
24.11.2017 17:05:24 +00.03988E+00  0075 008392 -1 00002553 00002549 000 342 43063.7120866204
24.11.2017 17:05:24 +00.03988E+00  0090 008392 -1 00002554 00002549 000 374 43063.7120909606
24.11.2017 17:05:25 +00.03987E+00  0106 008392 -1 00002555 00002549 000 342 43063.7120949306
24.11.2017 17:05:25 +00.03988E+00  0121 008392 -1 00002556 00002549 000 342 43063.7120989005
24.11.2017 17:05:25 +00.03988E+00  0136 008392 -1 00002557 00002549 000 342 43063.7121028704
24.11.2017 17:05:26 +00.03988E+00  0155 008392 -1 00002558 00002549 000 375 43063.7121072222
24.11.2017 17:05:26 +00.03988E+00  0169 008392 -1 00002559 00002549 000 341 43063.7121111806
24.11.2017 17:05:26 +00.03988E+00  0183 008392 -1 00002560 00002549 000 344 43063.712115162
24.11.2017 17:05:27 +00.03987E+00  0200 008392 -1 00002561 00002549 000 342 43063.7121191204
24.11.2017 17:05:27 +00.03988E+00  0210 008392 -1 00002562 00002549 000 376 43063.7121234838
24.11.2017 17:05:27 +00.03988E+00  0228 008392 -1 00002563 00002549 000 341 43063.7121274306
24.11.2017 17:05:28 +00.03988E+00  0243 008396 -1 00002564 00002549 000 343 43063.7121314005
24.11.2017 17:05:28 +00.03989E+00  0255 008396 -1 00002565 00002549 000 343 43063.7121353704
24.11.2017 17:05:31 +00.03978E+00  0012 008370 -1 00002566 00002566 000 377 43063.7121657755
24.11.2017 17:05:31 +00.03977E+00  0026 008370 -1 00002567 00002566 000 341 43063.7121697338
24.11.2017 17:05:31 +00.03978E+00  0036 008370 -1 00002568 00002566 000 341 43063.7121736806
24.11.2017 17:05:32 +00.03978E+00  0049 008370 -1 00002569 00002566 000 343 43063.7121776505
24.11.2017 17:05:32 +00.03977E+00  0066 008370 -1 00002570 00002566 000 379 43063.712182037
24.11.2017 17:05:32 +00.03977E+00  0088 008370 -1 00002571 00002566 000 340 43063.7121859722
24.11.2017 17:05:33 +00.03977E+00  0108 008370 -1 00002572 00002566 000 341 43063.7121899306
24.11.2017 17:05:33 +00.03977E+00  0122 008370 -1 00002573 00002566 000 343 43063.7121939005
24.11.2017 17:05:33 +00.03977E+00  0150 008370 -1 00002574 00002566 000 380 43063.7121982986
24.11.2017 17:05:34 +00.03977E+00  0160 008370 -1 00002575 00002566 000 344 43063.7122022801
24.11.2017 17:05:34 +00.03977E+00  0180 008370 -1 00002576 00002566 000 343 43063.71220625
24.11.2017 17:05:34 +00.03977E+00  0191 008370 -1 00002577 00002566 000 343 43063.7122102199
24.11.2017 17:05:35 +00.03977E+00  0207 008370 -1 00002578 00002566 000 375 43063.7122145602
24.11.2017 17:05:35 +00.03978E+00  0220 008370 -1 00002579 00002566 000 342 43063.7122185185
24.11.2017 17:05:36 +00.03977E+00  0234 008370 -1 00002580 00002566 000 343 43063.7122225
24.11.2017 17:05:36 +00.03978E+00  0247 008376 -1 00002581 00002566 000 343 43063.7122264699
24.11.2017 17:05:36 +00.03979E+00  0265 008376 -1 00002582 00002566 000 376 43063.7122308218
24.11.2017 17:05:39 +00.03969E+00  0014 008352 -1 00002583 00002583 000 343 43063.7122610301
24.11.2017 17:05:39 +00.03969E+00  0030 008352 -1 00002584 00002583 000 343 43063.712265
24.11.2017 17:05:40 +00.03969E+00  0045 008352 -1 00002585 00002583 000 419 43063.7122698495
24.11.2017 17:05:40 +00.03969E+00  0057 008352 -1 00002586 00002583 000 343 43063.7122738194
24.11.2017 17:05:40 +00.03969E+00  0071 008352 -1 00002587 00002583 000 343 43063.7122777894
24.11.2017 17:05:41 +00.03969E+00  0086 008352 -1 00002588 00002583 000 343 43063.7122817593
24.11.2017 17:05:41 +00.03969E+00  0100 008352 -1 00002589 00002583 000 376 43063.7122861111
24.11.2017 17:05:41 +00.03969E+00  0119 008352 -1 00002590 00002583 000 341 43063.7122900579
24.11.2017 17:05:42 +00.03969E+00  0138 008352 -1 00002591 00002583 000 343 43063.7122940394
24.11.2017 17:05:42 +00.03969E+00  0149 008352 -1 00002592 00002583 000 343 43063.7122980093
24.11.2017 17:05:42 +00.03969E+00  0166 008352 -1 00002593 00002583 000 377 43063.7123023727
24.11.2017 17:05:43 +00.03969E+00  0183 008352 -1 00002594 00002583 000 340 43063.7123063079
24.11.2017 17:05:43 +00.03969E+00  0196 008352 -1 00002595 00002583 000 342 43063.7123102778
24.11.2017 17:05:43 +00.03969E+00  0209 008352 -1 00002596 00002583 000 342 43063.7123142477
24.11.2017 17:05:44 +00.03969E+00  0222 008352 -1 00002597 00002583 000 377 43063.7123186227
24.11.2017 17:05:44 +00.03969E+00  0233 008354 -1 00002598 00002583 000 340 43063.7123225694
24.11.2017 17:05:45 +00.03969E+00  0249 008354 -1 00002599 00002583 000 341 43063.7123265278
24.11.2017 17:05:45 +00.03969E+00  0267 008354 -1 00002600 00002583 000 343 43063.7123304977
24.11.2017 17:05:47 +00.03958E+00  0020 008328 -1 00002601 00002601 000 342 43063.7123562963
24.11.2017 17:05:47 +00.03958E+00  0035 008328 -1 00002602 00002601 000 398 43063.7123609144
24.11.2017 17:05:48 +00.03957E+00  0053 008328 -1 00002603 00002601 000 344 43063.7123649074
24.11.2017 17:05:48 +00.03957E+00  0070 008328 -1 00002604 00002601 000 342 43063.7123688657
24.11.2017 17:05:49 +00.03958E+00  0082 008328 -1 00002605 00002601 000 342 43063.7123728356
24.11.2017 17:05:49 +00.03957E+00  0099 008328 -1 00002606 00002601 000 374 43063.7123771759
24.11.2017 17:05:49 +00.03958E+00  0112 008328 -1 00002607 00002601 000 342 43063.7123811458
24.11.2017 17:05:50 +00.03958E+00  0127 008328 -1 00002608 00002601 000 343 43063.7123851157
24.11.2017 17:05:50 +00.03957E+00  0134 008328 -1 00002609 00002601 000 343 43063.7123890856
24.11.2017 17:05:50 +00.03957E+00  0150 008328 -1 00002610 00002601 000 375 43063.7123934375
24.11.2017 17:05:51 +00.03957E+00  0167 008328 -1 00002611 00002601 000 341 43063.7123973958
24.11.2017 17:05:51 +00.03957E+00  0180 008328 -1 00002612 00002601 000 343 43063.7124013657
24.11.2017 17:05:51 +00.03957E+00  0198 008328 -1 00002613 00002601 000 343 43063.7124053356
24.11.2017 17:05:52 +00.03957E+00  0211 008328 -1 00002614 00002601 000 377 43063.7124096991
24.11.2017 17:05:52 +00.03957E+00  0227 008334 -1 00002615 00002601 000 341 43063.7124136458
24.11.2017 17:05:52 +00.03958E+00  0246 008334 -1 00002616 00002601 000 343 43063.7124176157
24.11.2017 17:05:53 +00.03959E+00  0259 008334 -1 00002617 00002601 000 343 43063.7124215856
24.11.2017 17:05:55 +00.03948E+00  0009 008308 -1 00002618 00002618 000 376 43063.7124519792
24.11.2017 17:05:56 +00.03948E+00  0021 008308 -1 00002619 00002618 000 340 43063.7124559259
24.11.2017 17:05:56 +00.03948E+00  0037 008308 -1 00002620 00002618 000 342 43063.7124598958
24.11.2017 17:05:56 +00.03948E+00  0049 008308 -1 00002621 00002618 000 343 43063.7124638657
24.11.2017 17:05:57 +00.03948E+00  0057 008308 -1 00002622 00002618 000 378 43063.7124682407
24.11.2017 17:05:57 +00.03948E+00  0074 008308 -1 00002623 00002618 000 340 43063.7124721759
24.11.2017 17:05:57 +00.03948E+00  0095 008308 -1 00002624 00002618 000 342 43063.7124761458
24.11.2017 17:05:58 +00.03948E+00  0106 008308 -1 00002625 00002618 000 343 43063.7124801157
24.11.2017 17:05:58 +00.03948E+00  0123 008308 -1 00002626 00002618 000 379 43063.7124845023
24.11.2017 17:05:59 +00.03948E+00  0136 008308 -1 00002627 00002618 000 345 43063.7124884954
24.11.2017 17:05:59 +00.03948E+00  0147 008308 -1 00002628 00002618 000 343 43063.7124924653
24.11.2017 17:05:59 +00.03948E+00  0156 008308 -1 00002629 00002618 000 343 43063.7124964352
24.11.2017 17:06:00 +00.03948E+00  0171 008308 -1 00002630 00002618 000 374 43063.7125007639
24.11.2017 17:06:00 +00.03948E+00  0187 008308 -1 00002631 00002618 000 343 43063.7125047338
24.11.2017 17:06:00 +00.03948E+00  0200 008308 -1 00002632 00002618 000 342 43063.7125087037
24.11.2017 17:06:01 +00.03948E+00  0212 008312 -1 00002633 00002618 000 343 43063.7125126852
24.11.2017 17:06:01 +00.03949E+00  0228 008312 -1 00002634 00002618 000 375 43063.7125170255
24.11.2017 17:06:01 +00.03949E+00  0240 008312 -1 00002635 00002618 000 341 43063.7125209838
24.11.2017 17:06:04 +00.03939E+00  0014 008288 -1 00002636 00002636 000 342 43063.7125472222
24.11.2017 17:06:04 +00.03939E+00  0028 008288 -1 00002637 00002636 000 343 43063.7125511921
24.11.2017 17:06:04 +00.03938E+00  0041 008288 -1 00002638 00002636 000 419 43063.7125560532
24.11.2017 17:06:05 +00.03938E+00  0061 008288 -1 00002639 00002636 000 341 43063.7125600116
24.11.2017 17:06:05 +00.03938E+00  0071 008288 -1 00002640 00002636 000 343 43063.7125639815
24.11.2017 17:06:05 +00.03938E+00  0081 008288 -1 00002641 00002636 000 342 43063.7125679514
24.11.2017 17:06:06 +00.03938E+00  0099 008288 -1 00002642 00002636 000 376 43063.7125723148
24.11.2017 17:06:06 +00.03938E+00  0113 008288 -1 00002643 00002636 000 341 43063.7125762731
24.11.2017 17:06:06 +00.03938E+00  0132 008288 -1 00002644 00002636 000 342 43063.7125802315
24.11.2017 17:06:07 +00.03938E+00  0143 008288 -1 00002645 00002636 000 343 43063.7125842014
24.11.2017 17:06:07 +00.03938E+00  0159 008288 -1 00002646 00002636 000 378 43063.7125885764
24.11.2017 17:06:07 +00.03938E+00  0181 008288 -1 00002647 00002636 000 340 43063.7125925231
24.11.2017 17:06:08 +00.03938E+00  0199 008288 -1 00002648 00002636 000 341 43063.7125964815
24.11.2017 17:06:08 +00.03938E+00  0211 008288 -1 00002649 00002636 000 343 43063.7126004514
24.11.2017 17:06:09 +00.03938E+00  0230 008288 -1 00002650 00002636 000 379 43063.712604838
24.11.2017 17:06:09 +00.03939E+00  0247 008292 -1 00002651 00002636 000 340 43063.7126087731
24.11.2017 17:06:09 +00.03940E+00  0263 008292 -1 00002652 00002636 000 341 43063.7126127315
24.11.2017 17:06:10 +00.03940E+00  0273 008292 -1 00002653 00002636 000 343 43063.7126167014
24.11.2017 17:06:12 +00.03928E+00  0015 008266 -1 00002654 00002654 000 343 43063.7126425
24.11.2017 17:06:12 +00.03928E+00  0034 008266 -1 00002655 00002654 000 399 43063.7126471181
24.11.2017 17:06:13 +00.03928E+00  0053 008266 -1 00002656 00002654 000 344 43063.7126510995
24.11.2017 17:06:13 +00.03928E+00  0066 008266 -1 00002657 00002654 000 344 43063.712655081
24.11.2017 17:06:13 +00.03928E+00  0081 008266 -1 00002658 00002654 000 342 43063.7126590394
24.11.2017 17:06:14 +00.03928E+00  0104 008266 -1 00002659 00002654 000 375 43063.7126633796
24.11.2017 17:06:14 +00.03928E+00  0119 008266 -1 00002660 00002654 000 343 43063.7126673495
24.11.2017 17:06:14 +00.03928E+00  0133 008266 -1 00002661 00002654 000 343 43063.7126713194
24.11.2017 17:06:15 +00.03928E+00  0142 008266 -1 00002662 00002654 000 343 43063.7126752894
24.11.2017 17:06:15 +00.03928E+00  0159 008266 -1 00002663 00002654 000 376 43063.7126796412
24.11.2017 17:06:15 +00.03928E+00  0178 008266 -1 00002664 00002654 000 341 43063.712683588
24.11.2017 17:06:16 +00.03928E+00  0191 008266 -1 00002665 00002654 000 343 43063.7126875694
24.11.2017 17:06:16 +00.03928E+00  0200 008266 -1 00002666 00002654 000 343 43063.7126915394
24.11.2017 17:06:16 +00.03928E+00  0217 008266 -1 00002667 00002654 000 378 43063.7126959143
24.11.2017 17:06:17 +00.03928E+00  0235 008266 -1 00002668 00002654 000 340 43063.7126998495
24.11.2017 17:06:17 +00.03928E+00  0257 008270 -1 00002669 00002654 000 341 43063.7127038079
24.11.2017 17:06:17 +00.03929E+00  0274 008270 -1 00002670 00002654 000 343 43063.7127077894
24.11.2017 17:06:18 +00.03929E+00  0291 008270 -1 00002671 00002654 000 378 43063.7127121643
24.11.2017 17:06:20 +00.03917E+00  0012 008242 -1 00002672 00002672 000 378 43063.7127381829
24.11.2017 17:06:20 +00.03917E+00  0031 008242 -1 00002673 00002672 000 344 43063.7127421759
24.11.2017 17:06:21 +00.03917E+00  0044 008242 -1 00002674 00002672 000 342 43063.7127461458
24.11.2017 17:06:21 +00.03917E+00  0056 008242 -1 00002675 00002672 000 342 43063.7127501157
24.11.2017 17:06:21 +00.03916E+00  0074 008242 -1 00002676 00002672 000 373 43063.7127544444
24.11.2017 17:06:22 +00.03916E+00  0099 008242 -1 00002677 00002672 000 344 43063.7127584259
24.11.2017 17:06:22 +00.03916E+00  0113 008242 -1 00002678 00002672 000 343 43063.7127623958
24.11.2017 17:06:23 +00.03916E+00  0127 008242 -1 00002679 00002672 000 342 43063.7127663657
24.11.2017 17:06:23 +00.03917E+00  0144 008242 -1 00002680 00002672 000 374 43063.712770706
24.11.2017 17:06:23 +00.03917E+00  0152 008242 -1 00002681 00002672 000 342 43063.7127746759
24.11.2017 17:06:24 +00.03916E+00  0162 008242 -1 00002682 00002672 000 343 43063.7127786458
24.11.2017 17:06:24 +00.03916E+00  0180 008242 -1 00002683 00002672 000 343 43063.7127826157
24.11.2017 17:06:24 +00.03916E+00  0195 008242 -1 00002684 00002672 000 376 43063.7127869676
24.11.2017 17:06:25 +00.03916E+00  0213 008242 -1 00002685 00002672 000 341 43063.7127909259
24.11.2017 17:06:25 +00.03916E+00  0229 008242 -1 00002686 00002672 000 343 43063.7127948958
24.11.2017 17:06:25 +00.03916E+00  0244 008250 -1 00002687 00002672 000 343 43063.7127988657
24.11.2017 17:06:26 +00.03919E+00  0259 008250 -1 00002688 00002672 000 378 43063.7128032407
24.11.2017 17:06:26 +00.03920E+00  0280 008250 -1 00002689 00002672 000 340 43063.7128071759
24.11.2017 17:06:28 +00.03908E+00  0010 008224 -1 00002690 00002690 000 342 43063.7128334143
24.11.2017 17:06:29 +00.03908E+00  0031 008224 -1 00002691 00002690 000 343 43063.7128373843
24.11.2017 17:06:29 +00.03908E+00  0043 008224 -1 00002692 00002690 000 343 43063.7128413542
24.11.2017 17:06:29 +00.03908E+00  0053 008224 -1 00002693 00002690 000 360 43063.7128455208
24.11.2017 17:06:30 +00.03908E+00  0068 008224 -1 00002694 00002690 000 345 43063.7128495139
24.11.2017 17:06:30 +00.03908E+00  0088 008224 -1 00002695 00002690 000 343 43063.7128534838
24.11.2017 17:06:30 +00.03908E+00  0101 008224 -1 00002696 00002690 000 343 43063.7128574537
24.11.2017 17:06:31 +00.03908E+00  0111 008224 -1 00002697 00002690 000 374 43063.7128617824
24.11.2017 17:06:31 +00.03908E+00  0128 008224 -1 00002698 00002690 000 343 43063.7128657523
24.11.2017 17:06:31 +00.03908E+00  0138 008224 -1 00002699 00002690 000 343 43063.7128697338
24.11.2017 17:06:32 +00.03907E+00  0150 008224 -1 00002700 00002690 000 343 43063.7128737037
24.11.2017 17:06:32 +00.03908E+00  0158 008224 -1 00002701 00002690 000 375 43063.712878044
24.11.2017 17:06:33 +00.03908E+00  0172 008224 -1 00002702 00002690 000 342 43063.7128820023
24.11.2017 17:06:33 +00.03908E+00  0185 008224 -1 00002703 00002690 000 342 43063.7128859722
24.11.2017 17:06:33 +00.03908E+00  0199 008224 -1 00002704 00002690 000 342 43063.7128899421
24.11.2017 17:06:34 +00.03908E+00  0210 008228 -1 00002705 00002690 000 375 43063.712894294
24.11.2017 17:06:34 +00.03909E+00  0226 008228 -1 00002706 00002690 000 341 43063.7128982523
24.11.2017 17:06:34 +00.03909E+00  0235 008228 -1 00002707 00002690 000 343 43063.7129022222
24.11.2017 17:06:36 +00.03899E+00  0015 008204 -1 00002708 00002708 000 342 43063.7129277315
24.11.2017 17:06:37 +00.03899E+00  0031 008204 -1 00002709 00002708 000 343 43063.7129317014
24.11.2017 17:06:37 +00.03899E+00  0047 008204 -1 00002710 00002708 000 422 43063.7129365856
24.11.2017 17:06:38 +00.03898E+00  0067 008204 -1 00002711 00002708 000 340 43063.7129405208
24.11.2017 17:06:38 +00.03898E+00  0078 008204 -1 00002712 00002708 000 342 43063.7129444907
24.11.2017 17:06:38 +00.03898E+00  0092 008204 -1 00002713 00002708 000 343 43063.7129484606
24.11.2017 17:06:39 +00.03898E+00  0104 008204 -1 00002714 00002708 000 379 43063.7129528472
24.11.2017 17:06:39 +00.03898E+00  0120 008204 -1 00002715 00002708 000 344 43063.7129568403
24.11.2017 17:06:39 +00.03898E+00  0134 008204 -1 00002716 00002708 000 343 43063.7129608102
24.11.2017 17:06:40 +00.03898E+00  0143 008204 -1 00002717 00002708 000 343 43063.7129647801
24.11.2017 17:06:40 +00.03899E+00  0158 008204 -1 00002718 00002708 000 373 43063.7129691088
24.11.2017 17:06:40 +00.03898E+00  0173 008204 -1 00002719 00002708 000 343 43063.7129730903
24.11.2017 17:06:41 +00.03898E+00  0188 008204 -1 00002720 00002708 000 343 43063.7129770602
24.11.2017 17:06:41 +00.03898E+00  0204 008204 -1 00002721 00002708 000 343 43063.7129810301
24.11.2017 17:06:41 +00.03898E+00  0223 008204 -1 00002722 00002708 000 375 43063.7129853704
24.11.2017 17:06:42 +00.03898E+00  0236 008208 -1 00002723 00002708 000 343 43063.7129893403
24.11.2017 17:06:42 +00.03899E+00  0253 008208 -1 00002724 00002708 000 343 43063.7129933102
24.11.2017 17:06:42 +00.03899E+00  0268 008208 -1 00002725 00002708 000 343 43063.7129972801