
24.11.2017 17:06:47 +00.03754E+00  0017 007908 -1 00002726 00002726 000 343 43063.7130490394
24.11.2017 17:06:47 +00.03756E+00  0030 007908 -1 00002727 00002726 000 400 43063.713053669
24.11.2017 17:06:48 +00.03757E+00  0045 007908 -1 00002728 00002726 000 343 43063.7130576389
24.11.2017 17:06:48 +00.03757E+00  0059 007908 -1 00002729 00002726 000 343 43063.7130616088
24.11.2017 17:06:48 +00.03757E+00  0067 007908 -1 00002730 00002726 000 343 43063.7130655787
24.11.2017 17:06:49 +00.03757E+00  0083 007908 -1 00002731 00002726 000 376 43063.7130699306
24.11.2017 17:06:49 +00.03757E+00  0099 007908 -1 00002732 00002726 000 341 43063.7130738773
24.11.2017 17:06:49 +00.03757E+00  0121 007908 -1 00002733 00002726 000 343 43063.7130778588
24.11.2017 17:06:50 +00.03757E+00  0134 007908 -1 00002734 00002726 000 343 43063.7130818287
24.11.2017 17:06:50 +00.03757E+00  0149 007908 -1 00002735 00002726 000 377 43063.7130861921
24.11.2017 17:06:50 +00.03757E+00  0161 007908 -1 00002736 00002726 000 340 43063.7130901273
24.11.2017 17:06:51 +00.03757E+00  0176 007908 -1 00002737 00002726 000 342 43063.7130940972
24.11.2017 17:06:51 +00.03757E+00  0194 007908 -1 00002738 00002726 000 342 43063.7130980671
24.11.2017 17:06:52 +00.03757E+00  0211 007908 -1 00002739 00002726 000 377 43063.7131024421
24.11.2017 17:06:52 +00.03757E+00  0225 007908 -1 00002740 00002726 000 340 43063.7131063889
24.11.2017 17:06:52 +00.03756E+00  0243 007894 -1 00002741 00002726 000 341 43063.7131103472
24.11.2017 17:06:53 +00.03753E+00  0264 007894 -1 00002742 00002726 000 343 43063.7131143171
24.11.2017 17:06:53 +00.03752E+00  0278 007894 -1 00002743 00002726 000 379 43063.7131187153
24.11.2017 17:06:55 +00.03710E+00  0019 007807 -1 00002744 00002744 000 379 43063.7131447338
24.11.2017 17:06:56 +00.03710E+00  0034 007807 -1 00002745 00002744 000 344 43063.7131487153
24.11.2017 17:06:56 +00.03709E+00  0050 007807 -1 00002746 00002744 000 342 43063.7131526852
24.11.2017 17:06:56 +00.03709E+00  0068 007807 -1 00002747 00002744 000 342 43063.7131566551
24.11.2017 17:06:57 +00.03709E+00  0080 007807 -1 00002748 00002744 000 374 43063.7131609954
24.11.2017 17:06:57 +00.03709E+00  0098 007807 -1 00002749 00002744 000 342 43063.7131649653
24.11.2017 17:06:57 +00.03709E+00  0118 007807 -1 00002750 00002744 000 343 43063.7131689352
24.11.2017 17:06:58 +00.03709E+00  0138 007807 -1 00002751 00002744 000 343 43063.7131729167
24.11.2017 17:06:58 +00.03709E+00  0152 007807 -1 00002752 00002744 000 375 43063.7131772569
24.11.2017 17:06:58 +00.03709E+00  0175 007807 -1 00002753 00002744 000 341 43063.7131812153
24.11.2017 17:06:59 +00.03709E+00  0188 007807 -1 00002754 00002744 000 343 43063.7131851852
24.11.2017 17:06:59 +00.03709E+00  0201 007807 -1 00002755 00002744 000 343 43063.7131891551
24.11.2017 17:06:59 +00.03709E+00  0211 007807 -1 00002756 00002744 000 377 43063.7131935185
24.11.2017 17:07:00 +00.03709E+00  0230 007807 -1 00002757 00002744 000 341 43063.7131974653
24.11.2017 17:07:00 +00.03709E+00  0240 007807 -1 00002758 00002744 000 343 43063.7132014352
24.11.2017 17:07:00 +00.03710E+00  0253 007830 -1 00002759 00002744 000 343 43063.7132054051
24.11.2017 17:07:01 +00.03717E+00  0273 007830 -1 00002760 00002744 000 378 43063.7132097801
24.11.2017 17:07:01 +00.03719E+00  0288 007830 -1 00002761 00002744 000 340 43063.7132137153
24.11.2017 17:07:03 +00.03685E+00  0014 007754 -1 00002762 00002762 000 342 43063.7132399537
24.11.2017 17:07:04 +00.03684E+00  0028 007754 -1 00002763 00002762 000 343 43063.7132439236
24.11.2017 17:07:04 +00.03684E+00  0046 007754 -1 00002764 00002762 000 343 43063.7132478935
24.11.2017 17:07:04 +00.03684E+00  0065 007754 -1 00002765 00002762 000 360 43063.7132520602
24.11.2017 17:07:05 +00.03684E+00  0077 007754 -1 00002766 00002762 000 345 43063.7132560532
24.11.2017 17:07:05 +00.03684E+00  0092 007754 -1 00002767 00002762 000 343 43063.7132600231
24.11.2017 17:07:06 +00.03684E+00  0111 007754 -1 00002768 00002762 000 343 43063.7132639931
24.11.2017 17:07:06 +00.03684E+00  0121 007754 -1 00002769 00002762 000 374 43063.7132683218
24.11.2017 17:07:06 +00.03684E+00  0141 007754 -1 00002770 00002762 000 343 43063.7132722917
24.11.2017 17:07:07 +00.03684E+00  0154 007754 -1 00002771 00002762 000 342 43063.7132762616
24.11.2017 17:07:07 +00.03684E+00  0163 007754 -1 00002772 00002762 000 342 43063.7132802315
24.11.2017 17:07:07 +00.03684E+00  0182 007754 -1 00002773 00002762 000 376 43063.7132845949
24.11.2017 17:07:08 +00.03684E+00  0201 007754 -1 00002774 00002762 000 341 43063.7132885417
24.11.2017 17:07:08 +00.03684E+00  0216 007754 -1 00002775 00002762 000 342 43063.7132925116
24.11.2017 17:07:08 +00.03684E+00  0235 007754 -1 00002776 00002762 000 342 43063.7132964815
24.11.2017 17:07:09 +00.03686E+00  0254 007766 -1 00002777 00002762 000 376 43063.7133008449
24.11.2017 17:07:09 +00.03688E+00  0261 007766 -1 00002778 00002762 000 340 43063.7133047917
24.11.2017 17:07:09 +00.03689E+00  0274 007766 -1 00002779 00002762 000 342 43063.7133087616
24.11.2017 17:07:12 +00.03655E+00  0009 007690 -1 00002780 00002780 000 342 43063.7133342708
24.11.2017 17:07:12 +00.03654E+00  0022 007690 -1 00002781 00002780 000 343 43063.7133382407
24.11.2017 17:07:12 +00.03654E+00  0042 007690 -1 00002782 00002780 000 343 43063.7133422106
24.11.2017 17:07:13 +00.03653E+00  0056 007690 -1 00002783 00002780 000 360 43063.7133463773
24.11.2017 17:07:13 +00.03654E+00  0073 007690 -1 00002784 00002780 000 341 43063.7133503241
24.11.2017 17:07:13 +00.03653E+00  0083 007690 -1 00002785 00002780 000 341 43063.7133542708
24.11.2017 17:07:14 +00.03654E+00  0097 007690 -1 00002786 00002780 000 343 43063.7133582407
24.11.2017 17:07:14 +00.03653E+00  0109 007690 -1 00002787 00002780 000 380 43063.7133626389
24.11.2017 17:07:14 +00.03653E+00  0126 007690 -1 00002788 00002780 000 344 43063.7133666204
24.11.2017 17:07:15 +00.03654E+00  0136 007690 -1 00002789 00002780 000 343 43063.7133705903
24.11.2017 17:07:15 +00.03654E+00  0148 007690 -1 00002790 00002780 000 343 43063.7133745602
24.11.2017 17:07:15 +00.03654E+00  0159 007690 -1 00002791 00002780 000 375 43063.7133789005
24.11.2017 17:07:16 +00.03653E+00  0168 007690 -1 00002792 00002780 000 342 43063.7133828588
24.11.2017 17:07:16 +00.03653E+00  0193 007690 -1 00002793 00002780 000 343 43063.7133868403
24.11.2017 17:07:16 +00.03653E+00  0212 007690 -1 00002794 00002780 000 343 43063.7133908102
24.11.2017 17:07:17 +00.03655E+00  0225 007704 -1 00002795 00002780 000 377 43063.7133951736
24.11.2017 17:07:17 +00.03658E+00  0242 007704 -1 00002796 00002780 000 340 43063.7133991088
24.11.2017 17:07:18 +00.03659E+00  0256 007704 -1 00002797 00002780 000 342 43063.7134030787
24.11.2017 17:07:20 +00.03627E+00  0016 007632 -1 00002798 00002798 000 342 43063.713428588
24.11.2017 17:07:20 +00.03626E+00  0031 007632 -1 00002799 00002798 000 343 43063.7134325579
24.11.2017 17:07:20 +00.03626E+00  0057 007632 -1 00002800 00002798 000 343 43063.7134365278
24.11.2017 17:07:21 +00.03626E+00  0075 007632 -1 00002801 00002798 000 359 43063.7134406944
24.11.2017 17:07:21 +00.03626E+00  0091 007632 -1 00002802 00002798 000 344 43063.7134446875
24.11.2017 17:07:21 +00.03625E+00  0107 007632 -1 00002803 00002798 000 342 43063.7134486574
24.11.2017 17:07:22 +00.03626E+00  0114 007632 -1 00002804 00002798 000 342 43063.7134526273
24.11.2017 17:07:22 +00.03626E+00  0125 007632 -1 00002805 00002798 000 373 43063.713456956
24.11.2017 17:07:23 +00.03625E+00  0141 007632 -1 00002806 00002798 000 343 43063.7134609375
24.11.2017 17:07:23 +00.03626E+00  0158 007632 -1 00002807 00002798 000 343 43063.7134649074
24.11.2017 17:07:23 +00.03625E+00  0176 007632 -1 00002808 00002798 000 342 43063.7134688773
24.11.2017 17:07:24 +00.03625E+00  0188 007632 -1 00002809 00002798 000 375 43063.7134732176
24.11.2017 17:07:24 +00.03625E+00  0213 007632 -1 00002810 00002798 000 342 43063.7134771875
24.11.2017 17:07:24 +00.03625E+00  0229 007632 -1 00002811 00002798 000 343 43063.7134811574
24.11.2017 17:07:25 +00.03625E+00  0247 007632 -1 00002812 00002798 000 343 43063.7134851273
24.11.2017 17:07:25 +00.03626E+00  0264 007642 -1 00002813 00002798 000 376 43063.7134894792
24.11.2017 17:07:25 +00.03628E+00  0279 007642 -1 00002814 00002798 000 342 43063.7134934375
24.11.2017 17:07:26 +00.03629E+00  0295 007642 -1 00002815 00002798 000 343 43063.7134974074
24.11.2017 17:07:28 +00.03594E+00  0014 007564 -1 00002816 00002816 000 343 43063.7135271181
24.11.2017 17:07:29 +00.03593E+00  0025 007564 -1 00002817 00002816 000 402 43063.7135317708
24.11.2017 17:07:29 +00.03593E+00  0039 007564 -1 00002818 00002816 000 341 43063.7135357176
24.11.2017 17:07:29 +00.03593E+00  0051 007564 -1 00002819 00002816 000 343 43063.7135396875
24.11.2017 17:07:30 +00.03593E+00  0062 007564 -1 00002820 00002816 000 343 43063.7135436574
24.11.2017 17:07:30 +00.03593E+00  0072 007564 -1 00002821 00002816 000 378 43063.7135480324
24.11.2017 17:07:30 +00.03593E+00  0095 007564 -1 00002822 00002816 000 340 43063.7135519676
24.11.2017 17:07:31 +00.03593E+00  0113 007564 -1 00002823 00002816 000 342 43063.7135559375
24.11.2017 17:07:31 +00.03593E+00  0128 007564 -1 00002824 00002816 000 343 43063.7135599074
24.11.2017 17:07:31 +00.03593E+00  0139 007564 -1 00002825 00002816 000 379 43063.713564294
24.11.2017 17:07:32 +00.03594E+00  0159 007564 -1 00002826 00002816 000 345 43063.713568287
24.11.2017 17:07:32 +00.03594E+00  0168 007564 -1 00002827 00002816 000 343 43063.7135722569
24.11.2017 17:07:32 +00.03593E+00  0180 007564 -1 00002828 00002816 000 343 43063.7135762269
24.11.2017 17:07:33 +00.03593E+00  0193 007564 -1 00002829 00002816 000 374 43063.7135805556
24.11.2017 17:07:33 +00.03593E+00  0213 007564 -1 00002830 00002816 000 343 43063.7135845255
24.11.2017 17:07:34 +00.03595E+00  0229 007578 -1 00002831 00002816 000 342 43063.7135884954
24.11.2017 17:07:34 +00.03597E+00  0251 007578 -1 00002832 00002816 000 343 43063.7135924769
24.11.2017 17:07:34 +00.03598E+00  0270 007578 -1 00002833 00002816 000 375 43063.7135968171