
24.11.2017 17:07:35 +00.03601E+00  0020 007582 1 00002834 00002834 000 398 43063.7136098264
24.11.2017 17:07:36 +00.03602E+00  0035 007582 1 00002835 00002834 000 345 43063.7136138194
24.11.2017 17:07:36 +00.03602E+00  0053 007582 1 00002836 00002834 000 343 43063.7136177894
24.11.2017 17:07:36 +00.03602E+00  0064 007582 1 00002837 00002834 000 343 43063.7136217593
24.11.2017 17:07:37 +00.03602E+00  0082 007582 1 00002838 00002834 000 374 43063.713626088
24.11.2017 17:07:37 +00.03602E+00  0092 007582 1 00002839 00002834 000 344 43063.7136300694
24.11.2017 17:07:37 +00.03602E+00  0102 007582 1 00002840 00002834 000 343 43063.7136340394
24.11.2017 17:07:38 +00.03602E+00  0120 007582 1 00002841 00002834 000 343 43063.7136380093
24.11.2017 17:07:38 +00.03602E+00  0133 007582 1 00002842 00002834 000 375 43063.7136423495
24.11.2017 17:07:39 +00.03602E+00  0148 007582 1 00002843 00002834 000 343 43063.7136463194
24.11.2017 17:07:39 +00.03601E+00  0158 007582 1 00002844 00002834 000 342 43063.7136502778
24.11.2017 17:07:39 +00.03602E+00  0173 007582 1 00002845 00002834 000 342 43063.7136542477
24.11.2017 17:07:40 +00.03601E+00  0186 007582 1 00002846 00002834 000 376 43063.7136586111
24.11.2017 17:07:40 +00.03601E+00  0204 007582 1 00002847 00002834 000 341 43063.7136625579
24.11.2017 17:07:40 +00.03602E+00  0215 007582 1 00002848 00002834 000 343 43063.7136665394
24.11.2017 17:07:41 +00.03602E+00  0237 007578 1 00002849 00002834 000 342 43063.7136704977
24.11.2017 17:07:41 +00.03601E+00  0248 007578 1 00002850 00002834 000 376 43063.7136748611
24.11.2017 17:07:41 +00.03600E+00  0268 007578 1 00002851 00002834 000 341 43063.7136788079
24.11.2017 17:07:44 +00.03634E+00  0011 007652 1 00002852 00002852 000 342 43063.7137050463
24.11.2017 17:07:44 +00.03635E+00  0025 007652 1 00002853 00002852 000 343 43063.7137090162
24.11.2017 17:07:44 +00.03633E+00  0038 007652 1 00002854 00002852 000 422 43063.7137139005
24.11.2017 17:07:45 +00.03635E+00  0060 007652 1 00002855 00002852 000 340 43063.7137178356
24.11.2017 17:07:45 +00.03635E+00  0074 007652 1 00002856 00002852 000 343 43063.7137218056
24.11.2017 17:07:45 +00.03636E+00  0086 007652 1 00002857 00002852 000 343 43063.7137257755
24.11.2017 17:07:46 +00.03635E+00  0097 007652 1 00002858 00002852 000 379 43063.713730162
24.11.2017 17:07:46 +00.03635E+00  0107 007652 1 00002859 00002852 000 340 43063.7137340972
24.11.2017 17:07:46 +00.03635E+00  0116 007652 1 00002860 00002852 000 342 43063.7137380671
24.11.2017 17:07:47 +00.03635E+00  0126 007652 1 00002861 00002852 000 342 43063.7137420255
24.11.2017 17:07:47 +00.03635E+00  0143 007652 1 00002862 00002852 000 380 43063.7137464236
24.11.2017 17:07:48 +00.03635E+00  0166 007652 1 00002863 00002852 000 344 43063.7137504051
24.11.2017 17:07:48 +00.03635E+00  0184 007652 1 00002864 00002852 000 343 43063.713754375
24.11.2017 17:07:48 +00.03635E+00  0200 007652 1 00002865 00002852 000 343 43063.7137583449
24.11.2017 17:07:49 +00.03636E+00  0214 007652 1 00002866 00002852 000 375 43063.7137626852
24.11.2017 17:07:49 +00.03633E+00  0232 007640 1 00002867 00002852 000 343 43063.7137666551
24.11.2017 17:07:49 +00.03636E+00  0246 007640 1 00002868 00002852 000 343 43063.713770625
24.11.2017 17:07:50 +00.03632E+00  0263 007640 1 00002869 00002852 000 343 43063.7137745949
24.11.2017 17:07:52 +00.03666E+00  0016 007721 1 00002870 00002870 000 381 43063.7138049653
24.11.2017 17:07:53 +00.03669E+00  0036 007721 1 00002871 00002870 000 343 43063.7138089352
24.11.2017 17:07:53 +00.03667E+00  0051 007721 1 00002872 00002870 000 343 43063.7138129051
24.11.2017 17:07:53 +00.03668E+00  0065 007721 1 00002873 00002870 000 343 43063.713816875
24.11.2017 17:07:54 +00.03668E+00  0072 007721 1 00002874 00002870 000 376 43063.7138212269
24.11.2017 17:07:54 +00.03669E+00  0085 007721 1 00002875 00002870 000 342 43063.7138251852
24.11.2017 17:07:54 +00.03668E+00  0092 007721 1 00002876 00002870 000 343 43063.7138291551
24.11.2017 17:07:55 +00.03668E+00  0107 007721 1 00002877 00002870 000 343 43063.713833125
24.11.2017 17:07:55 +00.03668E+00  0120 007721 1 00002878 00002870 000 377 43063.7138374884
24.11.2017 17:07:55 +00.03668E+00  0142 007721 1 00002879 00002870 000 340 43063.7138414236
24.11.2017 17:07:56 +00.03668E+00  0159 007721 1 00002880 00002870 000 343 43063.7138453935
24.11.2017 17:07:56 +00.03668E+00  0172 007721 1 00002881 00002870 000 342 43063.7138493634
24.11.2017 17:07:56 +00.03668E+00  0183 007721 1 00002882 00002870 000 378 43063.71385375
24.11.2017 17:07:57 +00.03668E+00  0197 007721 1 00002883 00002870 000 340 43063.7138576852
24.11.2017 17:07:57 +00.03668E+00  0206 007705 1 00002884 00002870 000 341 43063.7138616435
24.11.2017 17:07:57 +00.03666E+00  0228 007705 1 00002885 00002870 000 343 43063.7138656134
24.11.2017 17:07:58 +00.03662E+00  0242 007705 1 00002886 00002870 000 380 43063.7138700116
24.11.2017 17:08:00 +00.03694E+00  0009 007777 1 00002887 00002887 000 341 43063.7139001736
24.11.2017 17:08:01 +00.03694E+00  0023 007777 1 00002888 00002887 000 342 43063.7139041435
24.11.2017 17:08:01 +00.03695E+00  0036 007777 1 00002889 00002887 000 342 43063.7139081134
24.11.2017 17:08:02 +00.03695E+00  0052 007777 1 00002890 00002887 000 360 43063.7139122917
24.11.2017 17:08:02 +00.03695E+00  0071 007777 1 00002891 00002887 000 343 43063.7139162731
24.11.2017 17:08:02 +00.03695E+00  0086 007777 1 00002892 00002887 000 342 43063.7139202431
24.11.2017 17:08:03 +00.03695E+00  0101 007777 1 00002893 00002887 000 342 43063.713924213
24.11.2017 17:08:03 +00.03695E+00  0111 007777 1 00002894 00002887 000 373 43063.7139285417
24.11.2017 17:08:03 +00.03695E+00  0130 007777 1 00002895 00002887 000 343 43063.7139325231
24.11.2017 17:08:04 +00.03695E+00  0144 007777 1 00002896 00002887 000 343 43063.7139364931
24.11.2017 17:08:04 +00.03695E+00  0167 007777 1 00002897 00002887 000 342 43063.713940463
24.11.2017 17:08:04 +00.03695E+00  0183 007777 1 00002898 00002887 000 375 43063.7139448148
24.11.2017 17:08:05 +00.03695E+00  0204 007777 1 00002899 00002887 000 342 43063.7139487731
24.11.2017 17:08:05 +00.03695E+00  0217 007777 1 00002900 00002887 000 343 43063.7139527431
24.11.2017 17:08:05 +00.03695E+00  0229 007767 1 00002901 00002887 000 343 43063.713956713
24.11.2017 17:08:06 +00.03692E+00  0238 007767 1 00002902 00002887 000 377 43063.7139610764
24.11.2017 17:08:06 +00.03691E+00  0255 007767 1 00002903 00002887 000 341 43063.7139650231
24.11.2017 17:08:09 +00.03725E+00  0004 007841 1 00002904 00002904 000 342 43063.713995463
24.11.2017 17:08:09 +00.03725E+00  0015 007841 1 00002905 00002904 000 400 43063.7140001042
24.11.2017 17:08:09 +00.03725E+00  0031 007841 1 00002906 00002904 000 341 43063.7140040625
24.11.2017 17:08:10 +00.03725E+00  0044 007841 1 00002907 00002904 000 343 43063.7140080324
24.11.2017 17:08:10 +00.03725E+00  0053 007841 1 00002908 00002904 000 342 43063.7140120023
24.11.2017 17:08:11 +00.03725E+00  0067 007841 1 00002909 00002904 000 376 43063.7140163657
24.11.2017 17:08:11 +00.03725E+00  0083 007841 1 00002910 00002904 000 340 43063.7140203125
24.11.2017 17:08:11 +00.03726E+00  0103 007841 1 00002911 00002904 000 342 43063.7140242824
24.11.2017 17:08:12 +00.03725E+00  0126 007841 1 00002912 00002904 000 343 43063.7140282523
24.11.2017 17:08:12 +00.03726E+00  0141 007841 1 00002913 00002904 000 378 43063.7140326273
24.11.2017 17:08:12 +00.03725E+00  0158 007841 1 00002914 00002904 000 340 43063.7140365625
24.11.2017 17:08:13 +00.03725E+00  0168 007841 1 00002915 00002904 000 342 43063.7140405324
24.11.2017 17:08:13 +00.03725E+00  0183 007841 1 00002916 00002904 000 343 43063.7140445023
24.11.2017 17:08:13 +00.03726E+00  0193 007841 1 00002917 00002904 000 379 43063.7140488889
24.11.2017 17:08:14 +00.03725E+00  0209 007829 1 00002918 00002904 000 345 43063.7140528819
24.11.2017 17:08:14 +00.03723E+00  0218 007829 1 00002919 00002904 000 343 43063.7140568519
24.11.2017 17:08:14 +00.03722E+00  0234 007829 1 00002920 00002904 000 343 43063.7140608218
24.11.2017 17:08:17 +00.03756E+00  0014 007907 1 00002921 00002921 000 378 43063.714091169
24.11.2017 17:08:17 +00.03756E+00  0031 007907 1 00002922 00002921 000 340 43063.7140951042
24.11.2017 17:08:18 +00.03757E+00  0040 007907 1 00002923 00002921 000 341 43063.7140990625
24.11.2017 17:08:18 +00.03757E+00  0055 007907 1 00002924 00002921 000 343 43063.7141030324
24.11.2017 17:08:18 +00.03757E+00  0075 007907 1 00002925 00002921 000 381 43063.7141074421
24.11.2017 17:08:19 +00.03757E+00  0097 007907 1 00002926 00002921 000 343 43063.714111412
24.11.2017 17:08:19 +00.03757E+00  0108 007907 1 00002927 00002921 000 343 43063.7141153819
24.11.2017 17:08:19 +00.03757E+00  0126 007907 1 00002928 00002921 000 343 43063.7141193519
24.11.2017 17:08:20 +00.03757E+00  0140 007907 1 00002929 00002921 000 375 43063.7141236921
24.11.2017 17:08:20 +00.03757E+00  0160 007907 1 00002930 00002921 000 343 43063.714127662
24.11.2017 17:08:20 +00.03757E+00  0169 007907 1 00002931 00002921 000 343 43063.7141316319
24.11.2017 17:08:21 +00.03757E+00  0179 007907 1 00002932 00002921 000 343 43063.7141356019
24.11.2017 17:08:21 +00.03757E+00  0195 007907 1 00002933 00002921 000 376 43063.7141399537
24.11.2017 17:08:22 +00.03757E+00  0212 007907 1 00002934 00002921 000 341 43063.7141439005
24.11.2017 17:08:22 +00.03757E+00  0223 007907 1 00002935 00002921 000 342 43063.7141478704
24.11.2017 17:08:22 +00.03757E+00  0234 007893 1 00002936 00002921 000 342 43063.7141518403
24.11.2017 17:08:23 +00.03752E+00  0250 007893 1 00002937 00002921 000 377 43063.7141562153
24.11.2017 17:08:23 +00.03751E+00  0273 007893 1 00002938 00002921 000 340 43063.714160162