
24.11.2017 17:08:29 +00.03898E+00  0016 008205 1 00002939 00002939 000 384 43063.714234294
24.11.2017 17:08:30 +00.03899E+00  0033 008205 1 00002940 00002939 000 340 43063.7142382292
24.11.2017 17:08:30 +00.03899E+00  0046 008205 1 00002941 00002939 000 342 43063.7142421991
24.11.2017 17:08:30 +00.03899E+00  0059 008205 1 00002942 00002939 000 343 43063.714246169
24.11.2017 17:08:31 +00.03899E+00  0071 008205 1 00002943 00002939 000 378 43063.714250544
24.11.2017 17:08:31 +00.03899E+00  0086 008205 1 00002944 00002939 000 340 43063.7142544792
24.11.2017 17:08:31 +00.03899E+00  0103 008205 1 00002945 00002939 000 341 43063.7142584375
24.11.2017 17:08:32 +00.03899E+00  0116 008205 1 00002946 00002939 000 342 43063.7142624074
24.11.2017 17:08:32 +00.03899E+00  0124 008205 1 00002947 00002939 000 378 43063.714266794
24.11.2017 17:08:32 +00.03899E+00  0140 008205 1 00002948 00002939 000 344 43063.714270787
24.11.2017 17:08:33 +00.03899E+00  0153 008205 1 00002949 00002939 000 342 43063.7142747569
24.11.2017 17:08:33 +00.03899E+00  0170 008205 1 00002950 00002939 000 343 43063.7142787384
24.11.2017 17:08:34 +00.03899E+00  0191 008205 1 00002951 00002939 000 373 43063.7142830556
24.11.2017 17:08:34 +00.03899E+00  0206 008205 1 00002952 00002939 000 343 43063.714287037
24.11.2017 17:08:34 +00.03899E+00  0225 008207 1 00002953 00002939 000 342 43063.7142910069
24.11.2017 17:08:35 +00.03899E+00  0237 008207 1 00002954 00002939 000 342 43063.7142949769
24.11.2017 17:08:35 +00.03900E+00  0250 008207 1 00002955 00002939 000 374 43063.7142993171
24.11.2017 17:08:37 +00.03913E+00  0010 008237 1 00002956 00002956 000 380 43063.7143253356
24.11.2017 17:08:38 +00.03914E+00  0034 008237 1 00002957 00002956 000 343 43063.7143293056
24.11.2017 17:08:38 +00.03914E+00  0044 008237 1 00002958 00002956 000 342 43063.7143332755
24.11.2017 17:08:38 +00.03914E+00  0071 008237 1 00002959 00002956 000 342 43063.7143372454
24.11.2017 17:08:39 +00.03914E+00  0079 008237 1 00002960 00002956 000 376 43063.7143415972
24.11.2017 17:08:39 +00.03914E+00  0095 008237 1 00002961 00002956 000 341 43063.7143455556
24.11.2017 17:08:39 +00.03914E+00  0108 008237 1 00002962 00002956 000 343 43063.7143495255
24.11.2017 17:08:40 +00.03914E+00  0124 008237 1 00002963 00002956 000 343 43063.7143534954
24.11.2017 17:08:40 +00.03914E+00  0137 008237 1 00002964 00002956 000 378 43063.7143578704
24.11.2017 17:08:40 +00.03914E+00  0157 008237 1 00002965 00002956 000 340 43063.7143618056
24.11.2017 17:08:41 +00.03914E+00  0166 008237 1 00002966 00002956 000 342 43063.7143657755
24.11.2017 17:08:41 +00.03914E+00  0181 008237 1 00002967 00002956 000 343 43063.7143697454
24.11.2017 17:08:41 +00.03915E+00  0199 008237 1 00002968 00002956 000 379 43063.7143741319
24.11.2017 17:08:42 +00.03914E+00  0217 008237 1 00002969 00002956 000 340 43063.7143780671
24.11.2017 17:08:42 +00.03914E+00  0233 008229 1 00002970 00002956 000 341 43063.7143820255
24.11.2017 17:08:42 +00.03913E+00  0249 008229 1 00002971 00002956 000 342 43063.7143859954
24.11.2017 17:08:43 +00.03911E+00  0263 008229 1 00002972 00002956 000 380 43063.7143903935
24.11.2017 17:08:45 +00.03921E+00  0012 008253 1 00002973 00002973 000 341 43063.7144205556
24.11.2017 17:08:46 +00.03922E+00  0033 008253 1 00002974 00002973 000 343 43063.7144245255
24.11.2017 17:08:46 +00.03922E+00  0055 008253 1 00002975 00002973 000 343 43063.7144284954
24.11.2017 17:08:46 +00.03922E+00  0068 008253 1 00002976 00002973 000 361 43063.7144326736
24.11.2017 17:08:47 +00.03922E+00  0082 008253 1 00002977 00002973 000 344 43063.7144366551
24.11.2017 17:08:47 +00.03922E+00  0092 008253 1 00002978 00002973 000 343 43063.714440625
24.11.2017 17:08:48 +00.03922E+00  0109 008253 1 00002979 00002973 000 343 43063.7144445949
24.11.2017 17:08:48 +00.03922E+00  0128 008253 1 00002980 00002973 000 375 43063.7144489352
24.11.2017 17:08:48 +00.03922E+00  0145 008253 1 00002981 00002973 000 343 43063.7144529051
24.11.2017 17:08:49 +00.03922E+00  0167 008253 1 00002982 00002973 000 342 43063.7144568634
24.11.2017 17:08:49 +00.03921E+00  0175 008253 1 00002983 00002973 000 343 43063.7144608449
24.11.2017 17:08:49 +00.03922E+00  0197 008253 1 00002984 00002973 000 376 43063.7144651968
24.11.2017 17:08:50 +00.03922E+00  0217 008253 1 00002985 00002973 000 342 43063.7144691551
24.11.2017 17:08:50 +00.03922E+00  0233 008253 1 00002986 00002973 000 342 43063.7144731134
24.11.2017 17:08:50 +00.03922E+00  0253 008249 1 00002987 00002973 000 342 43063.7144770833
24.11.2017 17:08:51 +00.03920E+00  0267 008249 1 00002988 00002973 000 376 43063.7144814468
24.11.2017 17:08:51 +00.03920E+00  0283 008249 1 00002989 00002973 000 340 43063.7144853935
24.11.2017 17:08:53 +00.03932E+00  0007 008275 1 00002990 00002990 000 342 43063.7145116319
24.11.2017 17:08:54 +00.03932E+00  0024 008275 1 00002991 00002990 000 343 43063.7145156019
24.11.2017 17:08:54 +00.03932E+00  0037 008275 1 00002992 00002990 000 422 43063.7145204861
24.11.2017 17:08:54 +00.03932E+00  0052 008275 1 00002993 00002990 000 340 43063.7145244329
24.11.2017 17:08:55 +00.03932E+00  0065 008275 1 00002994 00002990 000 341 43063.7145283912
24.11.2017 17:08:55 +00.03932E+00  0080 008275 1 00002995 00002990 000 343 43063.7145323611
24.11.2017 17:08:55 +00.03932E+00  0089 008275 1 00002996 00002990 000 377 43063.7145367361
24.11.2017 17:08:56 +00.03932E+00  0101 008275 1 00002997 00002990 000 340 43063.7145406829
24.11.2017 17:08:56 +00.03932E+00  0114 008275 1 00002998 00002990 000 341 43063.7145446412
24.11.2017 17:08:57 +00.03932E+00  0125 008275 1 00002999 00002990 000 343 43063.7145486111
24.11.2017 17:08:57 +00.03933E+00  0141 008275 1 00003000 00002990 000 380 43063.7145530093
24.11.2017 17:08:57 +00.03932E+00  0161 008275 1 00003001 00002990 000 344 43063.7145569907
24.11.2017 17:08:58 +00.03933E+00  0173 008275 1 00003002 00002990 000 343 43063.7145609606
24.11.2017 17:08:58 +00.03932E+00  0192 008275 1 00003003 00002990 000 343 43063.7145649306
24.11.2017 17:08:58 +00.03932E+00  0209 008271 1 00003004 00002990 000 375 43063.7145692708
24.11.2017 17:08:59 +00.03931E+00  0228 008271 1 00003005 00002990 000 342 43063.7145732407
24.11.2017 17:08:59 +00.03931E+00  0240 008271 1 00003006 00002990 000 343 43063.7145772106
24.11.2017 17:09:02 +00.03941E+00  0014 008295 1 00003007 00003007 000 343 43063.7146069213
24.11.2017 17:09:02 +00.03942E+00  0030 008295 1 00003008 00003007 000 400 43063.7146115509
24.11.2017 17:09:02 +00.03941E+00  0048 008295 1 00003009 00003007 000 343 43063.7146155208
24.11.2017 17:09:03 +00.03942E+00  0058 008295 1 00003010 00003007 000 343 43063.7146194907
24.11.2017 17:09:03 +00.03942E+00  0075 008295 1 00003011 00003007 000 344 43063.7146234722
24.11.2017 17:09:03 +00.03942E+00  0088 008295 1 00003012 00003007 000 375 43063.7146278125
24.11.2017 17:09:04 +00.03941E+00  0108 008295 1 00003013 00003007 000 342 43063.7146317708
24.11.2017 17:09:04 +00.03942E+00  0117 008295 1 00003014 00003007 000 343 43063.7146357407
24.11.2017 17:09:04 +00.03942E+00  0130 008295 1 00003015 00003007 000 343 43063.7146397106
24.11.2017 17:09:05 +00.03941E+00  0145 008295 1 00003016 00003007 000 377 43063.7146440741
24.11.2017 17:09:05 +00.03942E+00  0164 008295 1 00003017 00003007 000 341 43063.7146480208
24.11.2017 17:09:05 +00.03942E+00  0172 008295 1 00003018 00003007 000 343 43063.7146519907
24.11.2017 17:09:06 +00.03942E+00  0185 008295 1 00003019 00003007 000 343 43063.7146559606
24.11.2017 17:09:06 +00.03942E+00  0204 008295 1 00003020 00003007 000 378 43063.7146603356
24.11.2017 17:09:06 +00.03941E+00  0220 008291 1 00003021 00003007 000 340 43063.7146642708
24.11.2017 17:09:07 +00.03940E+00  0230 008291 1 00003022 00003007 000 342 43063.7146682292
24.11.2017 17:09:07 +00.03940E+00  0239 008291 1 00003023 00003007 000 342 43063.7146721991
24.11.2017 17:09:09 +00.03952E+00  0016 008317 1 00003024 00003024 000 342 43063.7146979977
24.11.2017 17:09:10 +00.03952E+00  0030 008317 1 00003025 00003024 000 398 43063.7147026157
24.11.2017 17:09:10 +00.03952E+00  0042 008317 1 00003026 00003024 000 345 43063.7147066088
24.11.2017 17:09:10 +00.03952E+00  0055 008317 1 00003027 00003024 000 342 43063.7147105671
24.11.2017 17:09:11 +00.03952E+00  0066 008317 1 00003028 00003024 000 343 43063.7147145486
24.11.2017 17:09:11 +00.03952E+00  0083 008317 1 00003029 00003024 000 374 43063.7147188773
24.11.2017 17:09:12 +00.03952E+00  0102 008317 1 00003030 00003024 000 343 43063.7147228472
24.11.2017 17:09:12 +00.03952E+00  0122 008317 1 00003031 00003024 000 342 43063.7147268171
24.11.2017 17:09:12 +00.03952E+00  0138 008317 1 00003032 00003024 000 342 43063.714730787
24.11.2017 17:09:13 +00.03952E+00  0162 008317 1 00003033 00003024 000 376 43063.7147351389
24.11.2017 17:09:13 +00.03952E+00  0177 008317 1 00003034 00003024 000 341 43063.7147390972
24.11.2017 17:09:13 +00.03952E+00  0187 008317 1 00003035 00003024 000 343 43063.7147430671
24.11.2017 17:09:14 +00.03952E+00  0202 008317 1 00003036 00003024 000 343 43063.714747037
24.11.2017 17:09:14 +00.03952E+00  0213 008317 1 00003037 00003024 000 377 43063.7147514005
24.11.2017 17:09:14 +00.03952E+00  0227 008317 1 00003038 00003024 000 340 43063.7147553472
24.11.2017 17:09:15 +00.03952E+00  0246 008313 1 00003039 00003024 000 342 43063.7147593171
24.11.2017 17:09:15 +00.03951E+00  0258 008313 1 00003040 00003024 000 343 43063.714763287
24.11.2017 17:09:18 +00.03962E+00  0017 008339 1 00003041 00003041 000 383 43063.7147936806
24.11.2017 17:09:18 +00.03962E+00  0036 008339 1 00003042 00003041 000 341 43063.7147976273
24.11.2017 17:09:18 +00.03962E+00  0055 008339 1 00003043 00003041 000 343 43063.7148015972
24.11.2017 17:09:19 +00.03963E+00  0069 008339 1 00003044 00003041 000 343 43063.7148055671
24.11.2017 17:09:19 +00.03963E+00  0077 008339 1 00003045 00003041 000 378 43063.7148099421
24.11.2017 17:09:19 +00.03962E+00  0095 008339 1 00003046 00003041 000 340 43063.7148138773
24.11.2017 17:09:20 +00.03962E+00  0105 008339 1 00003047 00003041 000 342 43063.7148178472
24.11.2017 17:09:20 +00.03963E+00  0120 008339 1 00003048 00003041 000 343 43063.7148218171
24.11.2017 17:09:20 +00.03962E+00  0131 008339 1 00003049 00003041 000 379 43063.7148262037
24.11.2017 17:09:21 +00.03962E+00  0151 008339 1 00003050 00003041 000 345 43063.7148301968
24.11.2017 17:09:21 +00.03963E+00  0170 008339 1 00003051 00003041 000 343 43063.7148341667
24.11.2017 17:09:22 +00.03963E+00  0184 008339 1 00003052 00003041 000 343 43063.7148381366
24.11.2017 17:09:22 +00.03962E+00  0201 008339 1 00003053 00003041 000 374 43063.7148424653
24.11.2017 17:09:22 +00.03962E+00  0217 008339 1 00003054 00003041 000 344 43063.7148464468
24.11.2017 17:09:23 +00.03962E+00  0231 008335 1 00003055 00003041 000 343 43063.7148504167
24.11.2017 17:09:23 +00.03962E+00  0246 008335 1 00003056 00003041 000 343 43063.7148543866
24.11.2017 17:09:23 +00.03961E+00  0266 008335 1 00003057 00003041 000 375 43063.7148587269
24.11.2017 17:09:26 +00.03971E+00  0015 008357 1 00003058 00003058 000 343 43063.7148889468
24.11.2017 17:09:26 +00.03971E+00  0035 008357 1 00003059 00003058 000 343 43063.7148929167
24.11.2017 17:09:27 +00.03971E+00  0052 008357 1 00003060 00003058 000 418 43063.7148977546
24.11.2017 17:09:27 +00.03971E+00  0062 008357 1 00003061 00003058 000 344 43063.7149017361
24.11.2017 17:09:27 +00.03971E+00  0073 008357 1 00003062 00003058 000 343 43063.714905706
24.11.2017 17:09:28 +00.03971E+00  0084 008357 1 00003063 00003058 000 343 43063.7149096759
24.11.2017 17:09:28 +00.03971E+00  0096 008357 1 00003064 00003058 000 375 43063.7149140162
24.11.2017 17:09:28 +00.03971E+00  0108 008357 1 00003065 00003058 000 343 43063.7149179861
24.11.2017 17:09:29 +00.03971E+00  0127 008357 1 00003066 00003058 000 343 43063.714921956
24.11.2017 17:09:29 +00.03971E+00  0141 008357 1 00003067 00003058 000 343 43063.7149259259
24.11.2017 17:09:29 +00.03971E+00  0156 008357 1 00003068 00003058 000 378 43063.7149303009
24.11.2017 17:09:30 +00.03971E+00  0171 008357 1 00003069 00003058 000 341 43063.7149342477
24.11.2017 17:09:30 +00.03971E+00  0194 008357 1 00003070 00003058 000 341 43063.7149381944
24.11.2017 17:09:31 +00.03971E+00  0210 008357 1 00003071 00003058 000 342 43063.7149421644
24.11.2017 17:09:31 +00.03971E+00  0222 008355 1 00003072 00003058 000 377 43063.7149465394
24.11.2017 17:09:31 +00.03970E+00  0243 008355 1 00003073 00003058 000 340 43063.7149504861
24.11.2017 17:09:32 +00.03971E+00  0254 008355 1 00003074 00003058 000 341 43063.7149544444
24.11.2017 17:09:34 +00.03981E+00  0015 008379 1 00003075 00003075 000 343 43063.7149841667
24.11.2017 17:09:35 +00.03981E+00  0026 008379 1 00003076 00003075 000 402 43063.7149888194
24.11.2017 17:09:35 +00.03981E+00  0044 008379 1 00003077 00003075 000 340 43063.7149927662
24.11.2017 17:09:35 +00.03982E+00  0058 008379 1 00003078 00003075 000 342 43063.7149967245
24.11.2017 17:09:36 +00.03981E+00  0071 008379 1 00003079 00003075 000 342 43063.7150006944
24.11.2017 17:09:36 +00.03982E+00  0086 008379 1 00003080 00003075 000 378 43063.715005081
24.11.2017 17:09:36 +00.03982E+00  0104 008379 1 00003081 00003075 000 344 43063.7150090741
24.11.2017 17:09:37 +00.03982E+00  0115 008379 1 00003082 00003075 000 342 43063.715013044
24.11.2017 17:09:37 +00.03981E+00  0128 008379 1 00003083 00003075 000 342 43063.7150170139
24.11.2017 17:09:37 +00.03981E+00  0140 008379 1 00003084 00003075 000 373 43063.7150213426
24.11.2017 17:09:38 +00.03982E+00  0157 008379 1 00003085 00003075 000 343 43063.7150253241
24.11.2017 17:09:38 +00.03982E+00  0179 008379 1 00003086 00003075 000 343 43063.715029294
24.11.2017 17:09:38 +00.03981E+00  0193 008379 1 00003087 00003075 000 342 43063.7150332639
24.11.2017 17:09:39 +00.03982E+00  0210 008379 1 00003088 00003075 000 374 43063.7150376042
24.11.2017 17:09:39 +00.03981E+00  0223 008375 1 00003089 00003075 000 342 43063.7150415741
24.11.2017 17:09:39 +00.03980E+00  0234 008375 1 00003090 00003075 000 343 43063.715045544
24.11.2017 17:09:40 +00.03980E+00  0261 008375 1 00003091 00003075 000 343 43063.7150495139
24.11.2017 17:09:42 +00.03991E+00  0015 008399 1 00003092 00003092 000 343 43063.7150752431
24.11.2017 17:09:42 +00.03991E+00  0025 008399 1 00003093 00003092 000 401 43063.7150798843
24.11.2017 17:09:43 +00.03991E+00  0038 008399 1 00003094 00003092 000 342 43063.7150838426
24.11.2017 17:09:43 +00.03991E+00  0056 008399 1 00003095 00003092 000 343 43063.7150878125
24.11.2017 17:09:43 +00.03991E+00  0067 008399 1 00003096 00003092 000 343 43063.7150917824
24.11.2017 17:09:44 +00.03991E+00  0082 008399 1 00003097 00003092 000 378 43063.7150961574
24.11.2017 17:09:44 +00.03991E+00  0097 008399 1 00003098 00003092 000 340 43063.7151000926
24.11.2017 17:09:44 +00.03991E+00  0113 008399 1 00003099 00003092 000 342 43063.7151040625
24.11.2017 17:09:45 +00.03991E+00  0125 008399 1 00003100 00003092 000 343 43063.7151080324
24.11.2017 17:09:45 +00.03991E+00  0138 008399 1 00003101 00003092 000 379 43063.715112419
24.11.2017 17:09:46 +00.03991E+00  0153 008399 1 00003102 00003092 000 345 43063.715116412
24.11.2017 17:09:46 +00.03991E+00  0169 008399 1 00003103 00003092 000 343 43063.7151203819
24.11.2017 17:09:46 +00.03991E+00  0181 008399 1 00003104 00003092 000 343 43063.7151243519
24.11.2017 17:09:47 +00.03991E+00  0195 008399 1 00003105 00003092 000 374 43063.7151286806
24.11.2017 17:09:47 +00.03991E+00  0208 008399 1 00003106 00003092 000 344 43063.715132662
24.11.2017 17:09:47 +00.03991E+00  0219 008397 1 00003107 00003092 000 342 43063.7151366204
24.11.2017 17:09:48 +00.03990E+00  0232 008397 1 00003108 00003092 000 343 43063.7151406019
24.11.2017 17:09:48 +00.03990E+00  0244 008397 1 00003109 00003092 000 375 43063.7151449421
24.11.2017 17:09:50 +00.04001E+00  0013 008421 1 00003110 00003110 000 381 43063.7151709606
24.11.2017 17:09:51 +00.04001E+00  0027 008421 1 00003111 00003110 000 343 43063.7151749306
24.11.2017 17:09:51 +00.04001E+00  0043 008421 1 00003112 00003110 000 342 43063.7151788889
24.11.2017 17:09:51 +00.04001E+00  0064 008421 1 00003113 00003110 000 343 43063.7151828704
24.11.2017 17:09:52 +00.04002E+00  0081 008421 1 00003114 00003110 000 376 43063.7151872222
24.11.2017 17:09:52 +00.04002E+00  0101 008421 1 00003115 00003110 000 341 43063.715191169
24.11.2017 17:09:52 +00.04002E+00  0112 008421 1 00003116 00003110 000 342 43063.7151951389
24.11.2017 17:09:53 +00.04002E+00  0124 008421 1 00003117 00003110 000 342 43063.7151991088
24.11.2017 17:09:53 +00.04002E+00  0136 008421 1 00003118 00003110 000 377 43063.7152034838
24.11.2017 17:09:53 +00.04002E+00  0156 008421 1 00003119 00003110 000 340 43063.715207419
24.11.2017 17:09:54 +00.04002E+00  0165 008421 1 00003120 00003110 000 343 43063.7152113889
24.11.2017 17:09:54 +00.04002E+00  0178 008421 1 00003121 00003110 000 343 43063.7152153588
24.11.2017 17:09:54 +00.04001E+00  0197 008421 1 00003122 00003110 000 379 43063.7152197454
24.11.2017 17:09:55 +00.04002E+00  0207 008421 1 00003123 00003110 000 345 43063.7152237384
24.11.2017 17:09:55 +00.04002E+00  0222 008421 1 00003124 00003110 000 343 43063.7152277083
24.11.2017 17:09:56 +00.04001E+00  0236 008417 1 00003125 00003110 000 343 43063.7152316782
24.11.2017 17:09:56 +00.04000E+00  0245 008417 1 00003126 00003110 000 373 43063.7152360069
24.11.2017 17:09:56 +00.04000E+00  0267 008417 1 00003127 00003110 000 344 43063.7152399884
24.11.2017 17:09:59 +00.04012E+00  0015 008443 1 00003128 00003128 000 342 43063.7152662268
24.11.2017 17:09:59 +00.04012E+00  0028 008443 1 00003129 00003128 000 343 43063.7152701968
24.11.2017 17:09:59 +00.04012E+00  0043 008443 1 00003130 00003128 000 418 43063.7152750347
24.11.2017 17:10:00 +00.04012E+00  0052 008443 1 00003131 00003128 000 344 43063.7152790162
24.11.2017 17:10:00 +00.04012E+00  0068 008443 1 00003132 00003128 000 343 43063.7152829861
24.11.2017 17:10:00 +00.04012E+00  0093 008443 1 00003133 00003128 000 343 43063.715286956
24.11.2017 17:10:01 +00.04012E+00  0108 008443 1 00003134 00003128 000 375 43063.7152912963
24.11.2017 17:10:01 +00.04012E+00  0126 008443 1 00003135 00003128 000 343 43063.7152952662
24.11.2017 17:10:01 +00.04012E+00  0138 008443 1 00003136 00003128 000 343 43063.7152992361
24.11.2017 17:10:02 +00.04012E+00  0158 008443 1 00003137 00003128 000 343 43063.715303206
24.11.2017 17:10:02 +00.04012E+00  0172 008443 1 00003138 00003128 000 376 43063.7153075579
24.11.2017 17:10:02 +00.04012E+00  0187 008443 1 00003139 00003128 000 341 43063.7153115046
24.11.2017 17:10:03 +00.04012E+00  0200 008443 1 00003140 00003128 000 343 43063.7153154861
24.11.2017 17:10:03 +00.04012E+00  0220 008443 1 00003141 00003128 000 343 43063.715319456
24.11.2017 17:10:03 +00.04012E+00  0235 008439 1 00003142 00003128 000 377 43063.7153238194
24.11.2017 17:10:04 +00.04011E+00  0250 008439 1 00003143 00003128 000 340 43063.7153277546
24.11.2017 17:10:04 +00.04011E+00  0264 008439 1 00003144 00003128 000 343 43063.7153317361
24.11.2017 17:10:07 +00.04021E+00  0023 008463 1 00003145 00003145 000 342 43063.7153614352
24.11.2017 17:10:07 +00.04021E+00  0034 008463 1 00003146 00003145 000 401 43063.715366088
24.11.2017 17:10:07 +00.04021E+00  0042 008463 1 00003147 00003145 000 340 43063.7153700347
24.11.2017 17:10:08 +00.04021E+00  0051 008463 1 00003148 00003145 000 343 43063.7153740162
24.11.2017 17:10:08 +00.04022E+00  0062 008463 1 00003149 00003145 000 342 43063.7153779745
24.11.2017 17:10:09 +00.04021E+00  0084 008463 1 00003150 00003145 000 378 43063.7153823611
24.11.2017 17:10:09 +00.04022E+00  0105 008463 1 00003151 00003145 000 340 43063.7153862963
24.11.2017 17:10:09 +00.04022E+00  0117 008463 1 00003152 00003145 000 341 43063.7153902546
24.11.2017 17:10:10 +00.04022E+00  0130 008463 1 00003153 00003145 000 342 43063.7153942245
24.11.2017 17:10:10 +00.04021E+00  0145 008463 1 00003154 00003145 000 379 43063.7153986227
24.11.2017 17:10:10 +00.04021E+00  0157 008463 1 00003155 00003145 000 343 43063.7154026042
24.11.2017 17:10:11 +00.04022E+00  0177 008463 1 00003156 00003145 000 343 43063.7154065856
24.11.2017 17:10:11 +00.04022E+00  0192 008463 1 00003157 00003145 000 342 43063.715410544
24.11.2017 17:10:11 +00.04022E+00  0202 008463 1 00003158 00003145 000 373 43063.7154148727
24.11.2017 17:10:12 +00.04021E+00  0213 008459 1 00003159 00003145 000 343 43063.7154188542
24.11.2017 17:10:12 +00.04020E+00  0227 008459 1 00003160 00003145 000 344 43063.7154228356
24.11.2017 17:10:12 +00.04020E+00  0242 008459 1 00003161 00003145 000 342 43063.715426794
24.11.2017 17:10:15 +00.04031E+00  0017 008485 1 00003162 00003162 000 342 43063.7154525231
24.11.2017 17:10:15 +00.04032E+00  0027 008485 1 00003163 00003162 000 401 43063.7154571644
24.11.2017 17:10:15 +00.04032E+00  0046 008485 1 00003164 00003162 000 342 43063.7154611227
24.11.2017 17:10:16 +00.04032E+00  0056 008485 1 00003165 00003162 000 343 43063.7154650926
24.11.2017 17:10:16 +00.04032E+00  0071 008485 1 00003166 00003162 000 343 43063.7154690625
24.11.2017 17:10:16 +00.04032E+00  0087 008485 1 00003167 00003162 000 377 43063.7154734259
24.11.2017 17:10:17 +00.04032E+00  0105 008485 1 00003168 00003162 000 341 43063.7154773727
24.11.2017 17:10:17 +00.04032E+00  0118 008485 1 00003169 00003162 000 343 43063.7154813426
24.11.2017 17:10:17 +00.04032E+00  0131 008485 1 00003170 00003162 000 343 43063.7154853125
24.11.2017 17:10:18 +00.04032E+00  0143 008485 1 00003171 00003162 000 378 43063.7154896875
24.11.2017 17:10:18 +00.04032E+00  0162 008485 1 00003172 00003162 000 340 43063.7154936227
24.11.2017 17:10:18 +00.04032E+00  0180 008485 1 00003173 00003162 000 342 43063.7154975926
24.11.2017 17:10:19 +00.04032E+00  0197 008485 1 00003174 00003162 000 343 43063.7155015625
24.11.2017 17:10:19 +00.04032E+00  0212 008485 1 00003175 00003162 000 379 43063.7155059491
24.11.2017 17:10:20 +00.04032E+00  0232 008485 1 00003176 00003162 000 345 43063.7155099421
24.11.2017 17:10:20 +00.04032E+00  0245 008481 1 00003177 00003162 000 343 43063.715513912
24.11.2017 17:10:20 +00.04031E+00  0264 008481 1 00003178 00003162 000 343 43063.7155178819
24.11.2017 17:10:21 +00.04030E+00  0276 008481 1 00003179 00003162 000 374 43063.7155222106
24.11.2017 17:10:23 +00.04043E+00  0012 008509 1 00003180 00003180 000 380 43063.7155482292
24.11.2017 17:10:23 +00.04043E+00  0026 008509 1 00003181 00003180 000 342 43063.7155521991
24.11.2017 17:10:24 +00.04043E+00  0041 008509 1 00003182 00003180 000 342 43063.715556169
24.11.2017 17:10:24 +00.04043E+00  0057 008509 1 00003183 00003180 000 342 43063.7155601389
24.11.2017 17:10:24 +00.04043E+00  0065 008509 1 00003184 00003180 000 375 43063.7155644907
24.11.2017 17:10:25 +00.04043E+00  0079 008509 1 00003185 00003180 000 342 43063.7155684491
24.11.2017 17:10:25 +00.04043E+00  0096 008509 1 00003186 00003180 000 343 43063.7155724306
24.11.2017 17:10:25 +00.04043E+00  0105 008509 1 00003187 00003180 000 343 43063.7155764005
24.11.2017 17:10:26 +00.04043E+00  0120 008509 1 00003188 00003180 000 376 43063.7155807523
24.11.2017 17:10:26 +00.04043E+00  0138 008509 1 00003189 00003180 000 340 43063.7155846991
24.11.2017 17:10:26 +00.04043E+00  0151 008509 1 00003190 00003180 000 342 43063.715588669
24.11.2017 17:10:27 +00.04043E+00  0168 008509 1 00003191 00003180 000 344 43063.7155926505
24.11.2017 17:10:27 +00.04043E+00  0178 008509 1 00003192 00003180 000 377 43063.7155970139
24.11.2017 17:10:27 +00.04043E+00  0187 008509 1 00003193 00003180 000 340 43063.7156009606
24.11.2017 17:10:28 +00.04044E+00  0207 008503 1 00003194 00003180 000 341 43063.715604919
24.11.2017 17:10:28 +00.04043E+00  0226 008503 1 00003195 00003180 000 343 43063.7156088889
24.11.2017 17:10:28 +00.04041E+00  0238 008503 1 00003196 00003180 000 379 43063.7156132755
24.11.2017 17:10:31 +00.04051E+00  0012 008525 1 00003197 00003197 000 378 43063.715639294
24.11.2017 17:10:31 +00.04051E+00  0036 008525 1 00003198 00003197 000 340 43063.7156432292
24.11.2017 17:10:31 +00.04051E+00  0047 008525 1 00003199 00003197 000 341 43063.7156471875
24.11.2017 17:10:32 +00.04051E+00  0066 008525 1 00003200 00003197 000 343 43063.7156511574
24.11.2017 17:10:32 +00.04051E+00  0085 008525 1 00003201 00003197 000 380 43063.7156555556
24.11.2017 17:10:32 +00.04051E+00  0099 008525 1 00003202 00003197 000 344 43063.715659537
24.11.2017 17:10:33 +00.04051E+00  0110 008525 1 00003203 00003197 000 343 43063.7156635069
24.11.2017 17:10:33 +00.04051E+00  0128 008525 1 00003204 00003197 000 343 43063.7156674768
24.11.2017 17:10:34 +00.04051E+00  0143 008525 1 00003205 00003197 000 375 43063.7156718171
24.11.2017 17:10:34 +00.04051E+00  0156 008525 1 00003206 00003197 000 342 43063.7156757755
24.11.2017 17:10:34 +00.04051E+00  0172 008525 1 00003207 00003197 000 343 43063.7156797569
24.11.2017 17:10:35 +00.04051E+00  0189 008525 1 00003208 00003197 000 343 43063.7156837268
24.11.2017 17:10:35 +00.04051E+00  0200 008525 1 00003209 00003197 000 378 43063.7156881019
24.11.2017 17:10:35 +00.04051E+00  0219 008525 1 00003210 00003197 000 340 43063.715692037
24.11.2017 17:10:36 +00.04051E+00  0230 008525 1 00003211 00003197 000 341 43063.7156959954
24.11.2017 17:10:36 +00.04051E+00  0246 008523 1 00003212 00003197 000 343 43063.7156999768
24.11.2017 17:10:36 +00.04050E+00  0259 008523 1 00003213 00003197 000 377 43063.7157043403
24.11.2017 17:10:37 +00.04050E+00  0277 008523 1 00003214 00003197 000 341 43063.7157082986
24.11.2017 17:10:39 +00.04061E+00  0017 008547 1 00003215 00003215 000 342 43063.7157387153
24.11.2017 17:10:40 +00.04061E+00  0027 008547 1 00003216 00003215 000 402 43063.7157433796
24.11.2017 17:10:40 +00.04061E+00  0049 008547 1 00003217 00003215 000 341 43063.7157473264
24.11.2017 17:10:40 +00.04061E+00  0072 008547 1 00003218 00003215 000 343 43063.7157512963
24.11.2017 17:10:41 +00.04061E+00  0091 008547 1 00003219 00003215 000 342 43063.7157552546
24.11.2017 17:10:41 +00.04061E+00  0107 008547 1 00003220 00003215 000 378 43063.7157596412
24.11.2017 17:10:41 +00.04062E+00  0120 008547 1 00003221 00003215 000 340 43063.7157635764
24.11.2017 17:10:42 +00.04062E+00  0133 008547 1 00003222 00003215 000 341 43063.7157675347
24.11.2017 17:10:42 +00.04061E+00  0146 008547 1 00003223 00003215 000 342 43063.7157715046
24.11.2017 17:10:43 +00.04062E+00  0151 008547 1 00003224 00003215 000 378 43063.7157758912
24.11.2017 17:10:43 +00.04061E+00  0171 008547 1 00003225 00003215 000 344 43063.7157798843
24.11.2017 17:10:43 +00.04061E+00  0183 008547 1 00003226 00003215 000 342 43063.7157838542
24.11.2017 17:10:44 +00.04061E+00  0198 008547 1 00003227 00003215 000 342 43063.7157878241
24.11.2017 17:10:44 +00.04061E+00  0208 008547 1 00003228 00003215 000 373 43063.7157921528
24.11.2017 17:10:44 +00.04062E+00  0223 008545 1 00003229 00003215 000 343 43063.7157961343
24.11.2017 17:10:45 +00.04061E+00  0237 008545 1 00003230 00003215 000 343 43063.7158001042
24.11.2017 17:10:45 +00.04061E+00  0245 008545 1 00003231 00003215 000 343 43063.7158040741
24.11.2017 17:10:48 +00.04072E+00  0014 008569 1 00003232 00003232 000 379 43063.7158344329
24.11.2017 17:10:48 +00.04072E+00  0034 008569 1 00003233 00003232 000 343 43063.7158384144
24.11.2017 17:10:48 +00.04072E+00  0050 008569 1 00003234 00003232 000 343 43063.7158423843
24.11.2017 17:10:49 +00.04072E+00  0061 008569 1 00003235 00003232 000 342 43063.7158463542
24.11.2017 17:10:49 +00.04072E+00  0077 008569 1 00003236 00003232 000 375 43063.715850706
24.11.2017 17:10:49 +00.04072E+00  0098 008569 1 00003237 00003232 000 342 43063.7158546644
24.11.2017 17:10:50 +00.04072E+00  0114 008569 1 00003238 00003232 000 343 43063.7158586343
24.11.2017 17:10:50 +00.04072E+00  0133 008569 1 00003239 00003232 000 343 43063.7158626042
24.11.2017 17:10:50 +00.04072E+00  0147 008569 1 00003240 00003232 000 375 43063.715866956
24.11.2017 17:10:51 +00.04072E+00  0167 008569 1 00003241 00003232 000 341 43063.7158709144
24.11.2017 17:10:51 +00.04072E+00  0186 008569 1 00003242 00003232 000 343 43063.7158748843
24.11.2017 17:10:51 +00.04072E+00  0201 008569 1 00003243 00003232 000 343 43063.7158788542
24.11.2017 17:10:52 +00.04072E+00  0210 008569 1 00003244 00003232 000 378 43063.7158832292
24.11.2017 17:10:52 +00.04072E+00  0223 008569 1 00003245 00003232 000 340 43063.7158871644
24.11.2017 17:10:52 +00.04072E+00  0239 008569 1 00003246 00003232 000 342 43063.7158911343
24.11.2017 17:10:53 +00.04072E+00  0254 008565 1 00003247 00003232 000 343 43063.7158951042
24.11.2017 17:10:53 +00.04071E+00  0269 008565 1 00003248 00003232 000 379 43063.7158994907
24.11.2017 17:10:54 +00.04070E+00  0288 008565 1 00003249 00003232 000 341 43063.7159034375
24.11.2017 17:10:56 +00.04082E+00  0013 008591 1 00003250 00003250 000 341 43063.7159296528
24.11.2017 17:10:56 +00.04082E+00  0034 008591 1 00003251 00003250 000 343 43063.7159336227
24.11.2017 17:10:57 +00.04082E+00  0049 008591 1 00003252 00003250 000 343 43063.7159375926
24.11.2017 17:10:57 +00.04083E+00  0066 008591 1 00003253 00003250 000 361 43063.7159417708
24.11.2017 17:10:57 +00.04082E+00  0088 008591 1 00003254 00003250 000 344 43063.7159457523
24.11.2017 17:10:58 +00.04083E+00  0112 008591 1 00003255 00003250 000 343 43063.7159497222
24.11.2017 17:10:58 +00.04082E+00  0126 008591 1 00003256 00003250 000 343 43063.7159536921
24.11.2017 17:10:58 +00.04082E+00  0146 008591 1 00003257 00003250 000 375 43063.7159580324
24.11.2017 17:10:59 +00.04082E+00  0161 008591 1 00003258 00003250 000 342 43063.7159619907
24.11.2017 17:10:59 +00.04082E+00  0170 008591 1 00003259 00003250 000 342 43063.7159659606
24.11.2017 17:10:59 +00.04082E+00  0185 008591 1 00003260 00003250 000 342 43063.7159699306
24.11.2017 17:11:00 +00.04082E+00  0198 008591 1 00003261 00003250 000 376 43063.715974294
24.11.2017 17:11:00 +00.04083E+00  0220 008591 1 00003262 00003250 000 341 43063.7159782407
24.11.2017 17:11:00 +00.04082E+00  0238 008591 1 00003263 00003250 000 342 43063.7159822106
24.11.2017 17:11:01 +00.04082E+00  0253 008591 1 00003264 00003250 000 342 43063.7159861806
24.11.2017 17:11:01 +00.04082E+00  0265 008587 1 00003265 00003250 000 376 43063.715990544
24.11.2017 17:11:01 +00.04081E+00  0285 008587 1 00003266 00003250 000 340 43063.7159944907
24.11.2017 17:11:02 +00.04081E+00  0299 008587 1 00003267 00003250 000 342 43063.7159984606
24.11.2017 17:11:04 +00.04090E+00  0009 008609 1 00003268 00003268 000 341 43063.7160239699
24.11.2017 17:11:04 +00.04090E+00  0024 008609 1 00003269 00003268 000 343 43063.7160279398
24.11.2017 17:11:05 +00.04091E+00  0037 008609 1 00003270 00003268 000 343 43063.7160319097
24.11.2017 17:11:05 +00.04091E+00  0050 008609 1 00003271 00003268 000 361 43063.716036088
24.11.2017 17:11:05 +00.04091E+00  0062 008609 1 00003272 00003268 000 344 43063.7160400694
24.11.2017 17:11:06 +00.04091E+00  0072 008609 1 00003273 00003268 000 343 43063.7160440393
24.11.2017 17:11:06 +00.04091E+00  0083 008609 1 00003274 00003268 000 343 43063.7160480093
24.11.2017 17:11:06 +00.04091E+00  0094 008609 1 00003275 00003268 000 374 43063.7160523495
24.11.2017 17:11:07 +00.04091E+00  0112 008609 1 00003276 00003268 000 342 43063.7160563194
24.11.2017 17:11:07 +00.04091E+00  0128 008609 1 00003277 00003268 000 343 43063.7160602893
24.11.2017 17:11:07 +00.04091E+00  0140 008609 1 00003278 00003268 000 342 43063.7160642477
24.11.2017 17:11:08 +00.04091E+00  0155 008609 1 00003279 00003268 000 377 43063.7160686111
24.11.2017 17:11:08 +00.04091E+00  0169 008609 1 00003280 00003268 000 341 43063.7160725579
24.11.2017 17:11:09 +00.04091E+00  0183 008609 1 00003281 00003268 000 343 43063.7160765393
24.11.2017 17:11:09 +00.04091E+00  0193 008609 1 00003282 00003268 000 343 43063.7160805093
24.11.2017 17:11:09 +00.04090E+00  0202 008607 1 00003283 00003268 000 377 43063.7160848727
24.11.2017 17:11:10 +00.04091E+00  0217 008607 1 00003284 00003268 000 340 43063.7160888079
24.11.2017 17:11:12 +00.04102E+00  0011 008633 1 00003285 00003285 000 343 43063.7161192593
24.11.2017 17:11:13 +00.04103E+00  0024 008633 1 00003286 00003285 000 401 43063.7161239005
24.11.2017 17:11:13 +00.04103E+00  0038 008633 1 00003287 00003285 000 342 43063.7161278588
24.11.2017 17:11:13 +00.04103E+00  0057 008633 1 00003288 00003285 000 343 43063.7161318287
24.11.2017 17:11:14 +00.04103E+00  0075 008633 1 00003289 00003285 000 343 43063.7161357986
24.11.2017 17:11:14 +00.04103E+00  0095 008633 1 00003290 00003285 000 377 43063.716140162
24.11.2017 17:11:14 +00.04103E+00  0107 008633 1 00003291 00003285 000 340 43063.7161440972
24.11.2017 17:11:15 +00.04103E+00  0120 008633 1 00003292 00003285 000 342 43063.7161480671
24.11.2017 17:11:15 +00.04103E+00  0134 008633 1 00003293 00003285 000 343 43063.7161520486
24.11.2017 17:11:15 +00.04102E+00  0144 008633 1 00003294 00003285 000 377 43063.716156412
24.11.2017 17:11:16 +00.04102E+00  0161 008633 1 00003295 00003285 000 340 43063.7161603588
24.11.2017 17:11:16 +00.04103E+00  0174 008633 1 00003296 00003285 000 342 43063.7161643171
24.11.2017 17:11:16 +00.04103E+00  0188 008633 1 00003297 00003285 000 342 43063.716168287
24.11.2017 17:11:17 +00.04102E+00  0200 008633 1 00003298 00003285 000 379 43063.7161726852
24.11.2017 17:11:17 +00.04102E+00  0213 008629 1 00003299 00003285 000 344 43063.7161766782
24.11.2017 17:11:18 +00.04102E+00  0221 008629 1 00003300 00003285 000 342 43063.7161806366
24.11.2017 17:11:18 +00.04101E+00  0232 008629 1 00003301 00003285 000 342 43063.7161846065