
24.11.2017 16:49:01 +00.04100E+00  0012 008627 -1 00000468 00000468 000 342 43063.7007118519
24.11.2017 16:49:01 +00.04100E+00  0025 008627 -1 00000469 00000468 000 342 43063.7007158218
24.11.2017 16:49:02 +00.04100E+00  0043 008627 -1 00000470 00000468 000 422 43063.700720706
24.11.2017 16:49:02 +00.04100E+00  0060 008627 -1 00000471 00000468 000 340 43063.7007246412
24.11.2017 16:49:02 +00.04100E+00  0071 008627 -1 00000472 00000468 000 342 43063.7007286111
24.11.2017 16:49:03 +00.04099E+00  0081 008627 -1 00000473 00000468 000 343 43063.700732581
24.11.2017 16:49:03 +00.04099E+00  0096 008627 -1 00000474 00000468 000 379 43063.7007369676
24.11.2017 16:49:04 +00.04100E+00  0118 008627 -1 00000475 00000468 000 345 43063.7007409606
24.11.2017 16:49:04 +00.04100E+00  0138 008627 -1 00000476 00000468 000 343 43063.7007449306
24.11.2017 16:49:04 +00.04100E+00  0145 008627 -1 00000477 00000468 000 343 43063.7007489005
24.11.2017 16:49:05 +00.04100E+00  0166 008627 -1 00000478 00000468 000 374 43063.7007532292
24.11.2017 16:49:05 +00.04100E+00  0186 008627 -1 00000479 00000468 000 344 43063.7007572106
24.11.2017 16:49:05 +00.04100E+00  0198 008627 -1 00000480 00000468 000 343 43063.7007611806
24.11.2017 16:49:06 +00.04100E+00  0213 008627 -1 00000481 00000468 000 343 43063.7007651505
24.11.2017 16:49:06 +00.04100E+00  0226 008627 -1 00000482 00000468 000 375 43063.7007694907
24.11.2017 16:49:06 +00.04100E+00  0241 008627 -1 00000483 00000468 000 342 43063.7007734491
24.11.2017 16:49:07 +00.04100E+00  0254 008627 -1 00000484 00000468 000 342 43063.700777419
24.11.2017 16:49:09 +00.04089E+00  0009 008605 -1 00000485 00000485 000 342 43063.7008029282
24.11.2017 16:49:09 +00.04089E+00  0021 008605 -1 00000486 00000485 000 342 43063.7008068981
24.11.2017 16:49:10 +00.04089E+00  0042 008605 -1 00000487 00000485 000 419 43063.7008117593
24.11.2017 16:49:10 +00.04089E+00  0063 008605 -1 00000488 00000485 000 341 43063.7008157176
24.11.2017 16:49:10 +00.04089E+00  0076 008605 -1 00000489 00000485 000 342 43063.7008196875
24.11.2017 16:49:11 +00.04089E+00  0088 008605 -1 00000490 00000485 000 342 43063.7008236574
24.11.2017 16:49:11 +00.04089E+00  0100 008605 -1 00000491 00000485 000 376 43063.7008280208
24.11.2017 16:49:11 +00.04089E+00  0113 008605 -1 00000492 00000485 000 340 43063.7008319676
24.11.2017 16:49:12 +00.04089E+00  0131 008605 -1 00000493 00000485 000 342 43063.7008359375
24.11.2017 16:49:12 +00.04089E+00  0141 008605 -1 00000494 00000485 000 343 43063.7008399074
24.11.2017 16:49:12 +00.04089E+00  0158 008605 -1 00000495 00000485 000 379 43063.700844294
24.11.2017 16:49:13 +00.04089E+00  0171 008605 -1 00000496 00000485 000 345 43063.7008482986
24.11.2017 16:49:13 +00.04089E+00  0187 008605 -1 00000497 00000485 000 343 43063.7008522685
24.11.2017 16:49:13 +00.04089E+00  0200 008605 -1 00000498 00000485 000 342 43063.7008562269
24.11.2017 16:49:14 +00.04089E+00  0221 008607 -1 00000499 00000485 000 373 43063.7008605556
24.11.2017 16:49:14 +00.04089E+00  0242 008607 -1 00000500 00000485 000 344 43063.700864537
24.11.2017 16:49:15 +00.04090E+00  0258 008607 -1 00000501 00000485 000 343 43063.7008685069
24.11.2017 16:49:17 +00.04078E+00  0015 008581 -1 00000502 00000502 000 342 43063.7008982176
24.11.2017 16:49:18 +00.04078E+00  0028 008581 -1 00000503 00000502 000 399 43063.7009028356
24.11.2017 16:49:18 +00.04078E+00  0040 008581 -1 00000504 00000502 000 344 43063.7009068171
24.11.2017 16:49:18 +00.04078E+00  0059 008581 -1 00000505 00000502 000 343 43063.700910787
24.11.2017 16:49:19 +00.04078E+00  0075 008581 -1 00000506 00000502 000 343 43063.7009147569
24.11.2017 16:49:19 +00.04078E+00  0088 008581 -1 00000507 00000502 000 375 43063.7009190972
24.11.2017 16:49:19 +00.04077E+00  0099 008581 -1 00000508 00000502 000 342 43063.7009230671
24.11.2017 16:49:20 +00.04078E+00  0115 008581 -1 00000509 00000502 000 343 43063.700927037
24.11.2017 16:49:20 +00.04078E+00  0136 008581 -1 00000510 00000502 000 343 43063.7009310069
24.11.2017 16:49:20 +00.04078E+00  0149 008581 -1 00000511 00000502 000 376 43063.7009353588
24.11.2017 16:49:21 +00.04078E+00  0176 008581 -1 00000512 00000502 000 342 43063.7009393171
24.11.2017 16:49:21 +00.04078E+00  0193 008581 -1 00000513 00000502 000 343 43063.700943287
24.11.2017 16:49:21 +00.04078E+00  0207 008581 -1 00000514 00000502 000 343 43063.7009472569
24.11.2017 16:49:22 +00.04078E+00  0223 008581 -1 00000515 00000502 000 377 43063.7009516204
24.11.2017 16:49:22 +00.04078E+00  0233 008585 -1 00000516 00000502 000 340 43063.7009555556
24.11.2017 16:49:22 +00.04078E+00  0250 008585 -1 00000517 00000502 000 342 43063.7009595255
24.11.2017 16:49:23 +00.04079E+00  0268 008585 -1 00000518 00000502 000 342 43063.7009634954
24.11.2017 16:49:25 +00.04068E+00  0014 008559 -1 00000519 00000519 000 376 43063.7009939005
24.11.2017 16:49:26 +00.04067E+00  0029 008559 -1 00000520 00000519 000 341 43063.7009978472
24.11.2017 16:49:26 +00.04067E+00  0042 008559 -1 00000521 00000519 000 342 43063.7010018056
24.11.2017 16:49:26 +00.04067E+00  0053 008559 -1 00000522 00000519 000 343 43063.701005787
24.11.2017 16:49:27 +00.04067E+00  0070 008559 -1 00000523 00000519 000 378 43063.701010162
24.11.2017 16:49:27 +00.04067E+00  0079 008559 -1 00000524 00000519 000 340 43063.7010140972
24.11.2017 16:49:27 +00.04067E+00  0094 008559 -1 00000525 00000519 000 342 43063.7010180556
24.11.2017 16:49:28 +00.04067E+00  0103 008559 -1 00000526 00000519 000 342 43063.7010220255
24.11.2017 16:49:28 +00.04067E+00  0125 008559 -1 00000527 00000519 000 379 43063.7010264236
24.11.2017 16:49:29 +00.04067E+00  0140 008559 -1 00000528 00000519 000 343 43063.7010304051
24.11.2017 16:49:29 +00.04067E+00  0146 008559 -1 00000529 00000519 000 342 43063.701034375
24.11.2017 16:49:29 +00.04067E+00  0160 008559 -1 00000530 00000519 000 343 43063.7010383565
24.11.2017 16:49:30 +00.04067E+00  0173 008559 -1 00000531 00000519 000 373 43063.7010426736
24.11.2017 16:49:30 +00.04068E+00  0189 008559 -1 00000532 00000519 000 344 43063.7010466667
24.11.2017 16:49:30 +00.04067E+00  0200 008563 -1 00000533 00000519 000 342 43063.701050625
24.11.2017 16:49:31 +00.04068E+00  0218 008563 -1 00000534 00000519 000 342 43063.7010545949
24.11.2017 16:49:31 +00.04069E+00  0234 008563 -1 00000535 00000519 000 375 43063.7010589468
24.11.2017 16:49:33 +00.04059E+00  0012 008541 -1 00000536 00000536 000 381 43063.7010849653
24.11.2017 16:49:34 +00.04059E+00  0028 008541 -1 00000537 00000536 000 342 43063.7010889236
24.11.2017 16:49:34 +00.04059E+00  0049 008541 -1 00000538 00000536 000 343 43063.7010928935
24.11.2017 16:49:34 +00.04059E+00  0066 008541 -1 00000539 00000536 000 343 43063.7010968634
24.11.2017 16:49:35 +00.04059E+00  0084 008541 -1 00000540 00000536 000 377 43063.7011012268
24.11.2017 16:49:35 +00.04059E+00  0102 008541 -1 00000541 00000536 000 341 43063.7011051736
24.11.2017 16:49:35 +00.04059E+00  0119 008541 -1 00000542 00000536 000 343 43063.7011091435
24.11.2017 16:49:36 +00.04059E+00  0136 008541 -1 00000543 00000536 000 343 43063.7011131134
24.11.2017 16:49:36 +00.04059E+00  0153 008541 -1 00000544 00000536 000 378 43063.7011174884
24.11.2017 16:49:36 +00.04059E+00  0164 008541 -1 00000545 00000536 000 340 43063.7011214236
24.11.2017 16:49:37 +00.04059E+00  0180 008541 -1 00000546 00000536 000 342 43063.7011253935
24.11.2017 16:49:37 +00.04059E+00  0191 008541 -1 00000547 00000536 000 343 43063.7011293634
24.11.2017 16:49:37 +00.04059E+00  0211 008541 -1 00000548 00000536 000 379 43063.70113375
24.11.2017 16:49:38 +00.04059E+00  0229 008541 -1 00000549 00000536 000 345 43063.7011377431
24.11.2017 16:49:38 +00.04059E+00  0239 008541 -1 00000550 00000536 000 343 43063.701141713
24.11.2017 16:49:38 +00.04059E+00  0253 008543 -1 00000551 00000536 000 343 43063.7011456829
24.11.2017 16:49:39 +00.04059E+00  0270 008543 -1 00000552 00000536 000 374 43063.7011500116
24.11.2017 16:49:39 +00.04059E+00  0279 008543 -1 00000553 00000536 000 343 43063.7011539815
24.11.2017 16:49:41 +00.04049E+00  0012 008519 -1 00000554 00000554 000 343 43063.7011802315
24.11.2017 16:49:42 +00.04048E+00  0028 008519 -1 00000555 00000554 000 343 43063.7011842014
24.11.2017 16:49:42 +00.04048E+00  0052 008519 -1 00000556 00000554 000 419 43063.7011890509
24.11.2017 16:49:43 +00.04048E+00  0078 008519 -1 00000557 00000554 000 343 43063.7011930208
24.11.2017 16:49:43 +00.04048E+00  0099 008519 -1 00000558 00000554 000 343 43063.7011969907
24.11.2017 16:49:43 +00.04048E+00  0112 008519 -1 00000559 00000554 000 343 43063.7012009606
24.11.2017 16:49:44 +00.04048E+00  0120 008519 -1 00000560 00000554 000 375 43063.7012053009
24.11.2017 16:49:44 +00.04048E+00  0135 008519 -1 00000561 00000554 000 342 43063.7012092593
24.11.2017 16:49:44 +00.04048E+00  0152 008519 -1 00000562 00000554 000 342 43063.7012132292
24.11.2017 16:49:45 +00.04048E+00  0167 008519 -1 00000563 00000554 000 342 43063.7012171991
24.11.2017 16:49:45 +00.04048E+00  0180 008519 -1 00000564 00000554 000 376 43063.7012215625
24.11.2017 16:49:45 +00.04048E+00  0196 008519 -1 00000565 00000554 000 340 43063.7012255093
24.11.2017 16:49:46 +00.04048E+00  0208 008519 -1 00000566 00000554 000 342 43063.7012294792
24.11.2017 16:49:46 +00.04048E+00  0222 008519 -1 00000567 00000554 000 342 43063.7012334491
24.11.2017 16:49:46 +00.04048E+00  0230 008523 -1 00000568 00000554 000 377 43063.7012378241
24.11.2017 16:49:47 +00.04049E+00  0246 008523 -1 00000569 00000554 000 340 43063.7012417593
24.11.2017 16:49:47 +00.04050E+00  0260 008523 -1 00000570 00000554 000 342 43063.7012457292
24.11.2017 16:49:50 +00.04038E+00  0008 008497 -1 00000571 00000571 000 342 43063.7012754398
24.11.2017 16:49:50 +00.04038E+00  0025 008497 -1 00000572 00000571 000 403 43063.7012801042
24.11.2017 16:49:50 +00.04038E+00  0041 008497 -1 00000573 00000571 000 340 43063.7012840509
24.11.2017 16:49:51 +00.04038E+00  0060 008497 -1 00000574 00000571 000 341 43063.7012880093
24.11.2017 16:49:51 +00.04038E+00  0074 008497 -1 00000575 00000571 000 342 43063.7012919792
24.11.2017 16:49:52 +00.04038E+00  0086 008497 -1 00000576 00000571 000 378 43063.7012963657
24.11.2017 16:49:52 +00.04038E+00  0101 008497 -1 00000577 00000571 000 344 43063.7013003588
24.11.2017 16:49:52 +00.04038E+00  0115 008497 -1 00000578 00000571 000 342 43063.7013043287
24.11.2017 16:49:53 +00.04038E+00  0134 008497 -1 00000579 00000571 000 342 43063.7013082986
24.11.2017 16:49:53 +00.04038E+00  0143 008497 -1 00000580 00000571 000 373 43063.7013126273
24.11.2017 16:49:53 +00.04038E+00  0161 008497 -1 00000581 00000571 000 343 43063.7013166088
24.11.2017 16:49:54 +00.04038E+00  0171 008497 -1 00000582 00000571 000 343 43063.7013205787
24.11.2017 16:49:54 +00.04038E+00  0183 008497 -1 00000583 00000571 000 343 43063.7013245486
24.11.2017 16:49:54 +00.04038E+00  0198 008497 -1 00000584 00000571 000 375 43063.7013288889
24.11.2017 16:49:55 +00.04038E+00  0219 008501 -1 00000585 00000571 000 342 43063.7013328588
24.11.2017 16:49:55 +00.04039E+00  0233 008501 -1 00000586 00000571 000 343 43063.7013368287
24.11.2017 16:49:55 +00.04039E+00  0243 008501 -1 00000587 00000571 000 343 43063.7013407986
24.11.2017 16:49:58 +00.04029E+00  0015 008477 -1 00000588 00000588 000 343 43063.7013665278
24.11.2017 16:49:58 +00.04028E+00  0038 008477 -1 00000589 00000588 000 402 43063.7013711806
24.11.2017 16:49:58 +00.04028E+00  0049 008477 -1 00000590 00000588 000 341 43063.7013751273
24.11.2017 16:49:59 +00.04028E+00  0063 008477 -1 00000591 00000588 000 343 43063.7013790972
24.11.2017 16:49:59 +00.04028E+00  0079 008477 -1 00000592 00000588 000 343 43063.7013830671
24.11.2017 16:49:59 +00.04028E+00  0092 008477 -1 00000593 00000588 000 378 43063.7013874421
24.11.2017 16:50:00 +00.04028E+00  0107 008477 -1 00000594 00000588 000 340 43063.7013913773
24.11.2017 16:50:00 +00.04028E+00  0123 008477 -1 00000595 00000588 000 342 43063.7013953357
24.11.2017 16:50:00 +00.04028E+00  0140 008477 -1 00000596 00000588 000 343 43063.7013993171
24.11.2017 16:50:01 +00.04028E+00  0154 008477 -1 00000597 00000588 000 378 43063.7014036921
24.11.2017 16:50:01 +00.04028E+00  0172 008477 -1 00000598 00000588 000 341 43063.7014076389
24.11.2017 16:50:01 +00.04028E+00  0180 008477 -1 00000599 00000588 000 341 43063.7014115857
24.11.2017 16:50:02 +00.04028E+00  0193 008477 -1 00000600 00000588 000 342 43063.7014155556
24.11.2017 16:50:02 +00.04028E+00  0205 008477 -1 00000601 00000588 000 380 43063.7014199653
24.11.2017 16:50:03 +00.04028E+00  0220 008477 -1 00000602 00000588 000 343 43063.7014239352
24.11.2017 16:50:03 +00.04028E+00  0231 008481 -1 00000603 00000588 000 343 43063.7014279167
24.11.2017 16:50:03 +00.04029E+00  0244 008481 -1 00000604 00000588 000 342 43063.701431875
24.11.2017 16:50:04 +00.04030E+00  0252 008481 -1 00000605 00000588 000 375 43063.7014362269
24.11.2017 16:50:06 +00.04019E+00  0014 008457 -1 00000606 00000606 000 380 43063.7014622338
24.11.2017 16:50:06 +00.04019E+00  0034 008457 -1 00000607 00000606 000 342 43063.7014662037
24.11.2017 16:50:07 +00.04019E+00  0050 008457 -1 00000608 00000606 000 342 43063.7014701736
24.11.2017 16:50:07 +00.04019E+00  0060 008457 -1 00000609 00000606 000 342 43063.7014741435
24.11.2017 16:50:07 +00.04019E+00  0072 008457 -1 00000610 00000606 000 375 43063.7014784954
24.11.2017 16:50:08 +00.04019E+00  0082 008457 -1 00000611 00000606 000 341 43063.7014824537
24.11.2017 16:50:08 +00.04019E+00  0094 008457 -1 00000612 00000606 000 343 43063.7014864236
24.11.2017 16:50:08 +00.04019E+00  0112 008457 -1 00000613 00000606 000 343 43063.7014903935
24.11.2017 16:50:09 +00.04019E+00  0129 008457 -1 00000614 00000606 000 378 43063.7014947685
24.11.2017 16:50:09 +00.04019E+00  0150 008457 -1 00000615 00000606 000 340 43063.7014987037
24.11.2017 16:50:09 +00.04019E+00  0162 008457 -1 00000616 00000606 000 342 43063.7015026736
24.11.2017 16:50:10 +00.04019E+00  0175 008457 -1 00000617 00000606 000 343 43063.7015066435
24.11.2017 16:50:10 +00.04019E+00  0186 008457 -1 00000618 00000606 000 379 43063.7015110301
24.11.2017 16:50:10 +00.04019E+00  0199 008457 -1 00000619 00000606 000 340 43063.7015149653
24.11.2017 16:50:11 +00.04018E+00  0211 008457 -1 00000620 00000606 000 341 43063.7015189236
24.11.2017 16:50:11 +00.04018E+00  0219 008461 -1 00000621 00000606 000 343 43063.7015228935
24.11.2017 16:50:11 +00.04020E+00  0230 008461 -1 00000622 00000606 000 380 43063.7015272917
24.11.2017 16:50:12 +00.04020E+00  0240 008461 -1 00000623 00000606 000 344 43063.7015312731
24.11.2017 16:50:14 +00.04009E+00  0010 008435 -1 00000624 00000624 000 343 43063.7015575116
24.11.2017 16:50:14 +00.04008E+00  0024 008435 -1 00000625 00000624 000 343 43063.7015614815
24.11.2017 16:50:15 +00.04008E+00  0034 008435 -1 00000626 00000624 000 418 43063.7015663194
24.11.2017 16:50:15 +00.04008E+00  0053 008435 -1 00000627 00000624 000 344 43063.7015703009
24.11.2017 16:50:16 +00.04008E+00  0073 008435 -1 00000628 00000624 000 343 43063.7015742708
24.11.2017 16:50:16 +00.04008E+00  0086 008435 -1 00000629 00000624 000 343 43063.7015782407
24.11.2017 16:50:16 +00.04008E+00  0099 008435 -1 00000630 00000624 000 375 43063.701582581
24.11.2017 16:50:17 +00.04008E+00  0110 008435 -1 00000631 00000624 000 342 43063.7015865394
24.11.2017 16:50:17 +00.04008E+00  0118 008435 -1 00000632 00000624 000 343 43063.7015905208
24.11.2017 16:50:17 +00.04008E+00  0133 008435 -1 00000633 00000624 000 343 43063.7015944907
24.11.2017 16:50:18 +00.04008E+00  0147 008435 -1 00000634 00000624 000 376 43063.7015988426
24.11.2017 16:50:18 +00.04008E+00  0162 008435 -1 00000635 00000624 000 341 43063.7016027894
24.11.2017 16:50:18 +00.04009E+00  0178 008435 -1 00000636 00000624 000 342 43063.7016067593
24.11.2017 16:50:19 +00.04008E+00  0188 008435 -1 00000637 00000624 000 342 43063.7016107292
24.11.2017 16:50:19 +00.04008E+00  0203 008439 -1 00000638 00000624 000 376 43063.7016150926
24.11.2017 16:50:19 +00.04009E+00  0222 008439 -1 00000639 00000624 000 340 43063.7016190394
24.11.2017 16:50:20 +00.04010E+00  0235 008439 -1 00000640 00000624 000 342 43063.7016230093
24.11.2017 16:50:22 +00.03999E+00  0012 008415 -1 00000641 00000641 000 342 43063.7016527199
24.11.2017 16:50:23 +00.03998E+00  0032 008415 -1 00000642 00000641 000 401 43063.7016573727
24.11.2017 16:50:23 +00.03999E+00  0054 008415 -1 00000643 00000641 000 340 43063.7016613194
24.11.2017 16:50:23 +00.03999E+00  0067 008415 -1 00000644 00000641 000 342 43063.7016652894
24.11.2017 16:50:24 +00.03999E+00  0088 008415 -1 00000645 00000641 000 342 43063.7016692593
24.11.2017 16:50:24 +00.03999E+00  0109 008415 -1 00000646 00000641 000 378 43063.7016736343
24.11.2017 16:50:24 +00.03998E+00  0121 008415 -1 00000647 00000641 000 340 43063.701677581
24.11.2017 16:50:25 +00.03998E+00  0136 008415 -1 00000648 00000641 000 341 43063.7016815394
24.11.2017 16:50:25 +00.03999E+00  0149 008415 -1 00000649 00000641 000 343 43063.7016855093
24.11.2017 16:50:26 +00.03999E+00  0163 008415 -1 00000650 00000641 000 380 43063.7016899074
24.11.2017 16:50:26 +00.03999E+00  0186 008415 -1 00000651 00000641 000 343 43063.7016938889
24.11.2017 16:50:26 +00.03999E+00  0195 008415 -1 00000652 00000641 000 343 43063.7016978588
24.11.2017 16:50:27 +00.03999E+00  0209 008415 -1 00000653 00000641 000 343 43063.7017018403
24.11.2017 16:50:27 +00.03999E+00  0222 008415 -1 00000654 00000641 000 374 43063.701706169
24.11.2017 16:50:27 +00.03999E+00  0235 008417 -1 00000655 00000641 000 342 43063.7017101389
24.11.2017 16:50:28 +00.03999E+00  0256 008417 -1 00000656 00000641 000 343 43063.7017141088
24.11.2017 16:50:28 +00.03999E+00  0270 008417 -1 00000657 00000641 000 343 43063.7017180787
24.11.2017 16:50:30 +00.03989E+00  0016 008393 -1 00000658 00000658 000 343 43063.7017438079
24.11.2017 16:50:31 +00.03988E+00  0031 008393 -1 00000659 00000658 000 401 43063.7017484491
24.11.2017 16:50:31 +00.03988E+00  0035 008393 -1 00000660 00000658 000 342 43063.7017524074
24.11.2017 16:50:31 +00.03988E+00  0051 008393 -1 00000661 00000658 000 343 43063.7017563773
24.11.2017 16:50:32 +00.03988E+00  0058 008393 -1 00000662 00000658 000 343 43063.7017603472
24.11.2017 16:50:32 +00.03988E+00  0073 008393 -1 00000663 00000658 000 377 43063.7017647106
24.11.2017 16:50:32 +00.03988E+00  0088 008393 -1 00000664 00000658 000 341 43063.7017686574
24.11.2017 16:50:33 +00.03988E+00  0106 008393 -1 00000665 00000658 000 343 43063.7017726273
24.11.2017 16:50:33 +00.03988E+00  0124 008393 -1 00000666 00000658 000 343 43063.7017765972
24.11.2017 16:50:33 +00.03988E+00  0137 008393 -1 00000667 00000658 000 378 43063.7017809722
24.11.2017 16:50:34 +00.03988E+00  0158 008393 -1 00000668 00000658 000 340 43063.7017849074
24.11.2017 16:50:34 +00.03988E+00  0174 008393 -1 00000669 00000658 000 341 43063.7017888657
24.11.2017 16:50:34 +00.03988E+00  0186 008393 -1 00000670 00000658 000 342 43063.7017928357
24.11.2017 16:50:35 +00.03988E+00  0199 008393 -1 00000671 00000658 000 378 43063.7017972222
24.11.2017 16:50:35 +00.03988E+00  0209 008393 -1 00000672 00000658 000 344 43063.7018012153
24.11.2017 16:50:35 +00.03988E+00  0223 008397 -1 00000673 00000658 000 342 43063.7018051852
24.11.2017 16:50:36 +00.03989E+00  0250 008397 -1 00000674 00000658 000 342 43063.7018091551
24.11.2017 16:50:36 +00.03990E+00  0270 008397 -1 00000675 00000658 000 374 43063.7018134954
24.11.2017 16:50:38 +00.03977E+00  0009 008369 -1 00000676 00000676 000 380 43063.7018395139
24.11.2017 16:50:39 +00.03977E+00  0020 008369 -1 00000677 00000676 000 342 43063.7018434838
24.11.2017 16:50:39 +00.03977E+00  0039 008369 -1 00000678 00000676 000 342 43063.7018474537
24.11.2017 16:50:39 +00.03977E+00  0053 008369 -1 00000679 00000676 000 342 43063.7018514236
24.11.2017 16:50:40 +00.03977E+00  0066 008369 -1 00000680 00000676 000 375 43063.7018557755
24.11.2017 16:50:40 +00.03977E+00  0075 008369 -1 00000681 00000676 000 341 43063.7018597338
24.11.2017 16:50:41 +00.03977E+00  0091 008369 -1 00000682 00000676 000 343 43063.7018637037
24.11.2017 16:50:41 +00.03977E+00  0111 008369 -1 00000683 00000676 000 342 43063.7018676736
24.11.2017 16:50:41 +00.03977E+00  0126 008369 -1 00000684 00000676 000 376 43063.701872037
24.11.2017 16:50:42 +00.03977E+00  0141 008369 -1 00000685 00000676 000 340 43063.7018759838
24.11.2017 16:50:42 +00.03977E+00  0159 008369 -1 00000686 00000676 000 343 43063.7018799537
24.11.2017 16:50:42 +00.03977E+00  0172 008369 -1 00000687 00000676 000 343 43063.7018839236
24.11.2017 16:50:43 +00.03977E+00  0183 008369 -1 00000688 00000676 000 378 43063.7018882986
24.11.2017 16:50:43 +00.03977E+00  0197 008369 -1 00000689 00000676 000 340 43063.7018922338
24.11.2017 16:50:43 +00.03977E+00  0212 008369 -1 00000690 00000676 000 342 43063.7018962037
24.11.2017 16:50:44 +00.03977E+00  0224 008375 -1 00000691 00000676 000 343 43063.7019001736
24.11.2017 16:50:44 +00.03979E+00  0241 008375 -1 00000692 00000676 000 379 43063.7019045602
24.11.2017 16:50:47 +00.03968E+00  0014 008351 -1 00000693 00000693 000 342 43063.7019347338
24.11.2017 16:50:47 +00.03968E+00  0028 008351 -1 00000694 00000693 000 343 43063.7019387037
24.11.2017 16:50:47 +00.03968E+00  0045 008351 -1 00000695 00000693 000 343 43063.7019426736
24.11.2017 16:50:48 +00.03968E+00  0058 008351 -1 00000696 00000693 000 360 43063.7019468403
24.11.2017 16:50:48 +00.03968E+00  0079 008351 -1 00000697 00000693 000 340 43063.7019507755
24.11.2017 16:50:48 +00.03968E+00  0092 008351 -1 00000698 00000693 000 341 43063.7019547338
24.11.2017 16:50:49 +00.03968E+00  0110 008351 -1 00000699 00000693 000 343 43063.7019587037
24.11.2017 16:50:49 +00.03968E+00  0132 008351 -1 00000700 00000693 000 381 43063.7019631134
24.11.2017 16:50:49 +00.03968E+00  0149 008351 -1 00000701 00000693 000 343 43063.7019670833
24.11.2017 16:50:50 +00.03968E+00  0165 008351 -1 00000702 00000693 000 343 43063.7019710532
24.11.2017 16:50:50 +00.03968E+00  0183 008351 -1 00000703 00000693 000 343 43063.7019750231
24.11.2017 16:50:51 +00.03968E+00  0195 008351 -1 00000704 00000693 000 375 43063.7019793634
24.11.2017 16:50:51 +00.03968E+00  0211 008351 -1 00000705 00000693 000 342 43063.7019833218
24.11.2017 16:50:51 +00.03969E+00  0223 008351 -1 00000706 00000693 000 343 43063.7019873032
24.11.2017 16:50:52 +00.03968E+00  0236 008353 -1 00000707 00000693 000 343 43063.7019912731
24.11.2017 16:50:52 +00.03969E+00  0259 008353 -1 00000708 00000693 000 377 43063.7019956366
24.11.2017 16:50:52 +00.03969E+00  0282 008353 -1 00000709 00000693 000 340 43063.7019995718
24.11.2017 16:50:55 +00.03959E+00  0018 008331 -1 00000710 00000710 000 343 43063.7020258218
24.11.2017 16:50:55 +00.03959E+00  0032 008331 -1 00000711 00000710 000 343 43063.7020297917
24.11.2017 16:50:55 +00.03959E+00  0043 008331 -1 00000712 00000710 000 420 43063.7020346528
24.11.2017 16:50:56 +00.03959E+00  0058 008331 -1 00000713 00000710 000 340 43063.7020385995
24.11.2017 16:50:56 +00.03959E+00  0074 008331 -1 00000714 00000710 000 342 43063.7020425694
24.11.2017 16:50:56 +00.03959E+00  0085 008331 -1 00000715 00000710 000 342 43063.7020465394
24.11.2017 16:50:57 +00.03959E+00  0100 008331 -1 00000716 00000710 000 377 43063.7020509144
24.11.2017 16:50:57 +00.03959E+00  0118 008331 -1 00000717 00000710 000 341 43063.7020548727
24.11.2017 16:50:57 +00.03959E+00  0133 008331 -1 00000718 00000710 000 341 43063.7020588194
24.11.2017 16:50:58 +00.03959E+00  0140 008331 -1 00000719 00000710 000 342 43063.7020627894
24.11.2017 16:50:58 +00.03959E+00  0158 008331 -1 00000720 00000710 000 379 43063.7020671759
24.11.2017 16:50:58 +00.03959E+00  0173 008331 -1 00000721 00000710 000 340 43063.7020711111
24.11.2017 16:50:59 +00.03959E+00  0192 008331 -1 00000722 00000710 000 342 43063.702075081
24.11.2017 16:50:59 +00.03959E+00  0209 008331 -1 00000723 00000710 000 342 43063.7020790394
24.11.2017 16:51:00 +00.03959E+00  0225 008331 -1 00000724 00000710 000 380 43063.7020834375
24.11.2017 16:51:00 +00.03959E+00  0238 008333 -1 00000725 00000710 000 344 43063.702087419
24.11.2017 16:51:00 +00.03959E+00  0250 008333 -1 00000726 00000710 000 344 43063.7020914005
24.11.2017 16:51:01 +00.03960E+00  0270 008333 -1 00000727 00000710 000 342 43063.7020953588
24.11.2017 16:51:03 +00.03949E+00  0009 008309 -1 00000728 00000728 000 343 43063.702121088
24.11.2017 16:51:03 +00.03948E+00  0019 008309 -1 00000729 00000728 000 400 43063.7021257176
24.11.2017 16:51:04 +00.03948E+00  0033 008309 -1 00000730 00000728 000 343 43063.7021296875
24.11.2017 16:51:04 +00.03948E+00  0048 008309 -1 00000731 00000728 000 343 43063.7021336574
24.11.2017 16:51:04 +00.03948E+00  0059 008309 -1 00000732 00000728 000 343 43063.7021376273
24.11.2017 16:51:05 +00.03948E+00  0076 008309 -1 00000733 00000728 000 376 43063.7021419792
24.11.2017 16:51:05 +00.03948E+00  0089 008309 -1 00000734 00000728 000 342 43063.7021459375
24.11.2017 16:51:05 +00.03948E+00  0112 008309 -1 00000735 00000728 000 343 43063.7021499074
24.11.2017 16:51:06 +00.03948E+00  0123 008309 -1 00000736 00000728 000 343 43063.7021538773
24.11.2017 16:51:06 +00.03948E+00  0135 008309 -1 00000737 00000728 000 377 43063.7021582407
24.11.2017 16:51:06 +00.03948E+00  0157 008309 -1 00000738 00000728 000 340 43063.7021621759
24.11.2017 16:51:07 +00.03948E+00  0169 008309 -1 00000739 00000728 000 342 43063.7021661458
24.11.2017 16:51:07 +00.03948E+00  0188 008309 -1 00000740 00000728 000 343 43063.7021701273
24.11.2017 16:51:07 +00.03948E+00  0201 008309 -1 00000741 00000728 000 379 43063.7021745139
24.11.2017 16:51:08 +00.03948E+00  0219 008309 -1 00000742 00000728 000 345 43063.7021785069
24.11.2017 16:51:08 +00.03948E+00  0234 008313 -1 00000743 00000728 000 343 43063.7021824769
24.11.2017 16:51:08 +00.03949E+00  0244 008313 -1 00000744 00000728 000 343 43063.7021864468
24.11.2017 16:51:09 +00.03950E+00  0259 008313 -1 00000745 00000728 000 374 43063.7021907755
24.11.2017 16:51:11 +00.03937E+00  0017 008285 -1 00000746 00000746 000 379 43063.7022167824
24.11.2017 16:51:11 +00.03937E+00  0037 008285 -1 00000747 00000746 000 343 43063.7022207639
24.11.2017 16:51:12 +00.03937E+00  0048 008285 -1 00000748 00000746 000 342 43063.7022247338
24.11.2017 16:51:12 +00.03937E+00  0060 008285 -1 00000749 00000746 000 343 43063.7022287153
24.11.2017 16:51:12 +00.03937E+00  0078 008285 -1 00000750 00000746 000 374 43063.702233044
24.11.2017 16:51:13 +00.03937E+00  0100 008285 -1 00000751 00000746 000 342 43063.7022370139
24.11.2017 16:51:13 +00.03937E+00  0111 008285 -1 00000752 00000746 000 342 43063.7022409838
24.11.2017 16:51:13 +00.03937E+00  0124 008285 -1 00000753 00000746 000 342 43063.7022449537
24.11.2017 16:51:14 +00.03937E+00  0143 008285 -1 00000754 00000746 000 376 43063.7022493171
24.11.2017 16:51:14 +00.03937E+00  0159 008285 -1 00000755 00000746 000 341 43063.7022532639
24.11.2017 16:51:15 +00.03937E+00  0174 008285 -1 00000756 00000746 000 343 43063.7022572338
24.11.2017 16:51:15 +00.03937E+00  0185 008285 -1 00000757 00000746 000 343 43063.7022612037
24.11.2017 16:51:15 +00.03937E+00  0197 008285 -1 00000758 00000746 000 379 43063.7022655903
24.11.2017 16:51:16 +00.03937E+00  0209 008285 -1 00000759 00000746 000 340 43063.7022695255
24.11.2017 16:51:16 +00.03937E+00  0225 008285 -1 00000760 00000746 000 342 43063.7022734838
24.11.2017 16:51:16 +00.03937E+00  0242 008291 -1 00000761 00000746 000 343 43063.7022774537
24.11.2017 16:51:17 +00.03939E+00  0254 008291 -1 00000762 00000746 000 379 43063.7022818403
24.11.2017 16:51:17 +00.03939E+00  0279 008291 -1 00000763 00000746 000 340 43063.7022857755
24.11.2017 16:51:19 +00.03929E+00  0012 008267 -1 00000764 00000764 000 341 43063.7023120023
24.11.2017 16:51:20 +00.03928E+00  0023 008267 -1 00000765 00000764 000 343 43063.7023159722
24.11.2017 16:51:20 +00.03929E+00  0038 008267 -1 00000766 00000764 000 343 43063.7023199421
24.11.2017 16:51:20 +00.03928E+00  0049 008267 -1 00000767 00000764 000 361 43063.7023241204
24.11.2017 16:51:21 +00.03928E+00  0065 008267 -1 00000768 00000764 000 344 43063.7023281018
24.11.2017 16:51:21 +00.03928E+00  0085 008267 -1 00000769 00000764 000 343 43063.7023320718
24.11.2017 16:51:21 +00.03928E+00  0106 008267 -1 00000770 00000764 000 343 43063.7023360417
24.11.2017 16:51:22 +00.03928E+00  0124 008267 -1 00000771 00000764 000 375 43063.7023403819
24.11.2017 16:51:22 +00.03928E+00  0139 008267 -1 00000772 00000764 000 343 43063.7023443518
24.11.2017 16:51:22 +00.03928E+00  0157 008267 -1 00000773 00000764 000 342 43063.7023483102
24.11.2017 16:51:23 +00.03928E+00  0181 008267 -1 00000774 00000764 000 343 43063.7023522917
24.11.2017 16:51:23 +00.03928E+00  0198 008267 -1 00000775 00000764 000 376 43063.7023566435
24.11.2017 16:51:23 +00.03928E+00  0213 008267 -1 00000776 00000764 000 341 43063.7023605903
24.11.2017 16:51:24 +00.03928E+00  0234 008267 -1 00000777 00000764 000 342 43063.7023645602
24.11.2017 16:51:24 +00.03928E+00  0246 008267 -1 00000778 00000764 000 342 43063.7023685301
24.11.2017 16:51:25 +00.03929E+00  0260 008271 -1 00000779 00000764 000 377 43063.7023729051
24.11.2017 16:51:25 +00.03930E+00  0277 008271 -1 00000780 00000764 000 340 43063.7023768403
24.11.2017 16:51:25 +00.03930E+00  0294 008271 -1 00000781 00000764 000 343 43063.7023808218
24.11.2017 16:51:27 +00.03918E+00  0011 008245 -1 00000782 00000782 000 341 43063.7024063194
24.11.2017 16:51:28 +00.03918E+00  0034 008245 -1 00000783 00000782 000 343 43063.7024102893
24.11.2017 16:51:28 +00.03918E+00  0046 008245 -1 00000784 00000782 000 343 43063.7024142593
24.11.2017 16:51:28 +00.03918E+00  0061 008245 -1 00000785 00000782 000 361 43063.7024184375
24.11.2017 16:51:29 +00.03918E+00  0079 008245 -1 00000786 00000782 000 344 43063.702422419
24.11.2017 16:51:29 +00.03918E+00  0086 008245 -1 00000787 00000782 000 343 43063.7024263889
24.11.2017 16:51:29 +00.03918E+00  0103 008245 -1 00000788 00000782 000 342 43063.7024303588
24.11.2017 16:51:30 +00.03918E+00  0110 008245 -1 00000789 00000782 000 374 43063.7024346991
24.11.2017 16:51:30 +00.03918E+00  0126 008245 -1 00000790 00000782 000 342 43063.702438669
24.11.2017 16:51:31 +00.03918E+00  0141 008245 -1 00000791 00000782 000 343 43063.7024426389
24.11.2017 16:51:31 +00.03918E+00  0150 008245 -1 00000792 00000782 000 343 43063.7024466088
24.11.2017 16:51:31 +00.03918E+00  0161 008245 -1 00000793 00000782 000 376 43063.7024509606
24.11.2017 16:51:32 +00.03918E+00  0176 008245 -1 00000794 00000782 000 342 43063.702454919
24.11.2017 16:51:32 +00.03918E+00  0188 008245 -1 00000795 00000782 000 343 43063.7024588889
24.11.2017 16:51:32 +00.03918E+00  0200 008245 -1 00000796 00000782 000 343 43063.7024628588
24.11.2017 16:51:33 +00.03919E+00  0211 008249 -1 00000797 00000782 000 377 43063.7024672222
24.11.2017 16:51:33 +00.03919E+00  0222 008249 -1 00000798 00000782 000 341 43063.702471169
24.11.2017 16:51:33 +00.03919E+00  0235 008249 -1 00000799 00000782 000 342 43063.7024751273
24.11.2017 16:51:36 +00.03909E+00  0011 008225 -1 00000800 00000800 000 341 43063.7025006366
24.11.2017 16:51:36 +00.03908E+00  0021 008225 -1 00000801 00000800 000 342 43063.7025046065
24.11.2017 16:51:36 +00.03908E+00  0038 008225 -1 00000802 00000800 000 342 43063.7025085764
24.11.2017 16:51:37 +00.03908E+00  0056 008225 -1 00000803 00000800 000 360 43063.7025127546
24.11.2017 16:51:37 +00.03908E+00  0073 008225 -1 00000804 00000800 000 343 43063.7025167361
24.11.2017 16:51:37 +00.03908E+00  0079 008225 -1 00000805 00000800 000 342 43063.702520706
24.11.2017 16:51:38 +00.03908E+00  0099 008225 -1 00000806 00000800 000 342 43063.7025246759
24.11.2017 16:51:38 +00.03908E+00  0116 008225 -1 00000807 00000800 000 375 43063.7025290278
24.11.2017 16:51:38 +00.03908E+00  0132 008225 -1 00000808 00000800 000 341 43063.7025329861
24.11.2017 16:51:39 +00.03908E+00  0145 008225 -1 00000809 00000800 000 343 43063.702536956
24.11.2017 16:51:39 +00.03908E+00  0160 008225 -1 00000810 00000800 000 344 43063.7025409375
24.11.2017 16:51:39 +00.03908E+00  0182 008225 -1 00000811 00000800 000 375 43063.7025452778
24.11.2017 16:51:40 +00.03909E+00  0198 008225 -1 00000812 00000800 000 341 43063.7025492361
24.11.2017 16:51:40 +00.03908E+00  0212 008225 -1 00000813 00000800 000 343 43063.702553206
24.11.2017 16:51:40 +00.03908E+00  0226 008225 -1 00000814 00000800 000 343 43063.7025571759
24.11.2017 16:51:41 +00.03909E+00  0238 008229 -1 00000815 00000800 000 377 43063.7025615394
24.11.2017 16:51:41 +00.03909E+00  0257 008229 -1 00000816 00000800 000 341 43063.7025654861
24.11.2017 16:51:42 +00.03910E+00  0270 008229 -1 00000817 00000800 000 343 43063.702569456
24.11.2017 16:51:44 +00.03899E+00  0014 008203 -1 00000818 00000818 000 342 43063.7025949653
24.11.2017 16:51:44 +00.03898E+00  0028 008203 -1 00000819 00000818 000 343 43063.7025989352
24.11.2017 16:51:44 +00.03898E+00  0046 008203 -1 00000820 00000818 000 343 43063.7026029051
24.11.2017 16:51:45 +00.03898E+00  0059 008203 -1 00000821 00000818 000 360 43063.7026070718
24.11.2017 16:51:45 +00.03898E+00  0072 008203 -1 00000822 00000818 000 345 43063.7026110648
24.11.2017 16:51:45 +00.03898E+00  0086 008203 -1 00000823 00000818 000 343 43063.7026150347
24.11.2017 16:51:46 +00.03898E+00  0102 008203 -1 00000824 00000818 000 343 43063.7026190046
24.11.2017 16:51:46 +00.03898E+00  0116 008203 -1 00000825 00000818 000 374 43063.7026233333
24.11.2017 16:51:47 +00.03898E+00  0126 008203 -1 00000826 00000818 000 344 43063.7026273148
24.11.2017 16:51:47 +00.03898E+00  0140 008203 -1 00000827 00000818 000 343 43063.7026312847
24.11.2017 16:51:47 +00.03898E+00  0162 008203 -1 00000828 00000818 000 342 43063.7026352431
24.11.2017 16:51:48 +00.03898E+00  0174 008203 -1 00000829 00000818 000 375 43063.7026395949
24.11.2017 16:51:48 +00.03898E+00  0189 008203 -1 00000830 00000818 000 342 43063.7026435532
24.11.2017 16:51:48 +00.03898E+00  0197 008203 -1 00000831 00000818 000 343 43063.7026475231
24.11.2017 16:51:49 +00.03898E+00  0208 008203 -1 00000832 00000818 000 342 43063.7026514931
24.11.2017 16:51:49 +00.03898E+00  0229 008207 -1 00000833 00000818 000 376 43063.7026558565
24.11.2017 16:51:49 +00.03899E+00  0247 008207 -1 00000834 00000818 000 340 43063.7026598032
24.11.2017 16:51:50 +00.03899E+00  0257 008207 -1 00000835 00000818 000 342 43063.7026637731