
24.11.2017 16:56:26 +00.04100E+00  0012 008627 -1 00001411 00001411 000 342 43063.7058612731
24.11.2017 16:56:26 +00.04100E+00  0023 008627 -1 00001412 00001411 000 402 43063.7058659375
24.11.2017 16:56:27 +00.04099E+00  0039 008627 -1 00001413 00001411 000 340 43063.7058698843
24.11.2017 16:56:27 +00.04100E+00  0054 008627 -1 00001414 00001411 000 341 43063.7058738426
24.11.2017 16:56:27 +00.04100E+00  0068 008627 -1 00001415 00001411 000 342 43063.7058778125
24.11.2017 16:56:28 +00.04099E+00  0081 008627 -1 00001416 00001411 000 378 43063.7058821991
24.11.2017 16:56:28 +00.04100E+00  0099 008627 -1 00001417 00001411 000 344 43063.7058861921
24.11.2017 16:56:28 +00.04100E+00  0114 008627 -1 00001418 00001411 000 342 43063.705890162
24.11.2017 16:56:29 +00.04099E+00  0131 008627 -1 00001419 00001411 000 342 43063.7058941319
24.11.2017 16:56:29 +00.04100E+00  0140 008627 -1 00001420 00001411 000 374 43063.7058984722
24.11.2017 16:56:29 +00.04100E+00  0159 008627 -1 00001421 00001411 000 343 43063.7059024421
24.11.2017 16:56:30 +00.04099E+00  0169 008627 -1 00001422 00001411 000 342 43063.705906412
24.11.2017 16:56:30 +00.04100E+00  0179 008627 -1 00001423 00001411 000 342 43063.7059103819
24.11.2017 16:56:31 +00.04100E+00  0190 008627 -1 00001424 00001411 000 374 43063.7059147222
24.11.2017 16:56:31 +00.04100E+00  0207 008627 -1 00001425 00001411 000 342 43063.7059186921
24.11.2017 16:56:31 +00.04100E+00  0222 008627 -1 00001426 00001411 000 343 43063.705922662
24.11.2017 16:56:32 +00.04100E+00  0233 008627 -1 00001427 00001411 000 343 43063.7059266319
24.11.2017 16:56:34 +00.04088E+00  0010 008601 -1 00001428 00001428 000 380 43063.7059570023
24.11.2017 16:56:35 +00.04088E+00  0029 008601 -1 00001429 00001428 000 343 43063.7059609722
24.11.2017 16:56:35 +00.04088E+00  0044 008601 -1 00001430 00001428 000 343 43063.7059649421
24.11.2017 16:56:35 +00.04087E+00  0060 008601 -1 00001431 00001428 000 342 43063.705968912
24.11.2017 16:56:36 +00.04087E+00  0076 008601 -1 00001432 00001428 000 375 43063.7059732639
24.11.2017 16:56:36 +00.04087E+00  0088 008601 -1 00001433 00001428 000 341 43063.7059772222
24.11.2017 16:56:36 +00.04087E+00  0096 008601 -1 00001434 00001428 000 343 43063.7059811921
24.11.2017 16:56:37 +00.04087E+00  0108 008601 -1 00001435 00001428 000 343 43063.705985162
24.11.2017 16:56:37 +00.04087E+00  0124 008601 -1 00001436 00001428 000 377 43063.7059895255
24.11.2017 16:56:37 +00.04087E+00  0134 008601 -1 00001437 00001428 000 341 43063.7059934722
24.11.2017 16:56:38 +00.04087E+00  0153 008601 -1 00001438 00001428 000 343 43063.7059974421
24.11.2017 16:56:38 +00.04087E+00  0167 008601 -1 00001439 00001428 000 343 43063.706001412
24.11.2017 16:56:38 +00.04087E+00  0178 008601 -1 00001440 00001428 000 379 43063.7060057986
24.11.2017 16:56:39 +00.04087E+00  0192 008601 -1 00001441 00001428 000 340 43063.7060097338
24.11.2017 16:56:39 +00.04087E+00  0209 008601 -1 00001442 00001428 000 340 43063.7060136806
24.11.2017 16:56:39 +00.04087E+00  0232 008607 -1 00001443 00001428 000 342 43063.7060176505
24.11.2017 16:56:40 +00.04089E+00  0247 008607 -1 00001444 00001428 000 380 43063.7060220602
24.11.2017 16:56:40 +00.04089E+00  0260 008607 -1 00001445 00001428 000 344 43063.7060260417
24.11.2017 16:56:42 +00.04079E+00  0012 008583 -1 00001446 00001446 000 343 43063.7060522801
24.11.2017 16:56:43 +00.04079E+00  0034 008583 -1 00001447 00001446 000 343 43063.70605625
24.11.2017 16:56:43 +00.04079E+00  0054 008583 -1 00001448 00001446 000 418 43063.706061088
24.11.2017 16:56:44 +00.04079E+00  0068 008583 -1 00001449 00001446 000 344 43063.7060650694
24.11.2017 16:56:44 +00.04079E+00  0079 008583 -1 00001450 00001446 000 343 43063.7060690393
24.11.2017 16:56:44 +00.04079E+00  0089 008583 -1 00001451 00001446 000 343 43063.7060730093
24.11.2017 16:56:45 +00.04078E+00  0102 008583 -1 00001452 00001446 000 375 43063.7060773495
24.11.2017 16:56:45 +00.04079E+00  0119 008583 -1 00001453 00001446 000 342 43063.7060813079
24.11.2017 16:56:45 +00.04078E+00  0131 008583 -1 00001454 00001446 000 343 43063.7060852893
24.11.2017 16:56:46 +00.04078E+00  0141 008583 -1 00001455 00001446 000 343 43063.7060892593
24.11.2017 16:56:46 +00.04078E+00  0157 008583 -1 00001456 00001446 000 376 43063.7060936111
24.11.2017 16:56:46 +00.04079E+00  0176 008583 -1 00001457 00001446 000 341 43063.7060975579
24.11.2017 16:56:47 +00.04079E+00  0193 008583 -1 00001458 00001446 000 342 43063.7061015278
24.11.2017 16:56:47 +00.04079E+00  0213 008583 -1 00001459 00001446 000 342 43063.7061054977
24.11.2017 16:56:47 +00.04079E+00  0230 008585 -1 00001460 00001446 000 376 43063.7061098611
24.11.2017 16:56:48 +00.04079E+00  0244 008585 -1 00001461 00001446 000 341 43063.7061138194
24.11.2017 16:56:48 +00.04079E+00  0257 008585 -1 00001462 00001446 000 342 43063.7061177778
24.11.2017 16:56:51 +00.04069E+00  0010 008561 -1 00001463 00001463 000 342 43063.7061474884
24.11.2017 16:56:51 +00.04068E+00  0027 008561 -1 00001464 00001463 000 403 43063.7061521528
24.11.2017 16:56:51 +00.04068E+00  0039 008561 -1 00001465 00001463 000 341 43063.7061561111
24.11.2017 16:56:52 +00.04068E+00  0055 008561 -1 00001466 00001463 000 341 43063.7061600579
24.11.2017 16:56:52 +00.04068E+00  0067 008561 -1 00001467 00001463 000 343 43063.7061640394
24.11.2017 16:56:52 +00.04068E+00  0085 008561 -1 00001468 00001463 000 377 43063.7061684028
24.11.2017 16:56:53 +00.04068E+00  0098 008561 -1 00001469 00001463 000 340 43063.7061723495
24.11.2017 16:56:53 +00.04068E+00  0113 008561 -1 00001470 00001463 000 341 43063.7061763079
24.11.2017 16:56:53 +00.04068E+00  0132 008561 -1 00001471 00001463 000 343 43063.7061802778
24.11.2017 16:56:54 +00.04068E+00  0146 008561 -1 00001472 00001463 000 380 43063.7061846759
24.11.2017 16:56:54 +00.04068E+00  0162 008561 -1 00001473 00001463 000 344 43063.7061886574
24.11.2017 16:56:55 +00.04068E+00  0171 008561 -1 00001474 00001463 000 343 43063.7061926273
24.11.2017 16:56:55 +00.04068E+00  0187 008561 -1 00001475 00001463 000 343 43063.7061965972
24.11.2017 16:56:55 +00.04068E+00  0199 008561 -1 00001476 00001463 000 375 43063.7062009375
24.11.2017 16:56:56 +00.04068E+00  0213 008565 -1 00001477 00001463 000 342 43063.7062049074
24.11.2017 16:56:56 +00.04069E+00  0231 008565 -1 00001478 00001463 000 343 43063.7062088773
24.11.2017 16:56:56 +00.04069E+00  0245 008565 -1 00001479 00001463 000 343 43063.7062128472
24.11.2017 16:56:59 +00.04058E+00  0010 008539 -1 00001480 00001480 000 381 43063.7062432176
24.11.2017 16:56:59 +00.04058E+00  0033 008539 -1 00001481 00001480 000 343 43063.7062471875
24.11.2017 16:57:00 +00.04058E+00  0047 008539 -1 00001482 00001480 000 343 43063.7062511574
24.11.2017 16:57:00 +00.04058E+00  0064 008539 -1 00001483 00001480 000 343 43063.7062551273
24.11.2017 16:57:00 +00.04058E+00  0073 008539 -1 00001484 00001480 000 376 43063.7062594792
24.11.2017 16:57:01 +00.04058E+00  0087 008539 -1 00001485 00001480 000 342 43063.7062634375
24.11.2017 16:57:01 +00.04058E+00  0101 008539 -1 00001486 00001480 000 343 43063.7062674074
24.11.2017 16:57:01 +00.04058E+00  0112 008539 -1 00001487 00001480 000 343 43063.7062713773
24.11.2017 16:57:02 +00.04058E+00  0124 008539 -1 00001488 00001480 000 377 43063.7062757407
24.11.2017 16:57:02 +00.04058E+00  0146 008539 -1 00001489 00001480 000 341 43063.7062796875
24.11.2017 16:57:02 +00.04058E+00  0164 008539 -1 00001490 00001480 000 343 43063.7062836574
24.11.2017 16:57:03 +00.04058E+00  0178 008539 -1 00001491 00001480 000 343 43063.7062876273
24.11.2017 16:57:03 +00.04058E+00  0190 008539 -1 00001492 00001480 000 378 43063.7062920023
24.11.2017 16:57:03 +00.04058E+00  0206 008539 -1 00001493 00001480 000 340 43063.7062959375
24.11.2017 16:57:04 +00.04058E+00  0222 008539 -1 00001494 00001480 000 341 43063.7062998958
24.11.2017 16:57:04 +00.04058E+00  0236 008543 -1 00001495 00001480 000 342 43063.7063038657
24.11.2017 16:57:05 +00.04059E+00  0251 008543 -1 00001496 00001480 000 379 43063.7063082639
24.11.2017 16:57:07 +00.04049E+00  0018 008519 -1 00001497 00001497 000 341 43063.7063384259
24.11.2017 16:57:07 +00.04049E+00  0033 008519 -1 00001498 00001497 000 342 43063.7063423958
24.11.2017 16:57:08 +00.04048E+00  0045 008519 -1 00001499 00001497 000 342 43063.7063463657
24.11.2017 16:57:08 +00.04048E+00  0055 008519 -1 00001500 00001497 000 359 43063.7063505324
24.11.2017 16:57:09 +00.04048E+00  0066 008519 -1 00001501 00001497 000 345 43063.706354537
24.11.2017 16:57:09 +00.04048E+00  0081 008519 -1 00001502 00001497 000 343 43063.7063585069
24.11.2017 16:57:09 +00.04048E+00  0099 008519 -1 00001503 00001497 000 343 43063.7063624768
24.11.2017 16:57:10 +00.04048E+00  0109 008519 -1 00001504 00001497 000 374 43063.7063668056
24.11.2017 16:57:10 +00.04048E+00  0125 008519 -1 00001505 00001497 000 343 43063.7063707755
24.11.2017 16:57:10 +00.04048E+00  0142 008519 -1 00001506 00001497 000 342 43063.7063747454
24.11.2017 16:57:11 +00.04048E+00  0156 008519 -1 00001507 00001497 000 343 43063.7063787153
24.11.2017 16:57:11 +00.04048E+00  0172 008519 -1 00001508 00001497 000 375 43063.7063830671
24.11.2017 16:57:11 +00.04048E+00  0187 008519 -1 00001509 00001497 000 341 43063.7063870255
24.11.2017 16:57:12 +00.04048E+00  0201 008519 -1 00001510 00001497 000 343 43063.7063909954
24.11.2017 16:57:12 +00.04048E+00  0213 008519 -1 00001511 00001497 000 343 43063.7063949768
24.11.2017 16:57:12 +00.04049E+00  0231 008523 -1 00001512 00001497 000 376 43063.7063993287
24.11.2017 16:57:13 +00.04049E+00  0244 008523 -1 00001513 00001497 000 341 43063.7064032755
24.11.2017 16:57:13 +00.04050E+00  0260 008523 -1 00001514 00001497 000 343 43063.7064072454
24.11.2017 16:57:15 +00.04038E+00  0008 008497 -1 00001515 00001515 000 342 43063.7064327546
24.11.2017 16:57:16 +00.04038E+00  0023 008497 -1 00001516 00001515 000 343 43063.7064367245
24.11.2017 16:57:16 +00.04038E+00  0042 008497 -1 00001517 00001515 000 343 43063.7064406944
24.11.2017 16:57:16 +00.04037E+00  0054 008497 -1 00001518 00001515 000 360 43063.7064448611
24.11.2017 16:57:17 +00.04038E+00  0077 008497 -1 00001519 00001515 000 340 43063.7064487963
24.11.2017 16:57:17 +00.04038E+00  0092 008497 -1 00001520 00001515 000 340 43063.7064527431
24.11.2017 16:57:17 +00.04038E+00  0109 008497 -1 00001521 00001515 000 343 43063.7064567245
24.11.2017 16:57:18 +00.04038E+00  0120 008497 -1 00001522 00001515 000 381 43063.7064611343
24.11.2017 16:57:18 +00.04038E+00  0133 008497 -1 00001523 00001515 000 343 43063.7064651042
24.11.2017 16:57:18 +00.04038E+00  0152 008497 -1 00001524 00001515 000 343 43063.7064690741
24.11.2017 16:57:19 +00.04038E+00  0172 008497 -1 00001525 00001515 000 343 43063.706473044
24.11.2017 16:57:19 +00.04038E+00  0186 008497 -1 00001526 00001515 000 375 43063.7064773843
24.11.2017 16:57:19 +00.04038E+00  0207 008497 -1 00001527 00001515 000 342 43063.7064813426
24.11.2017 16:57:20 +00.04038E+00  0223 008497 -1 00001528 00001515 000 342 43063.7064853125
24.11.2017 16:57:20 +00.04037E+00  0240 008497 -1 00001529 00001515 000 343 43063.706489294
24.11.2017 16:57:21 +00.04039E+00  0259 008503 -1 00001530 00001515 000 376 43063.7064936458
24.11.2017 16:57:21 +00.04040E+00  0275 008503 -1 00001531 00001515 000 341 43063.7064976042
24.11.2017 16:57:21 +00.04040E+00  0286 008503 -1 00001532 00001515 000 342 43063.7065015625
24.11.2017 16:57:23 +00.04029E+00  0009 008477 -1 00001533 00001533 000 342 43063.7065270718
24.11.2017 16:57:24 +00.04029E+00  0024 008477 -1 00001534 00001533 000 344 43063.7065310532
24.11.2017 16:57:24 +00.04028E+00  0032 008477 -1 00001535 00001533 000 342 43063.7065350116
24.11.2017 16:57:24 +00.04028E+00  0044 008477 -1 00001536 00001533 000 360 43063.7065391782
24.11.2017 16:57:25 +00.04028E+00  0057 008477 -1 00001537 00001533 000 340 43063.7065431134
24.11.2017 16:57:25 +00.04028E+00  0066 008477 -1 00001538 00001533 000 341 43063.7065470718
24.11.2017 16:57:26 +00.04028E+00  0082 008477 -1 00001539 00001533 000 343 43063.7065510417
24.11.2017 16:57:26 +00.04028E+00  0097 008477 -1 00001540 00001533 000 380 43063.7065554398
24.11.2017 16:57:26 +00.04028E+00  0118 008477 -1 00001541 00001533 000 344 43063.7065594213
24.11.2017 16:57:27 +00.04028E+00  0129 008477 -1 00001542 00001533 000 344 43063.7065634028
24.11.2017 16:57:27 +00.04028E+00  0140 008477 -1 00001543 00001533 000 342 43063.7065673611
24.11.2017 16:57:27 +00.04028E+00  0152 008477 -1 00001544 00001533 000 375 43063.7065717014
24.11.2017 16:57:28 +00.04028E+00  0168 008477 -1 00001545 00001533 000 342 43063.7065756713
24.11.2017 16:57:28 +00.04028E+00  0177 008477 -1 00001546 00001533 000 343 43063.7065796412
24.11.2017 16:57:28 +00.04028E+00  0189 008477 -1 00001547 00001533 000 343 43063.7065836111
24.11.2017 16:57:29 +00.04028E+00  0209 008481 -1 00001548 00001533 000 376 43063.706587963
24.11.2017 16:57:29 +00.04029E+00  0227 008481 -1 00001549 00001533 000 341 43063.7065919097
24.11.2017 16:57:29 +00.04029E+00  0250 008481 -1 00001550 00001533 000 342 43063.7065958796
24.11.2017 16:57:32 +00.04019E+00  0018 008457 -1 00001551 00001551 000 343 43063.7066256019
24.11.2017 16:57:32 +00.04019E+00  0038 008457 -1 00001552 00001551 000 402 43063.7066302546
24.11.2017 16:57:33 +00.04018E+00  0055 008457 -1 00001553 00001551 000 341 43063.7066342014
24.11.2017 16:57:33 +00.04019E+00  0067 008457 -1 00001554 00001551 000 343 43063.7066381713
24.11.2017 16:57:33 +00.04019E+00  0080 008457 -1 00001555 00001551 000 343 43063.7066421412
24.11.2017 16:57:34 +00.04019E+00  0106 008457 -1 00001556 00001551 000 377 43063.7066465046
24.11.2017 16:57:34 +00.04019E+00  0123 008457 -1 00001557 00001551 000 340 43063.7066504398
24.11.2017 16:57:34 +00.04018E+00  0141 008457 -1 00001558 00001551 000 342 43063.7066544097
24.11.2017 16:57:35 +00.04018E+00  0156 008457 -1 00001559 00001551 000 342 43063.7066583796
24.11.2017 16:57:35 +00.04018E+00  0176 008457 -1 00001560 00001551 000 379 43063.7066627778
24.11.2017 16:57:36 +00.04018E+00  0200 008457 -1 00001561 00001551 000 344 43063.7066667593
24.11.2017 16:57:36 +00.04019E+00  0217 008457 -1 00001562 00001551 000 343 43063.7066707407
24.11.2017 16:57:36 +00.04019E+00  0226 008457 -1 00001563 00001551 000 343 43063.7066747107
24.11.2017 16:57:37 +00.04019E+00  0242 008457 -1 00001564 00001551 000 373 43063.7066790278
24.11.2017 16:57:37 +00.04019E+00  0250 008459 -1 00001565 00001551 000 344 43063.7066830093
24.11.2017 16:57:37 +00.04019E+00  0270 008459 -1 00001566 00001551 000 343 43063.7066869907
24.11.2017 16:57:38 +00.04019E+00  0289 008459 -1 00001567 00001551 000 342 43063.7066909491
24.11.2017 16:57:40 +00.04009E+00  0018 008435 -1 00001568 00001568 000 342 43063.7067166782
24.11.2017 16:57:40 +00.04009E+00  0036 008435 -1 00001569 00001568 000 400 43063.7067213079
24.11.2017 16:57:41 +00.04008E+00  0049 008435 -1 00001570 00001568 000 342 43063.7067252778
24.11.2017 16:57:41 +00.04008E+00  0065 008435 -1 00001571 00001568 000 342 43063.7067292477
24.11.2017 16:57:41 +00.04008E+00  0083 008435 -1 00001572 00001568 000 343 43063.7067332176
24.11.2017 16:57:42 +00.04008E+00  0104 008435 -1 00001573 00001568 000 375 43063.7067375694
24.11.2017 16:57:42 +00.04008E+00  0117 008435 -1 00001574 00001568 000 341 43063.7067415278
24.11.2017 16:57:42 +00.04008E+00  0130 008435 -1 00001575 00001568 000 343 43063.7067454977
24.11.2017 16:57:43 +00.04008E+00  0143 008435 -1 00001576 00001568 000 342 43063.7067494676
24.11.2017 16:57:43 +00.04008E+00  0156 008435 -1 00001577 00001568 000 378 43063.7067538426
24.11.2017 16:57:43 +00.04008E+00  0171 008435 -1 00001578 00001568 000 340 43063.7067577778
24.11.2017 16:57:44 +00.04008E+00  0189 008435 -1 00001579 00001568 000 342 43063.7067617477
24.11.2017 16:57:44 +00.04008E+00  0208 008435 -1 00001580 00001568 000 343 43063.7067657176
24.11.2017 16:57:44 +00.04008E+00  0221 008435 -1 00001581 00001568 000 379 43063.7067701042
24.11.2017 16:57:45 +00.04008E+00  0241 008435 -1 00001582 00001568 000 340 43063.7067740394
24.11.2017 16:57:45 +00.04008E+00  0256 008439 -1 00001583 00001568 000 341 43063.7067779977
24.11.2017 16:57:45 +00.04009E+00  0261 008439 -1 00001584 00001568 000 343 43063.7067819676
24.11.2017 16:57:46 +00.04010E+00  0280 008439 -1 00001585 00001568 000 380 43063.7067863657
24.11.2017 16:57:48 +00.03999E+00  0014 008415 -1 00001586 00001586 000 380 43063.7068123843
24.11.2017 16:57:48 +00.03999E+00  0030 008415 -1 00001587 00001586 000 344 43063.7068163657
24.11.2017 16:57:49 +00.03999E+00  0047 008415 -1 00001588 00001586 000 343 43063.7068203356
24.11.2017 16:57:49 +00.03999E+00  0054 008415 -1 00001589 00001586 000 343 43063.7068243056
24.11.2017 16:57:49 +00.03999E+00  0067 008415 -1 00001590 00001586 000 375 43063.7068286458
24.11.2017 16:57:50 +00.03999E+00  0087 008415 -1 00001591 00001586 000 342 43063.7068326042
24.11.2017 16:57:50 +00.03999E+00  0103 008415 -1 00001592 00001586 000 343 43063.7068365856
24.11.2017 16:57:51 +00.03999E+00  0124 008415 -1 00001593 00001586 000 343 43063.7068405556
24.11.2017 16:57:51 +00.03999E+00  0141 008415 -1 00001594 00001586 000 376 43063.7068449074
24.11.2017 16:57:51 +00.03999E+00  0159 008415 -1 00001595 00001586 000 341 43063.7068488542
24.11.2017 16:57:52 +00.03999E+00  0172 008415 -1 00001596 00001586 000 342 43063.7068528241
24.11.2017 16:57:52 +00.03999E+00  0180 008415 -1 00001597 00001586 000 342 43063.706856794
24.11.2017 16:57:52 +00.03999E+00  0192 008415 -1 00001598 00001586 000 376 43063.7068611574
24.11.2017 16:57:53 +00.03999E+00  0207 008415 -1 00001599 00001586 000 340 43063.7068651042
24.11.2017 16:57:53 +00.03999E+00  0227 008415 -1 00001600 00001586 000 342 43063.7068690741
24.11.2017 16:57:53 +00.03998E+00  0241 008417 -1 00001601 00001586 000 342 43063.706873044
24.11.2017 16:57:54 +00.03999E+00  0256 008417 -1 00001602 00001586 000 378 43063.706877419
24.11.2017 16:57:54 +00.04000E+00  0266 008417 -1 00001603 00001586 000 340 43063.7068813657
24.11.2017 16:57:56 +00.03989E+00  0011 008393 -1 00001604 00001604 000 341 43063.7069075926
24.11.2017 16:57:57 +00.03988E+00  0031 008393 -1 00001605 00001604 000 343 43063.7069115625
24.11.2017 16:57:57 +00.03988E+00  0051 008393 -1 00001606 00001604 000 343 43063.7069155324
24.11.2017 16:57:57 +00.03988E+00  0067 008393 -1 00001607 00001604 000 361 43063.7069197106
24.11.2017 16:57:58 +00.03988E+00  0080 008393 -1 00001608 00001604 000 344 43063.7069236921
24.11.2017 16:57:58 +00.03988E+00  0104 008393 -1 00001609 00001604 000 343 43063.706927662
24.11.2017 16:57:58 +00.03988E+00  0120 008393 -1 00001610 00001604 000 343 43063.7069316319
24.11.2017 16:57:59 +00.03988E+00  0133 008393 -1 00001611 00001604 000 374 43063.7069359722
24.11.2017 16:57:59 +00.03988E+00  0147 008393 -1 00001612 00001604 000 343 43063.7069399421
24.11.2017 16:57:59 +00.03988E+00  0164 008393 -1 00001613 00001604 000 343 43063.706943912
24.11.2017 16:58:00 +00.03988E+00  0181 008393 -1 00001614 00001604 000 343 43063.7069478819
24.11.2017 16:58:00 +00.03988E+00  0199 008393 -1 00001615 00001604 000 376 43063.7069522338
24.11.2017 16:58:01 +00.03988E+00  0214 008393 -1 00001616 00001604 000 342 43063.7069561921
24.11.2017 16:58:01 +00.03988E+00  0223 008393 -1 00001617 00001604 000 343 43063.706960162
24.11.2017 16:58:01 +00.03988E+00  0233 008393 -1 00001618 00001604 000 343 43063.7069641319
24.11.2017 16:58:02 +00.03988E+00  0249 008397 -1 00001619 00001604 000 377 43063.7069684954
24.11.2017 16:58:02 +00.03989E+00  0261 008397 -1 00001620 00001604 000 340 43063.7069724306
24.11.2017 16:58:02 +00.03990E+00  0278 008397 -1 00001621 00001604 000 342 43063.7069764005
24.11.2017 16:58:05 +00.03978E+00  0010 008371 -1 00001622 00001622 000 343 43063.7070061227
24.11.2017 16:58:05 +00.03978E+00  0020 008371 -1 00001623 00001622 000 402 43063.7070107755
24.11.2017 16:58:06 +00.03978E+00  0035 008371 -1 00001624 00001622 000 341 43063.7070147222
24.11.2017 16:58:06 +00.03978E+00  0050 008371 -1 00001625 00001622 000 343 43063.7070186921
24.11.2017 16:58:06 +00.03978E+00  0066 008371 -1 00001626 00001622 000 343 43063.707022662
24.11.2017 16:58:07 +00.03978E+00  0082 008371 -1 00001627 00001622 000 378 43063.707027037
24.11.2017 16:58:07 +00.03978E+00  0096 008371 -1 00001628 00001622 000 340 43063.7070309722
24.11.2017 16:58:07 +00.03978E+00  0114 008371 -1 00001629 00001622 000 341 43063.7070349306
24.11.2017 16:58:08 +00.03978E+00  0127 008371 -1 00001630 00001622 000 342 43063.7070389005
24.11.2017 16:58:08 +00.03978E+00  0140 008371 -1 00001631 00001622 000 378 43063.707043287
24.11.2017 16:58:08 +00.03978E+00  0163 008371 -1 00001632 00001622 000 344 43063.7070472801
24.11.2017 16:58:09 +00.03978E+00  0179 008371 -1 00001633 00001622 000 343 43063.7070512616
24.11.2017 16:58:09 +00.03978E+00  0187 008371 -1 00001634 00001622 000 342 43063.7070552199
24.11.2017 16:58:09 +00.03978E+00  0201 008371 -1 00001635 00001622 000 373 43063.7070595486
24.11.2017 16:58:10 +00.03978E+00  0220 008375 -1 00001636 00001622 000 343 43063.7070635301
24.11.2017 16:58:10 +00.03979E+00  0235 008375 -1 00001637 00001622 000 342 43063.7070675
24.11.2017 16:58:10 +00.03979E+00  0245 008375 -1 00001638 00001622 000 343 43063.7070714815
24.11.2017 16:58:13 +00.03969E+00  0021 008351 -1 00001639 00001639 000 342 43063.7070971991
24.11.2017 16:58:13 +00.03968E+00  0037 008351 -1 00001640 00001639 000 401 43063.7071018403
24.11.2017 16:58:13 +00.03968E+00  0062 008351 -1 00001641 00001639 000 343 43063.7071058102
24.11.2017 16:58:14 +00.03968E+00  0079 008351 -1 00001642 00001639 000 342 43063.7071097685
24.11.2017 16:58:14 +00.03968E+00  0093 008351 -1 00001643 00001639 000 342 43063.7071137384
24.11.2017 16:58:15 +00.03968E+00  0108 008351 -1 00001644 00001639 000 376 43063.7071181019
24.11.2017 16:58:15 +00.03968E+00  0123 008351 -1 00001645 00001639 000 341 43063.7071220486
24.11.2017 16:58:15 +00.03968E+00  0139 008351 -1 00001646 00001639 000 343 43063.7071260185
24.11.2017 16:58:16 +00.03968E+00  0156 008351 -1 00001647 00001639 000 343 43063.7071299884
24.11.2017 16:58:16 +00.03968E+00  0170 008351 -1 00001648 00001639 000 378 43063.7071343634
24.11.2017 16:58:16 +00.03968E+00  0189 008351 -1 00001649 00001639 000 340 43063.7071382986
24.11.2017 16:58:17 +00.03968E+00  0205 008351 -1 00001650 00001639 000 342 43063.7071422685
24.11.2017 16:58:17 +00.03968E+00  0223 008351 -1 00001651 00001639 000 343 43063.7071462384
24.11.2017 16:58:17 +00.03968E+00  0235 008351 -1 00001652 00001639 000 379 43063.707150625
24.11.2017 16:58:18 +00.03968E+00  0254 008351 -1 00001653 00001639 000 345 43063.7071546181
24.11.2017 16:58:18 +00.03968E+00  0268 008355 -1 00001654 00001639 000 343 43063.707158588
24.11.2017 16:58:18 +00.03969E+00  0285 008355 -1 00001655 00001639 000 343 43063.7071625579
24.11.2017 16:58:19 +00.03970E+00  0299 008355 -1 00001656 00001639 000 374 43063.7071668866
24.11.2017 16:58:21 +00.03959E+00  0006 008331 -1 00001657 00001657 000 380 43063.7071929051
24.11.2017 16:58:21 +00.03959E+00  0025 008331 -1 00001658 00001657 000 344 43063.7071968866
24.11.2017 16:58:22 +00.03959E+00  0041 008331 -1 00001659 00001657 000 343 43063.7072008565
24.11.2017 16:58:22 +00.03959E+00  0056 008331 -1 00001660 00001657 000 343 43063.7072048264
24.11.2017 16:58:22 +00.03959E+00  0072 008331 -1 00001661 00001657 000 375 43063.7072091667
24.11.2017 16:58:23 +00.03959E+00  0092 008331 -1 00001662 00001657 000 343 43063.7072131366
24.11.2017 16:58:23 +00.03959E+00  0110 008331 -1 00001663 00001657 000 342 43063.7072170949
24.11.2017 16:58:23 +00.03959E+00  0120 008331 -1 00001664 00001657 000 342 43063.7072210648
24.11.2017 16:58:24 +00.03959E+00  0134 008331 -1 00001665 00001657 000 376 43063.7072254282
24.11.2017 16:58:24 +00.03959E+00  0149 008331 -1 00001666 00001657 000 340 43063.707229375
24.11.2017 16:58:24 +00.03959E+00  0157 008331 -1 00001667 00001657 000 342 43063.7072333449
24.11.2017 16:58:25 +00.03959E+00  0174 008331 -1 00001668 00001657 000 342 43063.7072373148
24.11.2017 16:58:25 +00.03958E+00  0192 008331 -1 00001669 00001657 000 377 43063.7072416898
24.11.2017 16:58:26 +00.03959E+00  0204 008331 -1 00001670 00001657 000 340 43063.707245625
24.11.2017 16:58:26 +00.03959E+00  0225 008331 -1 00001671 00001657 000 342 43063.7072495949
24.11.2017 16:58:26 +00.03959E+00  0243 008333 -1 00001672 00001657 000 343 43063.7072535648
24.11.2017 16:58:27 +00.03959E+00  0258 008333 -1 00001673 00001657 000 379 43063.7072579514
24.11.2017 16:58:27 +00.03960E+00  0274 008333 -1 00001674 00001657 000 344 43063.7072619444
24.11.2017 16:58:29 +00.03949E+00  0016 008309 -1 00001675 00001675 000 341 43063.7072881134
24.11.2017 16:58:30 +00.03949E+00  0032 008309 -1 00001676 00001675 000 343 43063.7072920833
24.11.2017 16:58:30 +00.03948E+00  0053 008309 -1 00001677 00001675 000 343 43063.7072960532
24.11.2017 16:58:30 +00.03948E+00  0067 008309 -1 00001678 00001675 000 361 43063.7073002315
24.11.2017 16:58:31 +00.03949E+00  0074 008309 -1 00001679 00001675 000 344 43063.707304213
24.11.2017 16:58:31 +00.03948E+00  0091 008309 -1 00001680 00001675 000 343 43063.7073081829
24.11.2017 16:58:31 +00.03948E+00  0113 008309 -1 00001681 00001675 000 343 43063.7073121528
24.11.2017 16:58:32 +00.03948E+00  0125 008309 -1 00001682 00001675 000 375 43063.7073164931
24.11.2017 16:58:32 +00.03948E+00  0141 008309 -1 00001683 00001675 000 343 43063.707320463
24.11.2017 16:58:32 +00.03948E+00  0158 008309 -1 00001684 00001675 000 343 43063.7073244329
24.11.2017 16:58:33 +00.03948E+00  0177 008309 -1 00001685 00001675 000 343 43063.7073284028
24.11.2017 16:58:33 +00.03948E+00  0187 008309 -1 00001686 00001675 000 376 43063.7073327546
24.11.2017 16:58:33 +00.03948E+00  0202 008309 -1 00001687 00001675 000 342 43063.707336713
24.11.2017 16:58:34 +00.03948E+00  0225 008309 -1 00001688 00001675 000 343 43063.7073406829
24.11.2017 16:58:34 +00.03948E+00  0245 008309 -1 00001689 00001675 000 343 43063.7073446528
24.11.2017 16:58:34 +00.03948E+00  0270 008313 -1 00001690 00001675 000 378 43063.7073490278
24.11.2017 16:58:35 +00.03949E+00  0278 008313 -1 00001691 00001675 000 340 43063.707352963
24.11.2017 16:58:35 +00.03950E+00  0298 008313 -1 00001692 00001675 000 341 43063.7073569213
24.11.2017 16:58:38 +00.03939E+00  0013 008289 -1 00001693 00001693 000 342 43063.7073866319
24.11.2017 16:58:38 +00.03939E+00  0025 008289 -1 00001694 00001693 000 402 43063.7073912963
24.11.2017 16:58:38 +00.03939E+00  0036 008289 -1 00001695 00001693 000 341 43063.7073952546
24.11.2017 16:58:39 +00.03939E+00  0052 008289 -1 00001696 00001693 000 341 43063.7073992014
24.11.2017 16:58:39 +00.03939E+00  0065 008289 -1 00001697 00001693 000 342 43063.7074031713
24.11.2017 16:58:40 +00.03939E+00  0081 008289 -1 00001698 00001693 000 379 43063.7074075694
24.11.2017 16:58:40 +00.03939E+00  0090 008289 -1 00001699 00001693 000 344 43063.7074115509
24.11.2017 16:58:40 +00.03939E+00  0099 008289 -1 00001700 00001693 000 343 43063.7074155324
24.11.2017 16:58:41 +00.03939E+00  0124 008289 -1 00001701 00001693 000 343 43063.7074195023
24.11.2017 16:58:41 +00.03939E+00  0141 008289 -1 00001702 00001693 000 374 43063.707423831
24.11.2017 16:58:41 +00.03939E+00  0152 008289 -1 00001703 00001693 000 343 43063.7074278009
24.11.2017 16:58:42 +00.03939E+00  0166 008289 -1 00001704 00001693 000 342 43063.7074317708
24.11.2017 16:58:42 +00.03939E+00  0174 008289 -1 00001705 00001693 000 343 43063.7074357523
24.11.2017 16:58:42 +00.03939E+00  0188 008289 -1 00001706 00001693 000 374 43063.707440081
24.11.2017 16:58:43 +00.03939E+00  0208 008291 -1 00001707 00001693 000 342 43063.7074440509
24.11.2017 16:58:43 +00.03939E+00  0222 008291 -1 00001708 00001693 000 342 43063.7074480208
24.11.2017 16:58:43 +00.03940E+00  0232 008291 -1 00001709 00001693 000 342 43063.7074519907
24.11.2017 16:58:46 +00.03929E+00  0015 008267 -1 00001710 00001710 000 342 43063.7074777199
24.11.2017 16:58:46 +00.03928E+00  0035 008267 -1 00001711 00001710 000 401 43063.7074823611
24.11.2017 16:58:46 +00.03928E+00  0060 008267 -1 00001712 00001710 000 342 43063.7074863194
24.11.2017 16:58:47 +00.03928E+00  0076 008267 -1 00001713 00001710 000 343 43063.7074902894
24.11.2017 16:58:47 +00.03928E+00  0090 008267 -1 00001714 00001710 000 343 43063.7074942593
24.11.2017 16:58:47 +00.03928E+00  0106 008267 -1 00001715 00001710 000 377 43063.7074986227
24.11.2017 16:58:48 +00.03928E+00  0120 008267 -1 00001716 00001710 000 340 43063.7075025694
24.11.2017 16:58:48 +00.03928E+00  0133 008267 -1 00001717 00001710 000 342 43063.7075065394
24.11.2017 16:58:48 +00.03928E+00  0153 008267 -1 00001718 00001710 000 343 43063.7075105093
24.11.2017 16:58:49 +00.03928E+00  0170 008267 -1 00001719 00001710 000 379 43063.7075148958
24.11.2017 16:58:49 +00.03928E+00  0179 008267 -1 00001720 00001710 000 340 43063.707518831
24.11.2017 16:58:49 +00.03928E+00  0195 008267 -1 00001721 00001710 000 341 43063.7075227894
24.11.2017 16:58:50 +00.03928E+00  0208 008267 -1 00001722 00001710 000 343 43063.7075267593
24.11.2017 16:58:50 +00.03928E+00  0220 008267 -1 00001723 00001710 000 380 43063.7075311574
24.11.2017 16:58:51 +00.03928E+00  0235 008267 -1 00001724 00001710 000 344 43063.7075351389
24.11.2017 16:58:51 +00.03928E+00  0247 008271 -1 00001725 00001710 000 343 43063.7075391088
24.11.2017 16:58:51 +00.03929E+00  0264 008271 -1 00001726 00001710 000 343 43063.7075430787
24.11.2017 16:58:52 +00.03930E+00  0275 008271 -1 00001727 00001710 000 374 43063.7075474074
24.11.2017 16:58:54 +00.03919E+00  0008 008247 -1 00001728 00001728 000 381 43063.7075734375
24.11.2017 16:58:54 +00.03919E+00  0018 008247 -1 00001729 00001728 000 342 43063.7075773958
24.11.2017 16:58:55 +00.03919E+00  0030 008247 -1 00001730 00001728 000 342 43063.7075813657
24.11.2017 16:58:55 +00.03919E+00  0041 008247 -1 00001731 00001728 000 343 43063.7075853472
24.11.2017 16:58:55 +00.03919E+00  0056 008247 -1 00001732 00001728 000 376 43063.7075896991
24.11.2017 16:58:56 +00.03919E+00  0071 008247 -1 00001733 00001728 000 341 43063.7075936458
24.11.2017 16:58:56 +00.03919E+00  0085 008247 -1 00001734 00001728 000 342 43063.7075976157
24.11.2017 16:58:56 +00.03919E+00  0099 008247 -1 00001735 00001728 000 343 43063.7076015972
24.11.2017 16:58:57 +00.03919E+00  0115 008247 -1 00001736 00001728 000 376 43063.7076059491
24.11.2017 16:58:57 +00.03919E+00  0134 008247 -1 00001737 00001728 000 340 43063.7076098958
24.11.2017 16:58:57 +00.03919E+00  0150 008247 -1 00001738 00001728 000 342 43063.7076138657
24.11.2017 16:58:58 +00.03919E+00  0171 008247 -1 00001739 00001728 000 342 43063.7076178357
24.11.2017 16:58:58 +00.03919E+00  0181 008247 -1 00001740 00001728 000 377 43063.7076222106
24.11.2017 16:58:58 +00.03919E+00  0201 008247 -1 00001741 00001728 000 340 43063.7076261574
24.11.2017 16:58:59 +00.03919E+00  0218 008247 -1 00001742 00001728 000 341 43063.7076301157
24.11.2017 16:58:59 +00.03919E+00  0233 008249 -1 00001743 00001728 000 343 43063.7076340857
24.11.2017 16:58:59 +00.03919E+00  0240 008249 -1 00001744 00001728 000 380 43063.7076384838
24.11.2017 16:59:00 +00.03920E+00  0256 008249 -1 00001745 00001728 000 345 43063.7076424769
24.11.2017 16:59:02 +00.03908E+00  0010 008223 -1 00001746 00001746 000 342 43063.7076687037
24.11.2017 16:59:02 +00.03908E+00  0030 008223 -1 00001747 00001746 000 343 43063.7076726736
24.11.2017 16:59:03 +00.03907E+00  0044 008223 -1 00001748 00001746 000 418 43063.7076775116
24.11.2017 16:59:03 +00.03907E+00  0061 008223 -1 00001749 00001746 000 344 43063.7076814931
24.11.2017 16:59:04 +00.03907E+00  0075 008223 -1 00001750 00001746 000 343 43063.707685463
24.11.2017 16:59:04 +00.03907E+00  0090 008223 -1 00001751 00001746 000 342 43063.7076894329
24.11.2017 16:59:04 +00.03907E+00  0108 008223 -1 00001752 00001746 000 374 43063.7076937731
24.11.2017 16:59:05 +00.03907E+00  0130 008223 -1 00001753 00001746 000 343 43063.7076977431
24.11.2017 16:59:05 +00.03907E+00  0146 008223 -1 00001754 00001746 000 343 43063.707701713
24.11.2017 16:59:05 +00.03907E+00  0159 008223 -1 00001755 00001746 000 343 43063.7077056829
24.11.2017 16:59:06 +00.03907E+00  0170 008223 -1 00001756 00001746 000 376 43063.7077100347
24.11.2017 16:59:06 +00.03907E+00  0180 008223 -1 00001757 00001746 000 342 43063.7077139931
24.11.2017 16:59:06 +00.03907E+00  0194 008223 -1 00001758 00001746 000 343 43063.707717963
24.11.2017 16:59:07 +00.03907E+00  0211 008223 -1 00001759 00001746 000 343 43063.7077219329
24.11.2017 16:59:07 +00.03907E+00  0227 008223 -1 00001760 00001746 000 377 43063.7077262963
24.11.2017 16:59:07 +00.03908E+00  0241 008229 -1 00001761 00001746 000 340 43063.7077302315
24.11.2017 16:59:08 +00.03909E+00  0255 008229 -1 00001762 00001746 000 343 43063.707734213
24.11.2017 16:59:08 +00.03909E+00  0272 008229 -1 00001763 00001746 000 342 43063.7077381713
24.11.2017 16:59:10 +00.03899E+00  0009 008205 -1 00001764 00001764 000 343 43063.7077639815
24.11.2017 16:59:11 +00.03899E+00  0027 008205 -1 00001765 00001764 000 397 43063.7077685764
24.11.2017 16:59:11 +00.03899E+00  0043 008205 -1 00001766 00001764 000 340 43063.7077725116
24.11.2017 16:59:11 +00.03899E+00  0055 008205 -1 00001767 00001764 000 341 43063.7077764699
24.11.2017 16:59:12 +00.03899E+00  0068 008205 -1 00001768 00001764 000 343 43063.7077804398
24.11.2017 16:59:12 +00.03899E+00  0094 008205 -1 00001769 00001764 000 379 43063.707784838
24.11.2017 16:59:12 +00.03899E+00  0117 008205 -1 00001770 00001764 000 344 43063.7077888194
24.11.2017 16:59:13 +00.03899E+00  0133 008205 -1 00001771 00001764 000 342 43063.7077927894
24.11.2017 16:59:13 +00.03899E+00  0151 008205 -1 00001772 00001764 000 342 43063.7077967593
24.11.2017 16:59:14 +00.03899E+00  0162 008205 -1 00001773 00001764 000 373 43063.707801088
24.11.2017 16:59:14 +00.03899E+00  0172 008205 -1 00001774 00001764 000 343 43063.7078050694
24.11.2017 16:59:14 +00.03899E+00  0189 008205 -1 00001775 00001764 000 342 43063.7078090394
24.11.2017 16:59:15 +00.03899E+00  0202 008205 -1 00001776 00001764 000 342 43063.7078130093
24.11.2017 16:59:15 +00.03899E+00  0218 008205 -1 00001777 00001764 000 376 43063.7078173611
24.11.2017 16:59:15 +00.03899E+00  0232 008205 -1 00001778 00001764 000 341 43063.7078213194
24.11.2017 16:59:16 +00.03899E+00  0244 008207 -1 00001779 00001764 000 343 43063.7078252894
24.11.2017 16:59:16 +00.03899E+00  0255 008207 -1 00001780 00001764 000 343 43063.7078292593
24.11.2017 16:59:16 +00.03900E+00  0270 008207 -1 00001781 00001764 000 377 43063.7078336227