
24.11.2017 17:00:09 +00.03601E+00  0013 007581 1 00001885 00001885 000 377 43063.7084450694
24.11.2017 17:00:09 +00.03601E+00  0031 007581 1 00001886 00001885 000 340 43063.7084490046
24.11.2017 17:00:10 +00.03601E+00  0052 007581 1 00001887 00001885 000 342 43063.7084529745
24.11.2017 17:00:10 +00.03601E+00  0066 007581 1 00001888 00001885 000 343 43063.7084569444
24.11.2017 17:00:11 +00.03601E+00  0082 007581 1 00001889 00001885 000 377 43063.7084613194
24.11.2017 17:00:11 +00.03601E+00  0096 007581 1 00001890 00001885 000 341 43063.7084652778
24.11.2017 17:00:11 +00.03601E+00  0101 007581 1 00001891 00001885 000 342 43063.7084692361
24.11.2017 17:00:12 +00.03601E+00  0121 007581 1 00001892 00001885 000 342 43063.7084731944
24.11.2017 17:00:12 +00.03601E+00  0129 007581 1 00001893 00001885 000 380 43063.7084775926
24.11.2017 17:00:12 +00.03601E+00  0143 007581 1 00001894 00001885 000 343 43063.7084815741
24.11.2017 17:00:13 +00.03601E+00  0163 007581 1 00001895 00001885 000 342 43063.708485544
24.11.2017 17:00:13 +00.03601E+00  0180 007581 1 00001896 00001885 000 342 43063.7084895139
24.11.2017 17:00:13 +00.03602E+00  0191 007581 1 00001897 00001885 000 373 43063.7084938426
24.11.2017 17:00:14 +00.03601E+00  0210 007581 1 00001898 00001885 000 343 43063.7084978241
24.11.2017 17:00:14 +00.03601E+00  0223 007579 1 00001899 00001885 000 343 43063.708501794
24.11.2017 17:00:14 +00.03601E+00  0235 007579 1 00001900 00001885 000 343 43063.7085057639
24.11.2017 17:00:15 +00.03601E+00  0261 007579 1 00001901 00001885 000 376 43063.7085101157
24.11.2017 17:00:17 +00.03635E+00  0011 007653 1 00001902 00001902 000 342 43063.7085403241
24.11.2017 17:00:18 +00.03635E+00  0028 007653 1 00001903 00001902 000 343 43063.708544294
24.11.2017 17:00:18 +00.03635E+00  0039 007653 1 00001904 00001902 000 419 43063.7085491435
24.11.2017 17:00:18 +00.03635E+00  0057 007653 1 00001905 00001902 000 343 43063.7085531134
24.11.2017 17:00:19 +00.03636E+00  0074 007653 1 00001906 00001902 000 343 43063.7085570833
24.11.2017 17:00:19 +00.03636E+00  0084 007653 1 00001907 00001902 000 342 43063.7085610532
24.11.2017 17:00:20 +00.03636E+00  0098 007653 1 00001908 00001902 000 375 43063.7085654051
24.11.2017 17:00:20 +00.03635E+00  0114 007653 1 00001909 00001902 000 341 43063.7085693634
24.11.2017 17:00:20 +00.03635E+00  0134 007653 1 00001910 00001902 000 343 43063.7085733333
24.11.2017 17:00:21 +00.03635E+00  0156 007653 1 00001911 00001902 000 343 43063.7085773032
24.11.2017 17:00:21 +00.03636E+00  0164 007653 1 00001912 00001902 000 377 43063.7085816667
24.11.2017 17:00:21 +00.03636E+00  0178 007653 1 00001913 00001902 000 341 43063.7085856134
24.11.2017 17:00:22 +00.03635E+00  0193 007653 1 00001914 00001902 000 343 43063.7085895833
24.11.2017 17:00:22 +00.03635E+00  0206 007653 1 00001915 00001902 000 343 43063.7085935532
24.11.2017 17:00:22 +00.03635E+00  0225 007643 1 00001916 00001902 000 378 43063.7085979282
24.11.2017 17:00:23 +00.03633E+00  0242 007643 1 00001917 00001902 000 340 43063.7086018634
24.11.2017 17:00:23 +00.03632E+00  0250 007643 1 00001918 00001902 000 341 43063.7086058218
24.11.2017 17:00:26 +00.03665E+00  0011 007715 1 00001919 00001919 000 343 43063.708635544
24.11.2017 17:00:26 +00.03665E+00  0026 007715 1 00001920 00001919 000 403 43063.7086402083
24.11.2017 17:00:26 +00.03665E+00  0049 007715 1 00001921 00001919 000 340 43063.7086441435
24.11.2017 17:00:27 +00.03666E+00  0059 007715 1 00001922 00001919 000 343 43063.7086481134
24.11.2017 17:00:27 +00.03665E+00  0072 007715 1 00001923 00001919 000 343 43063.7086520833
24.11.2017 17:00:27 +00.03665E+00  0093 007715 1 00001924 00001919 000 379 43063.7086564699
24.11.2017 17:00:28 +00.03665E+00  0106 007715 1 00001925 00001919 000 345 43063.708660463
24.11.2017 17:00:28 +00.03665E+00  0120 007715 1 00001926 00001919 000 343 43063.7086644329
24.11.2017 17:00:28 +00.03665E+00  0137 007715 1 00001927 00001919 000 343 43063.7086684028
24.11.2017 17:00:29 +00.03665E+00  0152 007715 1 00001928 00001919 000 374 43063.7086727315
24.11.2017 17:00:29 +00.03665E+00  0170 007715 1 00001929 00001919 000 343 43063.7086767014
24.11.2017 17:00:30 +00.03665E+00  0184 007715 1 00001930 00001919 000 343 43063.7086806829
24.11.2017 17:00:30 +00.03665E+00  0196 007715 1 00001931 00001919 000 342 43063.7086846412
24.11.2017 17:00:30 +00.03665E+00  0209 007715 1 00001932 00001919 000 375 43063.7086889931
24.11.2017 17:00:31 +00.03665E+00  0222 007705 1 00001933 00001919 000 342 43063.7086929514
24.11.2017 17:00:31 +00.03663E+00  0241 007705 1 00001934 00001919 000 342 43063.7086969213
24.11.2017 17:00:31 +00.03662E+00  0256 007705 1 00001935 00001919 000 342 43063.7087008912
24.11.2017 17:00:33 +00.03694E+00  0008 007779 1 00001936 00001936 000 342 43063.7087266204
24.11.2017 17:00:34 +00.03695E+00  0024 007779 1 00001937 00001936 000 402 43063.7087312731
24.11.2017 17:00:34 +00.03696E+00  0042 007779 1 00001938 00001936 000 341 43063.7087352199
24.11.2017 17:00:35 +00.03696E+00  0058 007779 1 00001939 00001936 000 343 43063.7087391898
24.11.2017 17:00:35 +00.03695E+00  0076 007779 1 00001940 00001936 000 342 43063.7087431597
24.11.2017 17:00:35 +00.03696E+00  0095 007779 1 00001941 00001936 000 377 43063.7087475347
24.11.2017 17:00:36 +00.03696E+00  0111 007779 1 00001942 00001936 000 341 43063.7087514931
24.11.2017 17:00:36 +00.03696E+00  0125 007779 1 00001943 00001936 000 341 43063.7087554398
24.11.2017 17:00:36 +00.03696E+00  0134 007779 1 00001944 00001936 000 343 43063.7087594097
24.11.2017 17:00:37 +00.03696E+00  0150 007779 1 00001945 00001936 000 379 43063.7087637963
24.11.2017 17:00:37 +00.03696E+00  0164 007779 1 00001946 00001936 000 341 43063.7087677431
24.11.2017 17:00:37 +00.03696E+00  0171 007779 1 00001947 00001936 000 341 43063.7087716898
24.11.2017 17:00:38 +00.03696E+00  0184 007779 1 00001948 00001936 000 343 43063.7087756597
24.11.2017 17:00:38 +00.03696E+00  0200 007779 1 00001949 00001936 000 380 43063.7087800579
24.11.2017 17:00:38 +00.03696E+00  0212 007779 1 00001950 00001936 000 344 43063.7087840394
24.11.2017 17:00:39 +00.03696E+00  0227 007767 1 00001951 00001936 000 343 43063.7087880093
24.11.2017 17:00:39 +00.03694E+00  0235 007767 1 00001952 00001936 000 343 43063.7087919792
24.11.2017 17:00:40 +00.03691E+00  0257 007767 1 00001953 00001936 000 375 43063.7087963194
24.11.2017 17:00:42 +00.03723E+00  0019 007839 1 00001954 00001954 000 381 43063.708822338
24.11.2017 17:00:42 +00.03724E+00  0040 007839 1 00001955 00001954 000 343 43063.7088263079
24.11.2017 17:00:42 +00.03724E+00  0050 007839 1 00001956 00001954 000 343 43063.7088302778
24.11.2017 17:00:43 +00.03724E+00  0062 007839 1 00001957 00001954 000 343 43063.7088342477
24.11.2017 17:00:43 +00.03724E+00  0080 007839 1 00001958 00001954 000 376 43063.7088385995
24.11.2017 17:00:43 +00.03724E+00  0093 007839 1 00001959 00001954 000 341 43063.7088425463
24.11.2017 17:00:44 +00.03724E+00  0106 007839 1 00001960 00001954 000 342 43063.7088465162
24.11.2017 17:00:44 +00.03724E+00  0123 007839 1 00001961 00001954 000 343 43063.7088504977
24.11.2017 17:00:45 +00.03724E+00  0140 007839 1 00001962 00001954 000 377 43063.7088548611
24.11.2017 17:00:45 +00.03725E+00  0154 007839 1 00001963 00001954 000 340 43063.7088587963
24.11.2017 17:00:45 +00.03724E+00  0164 007839 1 00001964 00001954 000 342 43063.7088627662
24.11.2017 17:00:46 +00.03725E+00  0177 007839 1 00001965 00001954 000 342 43063.7088667361
24.11.2017 17:00:46 +00.03724E+00  0192 007839 1 00001966 00001954 000 378 43063.7088711227
24.11.2017 17:00:46 +00.03725E+00  0213 007839 1 00001967 00001954 000 344 43063.7088751157
24.11.2017 17:00:47 +00.03724E+00  0230 007839 1 00001968 00001954 000 342 43063.7088790857
24.11.2017 17:00:47 +00.03725E+00  0245 007831 1 00001969 00001954 000 342 43063.7088830556
24.11.2017 17:00:47 +00.03722E+00  0262 007831 1 00001970 00001954 000 374 43063.7088873958
24.11.2017 17:00:48 +00.03722E+00  0278 007831 1 00001971 00001954 000 343 43063.7088913657
24.11.2017 17:00:50 +00.03755E+00  0014 007905 1 00001972 00001972 000 343 43063.7089218171
24.11.2017 17:00:51 +00.03756E+00  0033 007905 1 00001973 00001972 000 397 43063.708926412
24.11.2017 17:00:51 +00.03756E+00  0057 007905 1 00001974 00001972 000 344 43063.7089304051
24.11.2017 17:00:51 +00.03756E+00  0074 007905 1 00001975 00001972 000 343 43063.7089343866
24.11.2017 17:00:52 +00.03756E+00  0086 007905 1 00001976 00001972 000 343 43063.7089383565
24.11.2017 17:00:52 +00.03756E+00  0093 007905 1 00001977 00001972 000 374 43063.7089426852
24.11.2017 17:00:52 +00.03756E+00  0103 007905 1 00001978 00001972 000 343 43063.7089466551
24.11.2017 17:00:53 +00.03756E+00  0116 007905 1 00001979 00001972 000 342 43063.708950625
24.11.2017 17:00:53 +00.03756E+00  0130 007905 1 00001980 00001972 000 342 43063.7089545949
24.11.2017 17:00:54 +00.03755E+00  0134 007905 1 00001981 00001972 000 374 43063.7089589352
24.11.2017 17:00:54 +00.03756E+00  0150 007905 1 00001982 00001972 000 342 43063.7089629051
24.11.2017 17:00:54 +00.03756E+00  0173 007905 1 00001983 00001972 000 343 43063.708966875
24.11.2017 17:00:55 +00.03756E+00  0186 007905 1 00001984 00001972 000 343 43063.7089708449
24.11.2017 17:00:55 +00.03756E+00  0205 007905 1 00001985 00001972 000 375 43063.7089751968
24.11.2017 17:00:55 +00.03756E+00  0217 007893 1 00001986 00001972 000 341 43063.7089791551
24.11.2017 17:00:56 +00.03754E+00  0233 007893 1 00001987 00001972 000 343 43063.708983125
24.11.2017 17:00:56 +00.03752E+00  0241 007893 1 00001988 00001972 000 343 43063.7089870949