
24.11.2017 13:00:51 0.022791 0.000002   00294 4806 00000001 000020 000004 43063.5422600463
24.11.2017 13:00:59 0.022850 0.000000   00283 4818 00000001 000037 000020 43063.5423597106
24.11.2017 13:01:08 0.022860 0.000000   00307 4820 00000001 000055 000037 43063.542459375
24.11.2017 13:01:17 0.022889 0.000002   00267 4826 00000001 000073 000055 43063.5425590509
24.11.2017 13:01:25 0.022936 0.000005   00254 4836 00000001 000090 000073 43063.5426587153
24.11.2017 13:01:34 0.022954 0.000005   00287 4840 00000001 000108 000090 43063.5427583796
24.11.2017 13:01:42 0.022982 0.000004   00234 4846 00000001 000126 000108 43063.542858044
24.11.2017 13:01:51 0.023020 0.000000   00301 4854 00000001 000143 000126 43063.5429577083
24.11.2017 13:02:00 0.023040 0.000000   00280 4858 00000001 000161 000143 43063.5430573843
24.11.2017 13:02:08 0.023079 0.000003   00292 4866 00000001 000179 000161 43063.5431570486
24.11.2017 13:02:17 0.023110 0.000000   00289 4872 00000001 000196 000179 43063.543256713
24.11.2017 13:02:25 0.023136 0.000005   00292 4878 00000001 000214 000196 43063.5433563773
24.11.2017 13:02:34 0.023162 0.000004   00309 4884 00000001 000232 000214 43063.5434560417