
24.11.2017 12:49:52 +00.02252E+00  0012 004751 -1 00000246 00000246 000 421 43063.5346353704
24.11.2017 12:49:52 +00.02253E+00  0037 004751 -1 00000247 00000246 000 359 43063.5346395139
24.11.2017 12:49:53 +00.02253E+00  0051 004751 -1 00000248 00000246 000 358 43063.534643669
24.11.2017 12:49:53 +00.02253E+00  0066 004751 -1 00000249 00000246 000 406 43063.5346483681
24.11.2017 12:49:53 +00.02253E+00  0082 004751 -1 00000250 00000246 000 359 43063.5346525232
24.11.2017 12:49:54 +00.02253E+00  0094 004751 -1 00000251 00000246 000 359 43063.5346566667
24.11.2017 12:49:54 +00.02253E+00  0110 004751 -1 00000252 00000246 000 405 43063.5346613657
24.11.2017 12:49:55 +00.02253E+00  0124 004751 -1 00000253 00000246 000 359 43063.5346655208
24.11.2017 12:49:55 +00.02253E+00  0137 004751 -1 00000254 00000246 000 359 43063.5346696759
24.11.2017 12:49:55 +00.02253E+00  0152 004751 -1 00000255 00000246 000 405 43063.5346743634
24.11.2017 12:49:56 +00.02253E+00  0173 004751 -1 00000256 00000246 000 359 43063.5346785185
24.11.2017 12:49:56 +00.02253E+00  0191 004751 -1 00000257 00000246 000 359 43063.5346826736
24.11.2017 12:49:56 +00.02253E+00  0208 004751 -1 00000258 00000246 000 406 43063.5346873611
24.11.2017 12:49:57 +00.02253E+00  0225 004751 -1 00000259 00000246 000 358 43063.5346915162
24.11.2017 12:49:57 +00.02253E+00  0247 004751 -1 00000260 00000246 000 359 43063.5346956713
24.11.2017 12:49:58 +00.02253E+00  0266 004751 -1 00000261 00000246 000 406 43063.5347003704
24.11.2017 12:49:58 +00.02253E+00  0288 004751 -1 00000262 00000246 000 359 43063.5347045139
24.11.2017 12:49:58 +00.02253E+00  0310 004751 -1 00000263 00000246 000 358 43063.534708669
24.11.2017 12:50:01 +00.02236E+00  0009 004714 -1 00000264 00000264 000 358 43063.5347375579
24.11.2017 12:50:01 +00.02236E+00  0022 004714 -1 00000265 00000264 000 359 43063.534741713
24.11.2017 12:50:02 +00.02236E+00  0038 004714 -1 00000266 00000264 000 375 43063.5347460417
24.11.2017 12:50:02 +00.02236E+00  0055 004714 -1 00000267 00000264 000 358 43063.5347501968
24.11.2017 12:50:02 +00.02236E+00  0074 004714 -1 00000268 00000264 000 359 43063.5347543519
24.11.2017 12:50:03 +00.02236E+00  0094 004714 -1 00000269 00000264 000 406 43063.5347590509
24.11.2017 12:50:03 +00.02236E+00  0114 004714 -1 00000270 00000264 000 359 43063.5347631944
24.11.2017 12:50:03 +00.02236E+00  0132 004714 -1 00000271 00000264 000 358 43063.5347673495
24.11.2017 12:50:04 +00.02236E+00  0144 004714 -1 00000272 00000264 000 406 43063.5347720486
24.11.2017 12:50:04 +00.02235E+00  0163 004714 -1 00000273 00000264 000 359 43063.5347762037
24.11.2017 12:50:05 +00.02236E+00  0173 004714 -1 00000274 00000264 000 359 43063.5347803472
24.11.2017 12:50:05 +00.02236E+00  0185 004714 -1 00000275 00000264 000 405 43063.5347850463
24.11.2017 12:50:05 +00.02236E+00  0205 004714 -1 00000276 00000264 000 359 43063.5347892014
24.11.2017 12:50:06 +00.02235E+00  0218 004714 -1 00000277 00000264 000 359 43063.5347933565
24.11.2017 12:50:06 +00.02236E+00  0232 004714 -1 00000278 00000264 000 405 43063.534798044
24.11.2017 12:50:06 +00.02235E+00  0250 004714 -1 00000279 00000264 000 359 43063.5348021991
24.11.2017 12:50:07 +00.02236E+00  0267 004714 -1 00000280 00000264 000 359 43063.5348063542
24.11.2017 12:50:09 +00.02230E+00  0014 004700 -1 00000281 00000281 000 358 43063.5348350579
24.11.2017 12:50:10 +00.02228E+00  0033 004700 -1 00000282 00000281 000 359 43063.534839213
24.11.2017 12:50:10 +00.02229E+00  0048 004700 -1 00000283 00000281 000 375 43063.5348435417
24.11.2017 12:50:10 +00.02229E+00  0065 004700 -1 00000284 00000281 000 358 43063.5348476968
24.11.2017 12:50:11 +00.02229E+00  0074 004700 -1 00000285 00000281 000 359 43063.5348518519
24.11.2017 12:50:11 +00.02229E+00  0094 004700 -1 00000286 00000281 000 406 43063.5348565509
24.11.2017 12:50:11 +00.02229E+00  0115 004700 -1 00000287 00000281 000 359 43063.5348606944
24.11.2017 12:50:12 +00.02229E+00  0130 004700 -1 00000288 00000281 000 358 43063.5348648495
24.11.2017 12:50:12 +00.02229E+00  0148 004700 -1 00000289 00000281 000 406 43063.5348695486
24.11.2017 12:50:13 +00.02229E+00  0161 004700 -1 00000290 00000281 000 359 43063.5348737037
24.11.2017 12:50:13 +00.02229E+00  0176 004700 -1 00000291 00000281 000 359 43063.5348778472
24.11.2017 12:50:13 +00.02229E+00  0191 004700 -1 00000292 00000281 000 405 43063.5348825463
24.11.2017 12:50:14 +00.02229E+00  0213 004700 -1 00000293 00000281 000 359 43063.5348867014
24.11.2017 12:50:14 +00.02229E+00  0228 004700 -1 00000294 00000281 000 359 43063.5348908565
24.11.2017 12:50:14 +00.02229E+00  0241 004700 -1 00000295 00000281 000 405 43063.534895544
24.11.2017 12:50:15 +00.02229E+00  0263 004700 -1 00000296 00000281 000 359 43063.5348996991
24.11.2017 12:50:15 +00.02229E+00  0284 004700 -1 00000297 00000281 000 359 43063.5349038542
24.11.2017 12:50:16 +00.02229E+00  0301 004700 -1 00000298 00000281 000 406 43063.5349085417
24.11.2017 12:50:18 +00.02219E+00  0016 004680 -1 00000299 00000299 000 359 43063.5349358102
24.11.2017 12:50:18 +00.02219E+00  0028 004680 -1 00000300 00000299 000 359 43063.5349399653
24.11.2017 12:50:19 +00.02219E+00  0057 004680 -1 00000301 00000299 000 374 43063.534944294
24.11.2017 12:50:19 +00.02219E+00  0078 004680 -1 00000302 00000299 000 359 43063.5349484491
24.11.2017 12:50:19 +00.02219E+00  0094 004680 -1 00000303 00000299 000 359 43063.5349526042
24.11.2017 12:50:20 +00.02219E+00  0110 004680 -1 00000304 00000299 000 406 43063.5349572917
24.11.2017 12:50:20 +00.02219E+00  0124 004680 -1 00000305 00000299 000 358 43063.5349614468
24.11.2017 12:50:21 +00.02219E+00  0137 004680 -1 00000306 00000299 000 359 43063.5349656019
24.11.2017 12:50:21 +00.02220E+00  0157 004680 -1 00000307 00000299 000 406 43063.5349703009
24.11.2017 12:50:21 +00.02220E+00  0174 004680 -1 00000308 00000299 000 359 43063.5349744444
24.11.2017 12:50:22 +00.02219E+00  0182 004680 -1 00000309 00000299 000 358 43063.5349785995
24.11.2017 12:50:22 +00.02220E+00  0193 004680 -1 00000310 00000299 000 406 43063.5349832986
24.11.2017 12:50:22 +00.02220E+00  0213 004680 -1 00000311 00000299 000 359 43063.5349874537
24.11.2017 12:50:23 +00.02220E+00  0231 004680 -1 00000312 00000299 000 359 43063.5349915972
24.11.2017 12:50:23 +00.02219E+00  0246 004680 -1 00000313 00000299 000 421 43063.5349964815
24.11.2017 12:50:24 +00.02219E+00  0268 004680 -1 00000314 00000299 000 359 43063.535000625
24.11.2017 12:50:24 +00.02219E+00  0284 004680 -1 00000315 00000299 000 358 43063.5350047801
24.11.2017 12:50:24 +00.02219E+00  0295 004680 -1 00000316 00000299 000 406 43063.5350094792