
24.11.2017 12:50:25 +00.02220E+00  0019 004682 1 00000317 00000317 000 359 43063.535022662
24.11.2017 12:50:26 +00.02220E+00  0033 004682 1 00000318 00000317 000 359 43063.5350268056
24.11.2017 12:50:26 +00.02221E+00  0049 004682 1 00000319 00000317 000 358 43063.5350309607
24.11.2017 12:50:27 +00.02220E+00  0064 004682 1 00000320 00000317 000 390 43063.5350354745
24.11.2017 12:50:27 +00.02220E+00  0074 004682 1 00000321 00000317 000 359 43063.5350396296
24.11.2017 12:50:27 +00.02221E+00  0090 004682 1 00000322 00000317 000 359 43063.5350437847
24.11.2017 12:50:28 +00.02220E+00  0110 004682 1 00000323 00000317 000 406 43063.5350484722
24.11.2017 12:50:28 +00.02220E+00  0130 004682 1 00000324 00000317 000 358 43063.5350526273
24.11.2017 12:50:28 +00.02220E+00  0150 004682 1 00000325 00000317 000 359 43063.5350567824
24.11.2017 12:50:29 +00.02220E+00  0168 004682 1 00000326 00000317 000 406 43063.5350614815
24.11.2017 12:50:29 +00.02220E+00  0184 004682 1 00000327 00000317 000 359 43063.535065625
24.11.2017 12:50:30 +00.02220E+00  0197 004682 1 00000328 00000317 000 358 43063.5350697801
24.11.2017 12:50:30 +00.02221E+00  0211 004682 1 00000329 00000317 000 406 43063.5350744792
24.11.2017 12:50:30 +00.02220E+00  0226 004682 1 00000330 00000317 000 359 43063.5350786343
24.11.2017 12:50:31 +00.02220E+00  0241 004682 1 00000331 00000317 000 359 43063.5350827778
24.11.2017 12:50:31 +00.02220E+00  0263 004682 1 00000332 00000317 000 405 43063.5350874768
24.11.2017 12:50:31 +00.02220E+00  0286 004682 1 00000333 00000317 000 359 43063.5350916319
24.11.2017 12:50:32 +00.02220E+00  0302 004682 1 00000334 00000317 000 359 43063.535095787
24.11.2017 12:50:34 +00.02233E+00  0011 004708 1 00000335 00000335 000 359 43063.5351244907
24.11.2017 12:50:35 +00.02232E+00  0030 004708 1 00000336 00000335 000 359 43063.5351286458
24.11.2017 12:50:35 +00.02233E+00  0043 004708 1 00000337 00000335 000 374 43063.5351329745
24.11.2017 12:50:35 +00.02233E+00  0066 004708 1 00000338 00000335 000 359 43063.5351371296
24.11.2017 12:50:36 +00.02233E+00  0090 004708 1 00000339 00000335 000 359 43063.5351412847
24.11.2017 12:50:36 +00.02233E+00  0101 004708 1 00000340 00000335 000 406 43063.5351459722
24.11.2017 12:50:36 +00.02232E+00  0120 004708 1 00000341 00000335 000 358 43063.5351501273
24.11.2017 12:50:37 +00.02233E+00  0139 004708 1 00000342 00000335 000 359 43063.5351542824
24.11.2017 12:50:37 +00.02233E+00  0153 004708 1 00000343 00000335 000 406 43063.5351589815
24.11.2017 12:50:38 +00.02233E+00  0166 004708 1 00000344 00000335 000 359 43063.535163125
24.11.2017 12:50:38 +00.02231E+00  0185 004708 1 00000345 00000335 000 358 43063.5351672801
24.11.2017 12:50:38 +00.02233E+00  0199 004708 1 00000346 00000335 000 406 43063.5351719792
24.11.2017 12:50:39 +00.02233E+00  0214 004708 1 00000347 00000335 000 359 43063.5351761343
24.11.2017 12:50:39 +00.02233E+00  0229 004708 1 00000348 00000335 000 359 43063.5351802778
24.11.2017 12:50:39 +00.02233E+00  0242 004708 1 00000349 00000335 000 405 43063.5351849768
24.11.2017 12:50:40 +00.02233E+00  0269 004708 1 00000350 00000335 000 359 43063.5351891319
24.11.2017 12:50:40 +00.02233E+00  0290 004708 1 00000351 00000335 000 359 43063.535193287
24.11.2017 12:50:43 +00.02241E+00  0015 004726 1 00000352 00000352 000 359 43063.5352219907
24.11.2017 12:50:43 +00.02241E+00  0037 004726 1 00000353 00000352 000 359 43063.5352261458
24.11.2017 12:50:43 +00.02241E+00  0047 004726 1 00000354 00000352 000 374 43063.5352304745
24.11.2017 12:50:44 +00.02241E+00  0067 004726 1 00000355 00000352 000 359 43063.5352348148
24.11.2017 12:50:44 +00.02241E+00  0086 004726 1 00000356 00000352 000 359 43063.5352389583
24.11.2017 12:50:45 +00.02241E+00  0100 004726 1 00000357 00000352 000 405 43063.5352436574
24.11.2017 12:50:45 +00.02241E+00  0124 004726 1 00000358 00000352 000 359 43063.5352478125
24.11.2017 12:50:45 +00.02241E+00  0138 004726 1 00000359 00000352 000 359 43063.5352519676
24.11.2017 12:50:46 +00.02241E+00  0151 004726 1 00000360 00000352 000 405 43063.5352566551
24.11.2017 12:50:46 +00.02241E+00  0164 004726 1 00000361 00000352 000 359 43063.5352608102
24.11.2017 12:50:46 +00.02241E+00  0183 004726 1 00000362 00000352 000 359 43063.5352649653
24.11.2017 12:50:47 +00.02241E+00  0199 004726 1 00000363 00000352 000 406 43063.5352696528
24.11.2017 12:50:47 +00.02241E+00  0218 004726 1 00000364 00000352 000 358 43063.5352738079
24.11.2017 12:50:48 +00.02241E+00  0233 004726 1 00000365 00000352 000 359 43063.535277963
24.11.2017 12:50:48 +00.02241E+00  0251 004726 1 00000366 00000352 000 406 43063.535282662
24.11.2017 12:50:48 +00.02241E+00  0267 004726 1 00000367 00000352 000 359 43063.5352868056
24.11.2017 12:50:49 +00.02241E+00  0281 004726 1 00000368 00000352 000 358 43063.5352909607
24.11.2017 12:50:49 +00.02241E+00  0293 004726 1 00000369 00000352 000 406 43063.5352956597
24.11.2017 12:50:51 +00.02253E+00  0015 004752 1 00000370 00000370 000 359 43063.5353229167
24.11.2017 12:50:52 +00.02253E+00  0034 004752 1 00000371 00000370 000 358 43063.5353270718
24.11.2017 12:50:52 +00.02253E+00  0056 004752 1 00000372 00000370 000 375 43063.535331412
24.11.2017 12:50:52 +00.02254E+00  0072 004752 1 00000373 00000370 000 359 43063.5353355556
24.11.2017 12:50:53 +00.02253E+00  0085 004752 1 00000374 00000370 000 358 43063.5353397106
24.11.2017 12:50:53 +00.02254E+00  0096 004752 1 00000375 00000370 000 406 43063.5353444097
24.11.2017 12:50:54 +00.02254E+00  0118 004752 1 00000376 00000370 000 359 43063.5353485648
24.11.2017 12:50:54 +00.02254E+00  0127 004752 1 00000377 00000370 000 359 43063.5353527083
24.11.2017 12:50:54 +00.02254E+00  0141 004752 1 00000378 00000370 000 405 43063.5353574074
24.11.2017 12:50:55 +00.02254E+00  0162 004752 1 00000379 00000370 000 359 43063.5353615625
24.11.2017 12:50:55 +00.02254E+00  0180 004752 1 00000380 00000370 000 359 43063.5353657176
24.11.2017 12:50:56 +00.02254E+00  0192 004752 1 00000381 00000370 000 405 43063.5353704051
24.11.2017 12:50:56 +00.02254E+00  0208 004752 1 00000382 00000370 000 359 43063.5353745602
24.11.2017 12:50:56 +00.02253E+00  0230 004752 1 00000383 00000370 000 359 43063.5353787153
24.11.2017 12:50:57 +00.02253E+00  0241 004752 1 00000384 00000370 000 406 43063.5353834028
24.11.2017 12:50:57 +00.02253E+00  0260 004752 1 00000385 00000370 000 358 43063.5353875579
24.11.2017 12:50:57 +00.02254E+00  0277 004752 1 00000386 00000370 000 359 43063.535391713
24.11.2017 12:50:58 +00.02254E+00  0295 004752 1 00000387 00000370 000 406 43063.535396412