
24.11.2017 12:51:04 +00.03327E+00  0014 007003 1 00000388 00000388 000 405 43063.5354679051
24.11.2017 12:51:04 +00.03326E+00  0030 007003 1 00000389 00000388 000 359 43063.5354720602
24.11.2017 12:51:05 +00.03326E+00  0047 007003 1 00000390 00000388 000 359 43063.5354762153
24.11.2017 12:51:05 +00.03326E+00  0060 007003 1 00000391 00000388 000 406 43063.5354809028
24.11.2017 12:51:05 +00.03326E+00  0069 007003 1 00000392 00000388 000 358 43063.5354850579
24.11.2017 12:51:06 +00.03326E+00  0080 007003 1 00000393 00000388 000 359 43063.535489213
24.11.2017 12:51:06 +00.03326E+00  0089 007003 1 00000394 00000388 000 421 43063.5354940856
24.11.2017 12:51:07 +00.03326E+00  0115 007003 1 00000395 00000388 000 359 43063.5354982407
24.11.2017 12:51:07 +00.03326E+00  0130 007003 1 00000396 00000388 000 359 43063.5355023958
24.11.2017 12:51:07 +00.03326E+00  0146 007003 1 00000397 00000388 000 406 43063.5355070833
24.11.2017 12:51:08 +00.03326E+00  0163 007003 1 00000398 00000388 000 358 43063.5355112384
24.11.2017 12:51:08 +00.03326E+00  0182 007003 1 00000399 00000388 000 359 43063.5355153935
24.11.2017 12:51:08 +00.03326E+00  0202 007003 1 00000400 00000388 000 406 43063.5355200926
24.11.2017 12:51:09 +00.03326E+00  0220 007003 1 00000401 00000388 000 359 43063.5355242361
24.11.2017 12:51:09 +00.03326E+00  0235 007003 1 00000402 00000388 000 358 43063.5355283912
24.11.2017 12:51:10 +00.03326E+00  0254 007003 1 00000403 00000388 000 406 43063.5355330903
24.11.2017 12:51:10 +00.03326E+00  0268 007003 1 00000404 00000388 000 359 43063.5355372454
24.11.2017 12:51:10 +00.03326E+00  0286 007003 1 00000405 00000388 000 359 43063.5355413889
24.11.2017 12:51:13 +00.03345E+00  0015 007044 1 00000406 00000406 000 359 43063.5355701042
24.11.2017 12:51:13 +00.03345E+00  0029 007044 1 00000407 00000406 000 359 43063.5355742593
24.11.2017 12:51:13 +00.03346E+00  0050 007044 1 00000408 00000406 000 374 43063.535578588
24.11.2017 12:51:14 +00.03346E+00  0065 007044 1 00000409 00000406 000 359 43063.5355827431
24.11.2017 12:51:14 +00.03346E+00  0076 007044 1 00000410 00000406 000 359 43063.5355868981
24.11.2017 12:51:15 +00.03345E+00  0098 007044 1 00000411 00000406 000 405 43063.5355915856
24.11.2017 12:51:15 +00.03345E+00  0117 007044 1 00000412 00000406 000 359 43063.5355957407
24.11.2017 12:51:15 +00.03345E+00  0130 007044 1 00000413 00000406 000 359 43063.5355998958
24.11.2017 12:51:16 +00.03345E+00  0150 007044 1 00000414 00000406 000 406 43063.5356045833
24.11.2017 12:51:16 +00.03345E+00  0169 007044 1 00000415 00000406 000 358 43063.5356087384
24.11.2017 12:51:16 +00.03345E+00  0182 007044 1 00000416 00000406 000 359 43063.5356128935
24.11.2017 12:51:17 +00.03346E+00  0194 007044 1 00000417 00000406 000 406 43063.5356175926
24.11.2017 12:51:17 +00.03345E+00  0209 007044 1 00000418 00000406 000 359 43063.5356217361
24.11.2017 12:51:18 +00.03345E+00  0220 007044 1 00000419 00000406 000 358 43063.5356258912
24.11.2017 12:51:18 +00.03346E+00  0233 007044 1 00000420 00000406 000 406 43063.5356305903
24.11.2017 12:51:18 +00.03345E+00  0249 007044 1 00000421 00000406 000 359 43063.5356347454
24.11.2017 12:51:19 +00.03345E+00  0260 007044 1 00000422 00000406 000 359 43063.5356388889
24.11.2017 12:51:21 +00.03351E+00  0017 007056 1 00000423 00000423 000 359 43063.5356676042
24.11.2017 12:51:22 +00.03351E+00  0039 007056 1 00000424 00000423 000 359 43063.5356717593
24.11.2017 12:51:22 +00.03351E+00  0054 007056 1 00000425 00000423 000 374 43063.535676088
24.11.2017 12:51:22 +00.03351E+00  0070 007056 1 00000426 00000423 000 359 43063.5356802431
24.11.2017 12:51:23 +00.03351E+00  0085 007056 1 00000427 00000423 000 359 43063.5356843981
24.11.2017 12:51:23 +00.03351E+00  0101 007056 1 00000428 00000423 000 405 43063.5356890856
24.11.2017 12:51:23 +00.03351E+00  0109 007056 1 00000429 00000423 000 359 43063.5356932407
24.11.2017 12:51:24 +00.03351E+00  0121 007056 1 00000430 00000423 000 359 43063.5356973958
24.11.2017 12:51:24 +00.03351E+00  0139 007056 1 00000431 00000423 000 406 43063.5357020833
24.11.2017 12:51:25 +00.03351E+00  0155 007056 1 00000432 00000423 000 358 43063.5357062384
24.11.2017 12:51:25 +00.03351E+00  0164 007056 1 00000433 00000423 000 359 43063.5357103935
24.11.2017 12:51:25 +00.03351E+00  0180 007056 1 00000434 00000423 000 406 43063.5357150926
24.11.2017 12:51:26 +00.03351E+00  0197 007056 1 00000435 00000423 000 359 43063.5357192361
24.11.2017 12:51:26 +00.03351E+00  0215 007056 1 00000436 00000423 000 358 43063.5357233912
24.11.2017 12:51:26 +00.03351E+00  0230 007056 1 00000437 00000423 000 406 43063.5357280903
24.11.2017 12:51:27 +00.03351E+00  0250 007056 1 00000438 00000423 000 359 43063.5357322454
24.11.2017 12:51:27 +00.03351E+00  0267 007056 1 00000439 00000423 000 359 43063.5357363889
24.11.2017 12:51:28 +00.03351E+00  0284 007056 1 00000440 00000423 000 421 43063.5357412731
24.11.2017 12:51:30 +00.03361E+00  0015 007078 1 00000441 00000441 000 358 43063.5357685301
24.11.2017 12:51:30 +00.03361E+00  0032 007078 1 00000442 00000441 000 359 43063.5357726852
24.11.2017 12:51:31 +00.03362E+00  0046 007078 1 00000443 00000441 000 375 43063.5357770139
24.11.2017 12:51:31 +00.03362E+00  0062 007078 1 00000444 00000441 000 358 43063.535781169
24.11.2017 12:51:31 +00.03362E+00  0072 007078 1 00000445 00000441 000 359 43063.5357853241
24.11.2017 12:51:32 +00.03362E+00  0086 007078 1 00000446 00000441 000 406 43063.5357900231
24.11.2017 12:51:32 +00.03361E+00  0106 007078 1 00000447 00000441 000 359 43063.5357941667
24.11.2017 12:51:32 +00.03362E+00  0118 007078 1 00000448 00000441 000 358 43063.5357983218
24.11.2017 12:51:33 +00.03362E+00  0135 007078 1 00000449 00000441 000 406 43063.5358030208
24.11.2017 12:51:33 +00.03362E+00  0144 007078 1 00000450 00000441 000 359 43063.5358071759
24.11.2017 12:51:34 +00.03361E+00  0165 007078 1 00000451 00000441 000 359 43063.5358113194
24.11.2017 12:51:34 +00.03362E+00  0176 007078 1 00000452 00000441 000 405 43063.5358160185
24.11.2017 12:51:34 +00.03362E+00  0191 007078 1 00000453 00000441 000 359 43063.5358201736
24.11.2017 12:51:35 +00.03362E+00  0208 007078 1 00000454 00000441 000 359 43063.5358243287
24.11.2017 12:51:35 +00.03362E+00  0216 007078 1 00000455 00000441 000 405 43063.5358290162
24.11.2017 12:51:35 +00.03362E+00  0238 007078 1 00000456 00000441 000 359 43063.5358331713
24.11.2017 12:51:36 +00.03362E+00  0253 007078 1 00000457 00000441 000 359 43063.5358373264
24.11.2017 12:51:36 +00.03361E+00  0274 007078 1 00000458 00000441 000 406 43063.5358420139
24.11.2017 12:51:39 +00.03373E+00  0016 007102 1 00000459 00000459 000 359 43063.5358692824
24.11.2017 12:51:39 +00.03373E+00  0032 007102 1 00000460 00000459 000 359 43063.5358734375
24.11.2017 12:51:39 +00.03373E+00  0047 007102 1 00000461 00000459 000 374 43063.5358777662
24.11.2017 12:51:40 +00.03373E+00  0064 007102 1 00000462 00000459 000 359 43063.5358819213
24.11.2017 12:51:40 +00.03373E+00  0085 007102 1 00000463 00000459 000 359 43063.5358860764
24.11.2017 12:51:40 +00.03373E+00  0100 007102 1 00000464 00000459 000 406 43063.5358907639
24.11.2017 12:51:41 +00.03373E+00  0113 007102 1 00000465 00000459 000 358 43063.535894919
24.11.2017 12:51:41 +00.03373E+00  0128 007102 1 00000466 00000459 000 359 43063.5358990741
24.11.2017 12:51:42 +00.03373E+00  0145 007102 1 00000467 00000459 000 406 43063.5359037731
24.11.2017 12:51:42 +00.03373E+00  0165 007102 1 00000468 00000459 000 359 43063.5359079167
24.11.2017 12:51:42 +00.03373E+00  0183 007102 1 00000469 00000459 000 358 43063.5359120718
24.11.2017 12:51:43 +00.03373E+00  0194 007102 1 00000470 00000459 000 406 43063.5359167708
24.11.2017 12:51:43 +00.03373E+00  0215 007102 1 00000471 00000459 000 359 43063.5359209259
24.11.2017 12:51:43 +00.03373E+00  0230 007102 1 00000472 00000459 000 359 43063.5359250694
24.11.2017 12:51:44 +00.03373E+00  0243 007102 1 00000473 00000459 000 405 43063.5359297685
24.11.2017 12:51:44 +00.03373E+00  0261 007102 1 00000474 00000459 000 359 43063.5359339236
24.11.2017 12:51:45 +00.03373E+00  0268 007102 1 00000475 00000459 000 359 43063.5359380787