
25.11.2017 08:43:11 0.160006 0.000016   08121 33605 00000001 000174 000004 43064.3633307755
25.11.2017 08:44:17 0.160100 0.000002   02545 33625 00000001 000346 000174 43064.364090081
25.11.2017 08:45:23 0.160199 0.000006   02685 33645 00000001 000519 000346 43064.3648533449
25.11.2017 08:46:28 0.160299 0.000005   02515 33666 00000001 000690 000519 43064.3656059838
25.11.2017 08:47:33 0.160400 0.000004   02424 33689 00000001 000861 000690 43064.3663615394
25.11.2017 08:48:39 0.160500 0.000001   02528 33709 00000001 001033 000861 43064.3671197801
25.11.2017 08:49:44 0.160600 0.000001   02605 33731 00000001 001206 001033 43064.3678790741
25.11.2017 08:50:50 0.160699 0.000003   02557 33751 00000001 001378 001206 43064.3686378704
25.11.2017 08:51:56 0.160799 0.000005   02542 33773 00000001 001551 001378 43064.3693992245
25.11.2017 08:53:01 0.160899 0.000003   02554 33793 00000001 001724 001551 43064.3701614699
25.11.2017 08:54:07 0.160999 0.000006   02499 33813 00000001 001897 001724 43064.3709234838
25.11.2017 08:55:13 0.161099 0.000003   02627 33835 00000001 002071 001897 43064.3716874537
25.11.2017 08:57:22 0.170000 0.000002   04965 35703 00000001 002413 002071 43064.3731828241
25.11.2017 08:59:28 0.170100 0.000005   05066 35723 00000001 002756 002413 43064.3746326968
25.11.2017 09:01:33 0.170200 0.000001   05042 35745 00000001 003099 002756 43064.3760851505
25.11.2017 09:03:39 0.170298 0.000005   05087 35767 00000001 003443 003099 43064.3775427083
25.11.2017 09:05:44 0.170400 0.000002   05086 35787 00000001 003785 003443 43064.3789909491