
24.11.2017 17:33:48 +00.03596E+00  0010 007568 1 00000002 00000004 000 130 43063.7318151852
24.11.2017 17:33:49 +00.03595E+00  0029 007568 1 00000003 00000004 000 401 43063.7318198264
24.11.2017 17:33:49 +00.03595E+00  0050 007568 1 00000004 00000004 000 342 43063.7318237847
24.11.2017 17:33:49 +00.03595E+00  0069 007568 1 00000005 00000004 000 343 43063.7318277546
24.11.2017 17:33:50 +00.03595E+00  0083 007568 1 00000006 00000004 000 343 43063.7318317245
24.11.2017 17:33:50 +00.03595E+00  0099 007568 1 00000007 00000004 000 376 43063.7318360764
24.11.2017 17:33:50 +00.03595E+00  0108 007568 1 00000008 00000004 000 341 43063.7318400231
24.11.2017 17:33:51 +00.03595E+00  0128 007568 1 00000009 00000004 000 343 43063.7318439931
24.11.2017 17:33:51 +00.03595E+00  0141 007568 1 00000010 00000004 000 342 43063.731847963
24.11.2017 17:33:52 +00.03595E+00  0152 007568 1 00000011 00000004 000 377 43063.731852338
24.11.2017 17:33:52 +00.03595E+00  0162 007568 1 00000012 00000004 000 340 43063.7318562731
24.11.2017 17:33:52 +00.03595E+00  0172 007568 1 00000013 00000004 000 343 43063.7318602431
24.11.2017 17:33:53 +00.03595E+00  0189 007568 1 00000014 00000004 000 343 43063.731864213
24.11.2017 17:33:53 +00.03595E+00  0200 007568 1 00000015 00000004 000 378 43063.731868588
24.11.2017 17:33:53 +00.03595E+00  0216 007568 1 00000016 00000004 000 340 43063.7318725231
24.11.2017 17:33:54 +00.03596E+00  0229 007578 1 00000017 00000004 000 342 43063.7318764931
24.11.2017 17:33:54 +00.03598E+00  0242 007578 1 00000018 00000004 000 343 43063.731880463
24.11.2017 17:33:57 +00.03639E+00  0014 007663 1 00000019 00000019 000 377 43063.7319108681
24.11.2017 17:33:57 +00.03640E+00  0028 007663 1 00000020 00000019 000 340 43063.7319148148
24.11.2017 17:33:57 +00.03640E+00  0044 007663 1 00000021 00000019 000 342 43063.7319187731
24.11.2017 17:33:58 +00.03640E+00  0056 007663 1 00000022 00000019 000 342 43063.7319227431
24.11.2017 17:33:58 +00.03640E+00  0070 007663 1 00000023 00000019 000 379 43063.7319271296
24.11.2017 17:33:58 +00.03640E+00  0084 007663 1 00000024 00000019 000 340 43063.7319310648
24.11.2017 17:33:59 +00.03640E+00  0094 007663 1 00000025 00000019 000 342 43063.7319350231
24.11.2017 17:33:59 +00.03640E+00  0112 007663 1 00000026 00000019 000 343 43063.7319389931
24.11.2017 17:33:59 +00.03641E+00  0127 007663 1 00000027 00000019 000 381 43063.7319434028
24.11.2017 17:34:00 +00.03640E+00  0145 007663 1 00000028 00000019 000 342 43063.7319473727
24.11.2017 17:34:00 +00.03640E+00  0165 007663 1 00000029 00000019 000 343 43063.7319513426
24.11.2017 17:34:00 +00.03640E+00  0181 007663 1 00000030 00000019 000 342 43063.7319553125
24.11.2017 17:34:01 +00.03640E+00  0193 007663 1 00000031 00000019 000 376 43063.7319596644
24.11.2017 17:34:01 +00.03641E+00  0203 007663 1 00000032 00000019 000 342 43063.7319636227
24.11.2017 17:34:02 +00.03640E+00  0216 007640 1 00000033 00000019 000 343 43063.7319675926
24.11.2017 17:34:02 +00.03638E+00  0227 007640 1 00000034 00000019 000 343 43063.7319715625
24.11.2017 17:34:02 +00.03632E+00  0240 007640 1 00000035 00000019 000 377 43063.7319759259
24.11.2017 17:34:05 +00.03664E+00  0021 007714 1 00000036 00000036 000 343 43063.7320061227
24.11.2017 17:34:05 +00.03664E+00  0040 007714 1 00000037 00000036 000 343 43063.7320100926
24.11.2017 17:34:06 +00.03665E+00  0051 007714 1 00000038 00000036 000 420 43063.7320149537
24.11.2017 17:34:06 +00.03665E+00  0062 007714 1 00000039 00000036 000 342 43063.732018912
24.11.2017 17:34:06 +00.03665E+00  0079 007714 1 00000040 00000036 000 343 43063.7320228819
24.11.2017 17:34:07 +00.03665E+00  0093 007714 1 00000041 00000036 000 343 43063.7320268519
24.11.2017 17:34:07 +00.03665E+00  0109 007714 1 00000042 00000036 000 377 43063.7320312153
24.11.2017 17:34:07 +00.03665E+00  0121 007714 1 00000043 00000036 000 341 43063.732035162
24.11.2017 17:34:08 +00.03665E+00  0132 007714 1 00000044 00000036 000 343 43063.7320391319
24.11.2017 17:34:08 +00.03665E+00  0148 007714 1 00000045 00000036 000 343 43063.7320431019
24.11.2017 17:34:08 +00.03665E+00  0165 007714 1 00000046 00000036 000 378 43063.7320474768
24.11.2017 17:34:09 +00.03665E+00  0184 007714 1 00000047 00000036 000 340 43063.732051412
24.11.2017 17:34:09 +00.03665E+00  0202 007714 1 00000048 00000036 000 342 43063.7320553704
24.11.2017 17:34:09 +00.03665E+00  0218 007714 1 00000049 00000036 000 343 43063.7320593519
24.11.2017 17:34:10 +00.03664E+00  0230 007704 1 00000050 00000036 000 378 43063.7320637268
24.11.2017 17:34:10 +00.03662E+00  0241 007704 1 00000051 00000036 000 345 43063.7320677315
24.11.2017 17:34:10 +00.03661E+00  0253 007704 1 00000052 00000036 000 343 43063.7320717014
24.11.2017 17:34:13 +00.03693E+00  0007 007776 1 00000053 00000053 000 342 43063.7320971991
24.11.2017 17:34:13 +00.03694E+00  0022 007776 1 00000054 00000053 000 343 43063.7321011806
24.11.2017 17:34:13 +00.03694E+00  0038 007776 1 00000055 00000053 000 418 43063.7321060185
24.11.2017 17:34:14 +00.03694E+00  0057 007776 1 00000056 00000053 000 343 43063.7321099884
24.11.2017 17:34:14 +00.03694E+00  0075 007776 1 00000057 00000053 000 342 43063.7321139583
24.11.2017 17:34:14 +00.03694E+00  0089 007776 1 00000058 00000053 000 343 43063.7321179398
24.11.2017 17:34:15 +00.03694E+00  0109 007776 1 00000059 00000053 000 375 43063.7321222801
24.11.2017 17:34:15 +00.03695E+00  0123 007776 1 00000060 00000053 000 342 43063.7321262384
24.11.2017 17:34:16 +00.03695E+00  0138 007776 1 00000061 00000053 000 343 43063.7321302083
24.11.2017 17:34:16 +00.03694E+00  0148 007776 1 00000062 00000053 000 343 43063.7321341898
24.11.2017 17:34:16 +00.03694E+00  0162 007776 1 00000063 00000053 000 376 43063.7321385417
24.11.2017 17:34:17 +00.03694E+00  0166 007776 1 00000064 00000053 000 340 43063.7321424884
24.11.2017 17:34:17 +00.03694E+00  0183 007776 1 00000065 00000053 000 342 43063.7321464583
24.11.2017 17:34:17 +00.03694E+00  0199 007776 1 00000066 00000053 000 343 43063.7321504282
24.11.2017 17:34:18 +00.03695E+00  0218 007776 1 00000067 00000053 000 378 43063.7321548032
24.11.2017 17:34:18 +00.03693E+00  0236 007766 1 00000068 00000053 000 340 43063.7321587384
24.11.2017 17:34:18 +00.03691E+00  0245 007766 1 00000069 00000053 000 343 43063.7321627083
24.11.2017 17:34:19 +00.03691E+00  0258 007766 1 00000070 00000053 000 343 43063.7321666782
24.11.2017 17:34:21 +00.03726E+00  0011 007846 1 00000071 00000071 000 342 43063.7321924769
24.11.2017 17:34:21 +00.03727E+00  0027 007846 1 00000072 00000071 000 398 43063.7321970833
24.11.2017 17:34:22 +00.03727E+00  0047 007846 1 00000073 00000071 000 340 43063.7322010185
24.11.2017 17:34:22 +00.03727E+00  0062 007846 1 00000074 00000071 000 341 43063.7322049769
24.11.2017 17:34:22 +00.03728E+00  0078 007846 1 00000075 00000071 000 343 43063.7322089468
24.11.2017 17:34:23 +00.03728E+00  0091 007846 1 00000076 00000071 000 380 43063.7322133449
24.11.2017 17:34:23 +00.03728E+00  0105 007846 1 00000077 00000071 000 344 43063.7322173264
24.11.2017 17:34:23 +00.03728E+00  0122 007846 1 00000078 00000071 000 343 43063.7322212963
24.11.2017 17:34:24 +00.03728E+00  0136 007846 1 00000079 00000071 000 343 43063.7322252662
24.11.2017 17:34:24 +00.03728E+00  0144 007846 1 00000080 00000071 000 375 43063.7322296065
24.11.2017 17:34:24 +00.03727E+00  0159 007846 1 00000081 00000071 000 343 43063.7322335764
24.11.2017 17:34:25 +00.03728E+00  0173 007846 1 00000082 00000071 000 343 43063.7322375463
24.11.2017 17:34:25 +00.03728E+00  0193 007846 1 00000083 00000071 000 343 43063.7322415162
24.11.2017 17:34:26 +00.03727E+00  0207 007846 1 00000084 00000071 000 376 43063.7322458681
24.11.2017 17:34:26 +00.03728E+00  0230 007832 1 00000085 00000071 000 341 43063.7322498148
24.11.2017 17:34:26 +00.03725E+00  0243 007832 1 00000086 00000071 000 342 43063.7322537847
24.11.2017 17:34:27 +00.03723E+00  0256 007832 1 00000087 00000071 000 343 43063.7322577662