
06.05.2017 06:24:17 +0.717683E+00  0000 009487 1 00000002 00000004 000 332 42861.2668662963
06.05.2017 06:24:17 +0.717684E+00  0002 009487 1 00000003 00000004 000 408 42861.2668710301
06.05.2017 06:24:17 +0.717684E+00  0003 009487 1 00000004 00000004 000 333 42861.2668748958
06.05.2017 06:24:18 +0.717684E+00  0003 009487 1 00000005 00000004 000 331 42861.2668787384
06.05.2017 06:24:18 +0.717684E+00  0005 009487 1 00000006 00000004 000 335 42861.2668826273
06.05.2017 06:24:19 +0.717680E+00  0005 009487 1 00000007 00000004 000 402 42861.2668872801
06.05.2017 06:24:19 +0.717682E+00  0007 009487 1 00000008 00000004 000 331 42861.2668911227
06.05.2017 06:24:19 +0.717685E+00  0007 009487 1 00000009 00000004 000 332 42861.2668949768
06.05.2017 06:24:20 +0.717684E+00  0008 009487 1 00000010 00000004 000 336 42861.2668988657
06.05.2017 06:24:20 +0.717685E+00  0008 009487 1 00000011 00000004 000 403 42861.2669035301
06.05.2017 06:24:20 +0.717687E+00  0008 009487 1 00000012 00000004 000 332 42861.2669073843
06.05.2017 06:24:21 +0.717688E+00  0008 009487 1 00000013 00000004 000 330 42861.2669112037
06.05.2017 06:24:21 +0.717686E+00  0008 009487 1 00000014 00000004 000 333 42861.2669150694
06.05.2017 06:24:21 +0.717684E+00  0008 009487 1 00000015 00000004 000 407 42861.2669198032
06.05.2017 06:24:22 +0.717685E+00  0008 009487 1 00000016 00000004 000 331 42861.2669236458
06.05.2017 06:24:22 +0.717686E+00  0008 009487 1 00000017 00000004 000 331 42861.2669274768
06.05.2017 06:24:22 +0.717687E+00  0009 009487 1 00000018 00000004 000 335 42861.2669313542
06.05.2017 06:24:23 +0.717686E+00  0009 009487 1 00000019 00000004 000 406 42861.2669360648
06.05.2017 06:24:27 +0.717777E+00  0000 009488 1 00000020 00000020 000 382 42861.266988125
06.05.2017 06:24:28 +0.717776E+00  0001 009488 1 00000021 00000020 000 334 42861.2669920023
06.05.2017 06:24:28 +0.717775E+00  0001 009488 1 00000022 00000020 000 334 42861.2669958565
06.05.2017 06:24:28 +0.717776E+00  0002 009488 1 00000023 00000020 000 336 42861.2669997569
06.05.2017 06:24:29 +0.717772E+00  0004 009488 1 00000024 00000020 000 398 42861.2670043634
06.05.2017 06:24:29 +0.717773E+00  0007 009488 1 00000025 00000020 000 336 42861.2670082639
06.05.2017 06:24:29 +0.717773E+00  0007 009488 1 00000026 00000020 000 337 42861.2670121759
06.05.2017 06:24:30 +0.717774E+00  0007 009488 1 00000027 00000020 000 334 42861.2670160532
06.05.2017 06:24:30 +0.717771E+00  0007 009488 1 00000028 00000020 000 396 42861.2670206366
06.05.2017 06:24:30 +0.717771E+00  0007 009488 1 00000029 00000020 000 335 42861.2670245139
06.05.2017 06:24:31 +0.717770E+00  0009 009488 1 00000030 00000020 000 336 42861.2670284144
06.05.2017 06:24:31 +0.717771E+00  0009 009488 1 00000031 00000020 000 339 42861.267032338
06.05.2017 06:24:31 +0.717769E+00  0009 009488 1 00000032 00000020 000 393 42861.2670368981
06.05.2017 06:24:32 +0.717772E+00  0010 009488 1 00000033 00000020 000 335 42861.267040787
06.05.2017 06:24:32 +0.717773E+00  0010 009488 1 00000034 00000020 000 339 42861.2670447222
06.05.2017 06:24:32 +0.717773E+00  0010 009488 1 00000035 00000020 000 334 42861.267048588
06.05.2017 06:24:33 +0.717772E+00  0010 009488 1 00000036 00000020 000 397 42861.2670531713
06.05.2017 06:24:33 +0.717774E+00  0012 009488 1 00000037 00000020 000 335 42861.2670570486
06.05.2017 06:24:38 +0.717834E+00  0000 009489 1 00000038 00000038 000 333 42861.2671135301
06.05.2017 06:24:39 +0.717832E+00  0000 009489 1 00000039 00000038 000 404 42861.267118206
06.05.2017 06:24:39 +0.717831E+00  0002 009489 1 00000040 00000038 000 331 42861.267122037
06.05.2017 06:24:39 +0.717831E+00  0002 009489 1 00000041 00000038 000 332 42861.2671258796
06.05.2017 06:24:40 +0.717832E+00  0003 009489 1 00000042 00000038 000 338 42861.2671297917
06.05.2017 06:24:40 +0.717836E+00  0003 009489 1 00000043 00000038 000 404 42861.2671344676
06.05.2017 06:24:40 +0.717833E+00  0003 009489 1 00000044 00000038 000 333 42861.2671383218
06.05.2017 06:24:41 +0.717831E+00  0003 009489 1 00000045 00000038 000 336 42861.2671422107
06.05.2017 06:24:41 +0.717834E+00  0003 009489 1 00000046 00000038 000 340 42861.2671461458
06.05.2017 06:24:41 +0.717838E+00  0003 009489 1 00000047 00000038 000 395 42861.2671507407
06.05.2017 06:24:42 +0.717837E+00  0003 009489 1 00000048 00000038 000 337 42861.2671546412
06.05.2017 06:24:42 +0.717831E+00  0003 009489 1 00000049 00000038 000 336 42861.2671585417
06.05.2017 06:24:42 +0.717914E+00  0003 009489 1 00000050 00000038 000 338 42861.2671624537
06.05.2017 06:24:43 +0.718084E+00  0003 009489 1 00000051 00000038 000 393 42861.2671670023
06.05.2017 06:24:43 +0.717976E+00  0003 009489 1 00000052 00000038 000 337 42861.2671709259
06.05.2017 06:24:43 +0.717914E+00  0004 009489 1 00000053 00000038 000 333 42861.2671747917
06.05.2017 06:24:44 +0.717874E+00  0004 009489 1 00000054 00000038 000 336 42861.2671786806
06.05.2017 06:24:44 +0.717843E+00  0004 009489 1 00000055 00000038 000 396 42861.2671832639
06.05.2017 06:24:44 +0.717838E+00  0006 009489 1 00000056 00000038 000 332 42861.2671871065
06.05.2017 06:24:49 +0.717927E+00  0002 009490 1 00000057 00000057 000 332 42861.2672426968
06.05.2017 06:24:50 +0.717930E+00  0002 009490 1 00000058 00000057 000 336 42861.2672465972
06.05.2017 06:24:50 +0.717928E+00  0003 009490 1 00000059 00000057 000 336 42861.2672504977
06.05.2017 06:24:50 +0.717922E+00  0004 009490 1 00000060 00000057 000 374 42861.2672548148
06.05.2017 06:24:51 +0.717919E+00  0005 009490 1 00000061 00000057 000 332 42861.2672586574
06.05.2017 06:24:51 +0.717915E+00  0006 009490 1 00000062 00000057 000 332 42861.2672625
06.05.2017 06:24:51 +0.717916E+00  0006 009490 1 00000063 00000057 000 335 42861.2672663889
06.05.2017 06:24:52 +0.717917E+00  0006 009490 1 00000064 00000057 000 405 42861.2672710764
06.05.2017 06:24:52 +0.717918E+00  0007 009490 1 00000065 00000057 000 336 42861.2672749769
06.05.2017 06:24:52 +0.717920E+00  0007 009490 1 00000066 00000057 000 335 42861.2672788657
06.05.2017 06:24:53 +0.717919E+00  0008 009490 1 00000067 00000057 000 335 42861.2672827431
06.05.2017 06:24:53 +0.717922E+00  0008 009490 1 00000068 00000057 000 395 42861.2672873264
06.05.2017 06:24:53 +0.717921E+00  0008 009490 1 00000069 00000057 000 338 42861.2672912384
06.05.2017 06:24:54 +0.717920E+00  0008 009490 1 00000070 00000057 000 339 42861.267295162
06.05.2017 06:24:54 +0.717919E+00  0008 009490 1 00000071 00000057 000 336 42861.2672990625
06.05.2017 06:24:55 +0.717916E+00  0009 009490 1 00000072 00000057 000 390 42861.267303588
06.05.2017 06:24:55 +0.717917E+00  0009 009490 1 00000073 00000057 000 338 42861.2673075
06.05.2017 06:24:55 +0.717919E+00  0010 009490 1 00000074 00000057 000 333 42861.2673113657
06.05.2017 06:25:00 +0.717979E+00  0000 009491 1 00000075 00000075 000 332 42861.2673630093
06.05.2017 06:25:00 +0.717982E+00  0000 009491 1 00000076 00000075 000 336 42861.2673668982
06.05.2017 06:25:00 +0.717986E+00  0000 009491 1 00000077 00000075 000 338 42861.2673708102
06.05.2017 06:25:01 +0.717986E+00  0001 009491 1 00000078 00000075 000 375 42861.2673751505
06.05.2017 06:25:01 +0.717986E+00  0001 009491 1 00000079 00000075 000 333 42861.2673790046
06.05.2017 06:25:01 +0.717984E+00  0001 009491 1 00000080 00000075 000 331 42861.2673828472
06.05.2017 06:25:02 +0.717982E+00  0001 009491 1 00000081 00000075 000 338 42861.2673867593
06.05.2017 06:25:02 +0.717981E+00  0001 009491 1 00000082 00000075 000 407 42861.2673914815
06.05.2017 06:25:02 +0.717979E+00  0002 009491 1 00000083 00000075 000 335 42861.2673953472
06.05.2017 06:25:03 +0.717980E+00  0003 009491 1 00000084 00000075 000 335 42861.2673992245
06.05.2017 06:25:03 +0.717977E+00  0003 009491 1 00000085 00000075 000 331 42861.2674030671
06.05.2017 06:25:04 +0.717982E+00  0004 009491 1 00000086 00000075 000 410 42861.2674078241
06.05.2017 06:25:04 +0.717984E+00  0004 009491 1 00000087 00000075 000 333 42861.2674116782
06.05.2017 06:25:04 +0.717985E+00  0004 009491 1 00000088 00000075 000 338 42861.2674155903
06.05.2017 06:25:05 +0.717988E+00  0004 009491 1 00000089 00000075 000 336 42861.2674194792
06.05.2017 06:25:05 +0.717987E+00  0005 009491 1 00000090 00000075 000 384 42861.2674239236
06.05.2017 06:25:05 +0.717986E+00  0005 009491 1 00000091 00000075 000 337 42861.2674278241
06.05.2017 06:25:06 +0.717987E+00  0005 009491 1 00000092 00000075 000 334 42861.2674317014
06.05.2017 06:25:10 +0.718080E+00  0001 009492 1 00000093 00000093 000 334 42861.2674876042
06.05.2017 06:25:11 +0.718080E+00  0001 009492 1 00000094 00000093 000 398 42861.2674922338
06.05.2017 06:25:11 +0.718077E+00  0001 009492 1 00000095 00000093 000 334 42861.2674961111
06.05.2017 06:25:12 +0.718075E+00  0002 009492 1 00000096 00000093 000 336 42861.2675
06.05.2017 06:25:12 +0.718075E+00  0002 009492 1 00000097 00000093 000 349 42861.2675040394
06.05.2017 06:25:12 +0.718081E+00  0002 009492 1 00000098 00000093 000 384 42861.2675084954
06.05.2017 06:25:13 +0.718078E+00  0003 009492 1 00000099 00000093 000 335 42861.2675123727
06.05.2017 06:25:13 +0.718078E+00  0003 009492 1 00000100 00000093 000 335 42861.26751625
06.05.2017 06:25:13 +0.718079E+00  0005 009492 1 00000101 00000093 000 332 42861.2675200926
06.05.2017 06:25:14 +0.718076E+00  0005 009492 1 00000102 00000093 000 403 42861.2675247454
06.05.2017 06:25:14 +0.718077E+00  0008 009492 1 00000103 00000093 000 336 42861.2675286343
06.05.2017 06:25:14 +0.718079E+00  0008 009492 1 00000104 00000093 000 331 42861.2675324768
06.05.2017 06:25:15 +0.718080E+00  0009 009492 1 00000105 00000093 000 330 42861.2675362963
06.05.2017 06:25:15 +0.718082E+00  0009 009492 1 00000106 00000093 000 463 42861.2675416551
06.05.2017 06:25:15 +0.718080E+00  0009 009492 1 00000107 00000093 000 333 42861.2675455093
06.05.2017 06:25:16 +0.718081E+00  0009 009492 1 00000108 00000093 000 340 42861.2675494444
06.05.2017 06:25:16 +0.718077E+00  0010 009492 1 00000109 00000093 000 395 42861.2675540278
06.05.2017 06:25:21 +0.718143E+00  0000 009493 1 00000110 00000110 000 332 42861.2676102315
06.05.2017 06:25:21 +0.718143E+00  0000 009493 1 00000111 00000110 000 333 42861.2676141088
06.05.2017 06:25:22 +0.718147E+00  0001 009493 1 00000112 00000110 000 345 42861.2676181019
06.05.2017 06:25:22 +0.718146E+00  0001 009493 1 00000113 00000110 000 365 42861.2676223264
06.05.2017 06:25:22 +0.718143E+00  0002 009493 1 00000114 00000110 000 333 42861.2676261806
06.05.2017 06:25:23 +0.718145E+00  0002 009493 1 00000115 00000110 000 337 42861.267630081
06.05.2017 06:25:23 +0.718146E+00  0003 009493 1 00000116 00000110 000 337 42861.2676339815
06.05.2017 06:25:23 +0.718142E+00  0005 009493 1 00000117 00000110 000 398 42861.267638588
06.05.2017 06:25:24 +0.718144E+00  0007 009493 1 00000118 00000110 000 335 42861.2676424653
06.05.2017 06:25:24 +0.718144E+00  0008 009493 1 00000119 00000110 000 334 42861.2676463426
06.05.2017 06:25:24 +0.718146E+00  0010 009493 1 00000120 00000110 000 335 42861.2676502199
06.05.2017 06:25:25 +0.718144E+00  0010 009493 1 00000121 00000110 000 398 42861.267654838
06.05.2017 06:25:25 +0.718140E+00  0010 009493 1 00000122 00000110 000 335 42861.2676587153
06.05.2017 06:25:26 +0.718138E+00  0010 009493 1 00000123 00000110 000 334 42861.2676625926
06.05.2017 06:25:26 +0.718133E+00  0010 009493 1 00000124 00000110 000 340 42861.2676665278
06.05.2017 06:25:26 +0.718135E+00  0010 009493 1 00000125 00000110 000 395 42861.2676711111
06.05.2017 06:25:27 +0.718137E+00  0010 009493 1 00000126 00000110 000 335 42861.2676749884
06.05.2017 06:25:27 +0.718139E+00  0010 009493 1 00000127 00000110 000 335 42861.2676788657
06.05.2017 06:25:31 +0.718223E+00  0000 009494 1 00000128 00000128 000 334 42861.2677305903
06.05.2017 06:25:32 +0.718222E+00  0001 009494 1 00000129 00000128 000 333 42861.267734456
06.05.2017 06:25:32 +0.718223E+00  0001 009494 1 00000130 00000128 000 331 42861.267738287
06.05.2017 06:25:32 +0.718221E+00  0002 009494 1 00000131 00000128 000 377 42861.267742662
06.05.2017 06:25:33 +0.718221E+00  0003 009494 1 00000132 00000128 000 332 42861.2677465046
06.05.2017 06:25:33 +0.718220E+00  0003 009494 1 00000133 00000128 000 334 42861.2677503704
06.05.2017 06:25:33 +0.718219E+00  0003 009494 1 00000134 00000128 000 337 42861.2677542708
06.05.2017 06:25:34 +0.718222E+00  0003 009494 1 00000135 00000128 000 403 42861.2677589468
06.05.2017 06:25:34 +0.718224E+00  0003 009494 1 00000136 00000128 000 340 42861.2677628819
06.05.2017 06:25:35 +0.718226E+00  0004 009494 1 00000137 00000128 000 335 42861.2677667593
06.05.2017 06:25:35 +0.718227E+00  0004 009494 1 00000138 00000128 000 341 42861.267770706
06.05.2017 06:25:35 +0.718223E+00  0005 009494 1 00000139 00000128 000 385 42861.2677751852
06.05.2017 06:25:36 +0.718223E+00  0005 009494 1 00000140 00000128 000 332 42861.2677790394
06.05.2017 06:25:36 +0.718222E+00  0005 009494 1 00000141 00000128 000 335 42861.2677829167
06.05.2017 06:25:36 +0.718220E+00  0005 009494 1 00000142 00000128 000 333 42861.2677867708
06.05.2017 06:25:37 +0.718229E+00  0005 009494 1 00000143 00000128 000 405 42861.2677914583
06.05.2017 06:25:37 +0.718225E+00  0007 009494 1 00000144 00000128 000 336 42861.2677953588
06.05.2017 06:25:37 +0.718223E+00  0007 009494 1 00000145 00000128 000 334 42861.2677992361
06.05.2017 06:25:38 +0.718227E+00  0007 009494 1 00000146 00000128 000 332 42861.2678030787
06.05.2017 06:25:43 +0.718286E+00  0000 009495 1 00000147 00000147 000 378 42861.2678597569
06.05.2017 06:25:43 +0.718287E+00  0000 009495 1 00000148 00000147 000 335 42861.2678636343
06.05.2017 06:25:43 +0.718288E+00  0001 009495 1 00000149 00000147 000 337 42861.2678675347
06.05.2017 06:25:44 +0.718287E+00  0001 009495 1 00000150 00000147 000 335 42861.267871412
06.05.2017 06:25:44 +0.718291E+00  0001 009495 1 00000151 00000147 000 411 42861.267876169
06.05.2017 06:25:44 +0.718292E+00  0003 009495 1 00000152 00000147 000 335 42861.2678800579
06.05.2017 06:25:45 +0.718292E+00  0003 009495 1 00000153 00000147 000 334 42861.2678839236
06.05.2017 06:25:45 +0.718294E+00  0004 009495 1 00000154 00000147 000 337 42861.2678878356
06.05.2017 06:25:45 +0.718291E+00  0005 009495 1 00000155 00000147 000 383 42861.2678922685
06.05.2017 06:25:46 +0.718293E+00  0005 009495 1 00000156 00000147 000 331 42861.2678960995
06.05.2017 06:25:46 +0.718292E+00  0005 009495 1 00000157 00000147 000 334 42861.2678999769
06.05.2017 06:25:46 +0.718295E+00  0007 009495 1 00000158 00000147 000 334 42861.2679038542
06.05.2017 06:25:47 +0.718297E+00  0008 009495 1 00000159 00000147 000 405 42861.2679085417
06.05.2017 06:25:47 +0.718296E+00  0009 009495 1 00000160 00000147 000 338 42861.2679124537
06.05.2017 06:25:47 +0.718298E+00  0009 009495 1 00000161 00000147 000 338 42861.2679163657
06.05.2017 06:25:48 +0.718298E+00  0009 009495 1 00000162 00000147 000 331 42861.2679201968
06.05.2017 06:25:48 +0.718298E+00  0009 009495 1 00000163 00000147 000 397 42861.2679248148
06.05.2017 06:25:49 +0.718299E+00  0010 009495 1 00000164 00000147 000 334 42861.2679286806
06.05.2017 06:25:53 +0.718392E+00  0000 009496 1 00000165 00000165 000 332 42861.2679810185
06.05.2017 06:25:53 +0.718394E+00  0000 009496 1 00000166 00000165 000 331 42861.2679848495
06.05.2017 06:25:54 +0.718391E+00  0001 009496 1 00000167 00000165 000 337 42861.26798875
06.05.2017 06:25:54 +0.718385E+00  0001 009496 1 00000168 00000165 000 375 42861.2679931019
06.05.2017 06:25:54 +0.718386E+00  0002 009496 1 00000169 00000165 000 335 42861.2679969792
06.05.2017 06:25:55 +0.718389E+00  0002 009496 1 00000170 00000165 000 333 42861.2680008333
06.05.2017 06:25:55 +0.718390E+00  0005 009496 1 00000171 00000165 000 333 42861.2680046991
06.05.2017 06:25:56 +0.718390E+00  0006 009496 1 00000172 00000165 000 403 42861.2680093634
06.05.2017 06:25:56 +0.718389E+00  0006 009496 1 00000173 00000165 000 334 42861.2680132292
06.05.2017 06:25:56 +0.718393E+00  0007 009496 1 00000174 00000165 000 338 42861.2680171412
06.05.2017 06:25:57 +0.718391E+00  0007 009496 1 00000175 00000165 000 468 42861.2680225579
06.05.2017 06:25:57 +0.718392E+00  0009 009496 1 00000176 00000165 000 336 42861.2680264583
06.05.2017 06:25:57 +0.718388E+00  0010 009496 1 00000177 00000165 000 338 42861.2680303704
06.05.2017 06:25:58 +0.718387E+00  0012 009496 1 00000178 00000165 000 338 42861.268034294
06.05.2017 06:25:58 +0.718389E+00  0012 009496 1 00000179 00000165 000 376 42861.2680386458
06.05.2017 06:25:58 +0.718394E+00  0014 009496 1 00000180 00000165 000 331 42861.2680424769
06.05.2017 06:25:59 +0.718393E+00  0014 009496 1 00000181 00000165 000 336 42861.2680463773
06.05.2017 06:25:59 +0.718394E+00  0014 009496 1 00000182 00000165 000 337 42861.2680502662
06.05.2017 06:25:59 +0.718394E+00  0014 009496 1 00000183 00000165 000 400 42861.2680549074
06.05.2017 06:26:04 +0.718456E+00  0001 009497 1 00000184 00000184 000 333 42861.2681110648
06.05.2017 06:26:05 +0.718456E+00  0001 009497 1 00000185 00000184 000 333 42861.2681149306
06.05.2017 06:26:05 +0.718457E+00  0001 009497 1 00000186 00000184 000 335 42861.2681188194
06.05.2017 06:26:05 +0.718455E+00  0001 009497 1 00000187 00000184 000 378 42861.2681231944
06.05.2017 06:26:06 +0.718451E+00  0002 009497 1 00000188 00000184 000 334 42861.2681270718
06.05.2017 06:26:06 +0.718449E+00  0003 009497 1 00000189 00000184 000 336 42861.2681309722
06.05.2017 06:26:06 +0.718450E+00  0003 009497 1 00000190 00000184 000 337 42861.2681348727
06.05.2017 06:26:07 +0.718462E+00  0003 009497 1 00000191 00000184 000 395 42861.268139456
06.05.2017 06:26:07 +0.718456E+00  0004 009497 1 00000192 00000184 000 335 42861.2681433218
06.05.2017 06:26:07 +0.718457E+00  0005 009497 1 00000193 00000184 000 340 42861.2681472569
06.05.2017 06:26:08 +0.718455E+00  0006 009497 1 00000194 00000184 000 332 42861.2681510995
06.05.2017 06:26:08 +0.718457E+00  0007 009497 1 00000195 00000184 000 398 42861.2681557176
06.05.2017 06:26:08 +0.718455E+00  0007 009497 1 00000196 00000184 000 331 42861.2681595486
06.05.2017 06:26:09 +0.718456E+00  0007 009497 1 00000197 00000184 000 336 42861.2681634491
06.05.2017 06:26:09 +0.718454E+00  0008 009497 1 00000198 00000184 000 331 42861.2681672917
06.05.2017 06:26:10 +0.718452E+00  0008 009497 1 00000199 00000184 000 406 42861.2681719792
06.05.2017 06:26:10 +0.718453E+00  0008 009497 1 00000200 00000184 000 331 42861.2681758218
06.05.2017 06:26:10 +0.718455E+00  0009 009497 1 00000201 00000184 000 336 42861.2681797106
06.05.2017 06:26:15 +0.718536E+00  0000 009498 1 00000202 00000202 000 333 42861.2682355787
06.05.2017 06:26:15 +0.718535E+00  0000 009498 1 00000203 00000202 000 405 42861.2682402662
06.05.2017 06:26:16 +0.718535E+00  0000 009498 1 00000204 00000202 000 334 42861.2682441435