
24.11.2017 21:59:14 +00.03801E+00  0013 008000 1 00000002 00000004 000 308 43063.9161452199
24.11.2017 21:59:15 +00.03801E+00  0025 008000 1 00000003 00000004 000 343 43063.9161491898
24.11.2017 21:59:15 +00.03801E+00  0039 008000 1 00000004 00000004 000 422 43063.9161540741
24.11.2017 21:59:16 +00.03801E+00  0048 008000 1 00000005 00000004 000 340 43063.9161580093
24.11.2017 21:59:16 +00.03801E+00  0065 008000 1 00000006 00000004 000 342 43063.9161619792
24.11.2017 21:59:16 +00.03801E+00  0072 008000 1 00000007 00000004 000 343 43063.9161659491
24.11.2017 21:59:17 +00.03801E+00  0089 008000 1 00000008 00000004 000 379 43063.9161703357
24.11.2017 21:59:17 +00.03801E+00  0095 008000 1 00000009 00000004 000 344 43063.9161743287
24.11.2017 21:59:17 +00.03801E+00  0114 008000 1 00000010 00000004 000 342 43063.9161782986
24.11.2017 21:59:18 +00.03801E+00  0128 008000 1 00000011 00000004 000 343 43063.9161822801
24.11.2017 21:59:18 +00.03801E+00  0139 008000 1 00000012 00000004 000 372 43063.9161865857
24.11.2017 21:59:18 +00.03801E+00  0152 008000 1 00000013 00000004 000 344 43063.9161905787
24.11.2017 21:59:19 +00.03801E+00  0167 008000 1 00000014 00000004 000 343 43063.9161945486
24.11.2017 21:59:19 +00.03801E+00  0185 008000 1 00000015 00000004 000 343 43063.9161985185
24.11.2017 21:59:19 +00.03801E+00  0200 008000 1 00000016 00000004 000 375 43063.9162028588
24.11.2017 21:59:20 +00.03801E+00  0213 007998 1 00000017 00000004 000 343 43063.9162068287
24.11.2017 21:59:20 +00.03800E+00  0225 007998 1 00000018 00000004 000 343 43063.9162107986
24.11.2017 21:59:20 +00.03800E+00  0239 007998 1 00000019 00000004 000 343 43063.9162147685
24.11.2017 21:59:21 +00.03800E+00  0248 007998 1 00000020 00000004 000 376 43063.9162191204
24.11.2017 21:59:21 +00.03800E+00  0268 007998 1 00000021 00000004 000 341 43063.9162230671
24.11.2017 21:59:22 +00.03800E+00  0278 007998 1 00000022 00000004 000 343 43063.9162270486
24.11.2017 21:59:22 +00.03800E+00  0294 007998 1 00000023 00000004 000 342 43063.9162310185
24.11.2017 21:59:22 +00.03800E+00  0310 007998 1 00000024 00000004 000 377 43063.9162353819
24.11.2017 21:59:23 +00.03800E+00  0339 007998 1 00000025 00000004 000 340 43063.9162393171
24.11.2017 21:59:23 +00.03800E+00  0358 007998 1 00000026 00000004 000 342 43063.916243287
24.11.2017 21:59:23 +00.03800E+00  0368 007998 1 00000027 00000004 000 342 43063.9162472569
24.11.2017 21:59:24 +00.03800E+00  0381 007998 1 00000028 00000004 000 378 43063.9162516435
24.11.2017 21:59:24 +00.03800E+00  0396 007998 1 00000029 00000004 000 344 43063.9162556366
24.11.2017 21:59:24 +00.03800E+00  0412 007998 1 00000030 00000004 000 342 43063.9162596065
24.11.2017 21:59:25 +00.03800E+00  0425 007998 1 00000031 00000004 000 342 43063.9162635764
24.11.2017 21:59:25 +00.03800E+00  0431 007998 1 00000032 00000004 000 372 43063.9162678935
24.11.2017 21:59:25 +00.03800E+00  0449 007998 1 00000033 00000004 000 344 43063.9162718866
24.11.2017 21:59:26 +00.03800E+00  0467 007998 1 00000034 00000004 000 342 43063.9162758565
24.11.2017 21:59:26 +00.03800E+00  0478 007998 1 00000035 00000004 000 342 43063.9162798264
24.11.2017 21:59:26 +00.03800E+00  0495 007998 1 00000036 00000004 000 374 43063.9162841667
24.11.2017 21:59:27 +00.03800E+00  0513 007998 1 00000037 00000004 000 342 43063.9162881366
24.11.2017 21:59:27 +00.03800E+00  0527 007998 1 00000038 00000004 000 343 43063.9162921065
24.11.2017 21:59:27 +00.03800E+00  0541 007998 1 00000039 00000004 000 343 43063.9162960764
24.11.2017 21:59:28 +00.03800E+00  0553 007998 1 00000040 00000004 000 376 43063.9163004282
24.11.2017 21:59:28 +00.03800E+00  0571 007998 1 00000041 00000004 000 342 43063.9163043866
24.11.2017 21:59:29 +00.03800E+00  0589 007998 1 00000042 00000004 000 343 43063.9163083565
24.11.2017 21:59:29 +00.03800E+00  0602 007998 1 00000043 00000004 000 343 43063.9163123264
24.11.2017 21:59:29 +00.03800E+00  0624 007998 1 00000044 00000004 000 377 43063.9163166898
24.11.2017 21:59:30 +00.03800E+00  0635 007998 1 00000045 00000004 000 341 43063.9163206366
24.11.2017 21:59:30 +00.03800E+00  0658 007998 1 00000046 00000004 000 342 43063.9163245949
24.11.2017 21:59:30 +00.03800E+00  0674 007998 1 00000047 00000004 000 343 43063.9163285764
24.11.2017 21:59:31 +00.03800E+00  0684 007998 1 00000048 00000004 000 378 43063.9163329514
24.11.2017 21:59:31 +00.03800E+00  0697 007998 1 00000049 00000004 000 340 43063.9163368866
24.11.2017 21:59:31 +00.03800E+00  0708 007998 1 00000050 00000004 000 342 43063.9163408449
24.11.2017 21:59:32 +00.03800E+00  0719 007998 1 00000051 00000004 000 344 43063.916344838
24.11.2017 21:59:32 +00.03800E+00  0734 007998 1 00000052 00000004 000 376 43063.9163492014
24.11.2017 21:59:32 +00.03800E+00  0756 007998 1 00000053 00000004 000 344 43063.9163531944
24.11.2017 21:59:33 +00.03800E+00  0770 007998 1 00000054 00000004 000 342 43063.9163571644
24.11.2017 21:59:33 +00.03800E+00  0781 007998 1 00000055 00000004 000 343 43063.9163611458
24.11.2017 21:59:33 +00.03800E+00  0800 007998 1 00000056 00000004 000 374 43063.9163654745
24.11.2017 21:59:34 +00.03800E+00  0809 007998 1 00000057 00000004 000 343 43063.9163694444