
24.11.2017 22:00:48 +00.03801E+00  1391 007997 1 00000007 00000004 000 341 43063.9172280556
24.11.2017 22:00:48 +00.03800E+00  1405 007997 1 00000008 00000004 000 343 43063.9172320255
24.11.2017 22:00:49 +00.03800E+00  1421 007997 1 00000009 00000004 000 343 43063.9172359954
24.11.2017 22:00:49 +00.03800E+00  1435 007997 1 00000002 00000004 000 198 43063.9172403588
24.11.2017 22:00:49 +00.03800E+00  1451 007997 1 00000003 00000004 000 341 43063.9172443056
24.11.2017 22:00:50 +00.03799E+00  1473 007997 1 00000004 00000004 000 343 43063.9172482755
24.11.2017 22:00:50 +00.03799E+00  1489 007997 1 00000005 00000004 000 343 43063.9172522454
24.11.2017 22:00:50 +00.03799E+00  1502 007997 1 00000006 00000004 000 378 43063.9172566204
24.11.2017 22:00:51 +00.03800E+00  1522 007997 1 00000007 00000004 000 340 43063.9172605556
24.11.2017 22:00:51 +00.03800E+00  1534 007997 1 00000008 00000004 000 342 43063.9172645255
24.11.2017 22:00:51 +00.03799E+00  1541 007997 1 00000009 00000004 000 343 43063.9172684954
24.11.2017 22:00:52 +00.03800E+00  1557 007997 1 00000010 00000004 000 380 43063.9172728935