
24.11.2017 16:41:20 +00.03598E+00  0012 007575 1 00000002 00000004 000 109 43063.6953756944
24.11.2017 16:41:20 +00.03599E+00  0026 007575 1 00000003 00000004 000 399 43063.6953803125
24.11.2017 16:41:21 +00.03598E+00  0038 007575 1 00000004 00000004 000 342 43063.6953842824
24.11.2017 16:41:21 +00.03598E+00  0047 007575 1 00000005 00000004 000 342 43063.6953882523
24.11.2017 16:41:21 +00.03598E+00  0065 007575 1 00000006 00000004 000 343 43063.6953922338
24.11.2017 16:41:22 +00.03598E+00  0083 007575 1 00000007 00000004 000 375 43063.6953965741
24.11.2017 16:41:22 +00.03599E+00  0102 007575 1 00000008 00000004 000 341 43063.6954005324
24.11.2017 16:41:22 +00.03598E+00  0114 007575 1 00000009 00000004 000 343 43063.6954045023
24.11.2017 16:41:23 +00.03598E+00  0139 007575 1 00000010 00000004 000 343 43063.6954084722
24.11.2017 16:41:23 +00.03598E+00  0154 007575 1 00000011 00000004 000 378 43063.6954128472
24.11.2017 16:41:24 +00.03598E+00  0167 007575 1 00000012 00000004 000 341 43063.695416794
24.11.2017 16:41:24 +00.03598E+00  0180 007575 1 00000013 00000004 000 342 43063.6954207523
24.11.2017 16:41:24 +00.03598E+00  0195 007575 1 00000014 00000004 000 343 43063.6954247222
24.11.2017 16:41:25 +00.03598E+00  0204 007575 1 00000015 00000004 000 379 43063.6954291088
24.11.2017 16:41:25 +00.03599E+00  0216 007575 1 00000016 00000004 000 340 43063.695433044
24.11.2017 16:41:25 +00.03599E+00  0237 007577 1 00000017 00000004 000 342 43063.6954370023
24.11.2017 16:41:26 +00.03599E+00  0254 007577 1 00000018 00000004 000 343 43063.6954409722
24.11.2017 16:41:26 +00.03599E+00  0269 007577 1 00000019 00000004 000 380 43063.6954453704
24.11.2017 16:42:02 +00.03599E+00  1401 007577 1 00000020 00000020 000 36101 43063.695863206
24.11.2017 16:42:02 +00.03599E+00  1826 007577 1 00000021 00000020 000 340 43063.6958671412
24.11.2017 16:42:03 +00.03599E+00  1841 007577 1 00000022 00000020 000 369 43063.6958714236
24.11.2017 16:42:03 +00.03599E+00  1860 007577 1 00000023 00000020 000 341 43063.6958753704
24.11.2017 16:42:03 +00.03599E+00  1869 007577 1 00000024 00000020 000 343 43063.6958793403
24.11.2017 16:42:04 +00.03599E+00  1889 007577 1 00000025 00000020 000 343 43063.6958833102
24.11.2017 16:42:04 +00.03599E+00  1897 007577 1 00000026 00000020 000 378 43063.6958876852
24.11.2017 16:42:05 +00.03599E+00  1910 007577 1 00000027 00000020 000 340 43063.6958916204
24.11.2017 16:42:05 +00.03599E+00  1918 007577 1 00000028 00000020 000 342 43063.6958955903
24.11.2017 16:42:05 +00.03599E+00  1935 007577 1 00000029 00000020 000 343 43063.6958995602
24.11.2017 16:42:06 +00.03599E+00  1958 007577 1 00000030 00000020 000 344 43063.6959062384
24.11.2017 16:42:06 +00.03600E+00  1976 007642 1 00000031 00000020 000 364 43063.6959104514
24.11.2017 16:42:07 +00.03614E+00  1990 007642 1 00000032 00000020 000 341 43063.6959143982
24.11.2017 16:42:07 +00.03621E+00  2000 007642 1 00000033 00000020 000 343 43063.6959183681
24.11.2017 16:42:14 +00.03630E+00  2283 007642 1 00000034 00000034 000 7225 43063.6960019907
24.11.2017 16:42:14 +00.03630E+00  2297 007642 1 00000035 00000034 000 343 43063.6960059722
24.11.2017 16:42:15 +00.03630E+00  2311 007642 1 00000036 00000034 000 342 43063.6960099306
24.11.2017 16:42:15 +00.03631E+00  2322 007642 1 00000037 00000034 000 397 43063.696014537
24.11.2017 16:42:15 +00.03630E+00  2334 007642 1 00000038 00000034 000 340 43063.6960184722
24.11.2017 16:42:16 +00.03631E+00  2350 007642 1 00000039 00000034 000 342 43063.6960224306
24.11.2017 16:42:16 +00.03630E+00  2360 007642 1 00000040 00000034 000 343 43063.6960264005
24.11.2017 16:42:17 +00.03630E+00  2378 007642 1 00000041 00000034 000 379 43063.6960307986
24.11.2017 16:42:17 +00.03630E+00  2397 007642 1 00000042 00000034 000 344 43063.6960347801
24.11.2017 16:42:17 +00.03630E+00  2411 007642 1 00000043 00000034 000 343 43063.6960387616
24.11.2017 16:42:18 +00.03630E+00  2432 007642 1 00000044 00000034 000 343 43063.6960427315
24.11.2017 16:42:18 +00.03630E+00  2445 007642 1 00000045 00000034 000 374 43063.6960470602
24.11.2017 16:42:18 +00.03630E+00  2459 007642 1 00000046 00000034 000 343 43063.6960510301
24.11.2017 16:42:19 +00.03630E+00  2475 007642 1 00000047 00000034 000 343 43063.696055
24.11.2017 16:42:19 +00.03630E+00  2487 007642 1 00000048 00000034 000 343 43063.6960589699
24.11.2017 16:42:19 +00.03642E+00  2498 007704 1 00000049 00000034 000 375 43063.6960633102
24.11.2017 16:42:20 +00.03650E+00  2516 007704 1 00000050 00000034 000 343 43063.6960672801
24.11.2017 16:42:20 +00.03655E+00  2534 007704 1 00000051 00000034 000 343 43063.69607125
24.11.2017 16:42:22 +00.03699E+00  0013 007787 1 00000052 00000052 000 343 43063.6960967593
24.11.2017 16:42:23 +00.03699E+00  0025 007787 1 00000053 00000052 000 343 43063.6961007292
24.11.2017 16:42:23 +00.03700E+00  0041 007787 1 00000054 00000052 000 421 43063.6961056019
24.11.2017 16:42:23 +00.03700E+00  0063 007787 1 00000055 00000052 000 341 43063.6961095486
24.11.2017 16:42:24 +00.03700E+00  0076 007787 1 00000056 00000052 000 343 43063.6961135185
24.11.2017 16:42:24 +00.03700E+00  0086 007787 1 00000057 00000052 000 343 43063.6961174884
24.11.2017 16:42:24 +00.03700E+00  0106 007787 1 00000058 00000052 000 378 43063.6961218634
24.11.2017 16:42:25 +00.03700E+00  0117 007787 1 00000059 00000052 000 340 43063.6961257986
24.11.2017 16:42:25 +00.03700E+00  0132 007787 1 00000060 00000052 000 342 43063.6961297685
24.11.2017 16:42:25 +00.03700E+00  0139 007787 1 00000061 00000052 000 343 43063.6961337384
24.11.2017 16:42:26 +00.03700E+00  0150 007787 1 00000062 00000052 000 379 43063.696138125
24.11.2017 16:42:26 +00.03699E+00  0163 007787 1 00000063 00000052 000 345 43063.6961421181
24.11.2017 16:42:27 +00.03699E+00  0176 007787 1 00000064 00000052 000 343 43063.696146088
24.11.2017 16:42:27 +00.03700E+00  0196 007787 1 00000065 00000052 000 343 43063.6961500579
24.11.2017 16:42:27 +00.03700E+00  0217 007767 1 00000066 00000052 000 374 43063.6961543866
24.11.2017 16:42:28 +00.03696E+00  0228 007767 1 00000067 00000052 000 344 43063.6961583681
24.11.2017 16:42:28 +00.03693E+00  0244 007767 1 00000068 00000052 000 343 43063.696162338
24.11.2017 16:42:30 +00.03725E+00  0012 007843 1 00000069 00000069 000 343 43063.6961920486
24.11.2017 16:42:31 +00.03726E+00  0026 007843 1 00000070 00000069 000 399 43063.6961966667
24.11.2017 16:42:31 +00.03726E+00  0043 007843 1 00000071 00000069 000 344 43063.6962006481
24.11.2017 16:42:32 +00.03726E+00  0063 007843 1 00000072 00000069 000 343 43063.6962046181
24.11.2017 16:42:32 +00.03726E+00  0072 007843 1 00000073 00000069 000 343 43063.696208588
24.11.2017 16:42:32 +00.03726E+00  0086 007843 1 00000074 00000069 000 375 43063.6962129282
24.11.2017 16:42:33 +00.03726E+00  0101 007843 1 00000075 00000069 000 342 43063.6962168866
24.11.2017 16:42:33 +00.03727E+00  0119 007843 1 00000076 00000069 000 342 43063.6962208565
24.11.2017 16:42:33 +00.03726E+00  0132 007843 1 00000077 00000069 000 343 43063.696224838
24.11.2017 16:42:34 +00.03726E+00  0147 007843 1 00000078 00000069 000 376 43063.6962291898
24.11.2017 16:42:34 +00.03726E+00  0160 007843 1 00000079 00000069 000 341 43063.6962331366
24.11.2017 16:42:34 +00.03726E+00  0174 007843 1 00000080 00000069 000 342 43063.6962371065
24.11.2017 16:42:35 +00.03726E+00  0188 007843 1 00000081 00000069 000 342 43063.6962410764
24.11.2017 16:42:35 +00.03727E+00  0204 007843 1 00000082 00000069 000 377 43063.6962454398
24.11.2017 16:42:35 +00.03726E+00  0216 007829 1 00000083 00000069 000 340 43063.6962493866
24.11.2017 16:42:36 +00.03723E+00  0236 007829 1 00000084 00000069 000 342 43063.6962533565
24.11.2017 16:42:36 +00.03721E+00  0254 007829 1 00000085 00000069 000 343 43063.6962573264
24.11.2017 16:42:38 +00.03754E+00  0014 007905 1 00000086 00000086 000 342 43063.696283125
24.11.2017 16:42:39 +00.03755E+00  0036 007905 1 00000087 00000086 000 398 43063.6962877315
24.11.2017 16:42:39 +00.03756E+00  0056 007905 1 00000088 00000086 000 344 43063.6962917245
24.11.2017 16:42:39 +00.03756E+00  0077 007905 1 00000089 00000086 000 343 43063.6962956944
24.11.2017 16:42:40 +00.03756E+00  0090 007905 1 00000090 00000086 000 342 43063.6962996643
24.11.2017 16:42:40 +00.03756E+00  0103 007905 1 00000091 00000086 000 372 43063.6963039815
24.11.2017 16:42:41 +00.03756E+00  0117 007905 1 00000092 00000086 000 344 43063.6963079745
24.11.2017 16:42:41 +00.03756E+00  0129 007905 1 00000093 00000086 000 343 43063.6963119444
24.11.2017 16:42:41 +00.03756E+00  0145 007905 1 00000094 00000086 000 343 43063.6963159143
24.11.2017 16:42:42 +00.03756E+00  0160 007905 1 00000095 00000086 000 375 43063.6963202546
24.11.2017 16:42:42 +00.03756E+00  0178 007905 1 00000096 00000086 000 343 43063.6963242245
24.11.2017 16:42:42 +00.03756E+00  0186 007905 1 00000097 00000086 000 343 43063.6963281944
24.11.2017 16:42:43 +00.03756E+00  0193 007905 1 00000098 00000086 000 343 43063.6963321643
24.11.2017 16:42:43 +00.03756E+00  0202 007905 1 00000099 00000086 000 376 43063.6963365162
24.11.2017 16:42:43 +00.03756E+00  0217 007905 1 00000100 00000086 000 341 43063.696340463
24.11.2017 16:42:44 +00.03755E+00  0231 007893 1 00000101 00000086 000 343 43063.6963444444
24.11.2017 16:42:44 +00.03753E+00  0245 007893 1 00000102 00000086 000 343 43063.6963484143
24.11.2017 16:42:44 +00.03751E+00  0257 007893 1 00000103 00000086 000 377 43063.6963527778