
24.11.2017 16:42:48 +00.03800E+00  0013 007995 1 00000104 00000104 000 343 43063.696400162
24.11.2017 16:42:49 +00.03799E+00  0030 007995 1 00000105 00000104 000 401 43063.6964048032
24.11.2017 16:42:49 +00.03799E+00  0053 007995 1 00000106 00000104 000 341 43063.6964087616
24.11.2017 16:42:50 +00.03799E+00  0071 007995 1 00000107 00000104 000 342 43063.6964127199
24.11.2017 16:42:50 +00.03799E+00  0090 007995 1 00000108 00000104 000 343 43063.6964167014
24.11.2017 16:42:50 +00.03799E+00  0101 007995 1 00000109 00000104 000 378 43063.6964210764
24.11.2017 16:42:51 +00.03799E+00  0117 007995 1 00000110 00000104 000 340 43063.6964250116
24.11.2017 16:42:51 +00.03798E+00  0122 007995 1 00000111 00000104 000 342 43063.6964289699
24.11.2017 16:42:51 +00.03799E+00  0131 007995 1 00000112 00000104 000 343 43063.6964329398
24.11.2017 16:42:52 +00.03799E+00  0144 007995 1 00000113 00000104 000 379 43063.696437338
24.11.2017 16:42:52 +00.03799E+00  0157 007995 1 00000114 00000104 000 344 43063.6964413194
24.11.2017 16:42:52 +00.03799E+00  0170 007995 1 00000115 00000104 000 343 43063.6964452894
24.11.2017 16:42:53 +00.03799E+00  0190 007995 1 00000116 00000104 000 342 43063.6964492593
24.11.2017 16:42:53 +00.03799E+00  0200 007995 1 00000117 00000104 000 374 43063.6964535995
24.11.2017 16:42:53 +00.03799E+00  0215 007995 1 00000118 00000104 000 342 43063.6964575694
24.11.2017 16:42:54 +00.03799E+00  0235 007997 1 00000119 00000104 000 342 43063.6964615394
24.11.2017 16:42:54 +00.03799E+00  0250 007997 1 00000120 00000104 000 343 43063.6964655093
24.11.2017 16:42:54 +00.03799E+00  0264 007997 1 00000121 00000104 000 375 43063.6964698611
24.11.2017 16:42:57 +00.03827E+00  0022 008057 1 00000122 00000122 000 382 43063.6964958796
24.11.2017 16:42:57 +00.03827E+00  0043 008057 1 00000123 00000122 000 342 43063.696499838
24.11.2017 16:42:57 +00.03828E+00  0052 008057 1 00000124 00000122 000 343 43063.6965038079
24.11.2017 16:42:58 +00.03828E+00  0067 008057 1 00000125 00000122 000 343 43063.6965077778
24.11.2017 16:42:58 +00.03828E+00  0083 008057 1 00000126 00000122 000 377 43063.6965121412
24.11.2017 16:42:58 +00.03828E+00  0103 008057 1 00000127 00000122 000 341 43063.696516088
24.11.2017 16:42:59 +00.03828E+00  0119 008057 1 00000128 00000122 000 343 43063.6965200579
24.11.2017 16:42:59 +00.03828E+00  0134 008057 1 00000129 00000122 000 343 43063.6965240278
24.11.2017 16:43:00 +00.03828E+00  0147 008057 1 00000130 00000122 000 378 43063.6965284028
24.11.2017 16:43:00 +00.03828E+00  0161 008057 1 00000131 00000122 000 340 43063.696532338
24.11.2017 16:43:00 +00.03828E+00  0177 008057 1 00000132 00000122 000 342 43063.6965363079
24.11.2017 16:43:01 +00.03828E+00  0193 008057 1 00000133 00000122 000 343 43063.6965402778
24.11.2017 16:43:01 +00.03828E+00  0207 008057 1 00000134 00000122 000 379 43063.6965446644
24.11.2017 16:43:01 +00.03828E+00  0224 008057 1 00000135 00000122 000 345 43063.6965486574
24.11.2017 16:43:02 +00.03828E+00  0246 008041 1 00000136 00000122 000 343 43063.6965526273
24.11.2017 16:43:02 +00.03826E+00  0266 008041 1 00000137 00000122 000 343 43063.6965565972
24.11.2017 16:43:02 +00.03822E+00  0285 008041 1 00000138 00000122 000 374 43063.6965609259
24.11.2017 16:43:05 +00.03842E+00  0009 008088 1 00000139 00000139 000 340 43063.6965910764
24.11.2017 16:43:05 +00.03843E+00  0024 008088 1 00000140 00000139 000 342 43063.6965950463
24.11.2017 16:43:06 +00.03843E+00  0036 008088 1 00000141 00000139 000 343 43063.6965990278
24.11.2017 16:43:06 +00.03843E+00  0052 008088 1 00000142 00000139 000 362 43063.6966032176
24.11.2017 16:43:06 +00.03843E+00  0067 008088 1 00000143 00000139 000 342 43063.6966071759
24.11.2017 16:43:07 +00.03843E+00  0082 008088 1 00000144 00000139 000 343 43063.6966111574
24.11.2017 16:43:07 +00.03843E+00  0096 008088 1 00000145 00000139 000 343 43063.6966151273
24.11.2017 16:43:07 +00.03843E+00  0113 008088 1 00000146 00000139 000 375 43063.6966194676
24.11.2017 16:43:08 +00.03843E+00  0127 008088 1 00000147 00000139 000 342 43063.6966234259
24.11.2017 16:43:08 +00.03843E+00  0146 008088 1 00000148 00000139 000 342 43063.6966273958
24.11.2017 16:43:08 +00.03843E+00  0164 008088 1 00000149 00000139 000 342 43063.6966313657
24.11.2017 16:43:09 +00.03843E+00  0173 008088 1 00000150 00000139 000 376 43063.6966357292
24.11.2017 16:43:09 +00.03843E+00  0190 008088 1 00000151 00000139 000 341 43063.6966396759
24.11.2017 16:43:10 +00.03843E+00  0198 008088 1 00000152 00000139 000 343 43063.6966436458
24.11.2017 16:43:10 +00.03843E+00  0214 008082 1 00000153 00000139 000 342 43063.6966476157
24.11.2017 16:43:10 +00.03841E+00  0231 008082 1 00000154 00000139 000 378 43063.6966519907
24.11.2017 16:43:11 +00.03841E+00  0246 008082 1 00000155 00000139 000 340 43063.6966559375
24.11.2017 16:43:13 +00.03862E+00  0014 008131 1 00000156 00000156 000 343 43063.6966821644
24.11.2017 16:43:13 +00.03863E+00  0031 008131 1 00000157 00000156 000 343 43063.6966861343
24.11.2017 16:43:14 +00.03863E+00  0038 008131 1 00000158 00000156 000 343 43063.6966901042
24.11.2017 16:43:14 +00.03863E+00  0051 008131 1 00000159 00000156 000 360 43063.6966942708
24.11.2017 16:43:14 +00.03863E+00  0064 008131 1 00000160 00000156 000 340 43063.696698206
24.11.2017 16:43:15 +00.03863E+00  0077 008131 1 00000161 00000156 000 342 43063.6967021644
24.11.2017 16:43:15 +00.03863E+00  0085 008131 1 00000162 00000156 000 343 43063.6967061343
24.11.2017 16:43:15 +00.03863E+00  0101 008131 1 00000163 00000156 000 382 43063.6967105556
24.11.2017 16:43:16 +00.03863E+00  0113 008131 1 00000164 00000156 000 342 43063.6967145139
24.11.2017 16:43:16 +00.03863E+00  0132 008131 1 00000165 00000156 000 343 43063.6967184838
24.11.2017 16:43:16 +00.03863E+00  0145 008131 1 00000166 00000156 000 343 43063.6967224537
24.11.2017 16:43:17 +00.03863E+00  0158 008131 1 00000167 00000156 000 375 43063.696726794
24.11.2017 16:43:17 +00.03863E+00  0174 008131 1 00000168 00000156 000 343 43063.6967307639
24.11.2017 16:43:17 +00.03863E+00  0194 008131 1 00000169 00000156 000 343 43063.6967347338
24.11.2017 16:43:18 +00.03864E+00  0209 008131 1 00000170 00000156 000 344 43063.6967387153
24.11.2017 16:43:18 +00.03862E+00  0228 008123 1 00000171 00000156 000 375 43063.6967430556
24.11.2017 16:43:18 +00.03861E+00  0245 008123 1 00000172 00000156 000 341 43063.6967470023
24.11.2017 16:43:19 +00.03860E+00  0252 008123 1 00000173 00000156 000 342 43063.6967509722
24.11.2017 16:43:21 +00.03882E+00  0015 008172 1 00000174 00000174 000 343 43063.6967764931
24.11.2017 16:43:21 +00.03883E+00  0021 008172 1 00000175 00000174 000 342 43063.6967804514
24.11.2017 16:43:22 +00.03883E+00  0031 008172 1 00000176 00000174 000 343 43063.6967844213
24.11.2017 16:43:22 +00.03883E+00  0046 008172 1 00000177 00000174 000 359 43063.696788588
24.11.2017 16:43:22 +00.03883E+00  0063 008172 1 00000178 00000174 000 344 43063.696792581
24.11.2017 16:43:23 +00.03883E+00  0073 008172 1 00000179 00000174 000 342 43063.6967965509
24.11.2017 16:43:23 +00.03883E+00  0083 008172 1 00000180 00000174 000 343 43063.6968005324
24.11.2017 16:43:23 +00.03883E+00  0111 008172 1 00000181 00000174 000 375 43063.6968048727
24.11.2017 16:43:24 +00.03883E+00  0125 008172 1 00000182 00000174 000 342 43063.696808831
24.11.2017 16:43:24 +00.03883E+00  0142 008172 1 00000183 00000174 000 343 43063.6968128009
24.11.2017 16:43:24 +00.03883E+00  0164 008172 1 00000184 00000174 000 343 43063.6968167708
24.11.2017 16:43:25 +00.03883E+00  0173 008172 1 00000185 00000174 000 375 43063.6968211111
24.11.2017 16:43:25 +00.03883E+00  0196 008172 1 00000186 00000174 000 343 43063.696825081
24.11.2017 16:43:26 +00.03883E+00  0209 008172 1 00000187 00000174 000 343 43063.6968290509
24.11.2017 16:43:26 +00.03883E+00  0224 008172 1 00000188 00000174 000 343 43063.6968330208
24.11.2017 16:43:26 +00.03882E+00  0235 008166 1 00000189 00000174 000 376 43063.6968373727
24.11.2017 16:43:27 +00.03881E+00  0247 008166 1 00000190 00000174 000 342 43063.696841331
24.11.2017 16:43:27 +00.03880E+00  0258 008166 1 00000191 00000174 000 343 43063.6968453009
24.11.2017 16:43:29 +00.03903E+00  0013 008215 1 00000192 00000192 000 342 43063.6968708102
24.11.2017 16:43:29 +00.03903E+00  0026 008215 1 00000193 00000192 000 343 43063.6968747801
24.11.2017 16:43:30 +00.03903E+00  0039 008215 1 00000194 00000192 000 343 43063.69687875
24.11.2017 16:43:30 +00.03903E+00  0058 008215 1 00000195 00000192 000 360 43063.6968829167
24.11.2017 16:43:31 +00.03904E+00  0072 008215 1 00000196 00000192 000 345 43063.6968869097
24.11.2017 16:43:31 +00.03903E+00  0091 008215 1 00000197 00000192 000 343 43063.6968908796
24.11.2017 16:43:31 +00.03904E+00  0101 008215 1 00000198 00000192 000 343 43063.6968948495
24.11.2017 16:43:32 +00.03903E+00  0115 008215 1 00000199 00000192 000 374 43063.6968991782
24.11.2017 16:43:32 +00.03903E+00  0126 008215 1 00000200 00000192 000 344 43063.6969031597
24.11.2017 16:43:32 +00.03904E+00  0141 008215 1 00000201 00000192 000 343 43063.6969071296
24.11.2017 16:43:33 +00.03904E+00  0155 008215 1 00000202 00000192 000 342 43063.696911088
24.11.2017 16:43:33 +00.03904E+00  0174 008215 1 00000203 00000192 000 375 43063.6969154398
24.11.2017 16:43:33 +00.03903E+00  0191 008215 1 00000204 00000192 000 342 43063.6969193981
24.11.2017 16:43:34 +00.03903E+00  0203 008215 1 00000205 00000192 000 342 43063.6969233681
24.11.2017 16:43:34 +00.03903E+00  0210 008215 1 00000206 00000192 000 342 43063.696927338
24.11.2017 16:43:34 +00.03902E+00  0222 008209 1 00000207 00000192 000 376 43063.6969316898
24.11.2017 16:43:35 +00.03902E+00  0236 008209 1 00000208 00000192 000 341 43063.6969356481
24.11.2017 16:43:35 +00.03901E+00  0244 008209 1 00000209 00000192 000 343 43063.6969396181