
24.11.2017 16:41:26 0.035983 0.000005   00254 7577 00000001 000019 000004 43063.6954453704
24.11.2017 16:42:07 0.036019 0.000068   02000 7642 00000001 000034 000020 43063.6959214699
24.11.2017 16:42:20 0.036322 0.000053   02534 7704 00000001 000052 000034 43063.6960715741
24.11.2017 16:42:28 0.036991 0.000019   00244 7767 00000001 000069 000052 43063.6961657755
24.11.2017 16:42:36 0.037256 0.000015   00254 7829 00000001 000086 000069 43063.6962591667
24.11.2017 16:42:44 0.037554 0.000013   00257 7893 00000001 000104 000086 43063.6963534144
24.11.2017 16:42:55 0.037989 0.000002   00264 7997 00000001 000122 000104 43063.6964708449
24.11.2017 16:43:03 0.038274 0.000015   00285 8041 00000001 000139 000122 43063.6965639468
24.11.2017 16:43:11 0.038428 0.000007   00246 8082 00000001 000156 000139 43063.6966582523
24.11.2017 16:43:19 0.038627 0.000009   00252 8123 00000001 000174 000156 43063.6967525579
24.11.2017 16:43:27 0.038826 0.000008   00258 8166 00000001 000192 000174 43063.6968469097
24.11.2017 16:43:35 0.039031 0.000008   00244 8209 00000001 000210 000192 43063.6969401736
24.11.2017 16:43:42 0.039000 0.000000   00256 8207 -00000001 000228 000210 43063.6970229051
24.11.2017 16:43:50 0.038764 0.000008   00260 8166 -00000001 000246 000228 43063.6971173032
24.11.2017 16:43:59 0.038543 0.000010   00230 8123 -00000001 000263 000246 43063.6972117245
24.11.2017 16:44:07 0.038374 0.000009   00258 8082 -00000001 000280 000263 43063.6973050116
24.11.2017 16:44:15 0.038172 0.000005   00232 8039 -00000001 000297 000280 43063.6973986806
24.11.2017 16:44:23 0.037955 0.000009   00233 7998 -00000001 000314 000297 43063.6974933102
24.11.2017 16:44:35 0.036001 0.000003   00239 7579 00000001 000331 000314 43063.6976325926
24.11.2017 16:44:43 0.036369 0.000014   00271 7643 00000001 000348 000331 43063.6977265162
24.11.2017 16:44:51 0.036649 0.000012   00283 7703 00000001 000366 000348 43063.6978216204
24.11.2017 16:45:00 0.036937 0.000008   00278 7767 00000001 000384 000366 43063.6979184722
24.11.2017 16:45:08 0.037256 0.000012   00252 7831 00000001 000401 000384 43063.6980118403