
24.11.2017 16:43:36 +00.03900E+00  0013 008207 -1 00000210 00000210 000 343 43063.6969521528
24.11.2017 16:43:37 +00.03900E+00  0028 008207 -1 00000211 00000210 000 341 43063.6969561111
24.11.2017 16:43:37 +00.03900E+00  0041 008207 -1 00000212 00000210 000 418 43063.6969609606
24.11.2017 16:43:37 +00.03900E+00  0063 008207 -1 00000213 00000210 000 342 43063.6969649306
24.11.2017 16:43:38 +00.03900E+00  0079 008207 -1 00000214 00000210 000 343 43063.696968912
24.11.2017 16:43:38 +00.03900E+00  0090 008207 -1 00000215 00000210 000 342 43063.6969728704
24.11.2017 16:43:38 +00.03900E+00  0096 008207 -1 00000216 00000210 000 375 43063.6969772222
24.11.2017 16:43:39 +00.03900E+00  0115 008207 -1 00000217 00000210 000 341 43063.6969811806
24.11.2017 16:43:39 +00.03900E+00  0130 008207 -1 00000218 00000210 000 343 43063.6969851505
24.11.2017 16:43:39 +00.03900E+00  0145 008207 -1 00000219 00000210 000 342 43063.6969891204
24.11.2017 16:43:40 +00.03900E+00  0158 008207 -1 00000220 00000210 000 376 43063.6969934838
24.11.2017 16:43:40 +00.03900E+00  0176 008207 -1 00000221 00000210 000 340 43063.6969974306
24.11.2017 16:43:40 +00.03900E+00  0188 008207 -1 00000222 00000210 000 343 43063.6970014005
24.11.2017 16:43:41 +00.03900E+00  0204 008207 -1 00000223 00000210 000 343 43063.6970053704
24.11.2017 16:43:41 +00.03900E+00  0215 008207 -1 00000224 00000210 000 379 43063.6970097569
24.11.2017 16:43:41 +00.03900E+00  0230 008207 -1 00000225 00000210 000 340 43063.6970136921
24.11.2017 16:43:42 +00.03900E+00  0237 008207 -1 00000226 00000210 000 341 43063.6970176505
24.11.2017 16:43:42 +00.03900E+00  0256 008207 -1 00000227 00000210 000 343 43063.6970216204
24.11.2017 16:43:44 +00.03877E+00  0011 008158 -1 00000228 00000228 000 342 43063.697047419
24.11.2017 16:43:45 +00.03877E+00  0030 008158 -1 00000229 00000228 000 399 43063.697052037
24.11.2017 16:43:45 +00.03876E+00  0047 008158 -1 00000230 00000228 000 344 43063.6970560185
24.11.2017 16:43:45 +00.03876E+00  0063 008158 -1 00000231 00000228 000 343 43063.6970599884
24.11.2017 16:43:46 +00.03876E+00  0073 008158 -1 00000232 00000228 000 343 43063.6970639583
24.11.2017 16:43:46 +00.03876E+00  0086 008158 -1 00000233 00000228 000 375 43063.6970682986
24.11.2017 16:43:47 +00.03876E+00  0104 008158 -1 00000234 00000228 000 343 43063.6970722685
24.11.2017 16:43:47 +00.03876E+00  0119 008158 -1 00000235 00000228 000 343 43063.6970762384
24.11.2017 16:43:47 +00.03876E+00  0135 008158 -1 00000236 00000228 000 343 43063.6970802083
24.11.2017 16:43:48 +00.03876E+00  0146 008158 -1 00000237 00000228 000 376 43063.6970845602
24.11.2017 16:43:48 +00.03876E+00  0161 008158 -1 00000238 00000228 000 342 43063.6970885185
24.11.2017 16:43:48 +00.03876E+00  0179 008158 -1 00000239 00000228 000 343 43063.6970924884
24.11.2017 16:43:49 +00.03876E+00  0195 008158 -1 00000240 00000228 000 343 43063.6970964583
24.11.2017 16:43:49 +00.03876E+00  0208 008158 -1 00000241 00000228 000 377 43063.6971008218
24.11.2017 16:43:49 +00.03876E+00  0222 008158 -1 00000242 00000228 000 340 43063.6971047569
24.11.2017 16:43:50 +00.03877E+00  0237 008166 -1 00000243 00000228 000 343 43063.6971087384
24.11.2017 16:43:50 +00.03878E+00  0240 008166 -1 00000244 00000228 000 342 43063.6971126968
24.11.2017 16:43:50 +00.03879E+00  0260 008166 -1 00000245 00000228 000 378 43063.6971170833
24.11.2017 16:43:53 +00.03855E+00  0011 008111 -1 00000246 00000246 000 378 43063.6971431019
24.11.2017 16:43:53 +00.03854E+00  0024 008111 -1 00000247 00000246 000 340 43063.697147037
24.11.2017 16:43:53 +00.03854E+00  0044 008111 -1 00000248 00000246 000 341 43063.6971509954
24.11.2017 16:43:54 +00.03854E+00  0059 008111 -1 00000249 00000246 000 343 43063.6971549653
24.11.2017 16:43:54 +00.03854E+00  0074 008111 -1 00000250 00000246 000 379 43063.6971593634
24.11.2017 16:43:54 +00.03854E+00  0079 008111 -1 00000251 00000246 000 343 43063.6971633449
24.11.2017 16:43:55 +00.03854E+00  0094 008111 -1 00000252 00000246 000 342 43063.6971673148
24.11.2017 16:43:55 +00.03854E+00  0108 008111 -1 00000253 00000246 000 343 43063.6971712963
24.11.2017 16:43:55 +00.03854E+00  0126 008111 -1 00000254 00000246 000 374 43063.697175625
24.11.2017 16:43:56 +00.03854E+00  0141 008111 -1 00000255 00000246 000 342 43063.6971795949
24.11.2017 16:43:56 +00.03854E+00  0152 008111 -1 00000256 00000246 000 343 43063.6971835648
24.11.2017 16:43:57 +00.03854E+00  0169 008111 -1 00000257 00000246 000 343 43063.6971875347
24.11.2017 16:43:57 +00.03854E+00  0179 008111 -1 00000258 00000246 000 376 43063.6971918866
24.11.2017 16:43:57 +00.03854E+00  0191 008111 -1 00000259 00000246 000 342 43063.6971958449
24.11.2017 16:43:58 +00.03854E+00  0205 008111 -1 00000260 00000246 000 343 43063.6971998148
24.11.2017 16:43:58 +00.03855E+00  0216 008123 -1 00000261 00000246 000 343 43063.6972037847
24.11.2017 16:43:58 +00.03858E+00  0230 008123 -1 00000262 00000246 000 377 43063.6972081482
24.11.2017 16:44:01 +00.03838E+00  0013 008076 -1 00000263 00000263 000 342 43063.6972383449
24.11.2017 16:44:01 +00.03837E+00  0025 008076 -1 00000264 00000263 000 343 43063.6972423148
24.11.2017 16:44:02 +00.03837E+00  0039 008076 -1 00000265 00000263 000 420 43063.6972471759
24.11.2017 16:44:02 +00.03837E+00  0056 008076 -1 00000266 00000263 000 342 43063.6972511343
24.11.2017 16:44:02 +00.03837E+00  0077 008076 -1 00000267 00000263 000 343 43063.6972551042
24.11.2017 16:44:03 +00.03837E+00  0086 008076 -1 00000268 00000263 000 343 43063.6972590741
24.11.2017 16:44:03 +00.03837E+00  0099 008076 -1 00000269 00000263 000 377 43063.6972634375
24.11.2017 16:44:03 +00.03837E+00  0113 008076 -1 00000270 00000263 000 341 43063.6972673843
24.11.2017 16:44:04 +00.03837E+00  0130 008076 -1 00000271 00000263 000 342 43063.6972713542
24.11.2017 16:44:04 +00.03837E+00  0148 008076 -1 00000272 00000263 000 343 43063.6972753241
24.11.2017 16:44:04 +00.03837E+00  0166 008076 -1 00000273 00000263 000 377 43063.6972796991
24.11.2017 16:44:05 +00.03837E+00  0177 008076 -1 00000274 00000263 000 340 43063.6972836343
24.11.2017 16:44:05 +00.03837E+00  0199 008076 -1 00000275 00000263 000 343 43063.6972876042
24.11.2017 16:44:05 +00.03837E+00  0214 008076 -1 00000276 00000263 000 343 43063.6972915741
24.11.2017 16:44:06 +00.03838E+00  0230 008082 -1 00000277 00000263 000 379 43063.6972959607
24.11.2017 16:44:06 +00.03839E+00  0246 008082 -1 00000278 00000263 000 345 43063.6972999537
24.11.2017 16:44:07 +00.03840E+00  0258 008082 -1 00000279 00000263 000 343 43063.6973039236
24.11.2017 16:44:09 +00.03817E+00  0015 008033 -1 00000280 00000280 000 343 43063.6973294329
24.11.2017 16:44:09 +00.03817E+00  0030 008033 -1 00000281 00000280 000 343 43063.6973334028
24.11.2017 16:44:10 +00.03817E+00  0039 008033 -1 00000282 00000280 000 419 43063.6973382523
24.11.2017 16:44:10 +00.03817E+00  0059 008033 -1 00000283 00000280 000 343 43063.6973422222
24.11.2017 16:44:10 +00.03817E+00  0073 008033 -1 00000284 00000280 000 343 43063.6973461921
24.11.2017 16:44:11 +00.03817E+00  0090 008033 -1 00000285 00000280 000 343 43063.697350162
24.11.2017 16:44:11 +00.03817E+00  0103 008033 -1 00000286 00000280 000 375 43063.6973545023
24.11.2017 16:44:11 +00.03817E+00  0113 008033 -1 00000287 00000280 000 342 43063.6973584606
24.11.2017 16:44:12 +00.03817E+00  0127 008033 -1 00000288 00000280 000 343 43063.6973624421
24.11.2017 16:44:12 +00.03817E+00  0140 008033 -1 00000289 00000280 000 343 43063.697366412
24.11.2017 16:44:12 +00.03817E+00  0157 008033 -1 00000290 00000280 000 376 43063.6973707639
24.11.2017 16:44:13 +00.03817E+00  0173 008033 -1 00000291 00000280 000 340 43063.6973747106
24.11.2017 16:44:13 +00.03817E+00  0182 008033 -1 00000292 00000280 000 343 43063.6973786806
24.11.2017 16:44:13 +00.03817E+00  0201 008033 -1 00000293 00000280 000 343 43063.6973826505
24.11.2017 16:44:14 +00.03817E+00  0207 008039 -1 00000294 00000280 000 378 43063.6973870255
24.11.2017 16:44:14 +00.03818E+00  0218 008039 -1 00000295 00000280 000 340 43063.6973909722
24.11.2017 16:44:14 +00.03819E+00  0232 008039 -1 00000296 00000280 000 341 43063.6973949306
24.11.2017 16:44:17 +00.03796E+00  0017 007988 -1 00000297 00000297 000 342 43063.6974246412
24.11.2017 16:44:17 +00.03796E+00  0031 007988 -1 00000298 00000297 000 403 43063.6974293056
24.11.2017 16:44:18 +00.03796E+00  0040 007988 -1 00000299 00000297 000 340 43063.6974332407
24.11.2017 16:44:18 +00.03796E+00  0049 007988 -1 00000300 00000297 000 342 43063.6974372106
24.11.2017 16:44:18 +00.03795E+00  0062 007988 -1 00000301 00000297 000 344 43063.6974411921
24.11.2017 16:44:19 +00.03795E+00  0074 007988 -1 00000302 00000297 000 378 43063.6974455671
24.11.2017 16:44:19 +00.03795E+00  0094 007988 -1 00000303 00000297 000 344 43063.6974495602
24.11.2017 16:44:19 +00.03795E+00  0111 007988 -1 00000304 00000297 000 343 43063.6974535301
24.11.2017 16:44:20 +00.03795E+00  0123 007988 -1 00000305 00000297 000 342 43063.6974575
24.11.2017 16:44:20 +00.03795E+00  0138 007988 -1 00000306 00000297 000 374 43063.6974618287
24.11.2017 16:44:21 +00.03795E+00  0151 007988 -1 00000307 00000297 000 343 43063.6974658102
24.11.2017 16:44:21 +00.03795E+00  0167 007988 -1 00000308 00000297 000 343 43063.6974697801
24.11.2017 16:44:21 +00.03795E+00  0181 007988 -1 00000309 00000297 000 343 43063.69747375
24.11.2017 16:44:22 +00.03795E+00  0200 007988 -1 00000310 00000297 000 375 43063.6974780903
24.11.2017 16:44:22 +00.03795E+00  0214 007998 -1 00000311 00000297 000 343 43063.6974820602
24.11.2017 16:44:22 +00.03797E+00  0222 007998 -1 00000312 00000297 000 343 43063.6974860301
24.11.2017 16:44:23 +00.03798E+00  0233 007998 -1 00000313 00000297 000 343 43063.69749