
24.11.2017 16:44:29 +00.03601E+00  0011 007579 1 00000314 00000314 000 342 43063.697563588
24.11.2017 16:44:29 +00.03601E+00  0022 007579 1 00000315 00000314 000 343 43063.6975675579
24.11.2017 16:44:30 +00.03600E+00  0033 007579 1 00000316 00000314 000 419 43063.6975724074
24.11.2017 16:44:30 +00.03600E+00  0047 007579 1 00000317 00000314 000 343 43063.6975763773
24.11.2017 16:44:30 +00.03600E+00  0058 007579 1 00000318 00000314 000 343 43063.6975803472
24.11.2017 16:44:31 +00.03600E+00  0072 007579 1 00000319 00000314 000 343 43063.6975843171
24.11.2017 16:44:31 +00.03600E+00  0094 007579 1 00000320 00000314 000 376 43063.697588669
24.11.2017 16:44:32 +00.03601E+00  0110 007579 1 00000321 00000314 000 342 43063.6975926273
24.11.2017 16:44:32 +00.03600E+00  0131 007579 1 00000322 00000314 000 343 43063.6975965972
24.11.2017 16:44:32 +00.03600E+00  0141 007579 1 00000323 00000314 000 343 43063.6976005671
24.11.2017 16:44:33 +00.03600E+00  0153 007579 1 00000324 00000314 000 378 43063.6976049421
24.11.2017 16:44:33 +00.03600E+00  0171 007579 1 00000325 00000314 000 340 43063.6976088773
24.11.2017 16:44:33 +00.03600E+00  0186 007579 1 00000326 00000314 000 342 43063.6976128356
24.11.2017 16:44:34 +00.03600E+00  0190 007579 1 00000327 00000314 000 343 43063.6976168171
24.11.2017 16:44:34 +00.03600E+00  0205 007579 1 00000328 00000314 000 379 43063.6976212037
24.11.2017 16:44:34 +00.03600E+00  0220 007579 1 00000329 00000314 000 345 43063.6976251968
24.11.2017 16:44:35 +00.03600E+00  0239 007579 1 00000330 00000314 000 343 43063.6976291667
24.11.2017 16:44:37 +00.03636E+00  0009 007657 1 00000331 00000331 000 343 43063.6976588773
24.11.2017 16:44:38 +00.03637E+00  0019 007657 1 00000332 00000331 000 398 43063.6976634838
24.11.2017 16:44:38 +00.03637E+00  0039 007657 1 00000333 00000331 000 345 43063.6976674769
24.11.2017 16:44:38 +00.03637E+00  0050 007657 1 00000334 00000331 000 343 43063.6976714468
24.11.2017 16:44:39 +00.03637E+00  0073 007657 1 00000335 00000331 000 343 43063.6976754167
24.11.2017 16:44:39 +00.03638E+00  0088 007657 1 00000336 00000331 000 374 43063.6976797454
24.11.2017 16:44:39 +00.03637E+00  0109 007657 1 00000337 00000331 000 343 43063.6976837153
24.11.2017 16:44:40 +00.03638E+00  0125 007657 1 00000338 00000331 000 343 43063.6976876968
24.11.2017 16:44:40 +00.03638E+00  0139 007657 1 00000339 00000331 000 343 43063.6976916667
24.11.2017 16:44:40 +00.03637E+00  0154 007657 1 00000340 00000331 000 375 43063.6976960069
24.11.2017 16:44:41 +00.03638E+00  0171 007657 1 00000341 00000331 000 342 43063.6976999653
24.11.2017 16:44:41 +00.03638E+00  0178 007657 1 00000342 00000331 000 342 43063.6977039352
24.11.2017 16:44:41 +00.03637E+00  0195 007657 1 00000343 00000331 000 342 43063.6977079051
24.11.2017 16:44:42 +00.03637E+00  0218 007657 1 00000344 00000331 000 376 43063.6977122685
24.11.2017 16:44:42 +00.03637E+00  0237 007643 1 00000345 00000331 000 341 43063.6977162153
24.11.2017 16:44:43 +00.03634E+00  0256 007643 1 00000346 00000331 000 343 43063.6977201852
24.11.2017 16:44:43 +00.03633E+00  0271 007643 1 00000347 00000331 000 343 43063.6977241551
24.11.2017 16:44:45 +00.03664E+00  0018 007715 1 00000348 00000348 000 342 43063.6977498843
24.11.2017 16:44:45 +00.03665E+00  0033 007715 1 00000349 00000348 000 403 43063.6977545486
24.11.2017 16:44:46 +00.03665E+00  0057 007715 1 00000350 00000348 000 341 43063.6977584954
24.11.2017 16:44:46 +00.03665E+00  0074 007715 1 00000351 00000348 000 342 43063.6977624537
24.11.2017 16:44:47 +00.03665E+00  0095 007715 1 00000352 00000348 000 343 43063.6977664236
24.11.2017 16:44:47 +00.03665E+00  0107 007715 1 00000353 00000348 000 379 43063.6977708102
24.11.2017 16:44:47 +00.03666E+00  0121 007715 1 00000354 00000348 000 340 43063.6977747454
24.11.2017 16:44:48 +00.03665E+00  0138 007715 1 00000355 00000348 000 342 43063.6977787037
24.11.2017 16:44:48 +00.03665E+00  0148 007715 1 00000356 00000348 000 343 43063.6977826736
24.11.2017 16:44:48 +00.03665E+00  0159 007715 1 00000357 00000348 000 380 43063.6977870718
24.11.2017 16:44:49 +00.03666E+00  0167 007715 1 00000358 00000348 000 344 43063.6977910532
24.11.2017 16:44:49 +00.03666E+00  0189 007715 1 00000359 00000348 000 343 43063.6977950231
24.11.2017 16:44:49 +00.03665E+00  0204 007715 1 00000360 00000348 000 343 43063.6977989931
24.11.2017 16:44:50 +00.03666E+00  0219 007715 1 00000361 00000348 000 375 43063.6978033333
24.11.2017 16:44:50 +00.03666E+00  0231 007715 1 00000362 00000348 000 343 43063.6978073032
24.11.2017 16:44:50 +00.03665E+00  0247 007703 1 00000363 00000348 000 343 43063.6978112731
24.11.2017 16:44:51 +00.03663E+00  0268 007703 1 00000364 00000348 000 343 43063.6978152431
24.11.2017 16:44:51 +00.03661E+00  0283 007703 1 00000365 00000348 000 376 43063.6978195949
24.11.2017 16:44:53 +00.03693E+00  0012 007775 1 00000366 00000366 000 382 43063.6978456134
24.11.2017 16:44:54 +00.03694E+00  0029 007775 1 00000367 00000366 000 341 43063.6978495602
24.11.2017 16:44:54 +00.03694E+00  0040 007775 1 00000368 00000366 000 343 43063.6978535417
24.11.2017 16:44:54 +00.03694E+00  0063 007775 1 00000369 00000366 000 343 43063.6978575116
24.11.2017 16:44:55 +00.03694E+00  0086 007775 1 00000370 00000366 000 377 43063.697861875
24.11.2017 16:44:55 +00.03694E+00  0099 007775 1 00000371 00000366 000 340 43063.6978658102
24.11.2017 16:44:55 +00.03694E+00  0114 007775 1 00000372 00000366 000 344 43063.6978697917
24.11.2017 16:44:56 +00.03694E+00  0130 007775 1 00000373 00000366 000 342 43063.69787375
24.11.2017 16:44:56 +00.03694E+00  0144 007775 1 00000374 00000366 000 377 43063.697878125
24.11.2017 16:44:57 +00.03694E+00  0159 007775 1 00000375 00000366 000 340 43063.6978820718
24.11.2017 16:44:57 +00.03694E+00  0174 007775 1 00000376 00000366 000 341 43063.6978860301
24.11.2017 16:44:57 +00.03694E+00  0190 007775 1 00000377 00000366 000 344 43063.6978900116
24.11.2017 16:44:58 +00.03694E+00  0202 007775 1 00000378 00000366 000 379 43063.6978943981
24.11.2017 16:44:58 +00.03694E+00  0215 007775 1 00000379 00000366 000 344 43063.6978983796
24.11.2017 16:44:58 +00.03694E+00  0231 007775 1 00000380 00000366 000 342 43063.6979023495
24.11.2017 16:44:59 +00.03694E+00  0251 007775 1 00000381 00000366 000 343 43063.6979063194
24.11.2017 16:44:59 +00.03692E+00  0265 007767 1 00000382 00000366 000 374 43063.6979106597
24.11.2017 16:44:59 +00.03691E+00  0278 007767 1 00000383 00000366 000 342 43063.6979146296
24.11.2017 16:45:02 +00.03725E+00  0013 007843 1 00000384 00000384 000 342 43063.6979450694
24.11.2017 16:45:02 +00.03726E+00  0027 007843 1 00000385 00000384 000 398 43063.6979496875
24.11.2017 16:45:03 +00.03726E+00  0039 007843 1 00000386 00000384 000 343 43063.697953669
24.11.2017 16:45:03 +00.03726E+00  0056 007843 1 00000387 00000384 000 342 43063.6979576389
24.11.2017 16:45:03 +00.03726E+00  0068 007843 1 00000388 00000384 000 342 43063.6979616088
24.11.2017 16:45:04 +00.03726E+00  0078 007843 1 00000389 00000384 000 374 43063.6979659491
24.11.2017 16:45:04 +00.03726E+00  0089 007843 1 00000390 00000384 000 343 43063.6979699306
24.11.2017 16:45:04 +00.03726E+00  0099 007843 1 00000391 00000384 000 342 43063.6979738889
24.11.2017 16:45:05 +00.03726E+00  0117 007843 1 00000392 00000384 000 342 43063.6979778588
24.11.2017 16:45:05 +00.03726E+00  0128 007843 1 00000393 00000384 000 376 43063.6979822107
24.11.2017 16:45:06 +00.03726E+00  0147 007843 1 00000394 00000384 000 341 43063.697986169
24.11.2017 16:45:06 +00.03726E+00  0166 007843 1 00000395 00000384 000 343 43063.6979901389
24.11.2017 16:45:06 +00.03726E+00  0180 007843 1 00000396 00000384 000 343 43063.6979941088
24.11.2017 16:45:07 +00.03726E+00  0200 007843 1 00000397 00000384 000 377 43063.6979984722
24.11.2017 16:45:07 +00.03726E+00  0217 007831 1 00000398 00000384 000 341 43063.698002419
24.11.2017 16:45:07 +00.03723E+00  0237 007831 1 00000399 00000384 000 343 43063.6980063889
24.11.2017 16:45:08 +00.03722E+00  0252 007831 1 00000400 00000384 000 343 43063.6980103588
24.11.2017 16:45:10 +00.03754E+00  0013 007903 1 00000401 00000401 000 343 43063.698036088
24.11.2017 16:45:10 +00.03755E+00  0025 007903 1 00000402 00000401 000 402 43063.6980407523
24.11.2017 16:45:11 +00.03755E+00  0040 007903 1 00000403 00000401 000 340 43063.6980446875
24.11.2017 16:45:11 +00.03755E+00  0056 007903 1 00000404 00000401 000 342 43063.6980486574
24.11.2017 16:45:11 +00.03755E+00  0074 007903 1 00000405 00000401 000 343 43063.6980526273
24.11.2017 16:45:12 +00.03755E+00  0096 007903 1 00000406 00000401 000 379 43063.6980570139
24.11.2017 16:45:12 +00.03755E+00  0109 007903 1 00000407 00000401 000 345 43063.6980610069
24.11.2017 16:45:12 +00.03755E+00  0124 007903 1 00000408 00000401 000 343 43063.6980649769
24.11.2017 16:45:13 +00.03755E+00  0141 007903 1 00000409 00000401 000 343 43063.6980689468
24.11.2017 16:45:13 +00.03755E+00  0156 007903 1 00000410 00000401 000 374 43063.6980732755
24.11.2017 16:45:13 +00.03755E+00  0171 007903 1 00000411 00000401 000 343 43063.6980772454
24.11.2017 16:45:14 +00.03755E+00  0180 007903 1 00000412 00000401 000 342 43063.6980812153