
25.11.2017 09:56:07 +00.16202E+00  0010 034025 1 00005604 00005604 131009 342 43064.4139716667
25.11.2017 09:56:07 +00.16201E+00  0022 034025 1 00005605 00005604 131009 343 43064.4139756366
25.11.2017 09:56:07 +00.16201E+00  0038 034025 1 00005606 00005604 131009 343 43064.4139796065
25.11.2017 09:56:08 +00.16200E+00  0051 034025 1 00005607 00005604 131009 361 43064.4139837847
25.11.2017 09:56:08 +00.16200E+00  0069 034025 1 00005608 00005604 131009 344 43064.4139877662
25.11.2017 09:56:08 +00.16200E+00  0088 034025 1 00005609 00005604 131009 343 43064.4139917361
25.11.2017 09:56:09 +00.16200E+00  0100 034025 1 00005610 00005604 131009 343 43064.413995706
25.11.2017 09:56:09 +00.16200E+00  0117 034025 1 00005611 00005604 131009 376 43064.4140000579
25.11.2017 09:56:09 +00.16200E+00  0135 034025 1 00005612 00005604 131009 341 43064.4140040046
25.11.2017 09:56:10 +00.16200E+00  0154 034025 1 00005613 00005604 131009 343 43064.4140079861
25.11.2017 09:56:10 +00.16200E+00  0170 034025 1 00005614 00005604 131009 343 43064.414011956
25.11.2017 09:56:11 +00.16200E+00  0189 034025 1 00005615 00005604 131009 377 43064.4140163194
25.11.2017 09:56:11 +00.16200E+00  0209 034025 1 00005616 00005604 131009 340 43064.4140202546
25.11.2017 09:56:11 +00.16200E+00  0213 034025 1 00005617 00005604 131009 343 43064.4140242245
25.11.2017 09:56:12 +00.16200E+00  0233 034025 1 00005618 00005604 131009 343 43064.4140281944
25.11.2017 09:56:12 +00.16200E+00  0250 034025 1 00005619 00005604 131009 377 43064.4140325694
25.11.2017 09:56:12 +00.16200E+00  0266 034025 1 00005620 00005604 131009 340 43064.4140365046
25.11.2017 09:56:13 +00.16200E+00  0278 034025 1 00005621 00005604 131009 342 43064.4140404745
25.11.2017 09:56:13 +00.16200E+00  0296 034025 1 00005622 00005604 131009 343 43064.4140444444
25.11.2017 09:56:13 +00.16200E+00  0308 034025 1 00005623 00005604 131009 379 43064.414048831
25.11.2017 09:56:14 +00.16200E+00  0329 034025 1 00005624 00005604 131009 340 43064.4140527662
25.11.2017 09:56:14 +00.16200E+00  0346 034025 1 00005625 00005604 131009 341 43064.4140567245
25.11.2017 09:56:14 +00.16200E+00  0359 034025 1 00005626 00005604 131009 343 43064.4140606944
25.11.2017 09:56:15 +00.16200E+00  0378 034025 1 00005627 00005604 131009 380 43064.4140650926
25.11.2017 09:56:15 +00.16201E+00  0390 034025 1 00005628 00005604 131009 344 43064.4140690741
25.11.2017 09:56:15 +00.16200E+00  0405 034025 1 00005629 00005604 131009 343 43064.414073044
25.11.2017 09:56:16 +00.16201E+00  0422 034025 1 00005630 00005604 131009 343 43064.4140770139
25.11.2017 09:56:16 +00.16200E+00  0436 034025 1 00005631 00005604 131009 375 43064.4140813542
25.11.2017 09:56:16 +00.16200E+00  0450 034025 1 00005632 00005604 131009 343 43064.4140853241
25.11.2017 09:56:17 +00.16200E+00  0466 034025 1 00005633 00005604 131009 343 43064.414089294
25.11.2017 09:56:17 +00.16200E+00  0480 034025 1 00005634 00005604 131009 343 43064.4140932639
25.11.2017 09:56:18 +00.16200E+00  0494 034025 1 00005635 00005604 131009 376 43064.4140976157
25.11.2017 09:56:18 +00.16200E+00  0516 034025 1 00005636 00005604 131009 342 43064.4141015741
25.11.2017 09:56:18 +00.16201E+00  0531 034025 1 00005637 00005604 131009 343 43064.414105544
25.11.2017 09:56:19 +00.16200E+00  0541 034025 1 00005638 00005604 131009 343 43064.4141095139
25.11.2017 09:56:19 +00.16200E+00  0558 034025 1 00005639 00005604 131009 378 43064.4141138889
25.11.2017 09:56:19 +00.16200E+00  0571 034025 1 00005640 00005604 131009 340 43064.4141178241
25.11.2017 09:56:20 +00.16200E+00  0586 034025 1 00005641 00005604 131009 341 43064.4141217824
25.11.2017 09:56:20 +00.16200E+00  0599 034025 1 00005642 00005604 131009 342 43064.4141257523
25.11.2017 09:56:20 +00.16200E+00  0619 034025 1 00005643 00005604 131009 379 43064.4141301505
25.11.2017 09:56:21 +00.16200E+00  0629 034025 1 00005644 00005604 131009 344 43064.4141341319
25.11.2017 09:56:21 +00.16200E+00  0645 034025 1 00005645 00005604 131009 342 43064.4141381018
25.11.2017 09:56:21 +00.16200E+00  0662 034025 1 00005646 00005604 131009 343 43064.4141420833
25.11.2017 09:56:22 +00.16200E+00  0673 034025 1 00005647 00005604 131009 374 43064.414146412
25.11.2017 09:56:22 +00.16200E+00  0688 034025 1 00005648 00005604 131009 343 43064.4141503819
25.11.2017 09:56:22 +00.16200E+00  0703 034025 1 00005649 00005604 131009 342 43064.4141543518
25.11.2017 09:56:23 +00.16200E+00  0725 034025 1 00005650 00005604 131009 342 43064.4141583218
25.11.2017 09:56:23 +00.16200E+00  0736 034025 1 00005651 00005604 131009 375 43064.414162662
25.11.2017 09:56:23 +00.16200E+00  0748 034025 1 00005652 00005604 131009 342 43064.4141666319
25.11.2017 09:56:24 +00.16200E+00  0763 034025 1 00005653 00005604 131009 344 43064.4141706134
25.11.2017 09:56:24 +00.16200E+00  0774 034025 1 00005654 00005604 131009 342 43064.4141745718
25.11.2017 09:56:25 +00.16200E+00  0785 034025 1 00005655 00005604 131009 376 43064.4141789236
25.11.2017 09:56:25 +00.16200E+00  0801 034025 1 00005656 00005604 131009 342 43064.4141828819
25.11.2017 09:56:25 +00.16201E+00  0811 034025 1 00005657 00005604 131009 343 43064.4141868518
25.11.2017 09:56:26 +00.16200E+00  0822 034025 1 00005658 00005604 131009 343 43064.4141908218
25.11.2017 09:56:26 +00.16200E+00  0839 034025 1 00005659 00005604 131009 378 43064.4141951968
25.11.2017 09:56:26 +00.16200E+00  0854 034025 1 00005660 00005604 131009 340 43064.4141991319
25.11.2017 09:56:27 +00.16200E+00  0871 034025 1 00005661 00005604 131009 342 43064.4142031018
25.11.2017 09:56:27 +00.16201E+00  0884 034025 1 00005662 00005604 131009 343 43064.4142070718
25.11.2017 09:56:27 +00.16200E+00  0901 034025 1 00005663 00005604 131009 379 43064.4142114583
25.11.2017 09:56:28 +00.16200E+00  0919 034025 1 00005664 00005604 131009 345 43064.4142154514
25.11.2017 09:56:28 +00.16201E+00  0930 034025 1 00005665 00005604 131009 343 43064.4142194213
25.11.2017 09:56:28 +00.16200E+00  0938 034025 1 00005666 00005604 131009 343 43064.4142233912
25.11.2017 09:56:29 +00.16200E+00  0953 034025 1 00005667 00005604 131009 374 43064.4142277199
25.11.2017 09:56:29 +00.16200E+00  0967 034025 1 00005668 00005604 131009 343 43064.4142316898
25.11.2017 09:56:29 +00.16200E+00  0980 034025 1 00005669 00005604 131009 343 43064.4142356713
25.11.2017 09:56:30 +00.16200E+00  0990 034025 1 00005670 00005604 131009 343 43064.4142396412
25.11.2017 09:56:30 +00.16201E+00  1008 034025 1 00005671 00005604 131009 374 43064.4142439699
25.11.2017 09:56:31 +00.16201E+00  1027 034025 1 00005672 00005604 131009 342 43064.4142479398
25.11.2017 09:56:31 +00.16201E+00  1041 034025 1 00005673 00005604 131009 343 43064.4142519213
25.11.2017 09:56:31 +00.16200E+00  1055 034025 1 00005674 00005604 131009 342 43064.4142558796
25.11.2017 09:56:32 +00.16200E+00  1075 034025 1 00005675 00005604 131009 375 43064.4142602315
25.11.2017 09:56:32 +00.16200E+00  1088 034025 1 00005676 00005604 131009 341 43064.4142641898
25.11.2017 09:56:32 +00.16200E+00  1111 034025 1 00005677 00005604 131009 343 43064.4142681597
25.11.2017 09:56:33 +00.16200E+00  1124 034025 1 00005678 00005604 131009 343 43064.4142721296
25.11.2017 09:56:33 +00.16200E+00  1143 034025 1 00005679 00005604 131009 378 43064.4142765046
25.11.2017 09:56:33 +00.16200E+00  1161 034025 1 00005680 00005604 131009 341 43064.414280463
25.11.2017 09:56:34 +00.16200E+00  1180 034025 1 00005681 00005604 131009 341 43064.4142844097
25.11.2017 09:56:34 +00.16200E+00  1194 034025 1 00005682 00005604 131009 343 43064.4142883796
25.11.2017 09:56:34 +00.16200E+00  1216 034025 1 00005683 00005604 131009 379 43064.4142927662
25.11.2017 09:56:35 +00.16200E+00  1232 034025 1 00005684 00005604 131009 340 43064.4142967014
25.11.2017 09:56:35 +00.16200E+00  1243 034025 1 00005685 00005604 131009 341 43064.4143006597
25.11.2017 09:56:35 +00.16200E+00  1263 034025 1 00005686 00005604 131009 343 43064.4143046296
25.11.2017 09:56:36 +00.16200E+00  1276 034025 1 00005687 00005604 131009 380 43064.4143090278
25.11.2017 09:56:36 +00.16200E+00  1289 034025 1 00005688 00005604 131009 344 43064.4143130093
25.11.2017 09:56:36 +00.16200E+00  1307 034025 1 00005689 00005604 131009 343 43064.4143169792
25.11.2017 09:56:37 +00.16200E+00  1322 034025 1 00005690 00005604 131009 343 43064.4143209491
25.11.2017 09:56:37 +00.16201E+00  1336 034025 1 00005691 00005604 131009 375 43064.4143252894
25.11.2017 09:56:38 +00.16200E+00  1363 034025 1 00005692 00005604 131009 343 43064.4143292593
25.11.2017 09:56:38 +00.16201E+00  1382 034025 1 00005693 00005604 131009 343 43064.4143332292
25.11.2017 09:56:38 +00.16200E+00  1402 034023 1 00005694 00005604 131009 343 43064.4143371991
25.11.2017 09:56:39 +00.16200E+00  1416 034023 1 00005695 00005604 131009 376 43064.4143415509
25.11.2017 09:56:39 +00.16200E+00  1431 034023 1 00005696 00005604 131009 341 43064.4143454977
25.11.2017 09:56:39 +00.16199E+00  1447 034023 1 00005697 00005604 131009 342 43064.4143494676
25.11.2017 09:56:40 +00.16199E+00  1459 034023 1 00005698 00005604 131009 342 43064.4143534375
25.11.2017 09:56:40 +00.16199E+00  1472 034023 1 00005699 00005604 131009 376 43064.4143578009
25.11.2017 09:56:40 +00.16199E+00  1483 034023 1 00005700 00005604 131009 340 43064.4143617477
25.11.2017 09:56:41 +00.16199E+00  1504 034023 1 00005701 00005604 131009 342 43064.4143657176
25.11.2017 09:56:41 +00.16199E+00  1519 034023 1 00005702 00005604 131009 343 43064.4143696875
25.11.2017 09:56:41 +00.16200E+00  1532 034023 1 00005703 00005604 131009 378 43064.4143740741
25.11.2017 09:56:42 +00.16200E+00  1543 034023 1 00005704 00005604 131009 344 43064.4143780671
25.11.2017 09:56:42 +00.16199E+00  1564 034023 1 00005705 00005604 131009 343 43064.414382037
25.11.2017 09:56:42 +00.16199E+00  1580 034023 1 00005706 00005604 131009 342 43064.4143860069
25.11.2017 09:56:43 +00.16199E+00  1593 034023 1 00005707 00005604 131009 373 43064.4143903356
25.11.2017 09:56:43 +00.16199E+00  1610 034023 1 00005708 00005604 131009 345 43064.4143943287
25.11.2017 09:56:44 +00.16199E+00  1627 034025 1 00005709 00005604 131009 342 43064.414398287
25.11.2017 09:56:44 +00.16200E+00  1645 034025 1 00005710 00005604 131009 343 43064.4144022569
25.11.2017 09:56:44 +00.16200E+00  1660 034025 1 00005711 00005604 131009 375 43064.4144065972
25.11.2017 09:56:45 +00.16200E+00  1676 034025 1 00005712 00005604 131009 343 43064.4144105671
25.11.2017 09:56:45 +00.16201E+00  1689 034025 1 00005713 00005604 131009 343 43064.414414537
25.11.2017 09:56:45 +00.16200E+00  1702 034025 1 00005714 00005604 131009 343 43064.4144185069
25.11.2017 09:56:46 +00.16200E+00  1720 034025 1 00005715 00005604 131009 376 43064.4144228588
25.11.2017 09:56:46 +00.16201E+00  1734 034025 1 00005716 00005604 131009 342 43064.4144268171
25.11.2017 09:56:46 +00.16200E+00  1749 034025 1 00005717 00005604 131009 343 43064.414430787
25.11.2017 09:56:47 +00.16200E+00  1761 034025 1 00005718 00005604 131009 343 43064.4144347569
25.11.2017 09:56:47 +00.16200E+00  1771 034025 1 00005719 00005604 131009 377 43064.4144391204
25.11.2017 09:56:47 +00.16200E+00  1785 034025 1 00005720 00005604 131009 340 43064.4144430556
25.11.2017 09:56:48 +00.16200E+00  1801 034025 1 00005721 00005604 131009 343 43064.414447037
25.11.2017 09:56:48 +00.16200E+00  1811 034025 1 00005722 00005604 131009 342 43064.4144509954
25.11.2017 09:56:48 +00.16200E+00  1826 034025 1 00005723 00005604 131009 377 43064.4144553704
25.11.2017 09:56:49 +00.16200E+00  1851 034025 1 00005724 00005604 131009 340 43064.4144593171
25.11.2017 09:56:49 +00.16200E+00  1866 034025 1 00005725 00005604 131009 341 43064.4144632755
25.11.2017 09:56:49 +00.16200E+00  1877 034025 1 00005726 00005604 131009 343 43064.4144672454
25.11.2017 09:56:50 +00.16200E+00  1904 034025 1 00005727 00005604 131009 380 43064.4144716435
25.11.2017 09:56:50 +00.16201E+00  1917 034025 1 00005728 00005604 131009 343 43064.414475625
25.11.2017 09:56:51 +00.16200E+00  1936 034025 1 00005729 00005604 131009 342 43064.4144795949
25.11.2017 09:56:51 +00.16201E+00  1951 034025 1 00005730 00005604 131009 342 43064.4144835648
25.11.2017 09:56:51 +00.16200E+00  1973 034025 1 00005731 00005604 131009 374 43064.4144879051
25.11.2017 09:56:52 +00.16200E+00  1985 034025 1 00005732 00005604 131009 342 43064.414491875
25.11.2017 09:56:52 +00.16200E+00  1993 034025 1 00005733 00005604 131009 343 43064.4144958449
25.11.2017 09:56:52 +00.16200E+00  2007 034025 1 00005734 00005604 131009 343 43064.4144998148
25.11.2017 09:56:53 +00.16200E+00  2017 034025 1 00005735 00005604 131009 376 43064.4145041667
25.11.2017 09:56:53 +00.16200E+00  2030 034025 1 00005736 00005604 131009 342 43064.4145081366
25.11.2017 09:56:53 +00.16200E+00  2049 034025 1 00005737 00005604 131009 342 43064.4145120949
25.11.2017 09:56:54 +00.16200E+00  2064 034025 1 00005738 00005604 131009 343 43064.4145160648
25.11.2017 09:56:54 +00.16201E+00  2083 034025 1 00005739 00005604 131009 377 43064.4145204282
25.11.2017 09:56:54 +00.16201E+00  2095 034025 1 00005740 00005604 131009 342 43064.4145243866
25.11.2017 09:56:55 +00.16200E+00  2114 034025 1 00005741 00005604 131009 342 43064.4145283449
25.11.2017 09:56:55 +00.16200E+00  2126 034025 1 00005742 00005604 131009 343 43064.4145323148
25.11.2017 09:56:55 +00.16200E+00  2136 034025 1 00005743 00005604 131009 378 43064.4145366898
25.11.2017 09:56:56 +00.16200E+00  2155 034025 1 00005744 00005604 131009 340 43064.414540625
25.11.2017 09:56:56 +00.16201E+00  2170 034025 1 00005745 00005604 131009 341 43064.4145445949
25.11.2017 09:56:56 +00.16200E+00  2182 034025 1 00005746 00005604 131009 343 43064.4145485648
25.11.2017 09:56:57 +00.16200E+00  2198 034025 1 00005747 00005604 131009 379 43064.4145529514
25.11.2017 09:56:57 +00.16200E+00  2219 034025 1 00005748 00005604 131009 345 43064.4145569444
25.11.2017 09:56:58 +00.16201E+00  2228 034025 1 00005749 00005604 131009 343 43064.4145609144
25.11.2017 09:56:58 +00.16200E+00  2243 034025 1 00005750 00005604 131009 343 43064.4145648843
25.11.2017 09:56:58 +00.16200E+00  2255 034025 1 00005751 00005604 131009 374 43064.414569213
25.11.2017 09:56:59 +00.16200E+00  2274 034025 1 00005752 00005604 131009 343 43064.4145731829
25.11.2017 09:56:59 +00.16200E+00  2285 034025 1 00005753 00005604 131009 342 43064.4145771528
25.11.2017 09:56:59 +00.16200E+00  2303 034025 1 00005754 00005604 131009 343 43064.4145811343
25.11.2017 09:57:00 +00.16200E+00  2319 034025 1 00005755 00005604 131009 375 43064.4145854745
25.11.2017 09:57:00 +00.16200E+00  2327 034025 1 00005756 00005604 131009 341 43064.4145894329
25.11.2017 09:57:00 +00.16200E+00  2336 034025 1 00005757 00005604 131009 343 43064.4145934028
25.11.2017 09:57:01 +00.16201E+00  2347 034025 1 00005758 00005604 131009 343 43064.4145973727
25.11.2017 09:57:01 +00.16200E+00  2352 034025 1 00005759 00005604 131009 377 43064.4146017361
25.11.2017 09:57:01 +00.16200E+00  2371 034025 1 00005760 00005604 131009 340 43064.4146056829
25.11.2017 09:57:02 +00.16200E+00  2386 034025 1 00005761 00005604 131009 342 43064.4146096528
25.11.2017 09:57:02 +00.16200E+00  2397 034025 1 00005762 00005604 131009 343 43064.4146136227
25.11.2017 09:57:02 +00.16200E+00  2418 034025 1 00005763 00005604 131009 378 43064.4146179977
25.11.2017 09:57:03 +00.16200E+00  2435 034025 1 00005764 00005604 131009 340 43064.4146219329
25.11.2017 09:57:03 +00.16201E+00  2456 034025 1 00005765 00005604 131009 343 43064.4146259028
25.11.2017 09:57:04 +00.16200E+00  2470 034025 1 00005766 00005604 131009 343 43064.4146298727
25.11.2017 09:57:04 +00.16200E+00  2486 034025 1 00005767 00005604 131009 379 43064.4146342593
25.11.2017 09:57:04 +00.16200E+00  2500 034025 1 00005768 00005604 131009 345 43064.4146382523
25.11.2017 09:57:05 +00.16200E+00  2516 034025 1 00005769 00005604 131009 343 43064.4146422222
25.11.2017 09:57:05 +00.16200E+00  2527 034025 1 00005770 00005604 131009 343 43064.4146461921
25.11.2017 09:57:05 +00.16200E+00  2543 034025 1 00005771 00005604 131009 374 43064.4146505208
25.11.2017 09:57:06 +00.16200E+00  2558 034025 1 00005772 00005604 131009 344 43064.4146545023
25.11.2017 09:57:06 +00.16200E+00  2569 034025 1 00005773 00005604 131009 343 43064.4146584722
25.11.2017 09:57:06 +00.16201E+00  2585 034025 1 00005774 00005604 131009 343 43064.4146624421
25.11.2017 09:57:07 +00.16200E+00  2599 034025 1 00005775 00005604 131009 375 43064.4146667824
25.11.2017 09:57:07 +00.16201E+00  2613 034025 1 00005776 00005604 131009 342 43064.4146707407
25.11.2017 09:57:07 +00.16200E+00  2626 034025 1 00005777 00005604 131009 342 43064.4146747106
25.11.2017 09:57:13 +00.16210E+00  0015 034045 1 00005778 00005778 131009 378 43064.414735081
25.11.2017 09:57:13 +00.16210E+00  0036 034045 1 00005779 00005778 131009 344 43064.4147390741
25.11.2017 09:57:13 +00.16210E+00  0047 034045 1 00005780 00005778 131009 342 43064.414743044
25.11.2017 09:57:14 +00.16210E+00  0062 034045 1 00005781 00005778 131009 342 43064.4147470139
25.11.2017 09:57:14 +00.16210E+00  0077 034045 1 00005782 00005778 131009 373 43064.4147513426
25.11.2017 09:57:14 +00.16210E+00  0095 034045 1 00005783 00005778 131009 344 43064.4147553356
25.11.2017 09:57:15 +00.16210E+00  0109 034045 1 00005784 00005778 131009 342 43064.414759294
25.11.2017 09:57:15 +00.16210E+00  0121 034045 1 00005785 00005778 131009 343 43064.4147632639
25.11.2017 09:57:15 +00.16210E+00  0136 034045 1 00005786 00005778 131009 375 43064.4147676042
25.11.2017 09:57:16 +00.16210E+00  0152 034045 1 00005787 00005778 131009 343 43064.4147715741
25.11.2017 09:57:16 +00.16210E+00  0162 034045 1 00005788 00005778 131009 343 43064.414775544
25.11.2017 09:57:16 +00.16210E+00  0179 034045 1 00005789 00005778 131009 343 43064.4147795139
25.11.2017 09:57:17 +00.16210E+00  0190 034045 1 00005790 00005778 131009 376 43064.4147838657
25.11.2017 09:57:17 +00.16210E+00  0203 034045 1 00005791 00005778 131009 342 43064.4147878241
25.11.2017 09:57:18 +00.16210E+00  0215 034045 1 00005792 00005778 131009 342 43064.4147917824
25.11.2017 09:57:18 +00.16210E+00  0228 034045 1 00005793 00005778 131009 343 43064.4147957639
25.11.2017 09:57:18 +00.16210E+00  0245 034045 1 00005794 00005778 131009 378 43064.4148001389
25.11.2017 09:57:19 +00.16210E+00  0260 034045 1 00005795 00005778 131009 340 43064.4148040741
25.11.2017 09:57:19 +00.16210E+00  0274 034045 1 00005796 00005778 131009 342 43064.4148080324
25.11.2017 09:57:19 +00.16210E+00  0283 034045 1 00005797 00005778 131009 342 43064.4148120023
25.11.2017 09:57:20 +00.16210E+00  0300 034045 1 00005798 00005778 131009 379 43064.4148164005
25.11.2017 09:57:20 +00.16210E+00  0320 034045 1 00005799 00005778 131009 349 43064.4148204398
25.11.2017 09:57:20 +00.16210E+00  0338 034045 1 00005800 00005778 131009 358 43064.4148245949
25.11.2017 09:57:21 +00.16210E+00  0356 034045 1 00005801 00005778 131009 406 43064.4148292824
25.11.2017 09:57:21 +00.16210E+00  0368 034045 1 00005802 00005778 131009 359 43064.4148334375
25.11.2017 09:57:21 +00.16210E+00  0386 034045 1 00005803 00005778 131009 359 43064.4148375926
25.11.2017 09:57:22 +00.16210E+00  0399 034045 1 00005804 00005778 131009 405 43064.4148422801
25.11.2017 09:57:22 +00.16210E+00  0431 034045 1 00005805 00005778 131009 359 43064.4148464352
25.11.2017 09:57:23 +00.16210E+00  0449 034045 1 00005806 00005778 131009 359 43064.4148505903
25.11.2017 09:57:23 +00.16210E+00  0467 034045 1 00005807 00005778 131009 405 43064.4148552894
25.11.2017 09:57:23 +00.16210E+00  0484 034045 1 00005808 00005778 131009 359 43064.4148594329
25.11.2017 09:57:24 +00.16210E+00  0502 034045 1 00005809 00005778 131009 359 43064.414863588
25.11.2017 09:57:24 +00.16210E+00  0519 034045 1 00005810 00005778 131009 406 43064.414868287
25.11.2017 09:57:24 +00.16210E+00  0536 034045 1 00005811 00005778 131009 358 43064.4148724421
25.11.2017 09:57:25 +00.16210E+00  0542 034045 1 00005812 00005778 131009 359 43064.4148765857
25.11.2017 09:57:25 +00.16210E+00  0558 034045 1 00005813 00005778 131009 406 43064.4148812847
25.11.2017 09:57:26 +00.16210E+00  0581 034045 1 00005814 00005778 131009 359 43064.4148854398
25.11.2017 09:57:26 +00.16210E+00  0597 034045 1 00005815 00005778 131009 358 43064.4148895949
25.11.2017 09:57:26 +00.16210E+00  0621 034045 1 00005816 00005778 131009 406 43064.4148942824
25.11.2017 09:57:27 +00.16210E+00  0644 034045 1 00005817 00005778 131009 359 43064.4148984375
25.11.2017 09:57:27 +00.16210E+00  0658 034045 1 00005818 00005778 131009 359 43064.4149025926
25.11.2017 09:57:27 +00.16210E+00  0678 034045 1 00005819 00005778 131009 405 43064.4149072801
25.11.2017 09:57:28 +00.16210E+00  0696 034045 1 00005820 00005778 131009 359 43064.4149114352
25.11.2017 09:57:28 +00.16210E+00  0710 034045 1 00005821 00005778 131009 359 43064.4149155903
25.11.2017 09:57:29 +00.16210E+00  0726 034045 1 00005822 00005778 131009 421 43064.414920463
25.11.2017 09:57:29 +00.16210E+00  0753 034045 1 00005823 00005778 131009 359 43064.4149246181
25.11.2017 09:57:29 +00.16210E+00  0768 034045 1 00005824 00005778 131009 359 43064.4149287731
25.11.2017 09:57:30 +00.16210E+00  0779 034045 1 00005825 00005778 131009 405 43064.4149334606
25.11.2017 09:57:30 +00.16210E+00  0798 034045 1 00005826 00005778 131009 359 43064.4149376157
25.11.2017 09:57:30 +00.16210E+00  0819 034045 1 00005827 00005778 131009 359 43064.4149417708
25.11.2017 09:57:31 +00.16210E+00  0847 034045 1 00005828 00005778 131009 405 43064.4149464699
25.11.2017 09:57:31 +00.16210E+00  0866 034045 1 00005829 00005778 131009 359 43064.4149506134
25.11.2017 09:57:32 +00.16210E+00  0880 034045 1 00005830 00005778 131009 359 43064.4149547685
25.11.2017 09:57:32 +00.16210E+00  0889 034045 1 00005831 00005778 131009 406 43064.4149594676
25.11.2017 09:57:32 +00.16210E+00  0903 034045 1 00005832 00005778 131009 358 43064.4149636227
25.11.2017 09:57:33 +00.16210E+00  0916 034045 1 00005833 00005778 131009 359 43064.4149677662
25.11.2017 09:57:33 +00.16210E+00  0935 034045 1 00005834 00005778 131009 406 43064.4149724653
25.11.2017 09:57:33 +00.16210E+00  0950 034045 1 00005835 00005778 131009 359 43064.4149766204
25.11.2017 09:57:34 +00.16210E+00  0970 034045 1 00005836 00005778 131009 358 43064.4149807755
25.11.2017 09:57:34 +00.16210E+00  0983 034045 1 00005837 00005778 131009 406 43064.414985463
25.11.2017 09:57:35 +00.16210E+00  0997 034045 1 00005838 00005778 131009 359 43064.4149896181
25.11.2017 09:57:35 +00.16210E+00  1015 034045 1 00005839 00005778 131009 359 43064.4149937731
25.11.2017 09:57:35 +00.16210E+00  1030 034045 1 00005840 00005778 131009 405 43064.4149984606
25.11.2017 09:57:36 +00.16210E+00  1052 034045 1 00005841 00005778 131009 359 43064.4150026157
25.11.2017 09:57:36 +00.16210E+00  1064 034045 1 00005842 00005778 131009 359 43064.4150067708
25.11.2017 09:57:36 +00.16210E+00  1080 034045 1 00005843 00005778 131009 405 43064.4150114699
25.11.2017 09:57:37 +00.16210E+00  1094 034045 1 00005844 00005778 131009 359 43064.4150156134
25.11.2017 09:57:37 +00.16210E+00  1106 034045 1 00005845 00005778 131009 359 43064.4150197685
25.11.2017 09:57:38 +00.16210E+00  1121 034045 1 00005846 00005778 131009 406 43064.4150244676
25.11.2017 09:57:38 +00.16210E+00  1138 034045 1 00005847 00005778 131009 358 43064.4150286227
25.11.2017 09:57:38 +00.16210E+00  1161 034045 1 00005848 00005778 131009 359 43064.4150327662
25.11.2017 09:57:39 +00.16209E+00  1180 034045 1 00005849 00005778 131009 406 43064.4150374653
25.11.2017 09:57:39 +00.16210E+00  1198 034045 1 00005850 00005778 131009 359 43064.4150416204
25.11.2017 09:57:39 +00.16210E+00  1207 034045 1 00005851 00005778 131009 358 43064.4150457755
25.11.2017 09:57:40 +00.16210E+00  1225 034045 1 00005852 00005778 131009 406 43064.415050463
25.11.2017 09:57:40 +00.16210E+00  1242 034045 1 00005853 00005778 131009 359 43064.4150546181
25.11.2017 09:57:41 +00.16210E+00  1258 034045 1 00005854 00005778 131009 359 43064.4150587731
25.11.2017 09:57:41 +00.16210E+00  1275 034045 1 00005855 00005778 131009 405 43064.4150634606
25.11.2017 09:57:41 +00.16210E+00  1292 034045 1 00005856 00005778 131009 359 43064.4150676157
25.11.2017 09:57:42 +00.16210E+00  1311 034045 1 00005857 00005778 131009 359 43064.4150717708
25.11.2017 09:57:42 +00.16210E+00  1328 034045 1 00005858 00005778 131009 405 43064.4150764699
25.11.2017 09:57:42 +00.16210E+00  1344 034045 1 00005859 00005778 131009 359 43064.4150806134
25.11.2017 09:57:43 +00.16210E+00  1366 034045 1 00005860 00005778 131009 359 43064.4150847685
25.11.2017 09:57:43 +00.16210E+00  1380 034045 1 00005861 00005778 131009 406 43064.4150894676
25.11.2017 09:57:44 +00.16210E+00  1396 034045 1 00005862 00005778 131009 358 43064.4150936227
25.11.2017 09:57:44 +00.16210E+00  1410 034045 1 00005863 00005778 131009 359 43064.4150977662
25.11.2017 09:57:44 +00.16210E+00  1424 034045 1 00005864 00005778 131009 406 43064.4151024653
25.11.2017 09:57:45 +00.16210E+00  1439 034045 1 00005865 00005778 131009 359 43064.4151066204
25.11.2017 09:57:45 +00.16210E+00  1452 034045 1 00005866 00005778 131009 358 43064.4151107755
25.11.2017 09:57:45 +00.16210E+00  1466 034045 1 00005867 00005778 131009 406 43064.415115463
25.11.2017 09:57:46 +00.16210E+00  1482 034045 1 00005868 00005778 131009 359 43064.4151196181
25.11.2017 09:57:46 +00.16210E+00  1492 034045 1 00005869 00005778 131009 359 43064.4151237731
25.11.2017 09:57:47 +00.16210E+00  1505 034045 1 00005870 00005778 131009 405 43064.4151284606
25.11.2017 09:57:47 +00.16210E+00  1518 034045 1 00005871 00005778 131009 359 43064.4151326157
25.11.2017 09:57:47 +00.16210E+00  1531 034045 1 00005872 00005778 131009 359 43064.4151367708
25.11.2017 09:57:48 +00.16210E+00  1544 034045 1 00005873 00005778 131009 405 43064.4151414699
25.11.2017 09:57:48 +00.16210E+00  1564 034045 1 00005874 00005778 131009 359 43064.4151456134
25.11.2017 09:57:48 +00.16210E+00  1575 034045 1 00005875 00005778 131009 359 43064.4151497685
25.11.2017 09:57:49 +00.16210E+00  1587 034045 1 00005876 00005778 131009 406 43064.4151544676
25.11.2017 09:57:49 +00.16210E+00  1607 034045 1 00005877 00005778 131009 358 43064.4151586227
25.11.2017 09:57:50 +00.16210E+00  1619 034045 1 00005878 00005778 131009 359 43064.4151627662
25.11.2017 09:57:50 +00.16210E+00  1631 034045 1 00005879 00005778 131009 421 43064.4151676505
25.11.2017 09:57:50 +00.16210E+00  1647 034045 1 00005880 00005778 131009 359 43064.415171794
25.11.2017 09:57:51 +00.16210E+00  1660 034045 1 00005881 00005778 131009 359 43064.4151759491
25.11.2017 09:57:51 +00.16210E+00  1676 034045 1 00005882 00005778 131009 406 43064.4151806481
25.11.2017 09:57:51 +00.16210E+00  1690 034045 1 00005883 00005778 131009 358 43064.4151848032
25.11.2017 09:57:52 +00.16210E+00  1711 034045 1 00005884 00005778 131009 359 43064.4151889468
25.11.2017 09:57:52 +00.16210E+00  1722 034045 1 00005885 00005778 131009 406 43064.4151936458
25.11.2017 09:57:53 +00.16210E+00  1740 034045 1 00005886 00005778 131009 359 43064.4151978009
25.11.2017 09:57:53 +00.16210E+00  1750 034045 1 00005887 00005778 131009 358 43064.415201956
25.11.2017 09:57:53 +00.16210E+00  1766 034045 1 00005888 00005778 131009 406 43064.4152066435
25.11.2017 09:57:54 +00.16210E+00  1781 034045 1 00005889 00005778 131009 359 43064.4152107986
25.11.2017 09:57:54 +00.16210E+00  1795 034045 1 00005890 00005778 131009 359 43064.4152149537
25.11.2017 09:57:54 +00.16210E+00  1812 034045 1 00005891 00005778 131009 405 43064.4152196412
25.11.2017 09:57:55 +00.16210E+00  1825 034045 1 00005892 00005778 131009 359 43064.4152237963
25.11.2017 09:57:55 +00.16210E+00  1843 034045 1 00005893 00005778 131009 359 43064.4152279514
25.11.2017 09:57:56 +00.16210E+00  1857 034045 1 00005894 00005778 131009 405 43064.4152326505
25.11.2017 09:57:56 +00.16210E+00  1870 034045 1 00005895 00005778 131009 359 43064.415236794
25.11.2017 09:57:56 +00.16210E+00  1884 034045 1 00005896 00005778 131009 359 43064.4152409491
25.11.2017 09:57:57 +00.16210E+00  1895 034045 1 00005897 00005778 131009 406 43064.4152456481
25.11.2017 09:57:57 +00.16210E+00  1912 034045 1 00005898 00005778 131009 358 43064.4152498032
25.11.2017 09:57:57 +00.16210E+00  1924 034045 1 00005899 00005778 131009 359 43064.4152539468
25.11.2017 09:57:58 +00.16210E+00  1942 034045 1 00005900 00005778 131009 406 43064.4152586458
25.11.2017 09:57:58 +00.16210E+00  1958 034045 1 00005901 00005778 131009 359 43064.4152628009
25.11.2017 09:57:59 +00.16210E+00  1968 034045 1 00005902 00005778 131009 358 43064.415266956
25.11.2017 09:57:59 +00.16210E+00  1992 034045 1 00005903 00005778 131009 406 43064.4152716435
25.11.2017 09:57:59 +00.16210E+00  2012 034045 1 00005904 00005778 131009 359 43064.4152757986
25.11.2017 09:58:00 +00.16210E+00  2024 034045 1 00005905 00005778 131009 359 43064.4152799537
25.11.2017 09:58:00 +00.16210E+00  2035 034045 1 00005906 00005778 131009 405 43064.4152846412
25.11.2017 09:58:00 +00.16210E+00  2051 034045 1 00005907 00005778 131009 359 43064.4152887963
25.11.2017 09:58:01 +00.16210E+00  2062 034045 1 00005908 00005778 131009 359 43064.4152929514
25.11.2017 09:58:01 +00.16210E+00  2080 034045 1 00005909 00005778 131009 405 43064.4152976505
25.11.2017 09:58:02 +00.16210E+00  2098 034045 1 00005910 00005778 131009 359 43064.415301794
25.11.2017 09:58:02 +00.16210E+00  2114 034045 1 00005911 00005778 131009 359 43064.4153059491
25.11.2017 09:58:02 +00.16210E+00  2132 034045 1 00005912 00005778 131009 406 43064.4153106481
25.11.2017 09:58:03 +00.16210E+00  2145 034045 1 00005913 00005778 131009 358 43064.4153148032
25.11.2017 09:58:03 +00.16210E+00  2155 034045 1 00005914 00005778 131009 359 43064.4153189468
25.11.2017 09:58:03 +00.16210E+00  2166 034045 1 00005915 00005778 131009 406 43064.4153236458
25.11.2017 09:58:04 +00.16210E+00  2183 034045 1 00005916 00005778 131009 359 43064.4153278009
25.11.2017 09:58:04 +00.16210E+00  2199 034045 1 00005917 00005778 131009 358 43064.415331956
25.11.2017 09:58:05 +00.16210E+00  2216 034045 1 00005918 00005778 131009 406 43064.4153366435
25.11.2017 09:58:05 +00.16210E+00  2243 034045 1 00005919 00005778 131009 359 43064.4153407986
25.11.2017 09:58:05 +00.16210E+00  2255 034045 1 00005920 00005778 131009 359 43064.4153449537
25.11.2017 09:58:06 +00.16210E+00  2265 034045 1 00005921 00005778 131009 405 43064.4153496412
25.11.2017 09:58:06 +00.16210E+00  2284 034045 1 00005922 00005778 131009 359 43064.4153537963
25.11.2017 09:58:06 +00.16210E+00  2302 034045 1 00005923 00005778 131009 359 43064.4153579514
25.11.2017 09:58:07 +00.16210E+00  2314 034045 1 00005924 00005778 131009 405 43064.4153626505
25.11.2017 09:58:07 +00.16210E+00  2328 034045 1 00005925 00005778 131009 359 43064.415366794
25.11.2017 09:58:08 +00.16210E+00  2342 034045 1 00005926 00005778 131009 359 43064.4153709491
25.11.2017 09:58:08 +00.16210E+00  2360 034045 1 00005927 00005778 131009 406 43064.4153756481
25.11.2017 09:58:08 +00.16210E+00  2373 034045 1 00005928 00005778 131009 358 43064.4153798032
25.11.2017 09:58:09 +00.16210E+00  2390 034045 1 00005929 00005778 131009 359 43064.4153839468
25.11.2017 09:58:09 +00.16210E+00  2405 034045 1 00005930 00005778 131009 406 43064.4153886458
25.11.2017 09:58:09 +00.16210E+00  2422 034045 1 00005931 00005778 131009 359 43064.4153928009
25.11.2017 09:58:10 +00.16210E+00  2439 034045 1 00005932 00005778 131009 358 43064.415396956
25.11.2017 09:58:10 +00.16210E+00  2461 034045 1 00005933 00005778 131009 406 43064.4154016435
25.11.2017 09:58:11 +00.16210E+00  2480 034045 1 00005934 00005778 131009 359 43064.4154057986
25.11.2017 09:58:11 +00.16210E+00  2498 034045 1 00005935 00005778 131009 359 43064.4154099537
25.11.2017 09:58:11 +00.16210E+00  2511 034045 1 00005936 00005778 131009 421 43064.4154148264
25.11.2017 09:58:12 +00.16210E+00  2527 034045 1 00005937 00005778 131009 359 43064.4154189815
25.11.2017 09:58:12 +00.16210E+00  2537 034045 1 00005938 00005778 131009 358 43064.4154231366
25.11.2017 09:58:12 +00.16210E+00  2557 034045 1 00005939 00005778 131009 406 43064.4154278241
25.11.2017 09:58:13 +00.16210E+00  2580 034045 1 00005940 00005778 131009 359 43064.4154319792
25.11.2017 09:58:18 +00.16219E+00  0016 034065 1 00005941 00005941 131009 359 43064.4154940856
25.11.2017 09:58:19 +00.16219E+00  0022 034065 1 00005942 00005941 131009 359 43064.4154982407
25.11.2017 09:58:19 +00.16219E+00  0031 034065 1 00005943 00005941 131009 374 43064.415502581
25.11.2017 09:58:19 +00.16219E+00  0048 034065 1 00005944 00005941 131009 359 43064.4155067245
25.11.2017 09:58:20 +00.16219E+00  0062 034065 1 00005945 00005941 131009 359 43064.4155108796
25.11.2017 09:58:20 +00.16219E+00  0079 034065 1 00005946 00005941 131009 406 43064.4155155787
25.11.2017 09:58:20 +00.16220E+00  0099 034065 1 00005947 00005941 131009 358 43064.4155197338
25.11.2017 09:58:21 +00.16219E+00  0110 034065 1 00005948 00005941 131009 359 43064.4155238773
25.11.2017 09:58:21 +00.16219E+00  0124 034065 1 00005949 00005941 131009 406 43064.4155285764
25.11.2017 09:58:22 +00.16219E+00  0141 034065 1 00005950 00005941 131009 359 43064.4155327315
25.11.2017 09:58:22 +00.16220E+00  0149 034065 1 00005951 00005941 131009 358 43064.4155368866
25.11.2017 09:58:22 +00.16219E+00  0163 034065 1 00005952 00005941 131009 406 43064.4155415741
25.11.2017 09:58:23 +00.16219E+00  0183 034065 1 00005953 00005941 131009 359 43064.4155457292
25.11.2017 09:58:23 +00.16219E+00  0206 034065 1 00005954 00005941 131009 359 43064.4155498843
25.11.2017 09:58:23 +00.16220E+00  0223 034067 1 00005955 00005941 131009 405 43064.4155545718
25.11.2017 09:58:24 +00.16220E+00  0236 034067 1 00005956 00005941 131009 359 43064.4155587269
25.11.2017 09:58:24 +00.16220E+00  0254 034067 1 00005957 00005941 131009 359 43064.4155628819
25.11.2017 09:58:25 +00.16220E+00  0274 034067 1 00005958 00005941 131009 405 43064.415567581
25.11.2017 09:58:25 +00.16220E+00  0288 034067 1 00005959 00005941 131009 359 43064.4155717245
25.11.2017 09:58:25 +00.16220E+00  0305 034067 1 00005960 00005941 131009 359 43064.4155758796
25.11.2017 09:58:26 +00.16220E+00  0326 034067 1 00005961 00005941 131009 406 43064.4155805787
25.11.2017 09:58:26 +00.16220E+00  0341 034067 1 00005962 00005941 131009 358 43064.4155847338
25.11.2017 09:58:26 +00.16220E+00  0356 034067 1 00005963 00005941 131009 359 43064.4155888773
25.11.2017 09:58:27 +00.16220E+00  0378 034067 1 00005964 00005941 131009 406 43064.4155935764
25.11.2017 09:58:27 +00.16220E+00  0399 034067 1 00005965 00005941 131009 359 43064.4155977315
25.11.2017 09:58:28 +00.16220E+00  0409 034067 1 00005966 00005941 131009 358 43064.4156018866
25.11.2017 09:58:28 +00.16221E+00  0430 034067 1 00005967 00005941 131009 406 43064.4156065741
25.11.2017 09:58:28 +00.16220E+00  0455 034067 1 00005968 00005941 131009 359 43064.4156107292
25.11.2017 09:58:29 +00.16221E+00  0472 034067 1 00005969 00005941 131009 359 43064.4156148843
25.11.2017 09:58:29 +00.16220E+00  0486 034067 1 00005970 00005941 131009 405 43064.4156195718
25.11.2017 09:58:29 +00.16221E+00  0504 034067 1 00005971 00005941 131009 359 43064.4156237269
25.11.2017 09:58:30 +00.16220E+00  0518 034067 1 00005972 00005941 131009 359 43064.4156278819
25.11.2017 09:58:30 +00.16220E+00  0532 034067 1 00005973 00005941 131009 405 43064.415632581
25.11.2017 09:58:31 +00.16221E+00  0553 034067 1 00005974 00005941 131009 359 43064.4156367245
25.11.2017 09:58:31 +00.16221E+00  0563 034067 1 00005975 00005941 131009 359 43064.4156408796
25.11.2017 09:58:31 +00.16221E+00  0571 034067 1 00005976 00005941 131009 406 43064.4156455787
25.11.2017 09:58:32 +00.16220E+00  0591 034067 1 00005977 00005941 131009 358 43064.4156497338
25.11.2017 09:58:32 +00.16220E+00  0601 034067 1 00005978 00005941 131009 359 43064.4156538773
25.11.2017 09:58:32 +00.16220E+00  0619 034067 1 00005979 00005941 131009 421 43064.4156587616
25.11.2017 09:58:33 +00.16221E+00  0638 034067 1 00005980 00005941 131009 359 43064.4156629051
25.11.2017 09:58:33 +00.16220E+00  0653 034067 1 00005981 00005941 131009 359 43064.4156670602
25.11.2017 09:58:34 +00.16220E+00  0669 034067 1 00005982 00005941 131009 406 43064.4156717593
25.11.2017 09:58:34 +00.16220E+00  0679 034067 1 00005983 00005941 131009 358 43064.4156759144
25.11.2017 09:58:34 +00.16220E+00  0692 034067 1 00005984 00005941 131009 359 43064.4156800579
25.11.2017 09:58:35 +00.16220E+00  0715 034067 1 00005985 00005941 131009 406 43064.4156847569
25.11.2017 09:58:35 +00.16220E+00  0725 034067 1 00005986 00005941 131009 359 43064.415688912
25.11.2017 09:58:35 +00.16220E+00  0741 034067 1 00005987 00005941 131009 358 43064.4156930671
25.11.2017 09:58:36 +00.16220E+00  0757 034067 1 00005988 00005941 131009 406 43064.4156977546
25.11.2017 09:58:36 +00.16220E+00  0774 034067 1 00005989 00005941 131009 359 43064.4157019097
25.11.2017 09:58:37 +00.16220E+00  0784 034067 1 00005990 00005941 131009 359 43064.4157060648
25.11.2017 09:58:37 +00.16220E+00  0801 034067 1 00005991 00005941 131009 405 43064.4157107523
25.11.2017 09:58:37 +00.16220E+00  0815 034067 1 00005992 00005941 131009 359 43064.4157149074
25.11.2017 09:58:38 +00.16220E+00  0831 034067 1 00005993 00005941 131009 359 43064.4157190625
25.11.2017 09:58:38 +00.16220E+00  0847 034067 1 00005994 00005941 131009 405 43064.4157237616
25.11.2017 09:58:38 +00.16220E+00  0858 034067 1 00005995 00005941 131009 359 43064.4157279051
25.11.2017 09:58:39 +00.16220E+00  0877 034067 1 00005996 00005941 131009 359 43064.4157320602
25.11.2017 09:58:39 +00.16220E+00  0894 034067 1 00005997 00005941 131009 406 43064.4157367593
25.11.2017 09:58:40 +00.16220E+00  0910 034067 1 00005998 00005941 131009 358 43064.4157409144
25.11.2017 09:58:40 +00.16220E+00  0924 034067 1 00005999 00005941 131009 359 43064.4157450579
25.11.2017 09:58:40 +00.16220E+00  0937 034067 1 00006000 00005941 131009 406 43064.4157497569
25.11.2017 09:58:41 +00.16220E+00  0948 034067 1 00006001 00005941 131009 359 43064.415753912
25.11.2017 09:58:41 +00.16220E+00  0963 034067 1 00006002 00005941 131009 358 43064.4157580671
25.11.2017 09:58:41 +00.16220E+00  0977 034067 1 00006003 00005941 131009 406 43064.4157627546
25.11.2017 09:58:42 +00.16220E+00  0998 034067 1 00006004 00005941 131009 359 43064.4157669097
25.11.2017 09:58:42 +00.16220E+00  1017 034067 1 00006005 00005941 131009 359 43064.4157710648
25.11.2017 09:58:43 +00.16220E+00  1028 034067 1 00006006 00005941 131009 405 43064.4157757523
25.11.2017 09:58:43 +00.16220E+00  1038 034067 1 00006007 00005941 131009 359 43064.4157799074
25.11.2017 09:58:43 +00.16220E+00  1056 034067 1 00006008 00005941 131009 359 43064.4157840625
25.11.2017 09:58:44 +00.16220E+00  1076 034067 1 00006009 00005941 131009 405 43064.4157887616
25.11.2017 09:58:44 +00.16221E+00  1096 034067 1 00006010 00005941 131009 359 43064.4157929051
25.11.2017 09:58:44 +00.16220E+00  1104 034067 1 00006011 00005941 131009 359 43064.4157970602
25.11.2017 09:58:45 +00.16221E+00  1115 034067 1 00006012 00005941 131009 406 43064.4158017593
25.11.2017 09:58:45 +00.16220E+00  1128 034067 1 00006013 00005941 131009 358 43064.4158059144
25.11.2017 09:58:45 +00.16220E+00  1148 034067 1 00006014 00005941 131009 359 43064.4158100579
25.11.2017 09:58:46 +00.16220E+00  1160 034067 1 00006015 00005941 131009 406 43064.4158147569
25.11.2017 09:58:46 +00.16220E+00  1173 034067 1 00006016 00005941 131009 359 43064.415818912
25.11.2017 09:58:47 +00.16221E+00  1186 034067 1 00006017 00005941 131009 358 43064.4158230671
25.11.2017 09:58:47 +00.16220E+00  1202 034067 1 00006018 00005941 131009 406 43064.4158277546
25.11.2017 09:58:47 +00.16220E+00  1214 034067 1 00006019 00005941 131009 359 43064.4158319097
25.11.2017 09:58:48 +00.16220E+00  1230 034067 1 00006020 00005941 131009 359 43064.4158360648
25.11.2017 09:58:48 +00.16220E+00  1249 034067 1 00006021 00005941 131009 405 43064.4158407523
25.11.2017 09:58:49 +00.16220E+00  1267 034067 1 00006022 00005941 131009 359 43064.4158449074
25.11.2017 09:58:49 +00.16220E+00  1284 034067 1 00006023 00005941 131009 359 43064.4158490625
25.11.2017 09:58:49 +00.16220E+00  1297 034067 1 00006024 00005941 131009 405 43064.4158537616
25.11.2017 09:58:50 +00.16220E+00  1315 034067 1 00006025 00005941 131009 359 43064.4158579051
25.11.2017 09:58:50 +00.16220E+00  1327 034067 1 00006026 00005941 131009 359 43064.4158620602
25.11.2017 09:58:50 +00.16220E+00  1345 034067 1 00006027 00005941 131009 406 43064.4158667593
25.11.2017 09:58:51 +00.16220E+00  1358 034067 1 00006028 00005941 131009 358 43064.4158709144
25.11.2017 09:58:51 +00.16220E+00  1366 034067 1 00006029 00005941 131009 359 43064.4158750579
25.11.2017 09:58:52 +00.16220E+00  1377 034067 1 00006030 00005941 131009 406 43064.4158797569
25.11.2017 09:58:52 +00.16220E+00  1391 034067 1 00006031 00005941 131009 359 43064.415883912
25.11.2017 09:58:52 +00.16220E+00  1403 034067 1 00006032 00005941 131009 358 43064.4158880671
25.11.2017 09:58:53 +00.16220E+00  1418 034067 1 00006033 00005941 131009 406 43064.4158927546
25.11.2017 09:58:53 +00.16220E+00  1434 034067 1 00006034 00005941 131009 359 43064.4158969097
25.11.2017 09:58:53 +00.16220E+00  1450 034067 1 00006035 00005941 131009 359 43064.4159010648
25.11.2017 09:58:54 +00.16221E+00  1467 034067 1 00006036 00005941 131009 421 43064.4159059375
25.11.2017 09:58:54 +00.16220E+00  1488 034067 1 00006037 00005941 131009 359 43064.4159100926
25.11.2017 09:58:54 +00.16220E+00  1507 034067 1 00006038 00005941 131009 358 43064.4159142477
25.11.2017 09:58:55 +00.16220E+00  1524 034067 1 00006039 00005941 131009 406 43064.4159189352
25.11.2017 09:58:55 +00.16220E+00  1534 034067 1 00006040 00005941 131009 359 43064.4159230903
25.11.2017 09:58:56 +00.16220E+00  1550 034067 1 00006041 00005941 131009 359 43064.4159272454
25.11.2017 09:58:56 +00.16221E+00  1566 034067 1 00006042 00005941 131009 405 43064.4159319329
25.11.2017 09:58:56 +00.16220E+00  1586 034067 1 00006043 00005941 131009 359 43064.415936088
25.11.2017 09:58:57 +00.16220E+00  1603 034067 1 00006044 00005941 131009 359 43064.4159402431
25.11.2017 09:58:57 +00.16220E+00  1616 034067 1 00006045 00005941 131009 405 43064.4159449421
25.11.2017 09:58:58 +00.16220E+00  1632 034067 1 00006046 00005941 131009 359 43064.4159490856
25.11.2017 09:58:58 +00.16220E+00  1643 034067 1 00006047 00005941 131009 359 43064.4159532407
25.11.2017 09:58:58 +00.16220E+00  1659 034067 1 00006048 00005941 131009 406 43064.4159579398
25.11.2017 09:58:59 +00.16220E+00  1672 034067 1 00006049 00005941 131009 358 43064.4159620949
25.11.2017 09:58:59 +00.16220E+00  1687 034067 1 00006050 00005941 131009 359 43064.4159662384
25.11.2017 09:58:59 +00.16220E+00  1699 034067 1 00006051 00005941 131009 406 43064.4159709375
25.11.2017 09:59:00 +00.16220E+00  1719 034067 1 00006052 00005941 131009 359 43064.4159750926
25.11.2017 09:59:00 +00.16220E+00  1736 034067 1 00006053 00005941 131009 358 43064.4159792477
25.11.2017 09:59:01 +00.16220E+00  1746 034067 1 00006054 00005941 131009 406 43064.4159839352
25.11.2017 09:59:01 +00.16220E+00  1761 034067 1 00006055 00005941 131009 359 43064.4159880903
25.11.2017 09:59:01 +00.16220E+00  1771 034067 1 00006056 00005941 131009 359 43064.4159922454
25.11.2017 09:59:02 +00.16220E+00  1787 034067 1 00006057 00005941 131009 405 43064.4159969329
25.11.2017 09:59:02 +00.16221E+00  1802 034067 1 00006058 00005941 131009 359 43064.416001088
25.11.2017 09:59:02 +00.16221E+00  1815 034067 1 00006059 00005941 131009 359 43064.4160052431
25.11.2017 09:59:03 +00.16220E+00  1828 034067 1 00006060 00005941 131009 405 43064.4160099421
25.11.2017 09:59:03 +00.16220E+00  1848 034067 1 00006061 00005941 131009 359 43064.4160140856
25.11.2017 09:59:03 +00.16220E+00  1865 034067 1 00006062 00005941 131009 359 43064.4160182407
25.11.2017 09:59:04 +00.16220E+00  1874 034067 1 00006063 00005941 131009 406 43064.4160229398
25.11.2017 09:59:04 +00.16220E+00  1886 034067 1 00006064 00005941 131009 358 43064.4160270949
25.11.2017 09:59:05 +00.16220E+00  1902 034067 1 00006065 00005941 131009 359 43064.4160312384
25.11.2017 09:59:05 +00.16220E+00  1918 034067 1 00006066 00005941 131009 406 43064.4160359375
25.11.2017 09:59:05 +00.16220E+00  1938 034067 1 00006067 00005941 131009 359 43064.4160400926
25.11.2017 09:59:06 +00.16220E+00  1951 034067 1 00006068 00005941 131009 358 43064.4160442477
25.11.2017 09:59:06 +00.16220E+00  1958 034067 1 00006069 00005941 131009 406 43064.4160489352
25.11.2017 09:59:06 +00.16220E+00  1979 034067 1 00006070 00005941 131009 359 43064.4160530903
25.11.2017 09:59:07 +00.16220E+00  1992 034067 1 00006071 00005941 131009 359 43064.4160572454
25.11.2017 09:59:07 +00.16220E+00  2009 034067 1 00006072 00005941 131009 405 43064.4160619329
25.11.2017 09:59:08 +00.16221E+00  2026 034067 1 00006073 00005941 131009 359 43064.416066088
25.11.2017 09:59:08 +00.16220E+00  2048 034067 1 00006074 00005941 131009 359 43064.4160702431
25.11.2017 09:59:08 +00.16220E+00  2065 034067 1 00006075 00005941 131009 405 43064.4160749421
25.11.2017 09:59:09 +00.16220E+00  2080 034067 1 00006076 00005941 131009 359 43064.4160790856
25.11.2017 09:59:09 +00.16220E+00  2098 034067 1 00006077 00005941 131009 359 43064.4160832407
25.11.2017 09:59:09 +00.16220E+00  2115 034067 1 00006078 00005941 131009 406 43064.4160879398
25.11.2017 09:59:10 +00.16220E+00  2123 034067 1 00006079 00005941 131009 358 43064.4160920949
25.11.2017 09:59:10 +00.16220E+00  2138 034067 1 00006080 00005941 131009 359 43064.4160962384
25.11.2017 09:59:11 +00.16220E+00  2158 034067 1 00006081 00005941 131009 406 43064.4161009375
25.11.2017 09:59:11 +00.16220E+00  2178 034067 1 00006082 00005941 131009 359 43064.4161050926
25.11.2017 09:59:11 +00.16220E+00  2189 034067 1 00006083 00005941 131009 358 43064.4161092477
25.11.2017 09:59:12 +00.16220E+00  2202 034067 1 00006084 00005941 131009 406 43064.4161139352
25.11.2017 09:59:12 +00.16220E+00  2218 034067 1 00006085 00005941 131009 359 43064.4161180903
25.11.2017 09:59:12 +00.16220E+00  2236 034067 1 00006086 00005941 131009 359 43064.4161222454
25.11.2017 09:59:13 +00.16220E+00  2250 034067 1 00006087 00005941 131009 405 43064.4161269329
25.11.2017 09:59:13 +00.16220E+00  2265 034067 1 00006088 00005941 131009 359 43064.416131088
25.11.2017 09:59:14 +00.16220E+00  2281 034067 1 00006089 00005941 131009 359 43064.4161352431
25.11.2017 09:59:14 +00.16221E+00  2297 034067 1 00006090 00005941 131009 405 43064.4161399421
25.11.2017 09:59:14 +00.16220E+00  2308 034067 1 00006091 00005941 131009 359 43064.4161440856
25.11.2017 09:59:15 +00.16220E+00  2327 034067 1 00006092 00005941 131009 359 43064.4161482407
25.11.2017 09:59:15 +00.16220E+00  2336 034067 1 00006093 00005941 131009 421 43064.4161531134
25.11.2017 09:59:15 +00.16220E+00  2349 034067 1 00006094 00005941 131009 359 43064.4161572685
25.11.2017 09:59:16 +00.16220E+00  2365 034067 1 00006095 00005941 131009 359 43064.4161614236
25.11.2017 09:59:16 +00.16220E+00  2379 034067 1 00006096 00005941 131009 405 43064.4161661227
25.11.2017 09:59:17 +00.16220E+00  2390 034067 1 00006097 00005941 131009 359 43064.4161702662
25.11.2017 09:59:17 +00.16221E+00  2406 034067 1 00006098 00005941 131009 359 43064.4161744213
25.11.2017 09:59:17 +00.16220E+00  2426 034067 1 00006099 00005941 131009 406 43064.4161791204
25.11.2017 09:59:18 +00.16220E+00  2440 034067 1 00006100 00005941 131009 358 43064.4161832755
25.11.2017 09:59:18 +00.16220E+00  2456 034067 1 00006101 00005941 131009 359 43064.416187419
25.11.2017 09:59:24 +00.16230E+00  0013 034087 1 00006102 00006102 131009 421 43064.4162506134
25.11.2017 09:59:24 +00.16230E+00  0036 034087 1 00006103 00006102 131009 359 43064.4162547685
25.11.2017 09:59:24 +00.16230E+00  0047 034087 1 00006104 00006102 131009 359 43064.4162589236
25.11.2017 09:59:25 +00.16230E+00  0061 034087 1 00006105 00006102 131009 405 43064.4162636227
25.11.2017 09:59:25 +00.16230E+00  0074 034087 1 00006106 00006102 131009 359 43064.4162677662
25.11.2017 09:59:25 +00.16230E+00  0089 034087 1 00006107 00006102 131009 359 43064.4162719213
25.11.2017 09:59:26 +00.16230E+00  0104 034087 1 00006108 00006102 131009 406 43064.4162766204
25.11.2017 09:59:26 +00.16230E+00  0122 034087 1 00006109 00006102 131009 358 43064.4162807755
25.11.2017 09:59:27 +00.16230E+00  0144 034087 1 00006110 00006102 131009 359 43064.416284919
25.11.2017 09:59:27 +00.16230E+00  0158 034087 1 00006111 00006102 131009 406 43064.4162896181
25.11.2017 09:59:27 +00.16230E+00  0177 034087 1 00006112 00006102 131009 359 43064.4162937731
25.11.2017 09:59:28 +00.16230E+00  0195 034087 1 00006113 00006102 131009 358 43064.4162979282
25.11.2017 09:59:28 +00.16230E+00  0214 034087 1 00006114 00006102 131009 406 43064.4163026157
25.11.2017 09:59:28 +00.16230E+00  0228 034087 1 00006115 00006102 131009 359 43064.4163067708
25.11.2017 09:59:29 +00.16230E+00  0247 034087 1 00006116 00006102 131009 359 43064.4163109259
25.11.2017 09:59:29 +00.16230E+00  0264 034087 1 00006117 00006102 131009 405 43064.4163156134
25.11.2017 09:59:30 +00.16230E+00  0282 034087 1 00006118 00006102 131009 359 43064.4163197685
25.11.2017 09:59:30 +00.16230E+00  0297 034087 1 00006119 00006102 131009 359 43064.4163239236
25.11.2017 09:59:30 +00.16230E+00  0316 034087 1 00006120 00006102 131009 405 43064.4163286227
25.11.2017 09:59:31 +00.16230E+00  0332 034087 1 00006121 00006102 131009 359 43064.4163327662
25.11.2017 09:59:31 +00.16230E+00  0343 034087 1 00006122 00006102 131009 359 43064.4163369213
25.11.2017 09:59:31 +00.16230E+00  0361 034087 1 00006123 00006102 131009 406 43064.4163416204
25.11.2017 09:59:32 +00.16230E+00  0378 034087 1 00006124 00006102 131009 358 43064.4163457755
25.11.2017 09:59:32 +00.16230E+00  0394 034087 1 00006125 00006102 131009 359 43064.416349919
25.11.2017 09:59:33 +00.16230E+00  0403 034087 1 00006126 00006102 131009 406 43064.4163546181
25.11.2017 09:59:33 +00.16230E+00  0421 034087 1 00006127 00006102 131009 359 43064.4163587731
25.11.2017 09:59:33 +00.16230E+00  0437 034087 1 00006128 00006102 131009 358 43064.4163629282
25.11.2017 09:59:34 +00.16230E+00  0460 034087 1 00006129 00006102 131009 406 43064.4163676157
25.11.2017 09:59:34 +00.16230E+00  0475 034087 1 00006130 00006102 131009 359 43064.4163717708
25.11.2017 09:59:34 +00.16230E+00  0495 034087 1 00006131 00006102 131009 359 43064.4163759259
25.11.2017 09:59:35 +00.16230E+00  0508 034087 1 00006132 00006102 131009 405 43064.4163806134
25.11.2017 09:59:35 +00.16230E+00  0523 034087 1 00006133 00006102 131009 359 43064.4163847685
25.11.2017 09:59:36 +00.16230E+00  0538 034087 1 00006134 00006102 131009 359 43064.4163889236
25.11.2017 09:59:36 +00.16230E+00  0555 034087 1 00006135 00006102 131009 405 43064.4163936227
25.11.2017 09:59:36 +00.16230E+00  0568 034087 1 00006136 00006102 131009 359 43064.4163977662
25.11.2017 09:59:37 +00.16230E+00  0577 034087 1 00006137 00006102 131009 359 43064.4164019213
25.11.2017 09:59:37 +00.16230E+00  0595 034087 1 00006138 00006102 131009 421 43064.416406794
25.11.2017 09:59:37 +00.16230E+00  0614 034087 1 00006139 00006102 131009 359 43064.4164109491
25.11.2017 09:59:38 +00.16230E+00  0630 034087 1 00006140 00006102 131009 359 43064.4164151042
25.11.2017 09:59:38 +00.16230E+00  0648 034087 1 00006141 00006102 131009 405 43064.4164198032
25.11.2017 09:59:39 +00.16230E+00  0669 034087 1 00006142 00006102 131009 359 43064.4164239468
25.11.2017 09:59:39 +00.16230E+00  0677 034087 1 00006143 00006102 131009 359 43064.4164281019
25.11.2017 09:59:39 +00.16230E+00  0696 034087 1 00006144 00006102 131009 406 43064.4164328009
25.11.2017 09:59:40 +00.16230E+00  0714 034087 1 00006145 00006102 131009 358 43064.416436956
25.11.2017 09:59:40 +00.16230E+00  0726 034087 1 00006146 00006102 131009 359 43064.4164410995
25.11.2017 09:59:40 +00.16230E+00  0742 034087 1 00006147 00006102 131009 406 43064.4164457986
25.11.2017 09:59:41 +00.16230E+00  0756 034087 1 00006148 00006102 131009 359 43064.4164499537
25.11.2017 09:59:41 +00.16230E+00  0769 034087 1 00006149 00006102 131009 358 43064.4164541088
25.11.2017 09:59:42 +00.16230E+00  0795 034087 1 00006150 00006102 131009 406 43064.4164587963
25.11.2017 09:59:42 +00.16230E+00  0805 034087 1 00006151 00006102 131009 359 43064.4164629514
25.11.2017 09:59:42 +00.16230E+00  0820 034087 1 00006152 00006102 131009 359 43064.4164671065
25.11.2017 09:59:43 +00.16230E+00  0839 034087 1 00006153 00006102 131009 405 43064.416471794
25.11.2017 09:59:43 +00.16230E+00  0860 034087 1 00006154 00006102 131009 359 43064.4164759491
25.11.2017 09:59:43 +00.16230E+00  0877 034087 1 00006155 00006102 131009 359 43064.4164801042
25.11.2017 09:59:44 +00.16230E+00  0903 034087 1 00006156 00006102 131009 405 43064.4164848032
25.11.2017 09:59:44 +00.16230E+00  0924 034087 1 00006157 00006102 131009 359 43064.4164889468
25.11.2017 09:59:45 +00.16230E+00  0945 034087 1 00006158 00006102 131009 359 43064.4164931019
25.11.2017 09:59:45 +00.16230E+00  0961 034087 1 00006159 00006102 131009 406 43064.4164978009
25.11.2017 09:59:45 +00.16230E+00  0977 034087 1 00006160 00006102 131009 358 43064.416501956
25.11.2017 09:59:46 +00.16230E+00  0984 034087 1 00006161 00006102 131009 359 43064.4165060995
25.11.2017 09:59:46 +00.16230E+00  0997 034087 1 00006162 00006102 131009 406 43064.4165107986
25.11.2017 09:59:46 +00.16230E+00  1015 034087 1 00006163 00006102 131009 359 43064.4165149537
25.11.2017 09:59:47 +00.16230E+00  1027 034087 1 00006164 00006102 131009 358 43064.4165191088
25.11.2017 09:59:47 +00.16230E+00  1037 034087 1 00006165 00006102 131009 406 43064.4165237963
25.11.2017 09:59:48 +00.16230E+00  1053 034087 1 00006166 00006102 131009 359 43064.4165279514
25.11.2017 09:59:48 +00.16230E+00  1066 034087 1 00006167 00006102 131009 359 43064.4165321065
25.11.2017 09:59:48 +00.16230E+00  1080 034087 1 00006168 00006102 131009 405 43064.416536794
25.11.2017 09:59:49 +00.16230E+00  1102 034087 1 00006169 00006102 131009 359 43064.4165409491
25.11.2017 09:59:49 +00.16230E+00  1115 034087 1 00006170 00006102 131009 359 43064.4165451042
25.11.2017 09:59:49 +00.16230E+00  1124 034087 1 00006171 00006102 131009 405 43064.4165498032
25.11.2017 09:59:50 +00.16230E+00  1142 034087 1 00006172 00006102 131009 359 43064.4165539468
25.11.2017 09:59:50 +00.16230E+00  1164 034087 1 00006173 00006102 131009 359 43064.4165581019
25.11.2017 09:59:51 +00.16230E+00  1184 034087 1 00006174 00006102 131009 406 43064.4165628009
25.11.2017 09:59:51 +00.16230E+00  1207 034087 1 00006175 00006102 131009 358 43064.416566956
25.11.2017 09:59:51 +00.16230E+00  1219 034087 1 00006176 00006102 131009 359 43064.4165710995
25.11.2017 09:59:52 +00.16230E+00  1228 034087 1 00006177 00006102 131009 406 43064.4165757986
25.11.2017 09:59:52 +00.16230E+00  1245 034087 1 00006178 00006102 131009 359 43064.4165799537
25.11.2017 09:59:52 +00.16230E+00  1272 034087 1 00006179 00006102 131009 358 43064.4165841088
25.11.2017 09:59:53 +00.16230E+00  1292 034087 1 00006180 00006102 131009 406 43064.4165887963
25.11.2017 09:59:53 +00.16230E+00  1311 034087 1 00006181 00006102 131009 359 43064.4165929514
25.11.2017 09:59:53 +00.16230E+00  1326 034087 1 00006182 00006102 131009 359 43064.4165971065
25.11.2017 09:59:54 +00.16230E+00  1338 034087 1 00006183 00006102 131009 405 43064.416601794
25.11.2017 09:59:54 +00.16230E+00  1354 034087 1 00006184 00006102 131009 359 43064.4166059491
25.11.2017 09:59:55 +00.16230E+00  1367 034087 1 00006185 00006102 131009 359 43064.4166101042
25.11.2017 09:59:55 +00.16230E+00  1383 034087 1 00006186 00006102 131009 405 43064.4166148032
25.11.2017 09:59:55 +00.16230E+00  1404 034087 1 00006187 00006102 131009 359 43064.4166189468
25.11.2017 09:59:56 +00.16230E+00  1417 034087 1 00006188 00006102 131009 359 43064.4166231019
25.11.2017 09:59:56 +00.16230E+00  1438 034087 1 00006189 00006102 131009 406 43064.4166278009
25.11.2017 09:59:57 +00.16230E+00  1458 034087 1 00006190 00006102 131009 358 43064.416631956
25.11.2017 09:59:57 +00.16230E+00  1465 034087 1 00006191 00006102 131009 359 43064.4166360995
25.11.2017 09:59:57 +00.16230E+00  1476 034087 1 00006192 00006102 131009 406 43064.4166407986
25.11.2017 09:59:58 +00.16230E+00  1487 034087 1 00006193 00006102 131009 359 43064.4166449537
25.11.2017 09:59:58 +00.16230E+00  1504 034087 1 00006194 00006102 131009 358 43064.4166491088
25.11.2017 09:59:58 +00.16230E+00  1524 034087 1 00006195 00006102 131009 422 43064.4166539815
25.11.2017 09:59:59 +00.16230E+00  1546 034087 1 00006196 00006102 131009 358 43064.4166581366
25.11.2017 09:59:59 +00.16230E+00  1557 034087 1 00006197 00006102 131009 359 43064.4166622801
25.11.2017 10:00:00 +00.16230E+00  1568 034087 1 00006198 00006102 131009 406 43064.4166669792
25.11.2017 10:00:00 +00.16230E+00  1590 034087 1 00006199 00006102 131009 359 43064.4166711343
25.11.2017 10:00:00 +00.16230E+00  1608 034087 1 00006200 00006102 131009 358 43064.4166752894
25.11.2017 10:00:01 +00.16230E+00  1624 034087 1 00006201 00006102 131009 406 43064.4166799769
25.11.2017 10:00:01 +00.16230E+00  1636 034087 1 00006202 00006102 131009 359 43064.4166841319
25.11.2017 10:00:01 +00.16230E+00  1656 034087 1 00006203 00006102 131009 359 43064.416688287
25.11.2017 10:00:02 +00.16230E+00  1667 034087 1 00006204 00006102 131009 405 43064.4166929745
25.11.2017 10:00:02 +00.16230E+00  1681 034087 1 00006205 00006102 131009 359 43064.4166971296
25.11.2017 10:00:02 +00.16230E+00  1694 034087 1 00006206 00006102 131009 359 43064.4167012847
25.11.2017 10:00:03 +00.16230E+00  1710 034087 1 00006207 00006102 131009 405 43064.4167059838
25.11.2017 10:00:03 +00.16230E+00  1728 034087 1 00006208 00006102 131009 359 43064.4167101273
25.11.2017 10:00:04 +00.16230E+00  1743 034087 1 00006209 00006102 131009 359 43064.4167142824
25.11.2017 10:00:04 +00.16230E+00  1760 034087 1 00006210 00006102 131009 406 43064.4167189815
25.11.2017 10:00:04 +00.16230E+00  1779 034087 1 00006211 00006102 131009 358 43064.4167231366
25.11.2017 10:00:05 +00.16230E+00  1799 034087 1 00006212 00006102 131009 359 43064.4167272801
25.11.2017 10:00:05 +00.16230E+00  1808 034087 1 00006213 00006102 131009 406 43064.4167319792
25.11.2017 10:00:06 +00.16230E+00  1830 034087 1 00006214 00006102 131009 359 43064.4167361343
25.11.2017 10:00:06 +00.16230E+00  1844 034087 1 00006215 00006102 131009 358 43064.4167402894
25.11.2017 10:00:06 +00.16230E+00  1867 034087 1 00006216 00006102 131009 406 43064.4167449769
25.11.2017 10:00:07 +00.16230E+00  1886 034087 1 00006217 00006102 131009 359 43064.4167491319
25.11.2017 10:00:07 +00.16230E+00  1900 034087 1 00006218 00006102 131009 359 43064.416753287
25.11.2017 10:00:07 +00.16230E+00  1917 034087 1 00006219 00006102 131009 405 43064.4167579745
25.11.2017 10:00:08 +00.16230E+00  1931 034087 1 00006220 00006102 131009 359 43064.4167621296
25.11.2017 10:00:08 +00.16230E+00  1939 034087 1 00006221 00006102 131009 359 43064.4167662847
25.11.2017 10:00:09 +00.16230E+00  1948 034087 1 00006222 00006102 131009 405 43064.4167709838
25.11.2017 10:00:09 +00.16230E+00  1963 034087 1 00006223 00006102 131009 359 43064.4167751273
25.11.2017 10:00:09 +00.16230E+00  1980 034087 1 00006224 00006102 131009 359 43064.4167792824
25.11.2017 10:00:10 +00.16230E+00  1989 034087 1 00006225 00006102 131009 406 43064.4167839815
25.11.2017 10:00:10 +00.16230E+00  2005 034087 1 00006226 00006102 131009 358 43064.4167881366
25.11.2017 10:00:10 +00.16230E+00  2024 034087 1 00006227 00006102 131009 359 43064.4167922801
25.11.2017 10:00:11 +00.16230E+00  2035 034087 1 00006228 00006102 131009 406 43064.4167969792
25.11.2017 10:00:11 +00.16230E+00  2059 034087 1 00006229 00006102 131009 359 43064.4168011343
25.11.2017 10:00:11 +00.16230E+00  2076 034087 1 00006230 00006102 131009 358 43064.4168052894
25.11.2017 10:00:12 +00.16230E+00  2091 034087 1 00006231 00006102 131009 406 43064.4168099769
25.11.2017 10:00:12 +00.16230E+00  2104 034087 1 00006232 00006102 131009 359 43064.4168141319
25.11.2017 10:00:13 +00.16230E+00  2115 034087 1 00006233 00006102 131009 359 43064.416818287
25.11.2017 10:00:13 +00.16230E+00  2131 034087 1 00006234 00006102 131009 405 43064.4168229745
25.11.2017 10:00:13 +00.16230E+00  2144 034087 1 00006235 00006102 131009 359 43064.4168271296
25.11.2017 10:00:14 +00.16230E+00  2155 034087 1 00006236 00006102 131009 359 43064.4168312847
25.11.2017 10:00:14 +00.16230E+00  2166 034087 1 00006237 00006102 131009 405 43064.4168359838
25.11.2017 10:00:14 +00.16230E+00  2180 034087 1 00006238 00006102 131009 359 43064.4168401273
25.11.2017 10:00:15 +00.16230E+00  2197 034087 1 00006239 00006102 131009 359 43064.4168442824
25.11.2017 10:00:15 +00.16230E+00  2220 034087 1 00006240 00006102 131009 406 43064.4168489815
25.11.2017 10:00:16 +00.16230E+00  2238 034087 1 00006241 00006102 131009 358 43064.4168531366
25.11.2017 10:00:16 +00.16230E+00  2250 034087 1 00006242 00006102 131009 359 43064.4168572801
25.11.2017 10:00:16 +00.16230E+00  2266 034087 1 00006243 00006102 131009 406 43064.4168619792
25.11.2017 10:00:17 +00.16230E+00  2285 034087 1 00006244 00006102 131009 359 43064.4168661343
25.11.2017 10:00:17 +00.16230E+00  2306 034087 1 00006245 00006102 131009 358 43064.4168702894
25.11.2017 10:00:17 +00.16230E+00  2316 034087 1 00006246 00006102 131009 406 43064.4168749769
25.11.2017 10:00:18 +00.16230E+00  2335 034087 1 00006247 00006102 131009 359 43064.4168791319
25.11.2017 10:00:18 +00.16230E+00  2345 034087 1 00006248 00006102 131009 359 43064.416883287
25.11.2017 10:00:19 +00.16230E+00  2353 034087 1 00006249 00006102 131009 405 43064.4168879745
25.11.2017 10:00:19 +00.16230E+00  2366 034087 1 00006250 00006102 131009 359 43064.4168921296
25.11.2017 10:00:19 +00.16230E+00  2378 034087 1 00006251 00006102 131009 359 43064.4168962847
25.11.2017 10:00:20 +00.16230E+00  2391 034087 1 00006252 00006102 131009 421 43064.4169011574
25.11.2017 10:00:20 +00.16230E+00  2401 034087 1 00006253 00006102 131009 359 43064.4169053125
25.11.2017 10:00:20 +00.16230E+00  2418 034087 1 00006254 00006102 131009 359 43064.4169094676
25.11.2017 10:00:21 +00.16230E+00  2427 034087 1 00006255 00006102 131009 405 43064.4169141551
25.11.2017 10:00:21 +00.16230E+00  2435 034087 1 00006256 00006102 131009 359 43064.4169183102
25.11.2017 10:00:22 +00.16230E+00  2451 034087 1 00006257 00006102 131009 359 43064.4169224653
25.11.2017 10:00:22 +00.16230E+00  2469 034087 1 00006258 00006102 131009 405 43064.4169271644
25.11.2017 10:00:22 +00.16230E+00  2488 034087 1 00006259 00006102 131009 359 43064.4169313079
25.11.2017 10:00:23 +00.16230E+00  2511 034087 1 00006260 00006102 131009 359 43064.416935463
25.11.2017 10:00:23 +00.16230E+00  2523 034087 1 00006261 00006102 131009 406 43064.416940162
25.11.2017 10:00:23 +00.16230E+00  2540 034087 1 00006262 00006102 131009 358 43064.4169443171
25.11.2017 10:00:24 +00.16230E+00  2547 034087 1 00006263 00006102 131009 359 43064.4169484606
25.11.2017 10:00:29 +00.16239E+00  0021 034107 1 00006264 00006264 131009 421 43064.4170116551
25.11.2017 10:00:30 +00.16239E+00  0039 034107 1 00006265 00006264 131009 359 43064.4170158102
25.11.2017 10:00:30 +00.16239E+00  0055 034107 1 00006266 00006264 131009 359 43064.4170199653
25.11.2017 10:00:30 +00.16239E+00  0064 034107 1 00006267 00006264 131009 405 43064.4170246644
25.11.2017 10:00:31 +00.16239E+00  0078 034107 1 00006268 00006264 131009 359 43064.4170288079
25.11.2017 10:00:31 +00.16240E+00  0104 034107 1 00006269 00006264 131009 359 43064.417032963
25.11.2017 10:00:32 +00.16240E+00  0122 034107 1 00006270 00006264 131009 406 43064.417037662
25.11.2017 10:00:32 +00.16240E+00  0136 034107 1 00006271 00006264 131009 358 43064.4170418171
25.11.2017 10:00:32 +00.16239E+00  0150 034107 1 00006272 00006264 131009 359 43064.4170459606
25.11.2017 10:00:33 +00.16239E+00  0159 034107 1 00006273 00006264 131009 406 43064.4170506597
25.11.2017 10:00:33 +00.16239E+00  0174 034107 1 00006274 00006264 131009 359 43064.4170548148
25.11.2017 10:00:33 +00.16239E+00  0192 034107 1 00006275 00006264 131009 358 43064.4170589699
25.11.2017 10:00:34 +00.16240E+00  0207 034107 1 00006276 00006264 131009 406 43064.4170636574
25.11.2017 10:00:34 +00.16239E+00  0226 034107 1 00006277 00006264 131009 359 43064.4170678125
25.11.2017 10:00:35 +00.16240E+00  0238 034109 1 00006278 00006264 131009 359 43064.4170719676
25.11.2017 10:00:35 +00.16240E+00  0253 034109 1 00006279 00006264 131009 405 43064.4170766551
25.11.2017 10:00:35 +00.16240E+00  0262 034109 1 00006280 00006264 131009 359 43064.4170808102
25.11.2017 10:00:36 +00.16241E+00  0280 034109 1 00006281 00006264 131009 359 43064.4170849653
25.11.2017 10:00:36 +00.16240E+00  0290 034109 1 00006282 00006264 131009 405 43064.4170896644
25.11.2017 10:00:36 +00.16240E+00  0308 034109 1 00006283 00006264 131009 359 43064.4170938079
25.11.2017 10:00:37 +00.16240E+00  0325 034109 1 00006284 00006264 131009 359 43064.417097963
25.11.2017 10:00:37 +00.16240E+00  0341 034109 1 00006285 00006264 131009 406 43064.417102662
25.11.2017 10:00:38 +00.16240E+00  0356 034109 1 00006286 00006264 131009 358 43064.4171068171
25.11.2017 10:00:38 +00.16240E+00  0378 034109 1 00006287 00006264 131009 359 43064.4171109606
25.11.2017 10:00:38 +00.16240E+00  0395 034109 1 00006288 00006264 131009 406 43064.4171156597
25.11.2017 10:00:39 +00.16240E+00  0418 034109 1 00006289 00006264 131009 359 43064.4171198148
25.11.2017 10:00:39 +00.16240E+00  0435 034109 1 00006290 00006264 131009 358 43064.4171239699
25.11.2017 10:00:39 +00.16241E+00  0446 034109 1 00006291 00006264 131009 406 43064.4171286574
25.11.2017 10:00:40 +00.16240E+00  0468 034107 1 00006292 00006264 131009 359 43064.4171328125
25.11.2017 10:00:40 +00.16240E+00  0485 034107 1 00006293 00006264 131009 359 43064.4171369676
25.11.2017 10:00:41 +00.16239E+00  0497 034107 1 00006294 00006264 131009 405 43064.4171416551
25.11.2017 10:00:41 +00.16239E+00  0515 034107 1 00006295 00006264 131009 359 43064.4171458102
25.11.2017 10:00:41 +00.16239E+00  0538 034107 1 00006296 00006264 131009 359 43064.4171499653
25.11.2017 10:00:42 +00.16240E+00  0554 034107 1 00006297 00006264 131009 421 43064.417154838
25.11.2017 10:00:42 +00.16240E+00  0573 034107 1 00006298 00006264 131009 359 43064.4171589931
25.11.2017 10:00:42 +00.16239E+00  0593 034107 1 00006299 00006264 131009 359 43064.4171631482
25.11.2017 10:00:43 +00.16240E+00  0610 034107 1 00006300 00006264 131009 405 43064.4171678357
25.11.2017 10:00:43 +00.16239E+00  0624 034107 1 00006301 00006264 131009 359 43064.4171719907
25.11.2017 10:00:44 +00.16240E+00  0640 034107 1 00006302 00006264 131009 359 43064.4171761458
25.11.2017 10:00:44 +00.16239E+00  0660 034107 1 00006303 00006264 131009 405 43064.4171808449
25.11.2017 10:00:44 +00.16239E+00  0675 034107 1 00006304 00006264 131009 359 43064.4171849884
25.11.2017 10:00:45 +00.16240E+00  0691 034107 1 00006305 00006264 131009 359 43064.4171891435
25.11.2017 10:00:45 +00.16240E+00  0703 034107 1 00006306 00006264 131009 406 43064.4171938426
25.11.2017 10:00:45 +00.16239E+00  0718 034107 1 00006307 00006264 131009 358 43064.4171979977
25.11.2017 10:00:46 +00.16240E+00  0741 034107 1 00006308 00006264 131009 359 43064.4172021412
25.11.2017 10:00:46 +00.16240E+00  0757 034107 1 00006309 00006264 131009 406 43064.4172068403
25.11.2017 10:00:47 +00.16240E+00  0772 034107 1 00006310 00006264 131009 359 43064.4172109954
25.11.2017 10:00:47 +00.16239E+00  0789 034107 1 00006311 00006264 131009 358 43064.4172151505
25.11.2017 10:00:47 +00.16239E+00  0807 034107 1 00006312 00006264 131009 406 43064.417219838
25.11.2017 10:00:48 +00.16239E+00  0828 034107 1 00006313 00006264 131009 359 43064.4172239931
25.11.2017 10:00:48 +00.16239E+00  0843 034107 1 00006314 00006264 131009 359 43064.4172281482
25.11.2017 10:00:48 +00.16239E+00  0855 034107 1 00006315 00006264 131009 405 43064.4172328357
25.11.2017 10:00:49 +00.16240E+00  0872 034107 1 00006316 00006264 131009 359 43064.4172369907
25.11.2017 10:00:49 +00.16240E+00  0888 034107 1 00006317 00006264 131009 359 43064.4172411458
25.11.2017 10:00:50 +00.16240E+00  0902 034107 1 00006318 00006264 131009 405 43064.4172458449
25.11.2017 10:00:50 +00.16239E+00  0918 034107 1 00006319 00006264 131009 359 43064.4172499884
25.11.2017 10:00:50 +00.16239E+00  0931 034107 1 00006320 00006264 131009 359 43064.4172541435
25.11.2017 10:00:51 +00.16239E+00  0949 034107 1 00006321 00006264 131009 406 43064.4172588426
25.11.2017 10:00:51 +00.16240E+00  0979 034107 1 00006322 00006264 131009 358 43064.4172629977
25.11.2017 10:00:51 +00.16240E+00  0992 034107 1 00006323 00006264 131009 359 43064.4172671412
25.11.2017 10:00:52 +00.16240E+00  1009 034107 1 00006324 00006264 131009 406 43064.4172718403
25.11.2017 10:00:52 +00.16240E+00  1028 034107 1 00006325 00006264 131009 359 43064.4172759954
25.11.2017 10:00:53 +00.16239E+00  1041 034107 1 00006326 00006264 131009 358 43064.4172801505
25.11.2017 10:00:53 +00.16239E+00  1053 034107 1 00006327 00006264 131009 406 43064.417284838
25.11.2017 10:00:53 +00.16239E+00  1069 034107 1 00006328 00006264 131009 359 43064.4172889931
25.11.2017 10:00:54 +00.16239E+00  1087 034107 1 00006329 00006264 131009 359 43064.4172931482
25.11.2017 10:00:54 +00.16240E+00  1097 034107 1 00006330 00006264 131009 405 43064.4172978357
25.11.2017 10:00:54 +00.16240E+00  1110 034107 1 00006331 00006264 131009 359 43064.4173019907
25.11.2017 10:00:55 +00.16240E+00  1124 034107 1 00006332 00006264 131009 359 43064.4173061458
25.11.2017 10:00:55 +00.16240E+00  1134 034107 1 00006333 00006264 131009 405 43064.4173108449
25.11.2017 10:00:56 +00.16240E+00  1149 034107 1 00006334 00006264 131009 359 43064.4173149884
25.11.2017 10:00:56 +00.16239E+00  1163 034107 1 00006335 00006264 131009 359 43064.4173191435
25.11.2017 10:00:56 +00.16240E+00  1182 034107 1 00006336 00006264 131009 406 43064.4173238426
25.11.2017 10:00:57 +00.16240E+00  1199 034107 1 00006337 00006264 131009 358 43064.4173279977
25.11.2017 10:00:57 +00.16239E+00  1211 034107 1 00006338 00006264 131009 359 43064.4173321412
25.11.2017 10:00:57 +00.16239E+00  1226 034107 1 00006339 00006264 131009 406 43064.4173368403
25.11.2017 10:00:58 +00.16240E+00  1250 034107 1 00006340 00006264 131009 359 43064.4173409954
25.11.2017 10:00:58 +00.16239E+00  1266 034107 1 00006341 00006264 131009 358 43064.4173451505
25.11.2017 10:00:59 +00.16239E+00  1278 034107 1 00006342 00006264 131009 406 43064.417349838
25.11.2017 10:00:59 +00.16239E+00  1293 034107 1 00006343 00006264 131009 359 43064.4173539931
25.11.2017 10:00:59 +00.16239E+00  1303 034107 1 00006344 00006264 131009 359 43064.4173581481
25.11.2017 10:01:00 +00.16239E+00  1313 034107 1 00006345 00006264 131009 405 43064.4173628357
25.11.2017 10:01:00 +00.16239E+00  1340 034107 1 00006346 00006264 131009 359 43064.4173669907
25.11.2017 10:01:00 +00.16240E+00  1351 034109 1 00006347 00006264 131009 359 43064.4173711458
25.11.2017 10:01:01 +00.16240E+00  1372 034109 1 00006348 00006264 131009 405 43064.4173758449
25.11.2017 10:01:01 +00.16240E+00  1385 034109 1 00006349 00006264 131009 359 43064.4173799884
25.11.2017 10:01:01 +00.16240E+00  1394 034109 1 00006350 00006264 131009 359 43064.4173841435
25.11.2017 10:01:02 +00.16240E+00  1406 034109 1 00006351 00006264 131009 406 43064.4173888426
25.11.2017 10:01:02 +00.16241E+00  1427 034109 1 00006352 00006264 131009 358 43064.4173929977
25.11.2017 10:01:03 +00.16240E+00  1445 034109 1 00006353 00006264 131009 359 43064.4173971412
25.11.2017 10:01:03 +00.16240E+00  1464 034109 1 00006354 00006264 131009 421 43064.4174020255
25.11.2017 10:01:03 +00.16240E+00  1482 034109 1 00006355 00006264 131009 359 43064.417406169
25.11.2017 10:01:04 +00.16240E+00  1500 034109 1 00006356 00006264 131009 359 43064.4174103241
25.11.2017 10:01:04 +00.16240E+00  1514 034109 1 00006357 00006264 131009 406 43064.4174150231
25.11.2017 10:01:05 +00.16240E+00  1531 034109 1 00006358 00006264 131009 358 43064.4174191782
25.11.2017 10:01:05 +00.16240E+00  1544 034109 1 00006359 00006264 131009 359 43064.4174233218
25.11.2017 10:01:05 +00.16240E+00  1560 034109 1 00006360 00006264 131009 406 43064.4174280208
25.11.2017 10:01:06 +00.16240E+00  1577 034109 1 00006361 00006264 131009 359 43064.4174321759
25.11.2017 10:01:06 +00.16241E+00  1592 034109 1 00006362 00006264 131009 358 43064.417436331
25.11.2017 10:01:06 +00.16241E+00  1609 034109 1 00006363 00006264 131009 406 43064.4174410185
25.11.2017 10:01:07 +00.16240E+00  1621 034109 1 00006364 00006264 131009 359 43064.4174451736
25.11.2017 10:01:07 +00.16240E+00  1640 034109 1 00006365 00006264 131009 359 43064.4174493287
25.11.2017 10:01:08 +00.16240E+00  1660 034109 1 00006366 00006264 131009 405 43064.4174540162
25.11.2017 10:01:08 +00.16240E+00  1671 034109 1 00006367 00006264 131009 359 43064.4174581713
25.11.2017 10:01:08 +00.16240E+00  1687 034109 1 00006368 00006264 131009 359 43064.4174623264
25.11.2017 10:01:09 +00.16240E+00  1708 034109 1 00006369 00006264 131009 405 43064.4174670255
25.11.2017 10:01:09 +00.16240E+00  1721 034109 1 00006370 00006264 131009 359 43064.417471169
25.11.2017 10:01:09 +00.16241E+00  1732 034109 1 00006371 00006264 131009 359 43064.4174753241
25.11.2017 10:01:10 +00.16241E+00  1744 034109 1 00006372 00006264 131009 406 43064.4174800231
25.11.2017 10:01:10 +00.16241E+00  1759 034109 1 00006373 00006264 131009 358 43064.4174841782
25.11.2017 10:01:10 +00.16240E+00  1772 034109 1 00006374 00006264 131009 359 43064.4174883218
25.11.2017 10:01:11 +00.16240E+00  1793 034109 1 00006375 00006264 131009 406 43064.4174930208
25.11.2017 10:01:11 +00.16240E+00  1815 034109 1 00006376 00006264 131009 359 43064.4174971759
25.11.2017 10:01:12 +00.16240E+00  1827 034109 1 00006377 00006264 131009 358 43064.417501331
25.11.2017 10:01:12 +00.16241E+00  1850 034109 1 00006378 00006264 131009 406 43064.4175060185
25.11.2017 10:01:12 +00.16241E+00  1867 034109 1 00006379 00006264 131009 359 43064.4175101736
25.11.2017 10:01:13 +00.16240E+00  1880 034109 1 00006380 00006264 131009 359 43064.4175143287
25.11.2017 10:01:13 +00.16240E+00  1904 034109 1 00006381 00006264 131009 405 43064.4175190162
25.11.2017 10:01:14 +00.16240E+00  1925 034109 1 00006382 00006264 131009 359 43064.4175231713
25.11.2017 10:01:14 +00.16240E+00  1941 034109 1 00006383 00006264 131009 359 43064.4175273264
25.11.2017 10:01:14 +00.16240E+00  1950 034109 1 00006384 00006264 131009 405 43064.4175320255
25.11.2017 10:01:15 +00.16240E+00  1965 034109 1 00006385 00006264 131009 359 43064.417536169
25.11.2017 10:01:15 +00.16240E+00  1983 034109 1 00006386 00006264 131009 359 43064.4175403241
25.11.2017 10:01:15 +00.16241E+00  1997 034109 1 00006387 00006264 131009 406 43064.4175450231
25.11.2017 10:01:16 +00.16241E+00  2009 034109 1 00006388 00006264 131009 358 43064.4175491782
25.11.2017 10:01:16 +00.16240E+00  2025 034107 1 00006389 00006264 131009 359 43064.4175533218
25.11.2017 10:01:17 +00.16240E+00  2036 034107 1 00006390 00006264 131009 406 43064.4175580208
25.11.2017 10:01:17 +00.16239E+00  2061 034107 1 00006391 00006264 131009 359 43064.4175621759
25.11.2017 10:01:17 +00.16239E+00  2079 034107 1 00006392 00006264 131009 358 43064.417566331
25.11.2017 10:01:18 +00.16239E+00  2098 034107 1 00006393 00006264 131009 406 43064.4175710185
25.11.2017 10:01:18 +00.16239E+00  2114 034107 1 00006394 00006264 131009 359 43064.4175751736
25.11.2017 10:01:18 +00.16240E+00  2127 034107 1 00006395 00006264 131009 359 43064.4175793287
25.11.2017 10:01:19 +00.16239E+00  2139 034107 1 00006396 00006264 131009 405 43064.4175840162
25.11.2017 10:01:19 +00.16239E+00  2153 034107 1 00006397 00006264 131009 359 43064.4175881713
25.11.2017 10:01:19 +00.16239E+00  2169 034107 1 00006398 00006264 131009 359 43064.4175923264
25.11.2017 10:01:20 +00.16239E+00  2181 034107 1 00006399 00006264 131009 405 43064.4175970255
25.11.2017 10:01:20 +00.16240E+00  2200 034107 1 00006400 00006264 131009 359 43064.417601169
25.11.2017 10:01:21 +00.16239E+00  2212 034107 1 00006401 00006264 131009 359 43064.4176053241
25.11.2017 10:01:21 +00.16239E+00  2225 034107 1 00006402 00006264 131009 406 43064.4176100231
25.11.2017 10:01:21 +00.16240E+00  2242 034109 1 00006403 00006264 131009 358 43064.4176141782
25.11.2017 10:01:22 +00.16240E+00  2256 034109 1 00006404 00006264 131009 359 43064.4176183218
25.11.2017 10:01:22 +00.16240E+00  2274 034109 1 00006405 00006264 131009 406 43064.4176230208
25.11.2017 10:01:22 +00.16240E+00  2292 034109 1 00006406 00006264 131009 359 43064.4176271759
25.11.2017 10:01:23 +00.16240E+00  2310 034109 1 00006407 00006264 131009 358 43064.417631331
25.11.2017 10:01:23 +00.16240E+00  2326 034109 1 00006408 00006264 131009 406 43064.4176360185
25.11.2017 10:01:24 +00.16240E+00  2347 034109 1 00006409 00006264 131009 359 43064.4176401736
25.11.2017 10:01:24 +00.16240E+00  2364 034109 1 00006410 00006264 131009 359 43064.4176443287
25.11.2017 10:01:24 +00.16240E+00  2383 034109 1 00006411 00006264 131009 421 43064.4176492014
25.11.2017 10:01:25 +00.16240E+00  2397 034109 1 00006412 00006264 131009 359 43064.4176533565
25.11.2017 10:01:25 +00.16240E+00  2413 034109 1 00006413 00006264 131009 358 43064.4176575116
25.11.2017 10:01:26 +00.16241E+00  2434 034109 1 00006414 00006264 131009 406 43064.4176621991
25.11.2017 10:01:26 +00.16240E+00  2451 034109 1 00006415 00006264 131009 359 43064.4176663542
25.11.2017 10:01:26 +00.16240E+00  2469 034109 1 00006416 00006264 131009 359 43064.4176705093
25.11.2017 10:01:27 +00.16240E+00  2481 034109 1 00006417 00006264 131009 405 43064.4176751968
25.11.2017 10:01:27 +00.16240E+00  2493 034109 1 00006418 00006264 131009 359 43064.4176793518
25.11.2017 10:01:27 +00.16240E+00  2505 034109 1 00006419 00006264 131009 359 43064.4176835069
25.11.2017 10:01:28 +00.16240E+00  2519 034109 1 00006420 00006264 131009 405 43064.417688206
25.11.2017 10:01:28 +00.16241E+00  2534 034109 1 00006421 00006264 131009 359 43064.4176923495
25.11.2017 10:01:28 +00.16241E+00  2542 034109 1 00006422 00006264 131009 359 43064.4176965046
25.11.2017 10:01:29 +00.16240E+00  2559 034109 1 00006423 00006264 131009 406 43064.4177012037
25.11.2017 10:01:29 +00.16240E+00  2576 034109 1 00006424 00006264 131009 358 43064.4177053588
25.11.2017 10:01:35 +00.16250E+00  0010 034129 1 00006425 00006425 131009 421 43064.4177726968
25.11.2017 10:01:35 +00.16250E+00  0027 034129 1 00006426 00006425 131009 359 43064.4177768518
25.11.2017 10:01:36 +00.16250E+00  0042 034129 1 00006427 00006425 131009 359 43064.4177810069
25.11.2017 10:01:36 +00.16250E+00  0064 034129 1 00006428 00006425 131009 405 43064.417785706
25.11.2017 10:01:37 +00.16250E+00  0083 034129 1 00006429 00006425 131009 359 43064.4177898495
25.11.2017 10:01:37 +00.16250E+00  0094 034129 1 00006430 00006425 131009 359 43064.4177940046
25.11.2017 10:01:37 +00.16250E+00  0111 034129 1 00006431 00006425 131009 406 43064.4177987037
25.11.2017 10:01:38 +00.16250E+00  0122 034129 1 00006432 00006425 131009 358 43064.4178028588
25.11.2017 10:01:38 +00.16250E+00  0146 034129 1 00006433 00006425 131009 359 43064.4178070023
25.11.2017 10:01:38 +00.16250E+00  0160 034129 1 00006434 00006425 131009 406 43064.4178117014
25.11.2017 10:01:39 +00.16250E+00  0176 034129 1 00006435 00006425 131009 359 43064.4178158565
25.11.2017 10:01:39 +00.16250E+00  0197 034129 1 00006436 00006425 131009 358 43064.4178200116
25.11.2017 10:01:40 +00.16250E+00  0209 034129 1 00006437 00006425 131009 406 43064.4178246991
25.11.2017 10:01:40 +00.16250E+00  0225 034129 1 00006438 00006425 131009 359 43064.4178288542
25.11.2017 10:01:40 +00.16250E+00  0242 034129 1 00006439 00006425 131009 359 43064.4178330093
25.11.2017 10:01:41 +00.16250E+00  0251 034129 1 00006440 00006425 131009 405 43064.4178376968
25.11.2017 10:01:41 +00.16250E+00  0275 034129 1 00006441 00006425 131009 359 43064.4178418518
25.11.2017 10:01:41 +00.16250E+00  0300 034129 1 00006442 00006425 131009 359 43064.4178460069
25.11.2017 10:01:42 +00.16250E+00  0313 034129 1 00006443 00006425 131009 405 43064.417850706
25.11.2017 10:01:42 +00.16250E+00  0328 034129 1 00006444 00006425 131009 359 43064.4178548495
25.11.2017 10:01:43 +00.16250E+00  0338 034129 1 00006445 00006425 131009 359 43064.4178590046
25.11.2017 10:01:43 +00.16250E+00  0354 034129 1 00006446 00006425 131009 406 43064.4178637037
25.11.2017 10:01:43 +00.16250E+00  0372 034129 1 00006447 00006425 131009 358 43064.4178678588
25.11.2017 10:01:44 +00.16250E+00  0394 034129 1 00006448 00006425 131009 359 43064.4178720023
25.11.2017 10:01:44 +00.16250E+00  0408 034129 1 00006449 00006425 131009 406 43064.4178767014
25.11.2017 10:01:44 +00.16250E+00  0420 034129 1 00006450 00006425 131009 359 43064.4178808565
25.11.2017 10:01:45 +00.16250E+00  0434 034129 1 00006451 00006425 131009 358 43064.4178850116
25.11.2017 10:01:45 +00.16250E+00  0448 034129 1 00006452 00006425 131009 422 43064.4178898843
25.11.2017 10:01:46 +00.16250E+00  0468 034129 1 00006453 00006425 131009 358 43064.4178940394
25.11.2017 10:01:46 +00.16250E+00  0486 034129 1 00006454 00006425 131009 359 43064.4178981829
25.11.2017 10:01:46 +00.16250E+00  0499 034129 1 00006455 00006425 131009 406 43064.4179028819
25.11.2017 10:01:47 +00.16250E+00  0514 034129 1 00006456 00006425 131009 359 43064.417907037
25.11.2017 10:01:47 +00.16250E+00  0531 034129 1 00006457 00006425 131009 358 43064.4179111921
25.11.2017 10:01:47 +00.16250E+00  0547 034129 1 00006458 00006425 131009 406 43064.4179158796
25.11.2017 10:01:48 +00.16250E+00  0566 034129 1 00006459 00006425 131009 359 43064.4179200347
25.11.2017 10:01:48 +00.16250E+00  0579 034129 1 00006460 00006425 131009 359 43064.4179241898
25.11.2017 10:01:49 +00.16250E+00  0595 034129 1 00006461 00006425 131009 405 43064.4179288773
25.11.2017 10:01:49 +00.16250E+00  0617 034129 1 00006462 00006425 131009 359 43064.4179330324
25.11.2017 10:01:49 +00.16250E+00  0628 034129 1 00006463 00006425 131009 359 43064.4179371875
25.11.2017 10:01:50 +00.16250E+00  0647 034129 1 00006464 00006425 131009 405 43064.4179418866
25.11.2017 10:01:50 +00.16250E+00  0668 034129 1 00006465 00006425 131009 359 43064.4179460301
25.11.2017 10:01:50 +00.16250E+00  0691 034129 1 00006466 00006425 131009 359 43064.4179501852
25.11.2017 10:01:51 +00.16250E+00  0709 034129 1 00006467 00006425 131009 406 43064.4179548843
25.11.2017 10:01:51 +00.16250E+00  0733 034129 1 00006468 00006425 131009 358 43064.4179590394
25.11.2017 10:01:52 +00.16250E+00  0750 034129 1 00006469 00006425 131009 359 43064.4179631829
25.11.2017 10:01:52 +00.16250E+00  0765 034129 1 00006470 00006425 131009 406 43064.4179678819
25.11.2017 10:01:52 +00.16250E+00  0785 034129 1 00006471 00006425 131009 359 43064.417972037
25.11.2017 10:01:53 +00.16250E+00  0798 034129 1 00006472 00006425 131009 358 43064.4179761921
25.11.2017 10:01:53 +00.16250E+00  0820 034129 1 00006473 00006425 131009 406 43064.4179808796
25.11.2017 10:01:53 +00.16250E+00  0831 034129 1 00006474 00006425 131009 359 43064.4179850347
25.11.2017 10:01:54 +00.16250E+00  0848 034129 1 00006475 00006425 131009 359 43064.4179891898
25.11.2017 10:01:54 +00.16250E+00  0858 034129 1 00006476 00006425 131009 405 43064.4179938773
25.11.2017 10:01:55 +00.16250E+00  0877 034129 1 00006477 00006425 131009 359 43064.4179980324
25.11.2017 10:01:55 +00.16250E+00  0886 034129 1 00006478 00006425 131009 359 43064.4180021875
25.11.2017 10:01:55 +00.16250E+00  0900 034129 1 00006479 00006425 131009 405 43064.4180068866
25.11.2017 10:01:56 +00.16250E+00  0925 034129 1 00006480 00006425 131009 359 43064.4180110301
25.11.2017 10:01:56 +00.16250E+00  0941 034129 1 00006481 00006425 131009 359 43064.4180151852
25.11.2017 10:01:56 +00.16250E+00  0946 034129 1 00006482 00006425 131009 406 43064.4180198843
25.11.2017 10:01:57 +00.16250E+00  0967 034129 1 00006483 00006425 131009 358 43064.4180240394
25.11.2017 10:01:57 +00.16250E+00  0976 034129 1 00006484 00006425 131009 359 43064.4180281829
25.11.2017 10:01:58 +00.16250E+00  0989 034129 1 00006485 00006425 131009 406 43064.4180328819
25.11.2017 10:01:58 +00.16250E+00  1005 034129 1 00006486 00006425 131009 359 43064.418037037
25.11.2017 10:01:58 +00.16250E+00  1018 034129 1 00006487 00006425 131009 358 43064.4180411921
25.11.2017 10:01:59 +00.16250E+00  1032 034129 1 00006488 00006425 131009 406 43064.4180458796
25.11.2017 10:01:59 +00.16250E+00  1054 034129 1 00006489 00006425 131009 359 43064.4180500347
25.11.2017 10:01:59 +00.16250E+00  1073 034129 1 00006490 00006425 131009 359 43064.4180541898
25.11.2017 10:02:00 +00.16250E+00  1089 034129 1 00006491 00006425 131009 405 43064.4180588773
25.11.2017 10:02:00 +00.16250E+00  1105 034129 1 00006492 00006425 131009 359 43064.4180630324
25.11.2017 10:02:01 +00.16250E+00  1125 034129 1 00006493 00006425 131009 359 43064.4180671875
25.11.2017 10:02:01 +00.16250E+00  1145 034129 1 00006494 00006425 131009 405 43064.4180718866
25.11.2017 10:02:01 +00.16250E+00  1164 034129 1 00006495 00006425 131009 359 43064.4180760301
25.11.2017 10:02:02 +00.16250E+00  1178 034129 1 00006496 00006425 131009 359 43064.4180801852
25.11.2017 10:02:02 +00.16250E+00  1188 034129 1 00006497 00006425 131009 406 43064.4180848843
25.11.2017 10:02:02 +00.16250E+00  1205 034129 1 00006498 00006425 131009 358 43064.4180890394
25.11.2017 10:02:03 +00.16250E+00  1225 034129 1 00006499 00006425 131009 359 43064.4180931829
25.11.2017 10:02:03 +00.16250E+00  1248 034129 1 00006500 00006425 131009 406 43064.4180978819
25.11.2017 10:02:04 +00.16250E+00  1262 034129 1 00006501 00006425 131009 359 43064.418102037
25.11.2017 10:02:04 +00.16250E+00  1274 034129 1 00006502 00006425 131009 358 43064.4181061921
25.11.2017 10:02:04 +00.16250E+00  1293 034129 1 00006503 00006425 131009 406 43064.4181108796
25.11.2017 10:02:05 +00.16250E+00  1312 034129 1 00006504 00006425 131009 359 43064.4181150347
25.11.2017 10:02:05 +00.16250E+00  1332 034129 1 00006505 00006425 131009 359 43064.4181191898
25.11.2017 10:02:05 +00.16250E+00  1342 034129 1 00006506 00006425 131009 405 43064.4181238773
25.11.2017 10:02:06 +00.16250E+00  1358 034129 1 00006507 00006425 131009 359 43064.4181280324
25.11.2017 10:02:06 +00.16250E+00  1376 034129 1 00006508 00006425 131009 359 43064.4181321875
25.11.2017 10:02:07 +00.16250E+00  1390 034129 1 00006509 00006425 131009 405 43064.4181368866
25.11.2017 10:02:07 +00.16250E+00  1409 034129 1 00006510 00006425 131009 359 43064.4181410301
25.11.2017 10:02:07 +00.16250E+00  1421 034129 1 00006511 00006425 131009 359 43064.4181451852
25.11.2017 10:02:08 +00.16250E+00  1434 034129 1 00006512 00006425 131009 421 43064.4181500579
25.11.2017 10:02:08 +00.16250E+00  1459 034129 1 00006513 00006425 131009 359 43064.418154213
25.11.2017 10:02:08 +00.16250E+00  1474 034129 1 00006514 00006425 131009 359 43064.4181583681
25.11.2017 10:02:09 +00.16250E+00  1486 034129 1 00006515 00006425 131009 405 43064.4181630671
25.11.2017 10:02:09 +00.16250E+00  1493 034129 1 00006516 00006425 131009 359 43064.4181672106
25.11.2017 10:02:10 +00.16250E+00  1508 034129 1 00006517 00006425 131009 359 43064.4181713657
25.11.2017 10:02:10 +00.16250E+00  1527 034129 1 00006518 00006425 131009 406 43064.4181760648
25.11.2017 10:02:10 +00.16250E+00  1539 034129 1 00006519 00006425 131009 358 43064.4181802199
25.11.2017 10:02:11 +00.16250E+00  1550 034129 1 00006520 00006425 131009 359 43064.4181843634
25.11.2017 10:02:11 +00.16250E+00  1563 034129 1 00006521 00006425 131009 406 43064.4181890625
25.11.2017 10:02:11 +00.16250E+00  1580 034129 1 00006522 00006425 131009 359 43064.4181932176
25.11.2017 10:02:12 +00.16250E+00  1592 034129 1 00006523 00006425 131009 358 43064.4181973727
25.11.2017 10:02:12 +00.16250E+00  1609 034129 1 00006524 00006425 131009 406 43064.4182020602
25.11.2017 10:02:13 +00.16250E+00  1625 034129 1 00006525 00006425 131009 359 43064.4182062153
25.11.2017 10:02:13 +00.16250E+00  1639 034129 1 00006526 00006425 131009 359 43064.4182103704
25.11.2017 10:02:13 +00.16250E+00  1657 034129 1 00006527 00006425 131009 405 43064.4182150579
25.11.2017 10:02:14 +00.16250E+00  1672 034129 1 00006528 00006425 131009 359 43064.418219213
25.11.2017 10:02:14 +00.16250E+00  1681 034129 1 00006529 00006425 131009 359 43064.4182233681
25.11.2017 10:02:14 +00.16250E+00  1696 034129 1 00006530 00006425 131009 405 43064.4182280671
25.11.2017 10:02:15 +00.16250E+00  1709 034129 1 00006531 00006425 131009 359 43064.4182322106
25.11.2017 10:02:15 +00.16250E+00  1720 034129 1 00006532 00006425 131009 359 43064.4182363657
25.11.2017 10:02:16 +00.16250E+00  1739 034129 1 00006533 00006425 131009 406 43064.4182410648
25.11.2017 10:02:16 +00.16250E+00  1752 034129 1 00006534 00006425 131009 358 43064.4182452199
25.11.2017 10:02:16 +00.16250E+00  1770 034129 1 00006535 00006425 131009 359 43064.4182493634
25.11.2017 10:02:17 +00.16250E+00  1794 034129 1 00006536 00006425 131009 406 43064.4182540625
25.11.2017 10:02:17 +00.16250E+00  1805 034129 1 00006537 00006425 131009 359 43064.4182582176
25.11.2017 10:02:17 +00.16250E+00  1823 034129 1 00006538 00006425 131009 358 43064.4182623727
25.11.2017 10:02:18 +00.16250E+00  1838 034129 1 00006539 00006425 131009 406 43064.4182670602
25.11.2017 10:02:18 +00.16250E+00  1849 034129 1 00006540 00006425 131009 359 43064.4182712153
25.11.2017 10:02:18 +00.16250E+00  1861 034129 1 00006541 00006425 131009 359 43064.4182753704
25.11.2017 10:02:19 +00.16250E+00  1884 034129 1 00006542 00006425 131009 405 43064.4182800579
25.11.2017 10:02:19 +00.16250E+00  1897 034129 1 00006543 00006425 131009 359 43064.418284213
25.11.2017 10:02:20 +00.16250E+00  1907 034129 1 00006544 00006425 131009 359 43064.4182883681
25.11.2017 10:02:20 +00.16250E+00  1921 034129 1 00006545 00006425 131009 405 43064.4182930671
25.11.2017 10:02:20 +00.16250E+00  1934 034129 1 00006546 00006425 131009 359 43064.4182972107
25.11.2017 10:02:21 +00.16250E+00  1950 034129 1 00006547 00006425 131009 359 43064.4183013657
25.11.2017 10:02:21 +00.16250E+00  1958 034129 1 00006548 00006425 131009 406 43064.4183060648
25.11.2017 10:02:22 +00.16250E+00  1977 034129 1 00006549 00006425 131009 358 43064.4183102199
25.11.2017 10:02:22 +00.16250E+00  1989 034129 1 00006550 00006425 131009 359 43064.4183143634
25.11.2017 10:02:22 +00.16250E+00  2006 034129 1 00006551 00006425 131009 406 43064.4183190625
25.11.2017 10:02:23 +00.16250E+00  2019 034129 1 00006552 00006425 131009 359 43064.4183232176
25.11.2017 10:02:23 +00.16250E+00  2038 034129 1 00006553 00006425 131009 358 43064.4183273727
25.11.2017 10:02:23 +00.16250E+00  2052 034129 1 00006554 00006425 131009 406 43064.4183320602
25.11.2017 10:02:24 +00.16250E+00  2065 034129 1 00006555 00006425 131009 359 43064.4183362153
25.11.2017 10:02:24 +00.16250E+00  2081 034129 1 00006556 00006425 131009 359 43064.4183403704
25.11.2017 10:02:25 +00.16250E+00  2103 034129 1 00006557 00006425 131009 405 43064.4183450579
25.11.2017 10:02:25 +00.16250E+00  2124 034129 1 00006558 00006425 131009 359 43064.418349213
25.11.2017 10:02:25 +00.16250E+00  2139 034129 1 00006559 00006425 131009 359 43064.4183533681
25.11.2017 10:02:26 +00.16250E+00  2147 034129 1 00006560 00006425 131009 405 43064.4183580671
25.11.2017 10:02:26 +00.16250E+00  2156 034129 1 00006561 00006425 131009 359 43064.4183622107
25.11.2017 10:02:26 +00.16250E+00  2173 034129 1 00006562 00006425 131009 359 43064.4183663657
25.11.2017 10:02:27 +00.16250E+00  2185 034129 1 00006563 00006425 131009 406 43064.4183710648
25.11.2017 10:02:27 +00.16250E+00  2205 034129 1 00006564 00006425 131009 358 43064.4183752199
25.11.2017 10:02:27 +00.16250E+00  2221 034129 1 00006565 00006425 131009 359 43064.4183793634
25.11.2017 10:02:28 +00.16250E+00  2240 034129 1 00006566 00006425 131009 406 43064.4183840625
25.11.2017 10:02:28 +00.16250E+00  2256 034129 1 00006567 00006425 131009 359 43064.4183882176
25.11.2017 10:02:29 +00.16250E+00  2270 034129 1 00006568 00006425 131009 358 43064.4183923727
25.11.2017 10:02:29 +00.16250E+00  2291 034129 1 00006569 00006425 131009 422 43064.4183972454
25.11.2017 10:02:29 +00.16250E+00  2301 034129 1 00006570 00006425 131009 358 43064.4184014005
25.11.2017 10:02:30 +00.16250E+00  2316 034129 1 00006571 00006425 131009 359 43064.418405544
25.11.2017 10:02:30 +00.16250E+00  2330 034129 1 00006572 00006425 131009 406 43064.4184102431
25.11.2017 10:02:31 +00.16250E+00  2348 034129 1 00006573 00006425 131009 359 43064.4184143981
25.11.2017 10:02:31 +00.16250E+00  2362 034129 1 00006574 00006425 131009 358 43064.4184185532
25.11.2017 10:02:31 +00.16250E+00  2368 034129 1 00006575 00006425 131009 406 43064.4184232407
25.11.2017 10:02:32 +00.16250E+00  2378 034129 1 00006576 00006425 131009 359 43064.4184273958
25.11.2017 10:02:32 +00.16250E+00  2390 034129 1 00006577 00006425 131009 359 43064.4184315509
25.11.2017 10:02:32 +00.16250E+00  2400 034129 1 00006578 00006425 131009 405 43064.4184362384
25.11.2017 10:02:33 +00.16250E+00  2425 034129 1 00006579 00006425 131009 359 43064.4184403935
25.11.2017 10:02:33 +00.16250E+00  2438 034129 1 00006580 00006425 131009 359 43064.4184445486
25.11.2017 10:02:34 +00.16250E+00  2447 034129 1 00006581 00006425 131009 405 43064.4184492477
25.11.2017 10:02:34 +00.16250E+00  2468 034129 1 00006582 00006425 131009 359 43064.4184533912
25.11.2017 10:02:34 +00.16250E+00  2480 034129 1 00006583 00006425 131009 359 43064.4184575463
25.11.2017 10:02:35 +00.16250E+00  2494 034129 1 00006584 00006425 131009 406 43064.4184622454
25.11.2017 10:02:35 +00.16250E+00  2510 034129 1 00006585 00006425 131009 358 43064.4184664005