
25.11.2017 10:02:39 +00.16299E+00  0016 034232 1 00006586 00006586 131009 421 43064.4185142477
25.11.2017 10:02:39 +00.16299E+00  0032 034232 1 00006587 00006586 131009 359 43064.4185183912
25.11.2017 10:02:40 +00.16299E+00  0046 034232 1 00006588 00006586 131009 359 43064.4185225463
25.11.2017 10:02:40 +00.16299E+00  0066 034232 1 00006589 00006586 131009 406 43064.4185272454
25.11.2017 10:02:41 +00.16299E+00  0088 034232 1 00006590 00006586 131009 358 43064.4185314005
25.11.2017 10:02:41 +00.16299E+00  0098 034232 1 00006591 00006586 131009 359 43064.418535544
25.11.2017 10:02:41 +00.16299E+00  0115 034232 1 00006592 00006586 131009 406 43064.4185402431
25.11.2017 10:02:42 +00.16299E+00  0128 034232 1 00006593 00006586 131009 359 43064.4185443981
25.11.2017 10:02:42 +00.16299E+00  0136 034232 1 00006594 00006586 131009 358 43064.4185485532
25.11.2017 10:02:43 +00.16299E+00  0148 034232 1 00006595 00006586 131009 406 43064.4185532407
25.11.2017 10:02:43 +00.16299E+00  0169 034232 1 00006596 00006586 131009 359 43064.4185573958
25.11.2017 10:02:43 +00.16299E+00  0182 034232 1 00006597 00006586 131009 359 43064.4185615509
25.11.2017 10:02:44 +00.16299E+00  0200 034232 1 00006598 00006586 131009 405 43064.4185662384
25.11.2017 10:02:44 +00.16299E+00  0211 034232 1 00006599 00006586 131009 359 43064.4185703935
25.11.2017 10:02:44 +00.16299E+00  0224 034232 1 00006600 00006586 131009 359 43064.4185745486
25.11.2017 10:02:45 +00.16299E+00  0242 034234 1 00006601 00006586 131009 405 43064.4185792477
25.11.2017 10:02:45 +00.16299E+00  0255 034234 1 00006602 00006586 131009 359 43064.4185833912
25.11.2017 10:02:45 +00.16300E+00  0268 034234 1 00006603 00006586 131009 359 43064.4185875463
25.11.2017 10:02:46 +00.16300E+00  0283 034234 1 00006604 00006586 131009 406 43064.4185922454
25.11.2017 10:02:46 +00.16300E+00  0300 034234 1 00006605 00006586 131009 358 43064.4185964005
25.11.2017 10:02:47 +00.16300E+00  0315 034234 1 00006606 00006586 131009 359 43064.418600544
25.11.2017 10:02:47 +00.16300E+00  0334 034234 1 00006607 00006586 131009 406 43064.4186052431
25.11.2017 10:02:47 +00.16300E+00  0359 034234 1 00006608 00006586 131009 359 43064.4186093981
25.11.2017 10:02:48 +00.16300E+00  0372 034234 1 00006609 00006586 131009 358 43064.4186135532
25.11.2017 10:02:48 +00.16300E+00  0382 034234 1 00006610 00006586 131009 406 43064.4186182407
25.11.2017 10:02:48 +00.16300E+00  0399 034234 1 00006611 00006586 131009 359 43064.4186223958
25.11.2017 10:02:49 +00.16300E+00  0413 034234 1 00006612 00006586 131009 359 43064.4186265509
25.11.2017 10:02:49 +00.16300E+00  0430 034234 1 00006613 00006586 131009 405 43064.4186312384
25.11.2017 10:02:50 +00.16300E+00  0446 034234 1 00006614 00006586 131009 359 43064.4186353935
25.11.2017 10:02:50 +00.16299E+00  0468 034234 1 00006615 00006586 131009 359 43064.4186395486
25.11.2017 10:02:50 +00.16300E+00  0479 034234 1 00006616 00006586 131009 421 43064.4186444213
25.11.2017 10:02:51 +00.16300E+00  0501 034234 1 00006617 00006586 131009 359 43064.4186485764
25.11.2017 10:02:51 +00.16300E+00  0518 034234 1 00006618 00006586 131009 359 43064.4186527315
25.11.2017 10:02:52 +00.16300E+00  0536 034234 1 00006619 00006586 131009 405 43064.418657419
25.11.2017 10:02:52 +00.16300E+00  0554 034234 1 00006620 00006586 131009 359 43064.4186615741
25.11.2017 10:02:52 +00.16300E+00  0558 034234 1 00006621 00006586 131009 359 43064.4186657292
25.11.2017 10:02:53 +00.16300E+00  0574 034234 1 00006622 00006586 131009 405 43064.4186704282
25.11.2017 10:02:53 +00.16300E+00  0592 034234 1 00006623 00006586 131009 359 43064.4186745718
25.11.2017 10:02:53 +00.16300E+00  0609 034234 1 00006624 00006586 131009 359 43064.4186787269
25.11.2017 10:02:54 +00.16300E+00  0624 034234 1 00006625 00006586 131009 406 43064.4186834259
25.11.2017 10:02:54 +00.16300E+00  0642 034234 1 00006626 00006586 131009 358 43064.418687581
25.11.2017 10:02:54 +00.16300E+00  0652 034234 1 00006627 00006586 131009 359 43064.4186917245
25.11.2017 10:02:55 +00.16300E+00  0664 034234 1 00006628 00006586 131009 406 43064.4186964236
25.11.2017 10:02:55 +00.16300E+00  0677 034234 1 00006629 00006586 131009 359 43064.4187005787
25.11.2017 10:02:56 +00.16300E+00  0694 034234 1 00006630 00006586 131009 358 43064.4187047338
25.11.2017 10:02:56 +00.16300E+00  0707 034234 1 00006631 00006586 131009 406 43064.4187094213
25.11.2017 10:02:56 +00.16300E+00  0734 034234 1 00006632 00006586 131009 359 43064.4187135764
25.11.2017 10:02:57 +00.16300E+00  0757 034234 1 00006633 00006586 131009 359 43064.4187177315
25.11.2017 10:02:57 +00.16300E+00  0772 034234 1 00006634 00006586 131009 405 43064.418722419
25.11.2017 10:02:57 +00.16300E+00  0793 034234 1 00006635 00006586 131009 359 43064.4187265741
25.11.2017 10:02:58 +00.16300E+00  0803 034234 1 00006636 00006586 131009 359 43064.4187307292
25.11.2017 10:02:58 +00.16300E+00  0815 034234 1 00006637 00006586 131009 405 43064.4187354282
25.11.2017 10:02:59 +00.16300E+00  0840 034234 1 00006638 00006586 131009 359 43064.4187395718
25.11.2017 10:02:59 +00.16300E+00  0852 034234 1 00006639 00006586 131009 359 43064.4187437268
25.11.2017 10:02:59 +00.16300E+00  0876 034234 1 00006640 00006586 131009 406 43064.4187484259
25.11.2017 10:03:00 +00.16300E+00  0889 034234 1 00006641 00006586 131009 358 43064.418752581
25.11.2017 10:03:00 +00.16300E+00  0903 034234 1 00006642 00006586 131009 359 43064.4187567245
25.11.2017 10:03:00 +00.16300E+00  0924 034234 1 00006643 00006586 131009 406 43064.4187614236
25.11.2017 10:03:01 +00.16300E+00  0942 034234 1 00006644 00006586 131009 359 43064.4187655787
25.11.2017 10:03:01 +00.16300E+00  0963 034234 1 00006645 00006586 131009 358 43064.4187697338
25.11.2017 10:03:02 +00.16300E+00  0980 034234 1 00006646 00006586 131009 406 43064.4187744213
25.11.2017 10:03:02 +00.16300E+00  0997 034234 1 00006647 00006586 131009 359 43064.4187785764
25.11.2017 10:03:02 +00.16300E+00  1006 034234 1 00006648 00006586 131009 359 43064.4187827315
25.11.2017 10:03:03 +00.16300E+00  1020 034234 1 00006649 00006586 131009 405 43064.418787419
25.11.2017 10:03:03 +00.16300E+00  1034 034234 1 00006650 00006586 131009 359 43064.4187915741
25.11.2017 10:03:03 +00.16300E+00  1050 034234 1 00006651 00006586 131009 359 43064.4187957292
25.11.2017 10:03:04 +00.16300E+00  1065 034234 1 00006652 00006586 131009 405 43064.4188004282
25.11.2017 10:03:04 +00.16300E+00  1079 034234 1 00006653 00006586 131009 359 43064.4188045718
25.11.2017 10:03:05 +00.16300E+00  1092 034234 1 00006654 00006586 131009 359 43064.4188087268
25.11.2017 10:03:05 +00.16300E+00  1109 034234 1 00006655 00006586 131009 406 43064.4188134259
25.11.2017 10:03:05 +00.16300E+00  1122 034234 1 00006656 00006586 131009 358 43064.418817581
25.11.2017 10:03:06 +00.16300E+00  1135 034234 1 00006657 00006586 131009 359 43064.4188217245
25.11.2017 10:03:06 +00.16300E+00  1153 034234 1 00006658 00006586 131009 406 43064.4188264236
25.11.2017 10:03:06 +00.16300E+00  1173 034234 1 00006659 00006586 131009 359 43064.4188305787
25.11.2017 10:03:07 +00.16300E+00  1186 034234 1 00006660 00006586 131009 358 43064.4188347338
25.11.2017 10:03:07 +00.16300E+00  1202 034234 1 00006661 00006586 131009 406 43064.4188394213
25.11.2017 10:03:08 +00.16300E+00  1222 034234 1 00006662 00006586 131009 359 43064.4188435764
25.11.2017 10:03:08 +00.16300E+00  1237 034234 1 00006663 00006586 131009 359 43064.4188477315
25.11.2017 10:03:08 +00.16300E+00  1254 034234 1 00006664 00006586 131009 405 43064.418852419
25.11.2017 10:03:09 +00.16300E+00  1270 034234 1 00006665 00006586 131009 359 43064.4188565741
25.11.2017 10:03:09 +00.16300E+00  1280 034234 1 00006666 00006586 131009 359 43064.4188607292
25.11.2017 10:03:15 +00.16319E+00  0018 034275 1 00006667 00006667 131009 421 43064.4189241088
25.11.2017 10:03:15 +00.16320E+00  0043 034275 1 00006668 00006667 131009 359 43064.4189282523
25.11.2017 10:03:15 +00.16320E+00  0056 034275 1 00006669 00006667 131009 359 43064.4189324074
25.11.2017 10:03:16 +00.16320E+00  0074 034275 1 00006670 00006667 131009 406 43064.4189371065
25.11.2017 10:03:16 +00.16319E+00  0084 034275 1 00006671 00006667 131009 358 43064.4189412616
25.11.2017 10:03:16 +00.16320E+00  0103 034275 1 00006672 00006667 131009 359 43064.4189454051
25.11.2017 10:03:17 +00.16319E+00  0116 034275 1 00006673 00006667 131009 406 43064.4189501042
25.11.2017 10:03:17 +00.16319E+00  0129 034275 1 00006674 00006667 131009 359 43064.4189542593
25.11.2017 10:03:18 +00.16319E+00  0144 034275 1 00006675 00006667 131009 358 43064.4189584144
25.11.2017 10:03:18 +00.16319E+00  0166 034275 1 00006676 00006667 131009 406 43064.4189631019
25.11.2017 10:03:18 +00.16320E+00  0175 034275 1 00006677 00006667 131009 359 43064.4189672569
25.11.2017 10:03:19 +00.16319E+00  0189 034275 1 00006678 00006667 131009 359 43064.418971412
25.11.2017 10:03:19 +00.16320E+00  0205 034275 1 00006679 00006667 131009 405 43064.4189760995
25.11.2017 10:03:19 +00.16319E+00  0216 034275 1 00006680 00006667 131009 359 43064.4189802546
25.11.2017 10:03:20 +00.16320E+00  0228 034277 1 00006681 00006667 131009 359 43064.4189844097
25.11.2017 10:03:20 +00.16320E+00  0251 034277 1 00006682 00006667 131009 405 43064.4189891088
25.11.2017 10:03:21 +00.16320E+00  0269 034277 1 00006683 00006667 131009 359 43064.4189932523
25.11.2017 10:03:21 +00.16320E+00  0275 034277 1 00006684 00006667 131009 359 43064.4189974074
25.11.2017 10:03:21 +00.16320E+00  0287 034277 1 00006685 00006667 131009 406 43064.4190021065
25.11.2017 10:03:22 +00.16320E+00  0309 034277 1 00006686 00006667 131009 358 43064.4190062616
25.11.2017 10:03:22 +00.16320E+00  0327 034277 1 00006687 00006667 131009 359 43064.4190104051
25.11.2017 10:03:22 +00.16321E+00  0341 034277 1 00006688 00006667 131009 406 43064.4190151042
25.11.2017 10:03:23 +00.16321E+00  0365 034277 1 00006689 00006667 131009 359 43064.4190192593
25.11.2017 10:03:23 +00.16320E+00  0380 034277 1 00006690 00006667 131009 358 43064.4190234144
25.11.2017 10:03:24 +00.16320E+00  0396 034277 1 00006691 00006667 131009 406 43064.4190281019
25.11.2017 10:03:24 +00.16320E+00  0417 034277 1 00006692 00006667 131009 359 43064.4190322569
25.11.2017 10:03:24 +00.16320E+00  0436 034277 1 00006693 00006667 131009 359 43064.419036412
25.11.2017 10:03:25 +00.16321E+00  0453 034277 1 00006694 00006667 131009 405 43064.4190410995
25.11.2017 10:03:25 +00.16321E+00  0465 034275 1 00006695 00006667 131009 359 43064.4190452546
25.11.2017 10:03:25 +00.16320E+00  0483 034275 1 00006696 00006667 131009 359 43064.4190494097
25.11.2017 10:03:26 +00.16320E+00  0498 034275 1 00006697 00006667 131009 405 43064.4190541088
25.11.2017 10:03:26 +00.16319E+00  0520 034275 1 00006698 00006667 131009 359 43064.4190582523
25.11.2017 10:03:26 +00.16319E+00  0538 034275 1 00006699 00006667 131009 359 43064.4190624074
25.11.2017 10:03:27 +00.16320E+00  0554 034275 1 00006700 00006667 131009 406 43064.4190671065
25.11.2017 10:03:27 +00.16320E+00  0567 034275 1 00006701 00006667 131009 358 43064.4190712616
25.11.2017 10:03:28 +00.16320E+00  0583 034275 1 00006702 00006667 131009 359 43064.4190754051
25.11.2017 10:03:28 +00.16320E+00  0603 034275 1 00006703 00006667 131009 406 43064.4190801042
25.11.2017 10:03:28 +00.16319E+00  0620 034275 1 00006704 00006667 131009 359 43064.4190842593
25.11.2017 10:03:29 +00.16320E+00  0639 034275 1 00006705 00006667 131009 358 43064.4190884144
25.11.2017 10:03:29 +00.16319E+00  0659 034275 1 00006706 00006667 131009 406 43064.4190931019
25.11.2017 10:03:30 +00.16319E+00  0670 034275 1 00006707 00006667 131009 359 43064.4190972569
25.11.2017 10:03:30 +00.16319E+00  0695 034275 1 00006708 00006667 131009 359 43064.419101412
25.11.2017 10:03:30 +00.16319E+00  0707 034277 1 00006709 00006667 131009 405 43064.4191060995
25.11.2017 10:03:31 +00.16320E+00  0727 034277 1 00006710 00006667 131009 359 43064.4191102546
25.11.2017 10:03:31 +00.16320E+00  0748 034277 1 00006711 00006667 131009 359 43064.4191144097
25.11.2017 10:03:31 +00.16320E+00  0763 034277 1 00006712 00006667 131009 405 43064.4191191088
25.11.2017 10:03:32 +00.16320E+00  0775 034277 1 00006713 00006667 131009 359 43064.4191232523
25.11.2017 10:03:32 +00.16320E+00  0797 034277 1 00006714 00006667 131009 359 43064.4191274074
25.11.2017 10:03:33 +00.16320E+00  0813 034277 1 00006715 00006667 131009 421 43064.4191322801
25.11.2017 10:03:33 +00.16320E+00  0833 034277 1 00006716 00006667 131009 359 43064.4191364352
25.11.2017 10:03:33 +00.16320E+00  0850 034277 1 00006717 00006667 131009 359 43064.4191405903
25.11.2017 10:03:34 +00.16321E+00  0871 034277 1 00006718 00006667 131009 405 43064.4191452894
25.11.2017 10:03:34 +00.16321E+00  0888 034277 1 00006719 00006667 131009 359 43064.4191494329
25.11.2017 10:03:34 +00.16320E+00  0905 034277 1 00006720 00006667 131009 359 43064.419153588
25.11.2017 10:03:35 +00.16321E+00  0920 034277 1 00006721 00006667 131009 406 43064.419158287
25.11.2017 10:03:35 +00.16320E+00  0939 034277 1 00006722 00006667 131009 358 43064.4191624421
25.11.2017 10:03:35 +00.16320E+00  0952 034277 1 00006723 00006667 131009 359 43064.4191665856
25.11.2017 10:03:36 +00.16320E+00  0968 034277 1 00006724 00006667 131009 406 43064.4191712847
25.11.2017 10:03:36 +00.16320E+00  0984 034277 1 00006725 00006667 131009 359 43064.4191754398
25.11.2017 10:03:37 +00.16320E+00  0997 034277 1 00006726 00006667 131009 358 43064.4191795949
25.11.2017 10:03:37 +00.16321E+00  1010 034277 1 00006727 00006667 131009 406 43064.4191842824
25.11.2017 10:03:37 +00.16320E+00  1031 034277 1 00006728 00006667 131009 359 43064.4191884375
25.11.2017 10:03:38 +00.16320E+00  1046 034277 1 00006729 00006667 131009 359 43064.4191925926
25.11.2017 10:03:38 +00.16320E+00  1063 034277 1 00006730 00006667 131009 405 43064.4191972801
25.11.2017 10:03:39 +00.16320E+00  1078 034277 1 00006731 00006667 131009 359 43064.4192014352
25.11.2017 10:03:39 +00.16320E+00  1098 034277 1 00006732 00006667 131009 359 43064.4192055903
25.11.2017 10:03:39 +00.16320E+00  1112 034277 1 00006733 00006667 131009 405 43064.4192102894
25.11.2017 10:03:40 +00.16320E+00  1135 034277 1 00006734 00006667 131009 359 43064.4192144329
25.11.2017 10:03:40 +00.16320E+00  1152 034277 1 00006735 00006667 131009 359 43064.419218588
25.11.2017 10:03:40 +00.16320E+00  1165 034277 1 00006736 00006667 131009 406 43064.419223287
25.11.2017 10:03:41 +00.16320E+00  1178 034277 1 00006737 00006667 131009 358 43064.4192274421
25.11.2017 10:03:41 +00.16320E+00  1190 034277 1 00006738 00006667 131009 359 43064.4192315856
25.11.2017 10:03:42 +00.16320E+00  1210 034277 1 00006739 00006667 131009 406 43064.4192362847
25.11.2017 10:03:42 +00.16320E+00  1228 034277 1 00006740 00006667 131009 359 43064.4192404398
25.11.2017 10:03:42 +00.16320E+00  1248 034277 1 00006741 00006667 131009 358 43064.4192445949
25.11.2017 10:03:43 +00.16320E+00  1264 034277 1 00006742 00006667 131009 406 43064.4192492824
25.11.2017 10:03:43 +00.16320E+00  1284 034277 1 00006743 00006667 131009 359 43064.4192534375
25.11.2017 10:03:43 +00.16320E+00  1301 034277 1 00006744 00006667 131009 359 43064.4192575926
25.11.2017 10:03:44 +00.16321E+00  1311 034277 1 00006745 00006667 131009 405 43064.4192622801
25.11.2017 10:03:44 +00.16320E+00  1331 034277 1 00006746 00006667 131009 359 43064.4192664352
25.11.2017 10:03:44 +00.16320E+00  1346 034277 1 00006747 00006667 131009 359 43064.4192705903
25.11.2017 10:03:50 +00.16339E+00  0017 034316 1 00006748 00006748 131009 421 43064.4193337847
25.11.2017 10:03:50 +00.16339E+00  0030 034316 1 00006749 00006748 131009 359 43064.4193379398
25.11.2017 10:03:51 +00.16339E+00  0041 034316 1 00006750 00006748 131009 358 43064.4193420949
25.11.2017 10:03:51 +00.16339E+00  0057 034316 1 00006751 00006748 131009 406 43064.4193467824
25.11.2017 10:03:51 +00.16339E+00  0078 034316 1 00006752 00006748 131009 359 43064.4193509375
25.11.2017 10:03:52 +00.16339E+00  0091 034316 1 00006753 00006748 131009 359 43064.4193550926
25.11.2017 10:03:52 +00.16339E+00  0110 034316 1 00006754 00006748 131009 405 43064.4193597801
25.11.2017 10:03:53 +00.16339E+00  0123 034316 1 00006755 00006748 131009 359 43064.4193639352
25.11.2017 10:03:53 +00.16339E+00  0137 034316 1 00006756 00006748 131009 359 43064.4193680903
25.11.2017 10:03:53 +00.16339E+00  0155 034316 1 00006757 00006748 131009 405 43064.4193727894
25.11.2017 10:03:54 +00.16339E+00  0172 034316 1 00006758 00006748 131009 359 43064.4193769329
25.11.2017 10:03:54 +00.16339E+00  0185 034316 1 00006759 00006748 131009 359 43064.419381088
25.11.2017 10:03:54 +00.16339E+00  0198 034316 1 00006760 00006748 131009 421 43064.4193859606
25.11.2017 10:03:55 +00.16339E+00  0212 034316 1 00006761 00006748 131009 359 43064.4193901157
25.11.2017 10:03:55 +00.16339E+00  0232 034318 1 00006762 00006748 131009 359 43064.4193942708
25.11.2017 10:03:56 +00.16340E+00  0246 034318 1 00006763 00006748 131009 405 43064.4193989699
25.11.2017 10:03:56 +00.16340E+00  0260 034318 1 00006764 00006748 131009 359 43064.4194031134
25.11.2017 10:03:56 +00.16340E+00  0270 034318 1 00006765 00006748 131009 359 43064.4194072685
25.11.2017 10:03:57 +00.16340E+00  0286 034318 1 00006766 00006748 131009 406 43064.4194119676
25.11.2017 10:03:57 +00.16340E+00  0300 034318 1 00006767 00006748 131009 358 43064.4194161227
25.11.2017 10:03:57 +00.16340E+00  0315 034318 1 00006768 00006748 131009 359 43064.4194202662
25.11.2017 10:03:58 +00.16340E+00  0334 034318 1 00006769 00006748 131009 406 43064.4194249653
25.11.2017 10:03:58 +00.16340E+00  0358 034318 1 00006770 00006748 131009 359 43064.4194291204
25.11.2017 10:03:59 +00.16340E+00  0376 034318 1 00006771 00006748 131009 358 43064.4194332755
25.11.2017 10:03:59 +00.16340E+00  0393 034318 1 00006772 00006748 131009 406 43064.419437963
25.11.2017 10:03:59 +00.16340E+00  0414 034318 1 00006773 00006748 131009 359 43064.4194421181
25.11.2017 10:04:00 +00.16340E+00  0428 034318 1 00006774 00006748 131009 359 43064.4194462731
25.11.2017 10:04:00 +00.16340E+00  0442 034318 1 00006775 00006748 131009 405 43064.4194509606
25.11.2017 10:04:00 +00.16340E+00  0453 034318 1 00006776 00006748 131009 359 43064.4194551157
25.11.2017 10:04:01 +00.16340E+00  0471 034318 1 00006777 00006748 131009 359 43064.4194592708
25.11.2017 10:04:01 +00.16340E+00  0491 034318 1 00006778 00006748 131009 405 43064.4194639699
25.11.2017 10:04:02 +00.16340E+00  0510 034318 1 00006779 00006748 131009 359 43064.4194681134
25.11.2017 10:04:02 +00.16340E+00  0519 034318 1 00006780 00006748 131009 359 43064.4194722685
25.11.2017 10:04:02 +00.16340E+00  0535 034318 1 00006781 00006748 131009 406 43064.4194769676
25.11.2017 10:04:03 +00.16340E+00  0554 034318 1 00006782 00006748 131009 358 43064.4194811227
25.11.2017 10:04:03 +00.16340E+00  0562 034318 1 00006783 00006748 131009 359 43064.4194852662
25.11.2017 10:04:03 +00.16340E+00  0576 034318 1 00006784 00006748 131009 406 43064.4194899653
25.11.2017 10:04:04 +00.16340E+00  0593 034318 1 00006785 00006748 131009 359 43064.4194941204
25.11.2017 10:04:04 +00.16340E+00  0603 034318 1 00006786 00006748 131009 358 43064.4194982755
25.11.2017 10:04:05 +00.16340E+00  0628 034318 1 00006787 00006748 131009 406 43064.419502963
25.11.2017 10:04:05 +00.16340E+00  0643 034318 1 00006788 00006748 131009 359 43064.4195071181
25.11.2017 10:04:05 +00.16340E+00  0664 034318 1 00006789 00006748 131009 359 43064.4195112731
25.11.2017 10:04:06 +00.16340E+00  0680 034318 1 00006790 00006748 131009 405 43064.4195159606
25.11.2017 10:04:06 +00.16340E+00  0696 034318 1 00006791 00006748 131009 359 43064.4195201157
25.11.2017 10:04:06 +00.16340E+00  0710 034318 1 00006792 00006748 131009 359 43064.4195242708
25.11.2017 10:04:07 +00.16340E+00  0731 034318 1 00006793 00006748 131009 405 43064.4195289699
25.11.2017 10:04:07 +00.16340E+00  0754 034318 1 00006794 00006748 131009 359 43064.4195331134
25.11.2017 10:04:08 +00.16340E+00  0771 034318 1 00006795 00006748 131009 359 43064.4195372685
25.11.2017 10:04:08 +00.16340E+00  0787 034318 1 00006796 00006748 131009 406 43064.4195419676
25.11.2017 10:04:08 +00.16340E+00  0802 034318 1 00006797 00006748 131009 358 43064.4195461227
25.11.2017 10:04:09 +00.16340E+00  0812 034318 1 00006798 00006748 131009 359 43064.4195502662
25.11.2017 10:04:09 +00.16340E+00  0829 034318 1 00006799 00006748 131009 406 43064.4195549653
25.11.2017 10:04:09 +00.16340E+00  0846 034318 1 00006800 00006748 131009 359 43064.4195591204
25.11.2017 10:04:10 +00.16340E+00  0858 034318 1 00006801 00006748 131009 358 43064.4195632755
25.11.2017 10:04:10 +00.16340E+00  0870 034318 1 00006802 00006748 131009 406 43064.419567963
25.11.2017 10:04:11 +00.16340E+00  0889 034318 1 00006803 00006748 131009 359 43064.4195721181
25.11.2017 10:04:11 +00.16340E+00  0909 034318 1 00006804 00006748 131009 359 43064.4195762731
25.11.2017 10:04:11 +00.16340E+00  0926 034318 1 00006805 00006748 131009 405 43064.4195809606
25.11.2017 10:04:12 +00.16340E+00  0946 034318 1 00006806 00006748 131009 359 43064.4195851157
25.11.2017 10:04:12 +00.16340E+00  0964 034318 1 00006807 00006748 131009 359 43064.4195892708
25.11.2017 10:04:12 +00.16340E+00  0975 034318 1 00006808 00006748 131009 405 43064.4195939699
25.11.2017 10:04:13 +00.16340E+00  0988 034318 1 00006809 00006748 131009 359 43064.4195981134
25.11.2017 10:04:13 +00.16340E+00  1003 034318 1 00006810 00006748 131009 359 43064.4196022685
25.11.2017 10:04:14 +00.16340E+00  1011 034318 1 00006811 00006748 131009 406 43064.4196069676
25.11.2017 10:04:14 +00.16340E+00  1025 034318 1 00006812 00006748 131009 358 43064.4196111227
25.11.2017 10:04:14 +00.16340E+00  1038 034318 1 00006813 00006748 131009 359 43064.4196152662
25.11.2017 10:04:15 +00.16340E+00  1059 034318 1 00006814 00006748 131009 406 43064.4196199653
25.11.2017 10:04:15 +00.16340E+00  1081 034318 1 00006815 00006748 131009 359 43064.4196241204
25.11.2017 10:04:15 +00.16340E+00  1095 034318 1 00006816 00006748 131009 358 43064.4196282755
25.11.2017 10:04:16 +00.16340E+00  1109 034318 1 00006817 00006748 131009 422 43064.4196331482
25.11.2017 10:04:16 +00.16340E+00  1120 034318 1 00006818 00006748 131009 358 43064.4196373032
25.11.2017 10:04:17 +00.16340E+00  1135 034318 1 00006819 00006748 131009 359 43064.4196414468
25.11.2017 10:04:17 +00.16340E+00  1156 034318 1 00006820 00006748 131009 406 43064.4196461458
25.11.2017 10:04:17 +00.16340E+00  1178 034318 1 00006821 00006748 131009 359 43064.4196503009
25.11.2017 10:04:18 +00.16340E+00  1189 034318 1 00006822 00006748 131009 358 43064.419654456
25.11.2017 10:04:18 +00.16340E+00  1202 034318 1 00006823 00006748 131009 406 43064.4196591435
25.11.2017 10:04:18 +00.16340E+00  1220 034318 1 00006824 00006748 131009 359 43064.4196632986
25.11.2017 10:04:19 +00.16340E+00  1233 034318 1 00006825 00006748 131009 359 43064.4196674537
25.11.2017 10:04:19 +00.16340E+00  1249 034318 1 00006826 00006748 131009 405 43064.4196721412
25.11.2017 10:04:20 +00.16340E+00  1261 034318 1 00006827 00006748 131009 359 43064.4196762963
25.11.2017 10:04:20 +00.16340E+00  1271 034318 1 00006828 00006748 131009 359 43064.4196804514
25.11.2017 10:04:25 +00.16360E+00  0018 034359 1 00006829 00006829 131009 421 43064.4197436458
25.11.2017 10:04:26 +00.16360E+00  0031 034359 1 00006830 00006829 131009 359 43064.4197478009
25.11.2017 10:04:26 +00.16360E+00  0049 034359 1 00006831 00006829 131009 358 43064.419751956
25.11.2017 10:04:26 +00.16360E+00  0060 034359 1 00006832 00006829 131009 406 43064.4197566435
25.11.2017 10:04:27 +00.16360E+00  0079 034359 1 00006833 00006829 131009 359 43064.4197607986
25.11.2017 10:04:27 +00.16360E+00  0094 034359 1 00006834 00006829 131009 359 43064.4197649537
25.11.2017 10:04:28 +00.16360E+00  0104 034359 1 00006835 00006829 131009 405 43064.4197696412
25.11.2017 10:04:28 +00.16360E+00  0122 034359 1 00006836 00006829 131009 359 43064.4197737963
25.11.2017 10:04:28 +00.16360E+00  0140 034359 1 00006837 00006829 131009 359 43064.4197779514
25.11.2017 10:04:29 +00.16360E+00  0159 034359 1 00006838 00006829 131009 405 43064.4197826505
25.11.2017 10:04:29 +00.16360E+00  0174 034359 1 00006839 00006829 131009 359 43064.419786794
25.11.2017 10:04:29 +00.16360E+00  0192 034359 1 00006840 00006829 131009 359 43064.4197909491
25.11.2017 10:04:30 +00.16360E+00  0206 034359 1 00006841 00006829 131009 406 43064.4197956482
25.11.2017 10:04:30 +00.16360E+00  0219 034359 1 00006842 00006829 131009 358 43064.4197998032
25.11.2017 10:04:31 +00.16360E+00  0242 034359 1 00006843 00006829 131009 359 43064.4198039468
25.11.2017 10:04:31 +00.16360E+00  0259 034359 1 00006844 00006829 131009 406 43064.4198086458
25.11.2017 10:04:31 +00.16360E+00  0280 034359 1 00006845 00006829 131009 359 43064.4198128009
25.11.2017 10:04:32 +00.16360E+00  0291 034359 1 00006846 00006829 131009 358 43064.419816956
25.11.2017 10:04:32 +00.16360E+00  0309 034359 1 00006847 00006829 131009 406 43064.4198216435
25.11.2017 10:04:32 +00.16360E+00  0323 034359 1 00006848 00006829 131009 359 43064.4198257986
25.11.2017 10:04:33 +00.16360E+00  0336 034359 1 00006849 00006829 131009 359 43064.4198299537
25.11.2017 10:04:33 +00.16360E+00  0348 034359 1 00006850 00006829 131009 405 43064.4198346412
25.11.2017 10:04:34 +00.16360E+00  0364 034359 1 00006851 00006829 131009 359 43064.4198387963
25.11.2017 10:04:34 +00.16360E+00  0390 034359 1 00006852 00006829 131009 359 43064.4198429514
25.11.2017 10:04:34 +00.16360E+00  0415 034359 1 00006853 00006829 131009 405 43064.4198476505
25.11.2017 10:04:35 +00.16360E+00  0431 034359 1 00006854 00006829 131009 359 43064.419851794
25.11.2017 10:04:35 +00.16360E+00  0456 034359 1 00006855 00006829 131009 359 43064.4198559491
25.11.2017 10:04:35 +00.16360E+00  0474 034359 1 00006856 00006829 131009 406 43064.4198606482
25.11.2017 10:04:36 +00.16360E+00  0490 034359 1 00006857 00006829 131009 358 43064.4198648032
25.11.2017 10:04:36 +00.16360E+00  0502 034359 1 00006858 00006829 131009 359 43064.4198689468
25.11.2017 10:04:37 +00.16360E+00  0519 034359 1 00006859 00006829 131009 406 43064.4198736458
25.11.2017 10:04:37 +00.16360E+00  0535 034359 1 00006860 00006829 131009 359 43064.4198778009
25.11.2017 10:04:37 +00.16360E+00  0544 034359 1 00006861 00006829 131009 358 43064.419881956
25.11.2017 10:04:38 +00.16360E+00  0555 034359 1 00006862 00006829 131009 422 43064.4198868287
25.11.2017 10:04:38 +00.16359E+00  0570 034359 1 00006863 00006829 131009 358 43064.4198909838
25.11.2017 10:04:38 +00.16360E+00  0585 034359 1 00006864 00006829 131009 359 43064.4198951273
25.11.2017 10:04:39 +00.16360E+00  0601 034359 1 00006865 00006829 131009 406 43064.4198998264
25.11.2017 10:04:39 +00.16360E+00  0614 034359 1 00006866 00006829 131009 359 43064.4199039815
25.11.2017 10:04:40 +00.16360E+00  0635 034359 1 00006867 00006829 131009 358 43064.4199081366
25.11.2017 10:04:40 +00.16360E+00  0643 034359 1 00006868 00006829 131009 406 43064.4199128241
25.11.2017 10:04:40 +00.16360E+00  0657 034359 1 00006869 00006829 131009 359 43064.4199169792
25.11.2017 10:04:41 +00.16360E+00  0668 034359 1 00006870 00006829 131009 359 43064.4199211343
25.11.2017 10:04:41 +00.16360E+00  0679 034359 1 00006871 00006829 131009 405 43064.4199258218
25.11.2017 10:04:41 +00.16360E+00  0703 034359 1 00006872 00006829 131009 359 43064.4199299769
25.11.2017 10:04:42 +00.16360E+00  0720 034359 1 00006873 00006829 131009 359 43064.4199341319
25.11.2017 10:04:42 +00.16360E+00  0739 034359 1 00006874 00006829 131009 405 43064.419938831
25.11.2017 10:04:43 +00.16360E+00  0756 034359 1 00006875 00006829 131009 359 43064.4199429745
25.11.2017 10:04:43 +00.16360E+00  0766 034359 1 00006876 00006829 131009 359 43064.4199471296
25.11.2017 10:04:43 +00.16360E+00  0783 034359 1 00006877 00006829 131009 406 43064.4199518287
25.11.2017 10:04:44 +00.16360E+00  0793 034359 1 00006878 00006829 131009 358 43064.4199559838
25.11.2017 10:04:44 +00.16360E+00  0800 034359 1 00006879 00006829 131009 359 43064.4199601273
25.11.2017 10:04:44 +00.16360E+00  0814 034359 1 00006880 00006829 131009 406 43064.4199648264
25.11.2017 10:04:45 +00.16360E+00  0828 034359 1 00006881 00006829 131009 359 43064.4199689815
25.11.2017 10:04:45 +00.16359E+00  0846 034359 1 00006882 00006829 131009 358 43064.4199731366
25.11.2017 10:04:46 +00.16360E+00  0861 034359 1 00006883 00006829 131009 406 43064.4199778241
25.11.2017 10:04:46 +00.16360E+00  0872 034359 1 00006884 00006829 131009 359 43064.4199819792
25.11.2017 10:04:46 +00.16360E+00  0885 034359 1 00006885 00006829 131009 359 43064.4199861343
25.11.2017 10:04:47 +00.16360E+00  0906 034359 1 00006886 00006829 131009 405 43064.4199908218
25.11.2017 10:04:47 +00.16359E+00  0924 034359 1 00006887 00006829 131009 359 43064.4199949769
25.11.2017 10:04:47 +00.16359E+00  0942 034359 1 00006888 00006829 131009 359 43064.4199991319
25.11.2017 10:04:48 +00.16359E+00  0954 034359 1 00006889 00006829 131009 405 43064.420003831
25.11.2017 10:04:48 +00.16360E+00  0975 034359 1 00006890 00006829 131009 359 43064.4200079745
25.11.2017 10:04:49 +00.16360E+00  0986 034359 1 00006891 00006829 131009 359 43064.4200121296
25.11.2017 10:04:49 +00.16360E+00  1010 034359 1 00006892 00006829 131009 406 43064.4200168287
25.11.2017 10:04:49 +00.16360E+00  1029 034359 1 00006893 00006829 131009 358 43064.4200209838
25.11.2017 10:04:50 +00.16360E+00  1043 034359 1 00006894 00006829 131009 359 43064.4200251273
25.11.2017 10:04:50 +00.16360E+00  1064 034359 1 00006895 00006829 131009 406 43064.4200298264
25.11.2017 10:04:50 +00.16360E+00  1075 034359 1 00006896 00006829 131009 359 43064.4200339815
25.11.2017 10:04:51 +00.16360E+00  1093 034359 1 00006897 00006829 131009 358 43064.4200381366
25.11.2017 10:04:51 +00.16360E+00  1109 034359 1 00006898 00006829 131009 406 43064.4200428241
25.11.2017 10:04:52 +00.16360E+00  1121 034359 1 00006899 00006829 131009 359 43064.4200469792
25.11.2017 10:04:52 +00.16360E+00  1134 034359 1 00006900 00006829 131009 359 43064.4200511343
25.11.2017 10:04:52 +00.16360E+00  1150 034359 1 00006901 00006829 131009 405 43064.4200558218
25.11.2017 10:04:53 +00.16360E+00  1167 034359 1 00006902 00006829 131009 359 43064.4200599769
25.11.2017 10:04:53 +00.16360E+00  1178 034359 1 00006903 00006829 131009 359 43064.4200641319
25.11.2017 10:04:53 +00.16360E+00  1196 034359 1 00006904 00006829 131009 405 43064.420068831
25.11.2017 10:04:54 +00.16360E+00  1216 034359 1 00006905 00006829 131009 359 43064.4200729745
25.11.2017 10:04:54 +00.16360E+00  1238 034359 1 00006906 00006829 131009 359 43064.4200771296
25.11.2017 10:04:55 +00.16360E+00  1255 034359 1 00006907 00006829 131009 406 43064.4200818287
25.11.2017 10:04:55 +00.16360E+00  1270 034359 1 00006908 00006829 131009 358 43064.4200859838
25.11.2017 10:04:55 +00.16360E+00  1282 034359 1 00006909 00006829 131009 359 43064.4200901273