
25.11.2017 10:08:52 +00.16200E+00  0011 034024 1 00007363 00007363 131009 421 43064.4228268171
25.11.2017 10:08:52 +00.16200E+00  0030 034024 1 00007364 00007363 131009 359 43064.4228309606
25.11.2017 10:08:52 +00.16200E+00  0047 034024 1 00007365 00007363 131009 359 43064.4228351157
25.11.2017 10:08:53 +00.16200E+00  0059 034024 1 00007366 00007363 131009 406 43064.4228398148
25.11.2017 10:08:53 +00.16200E+00  0072 034024 1 00007367 00007363 131009 358 43064.4228439699
25.11.2017 10:08:54 +00.16200E+00  0082 034024 1 00007368 00007363 131009 359 43064.4228481134
25.11.2017 10:08:54 +00.16200E+00  0098 034024 1 00007369 00007363 131009 406 43064.4228528125
25.11.2017 10:08:54 +00.16200E+00  0113 034024 1 00007370 00007363 131009 359 43064.4228569676
25.11.2017 10:08:55 +00.16200E+00  0129 034024 1 00007371 00007363 131009 358 43064.4228611227
25.11.2017 10:08:55 +00.16200E+00  0144 034024 1 00007372 00007363 131009 422 43064.4228659954
25.11.2017 10:08:55 +00.16200E+00  0166 034024 1 00007373 00007363 131009 358 43064.4228701505
25.11.2017 10:08:56 +00.16200E+00  0176 034024 1 00007374 00007363 131009 359 43064.422874294
25.11.2017 10:08:56 +00.16200E+00  0196 034024 1 00007375 00007363 131009 406 43064.4228789931
25.11.2017 10:08:57 +00.16200E+00  0208 034024 1 00007376 00007363 131009 359 43064.4228831481
25.11.2017 10:08:57 +00.16200E+00  0222 034024 1 00007377 00007363 131009 358 43064.4228873032
25.11.2017 10:08:57 +00.16200E+00  0233 034024 1 00007378 00007363 131009 406 43064.4228919907
25.11.2017 10:08:58 +00.16200E+00  0252 034024 1 00007379 00007363 131009 359 43064.4228961458
25.11.2017 10:08:58 +00.16200E+00  0266 034024 1 00007380 00007363 131009 359 43064.4229003009
25.11.2017 10:08:58 +00.16200E+00  0285 034024 1 00007381 00007363 131009 405 43064.4229049884
25.11.2017 10:08:59 +00.16200E+00  0307 034024 1 00007382 00007363 131009 359 43064.4229091435
25.11.2017 10:08:59 +00.16200E+00  0317 034024 1 00007383 00007363 131009 359 43064.4229132986
25.11.2017 10:09:00 +00.16200E+00  0331 034024 1 00007384 00007363 131009 405 43064.4229179977
25.11.2017 10:09:00 +00.16200E+00  0347 034024 1 00007385 00007363 131009 359 43064.4229221412
25.11.2017 10:09:00 +00.16200E+00  0364 034024 1 00007386 00007363 131009 359 43064.4229262963
25.11.2017 10:09:01 +00.16200E+00  0385 034024 1 00007387 00007363 131009 406 43064.4229309954
25.11.2017 10:09:01 +00.16200E+00  0403 034024 1 00007388 00007363 131009 358 43064.4229351505
25.11.2017 10:09:01 +00.16200E+00  0423 034024 1 00007389 00007363 131009 359 43064.422939294
25.11.2017 10:09:02 +00.16200E+00  0433 034024 1 00007390 00007363 131009 406 43064.4229439931
25.11.2017 10:09:02 +00.16200E+00  0442 034024 1 00007391 00007363 131009 359 43064.4229481481
25.11.2017 10:09:03 +00.16200E+00  0455 034024 1 00007392 00007363 131009 358 43064.4229523032
25.11.2017 10:09:03 +00.16200E+00  0466 034024 1 00007393 00007363 131009 406 43064.4229569907
25.11.2017 10:09:03 +00.16200E+00  0483 034024 1 00007394 00007363 131009 359 43064.4229611458
25.11.2017 10:09:04 +00.16200E+00  0495 034024 1 00007395 00007363 131009 359 43064.4229653009
25.11.2017 10:09:04 +00.16200E+00  0508 034024 1 00007396 00007363 131009 405 43064.4229699884
25.11.2017 10:09:04 +00.16200E+00  0531 034024 1 00007397 00007363 131009 359 43064.4229741435
25.11.2017 10:09:05 +00.16200E+00  0555 034024 1 00007398 00007363 131009 359 43064.4229782986
25.11.2017 10:09:05 +00.16200E+00  0580 034024 1 00007399 00007363 131009 405 43064.4229829977
25.11.2017 10:09:06 +00.16200E+00  0596 034024 1 00007400 00007363 131009 359 43064.4229871412
25.11.2017 10:09:06 +00.16200E+00  0608 034024 1 00007401 00007363 131009 359 43064.4229912963
25.11.2017 10:09:06 +00.16200E+00  0626 034024 1 00007402 00007363 131009 406 43064.4229959954
25.11.2017 10:09:07 +00.16200E+00  0641 034024 1 00007403 00007363 131009 358 43064.4230001505
25.11.2017 10:09:07 +00.16200E+00  0656 034024 1 00007404 00007363 131009 359 43064.423004294
25.11.2017 10:09:07 +00.16200E+00  0673 034024 1 00007405 00007363 131009 406 43064.4230089931
25.11.2017 10:09:08 +00.16200E+00  0681 034024 1 00007406 00007363 131009 359 43064.4230131481
25.11.2017 10:09:08 +00.16200E+00  0701 034024 1 00007407 00007363 131009 358 43064.4230173032
25.11.2017 10:09:09 +00.16200E+00  0712 034024 1 00007408 00007363 131009 406 43064.4230219907
25.11.2017 10:09:09 +00.16200E+00  0726 034024 1 00007409 00007363 131009 359 43064.4230261458
25.11.2017 10:09:09 +00.16200E+00  0741 034024 1 00007410 00007363 131009 359 43064.4230303009
25.11.2017 10:09:10 +00.16200E+00  0762 034024 1 00007411 00007363 131009 405 43064.4230349884
25.11.2017 10:09:10 +00.16200E+00  0781 034024 1 00007412 00007363 131009 359 43064.4230391435
25.11.2017 10:09:10 +00.16200E+00  0796 034024 1 00007413 00007363 131009 359 43064.4230432986
25.11.2017 10:09:11 +00.16200E+00  0816 034024 1 00007414 00007363 131009 405 43064.4230479977
25.11.2017 10:09:11 +00.16200E+00  0835 034024 1 00007415 00007363 131009 359 43064.4230521412
25.11.2017 10:09:12 +00.16200E+00  0853 034024 1 00007416 00007363 131009 359 43064.4230562963
25.11.2017 10:09:12 +00.16200E+00  0866 034024 1 00007417 00007363 131009 406 43064.4230609954
25.11.2017 10:09:12 +00.16200E+00  0892 034024 1 00007418 00007363 131009 358 43064.4230651505
25.11.2017 10:09:13 +00.16200E+00  0906 034024 1 00007419 00007363 131009 359 43064.423069294
25.11.2017 10:09:13 +00.16200E+00  0918 034024 1 00007420 00007363 131009 406 43064.4230739931
25.11.2017 10:09:13 +00.16200E+00  0933 034024 1 00007421 00007363 131009 359 43064.4230781481
25.11.2017 10:09:14 +00.16200E+00  0947 034024 1 00007422 00007363 131009 358 43064.4230823032
25.11.2017 10:09:14 +00.16200E+00  0956 034024 1 00007423 00007363 131009 406 43064.4230869907
25.11.2017 10:09:15 +00.16200E+00  0975 034024 1 00007424 00007363 131009 359 43064.4230911458
25.11.2017 10:09:15 +00.16200E+00  0996 034024 1 00007425 00007363 131009 359 43064.4230953009
25.11.2017 10:09:15 +00.16200E+00  1009 034024 1 00007426 00007363 131009 405 43064.4230999884
25.11.2017 10:09:16 +00.16200E+00  1023 034024 1 00007427 00007363 131009 359 43064.4231041435
25.11.2017 10:09:16 +00.16200E+00  1043 034024 1 00007428 00007363 131009 359 43064.4231082986
25.11.2017 10:09:16 +00.16200E+00  1056 034024 1 00007429 00007363 131009 421 43064.4231131713
25.11.2017 10:09:17 +00.16200E+00  1079 034024 1 00007430 00007363 131009 359 43064.4231173264
25.11.2017 10:09:17 +00.16200E+00  1095 034024 1 00007431 00007363 131009 359 43064.4231214815
25.11.2017 10:09:18 +00.16200E+00  1114 034024 1 00007432 00007363 131009 405 43064.423126169
25.11.2017 10:09:18 +00.16200E+00  1134 034024 1 00007433 00007363 131009 359 43064.4231303241
25.11.2017 10:09:18 +00.16200E+00  1150 034024 1 00007434 00007363 131009 359 43064.4231344792
25.11.2017 10:09:19 +00.16200E+00  1163 034024 1 00007435 00007363 131009 405 43064.4231391782
25.11.2017 10:09:19 +00.16200E+00  1177 034024 1 00007436 00007363 131009 359 43064.4231433218
25.11.2017 10:09:19 +00.16200E+00  1194 034024 1 00007437 00007363 131009 359 43064.4231474769
25.11.2017 10:09:20 +00.16200E+00  1204 034024 1 00007438 00007363 131009 406 43064.4231521759
25.11.2017 10:09:20 +00.16200E+00  1227 034024 1 00007439 00007363 131009 358 43064.423156331
25.11.2017 10:09:21 +00.16200E+00  1242 034024 1 00007440 00007363 131009 359 43064.4231604745
25.11.2017 10:09:21 +00.16200E+00  1255 034024 1 00007441 00007363 131009 406 43064.4231651736
25.11.2017 10:09:21 +00.16200E+00  1270 034024 1 00007442 00007363 131009 359 43064.4231693287
25.11.2017 10:09:22 +00.16200E+00  1285 034024 1 00007443 00007363 131009 358 43064.4231734838
25.11.2017 10:09:22 +00.16200E+00  1301 034024 1 00007444 00007363 131009 406 43064.4231781713
25.11.2017 10:09:22 +00.16200E+00  1317 034024 1 00007445 00007363 131009 359 43064.4231823264
25.11.2017 10:09:23 +00.16200E+00  1328 034024 1 00007446 00007363 131009 359 43064.4231864815
25.11.2017 10:09:23 +00.16200E+00  1345 034024 1 00007447 00007363 131009 405 43064.423191169
25.11.2017 10:09:24 +00.16200E+00  1359 034024 1 00007448 00007363 131009 359 43064.4231953241
25.11.2017 10:09:24 +00.16200E+00  1377 034024 1 00007449 00007363 131009 359 43064.4231994792
25.11.2017 10:09:24 +00.16200E+00  1394 034024 1 00007450 00007363 131009 405 43064.4232041782
25.11.2017 10:09:25 +00.16200E+00  1412 034024 1 00007451 00007363 131009 359 43064.4232083218
25.11.2017 10:09:25 +00.16200E+00  1422 034024 1 00007452 00007363 131009 359 43064.4232124769
25.11.2017 10:09:25 +00.16200E+00  1437 034024 1 00007453 00007363 131009 406 43064.4232171759
25.11.2017 10:09:26 +00.16200E+00  1460 034024 1 00007454 00007363 131009 358 43064.423221331
25.11.2017 10:09:26 +00.16200E+00  1470 034024 1 00007455 00007363 131009 359 43064.4232254745
25.11.2017 10:09:27 +00.16200E+00  1484 034024 1 00007456 00007363 131009 406 43064.4232301736
25.11.2017 10:09:27 +00.16200E+00  1498 034024 1 00007457 00007363 131009 359 43064.4232343287
25.11.2017 10:09:27 +00.16200E+00  1515 034024 1 00007458 00007363 131009 358 43064.4232384838
25.11.2017 10:09:28 +00.16200E+00  1538 034024 1 00007459 00007363 131009 406 43064.4232431713
25.11.2017 10:09:28 +00.16200E+00  1555 034024 1 00007460 00007363 131009 359 43064.4232473264
25.11.2017 10:09:28 +00.16200E+00  1568 034024 1 00007461 00007363 131009 359 43064.4232514815
25.11.2017 10:09:29 +00.16200E+00  1579 034024 1 00007462 00007363 131009 405 43064.423256169
25.11.2017 10:09:29 +00.16200E+00  1591 034024 1 00007463 00007363 131009 359 43064.4232603241
25.11.2017 10:09:30 +00.16200E+00  1607 034024 1 00007464 00007363 131009 359 43064.4232644792
25.11.2017 10:09:30 +00.16200E+00  1622 034024 1 00007465 00007363 131009 405 43064.4232691782
25.11.2017 10:09:30 +00.16200E+00  1640 034024 1 00007466 00007363 131009 359 43064.4232733218
25.11.2017 10:09:31 +00.16200E+00  1657 034024 1 00007467 00007363 131009 359 43064.4232774769
25.11.2017 10:09:31 +00.16200E+00  1669 034024 1 00007468 00007363 131009 406 43064.4232821759
25.11.2017 10:09:31 +00.16200E+00  1686 034024 1 00007469 00007363 131009 358 43064.423286331
25.11.2017 10:09:32 +00.16200E+00  1698 034024 1 00007470 00007363 131009 359 43064.4232904745
25.11.2017 10:09:32 +00.16200E+00  1713 034024 1 00007471 00007363 131009 406 43064.4232951736
25.11.2017 10:09:33 +00.16200E+00  1727 034024 1 00007472 00007363 131009 359 43064.4232993287
25.11.2017 10:09:33 +00.16200E+00  1740 034024 1 00007473 00007363 131009 358 43064.4233034838
25.11.2017 10:09:33 +00.16200E+00  1755 034024 1 00007474 00007363 131009 406 43064.4233081713
25.11.2017 10:09:34 +00.16200E+00  1774 034024 1 00007475 00007363 131009 359 43064.4233123264
25.11.2017 10:09:34 +00.16200E+00  1784 034024 1 00007476 00007363 131009 359 43064.4233164815
25.11.2017 10:09:34 +00.16200E+00  1799 034024 1 00007477 00007363 131009 405 43064.423321169
25.11.2017 10:09:35 +00.16200E+00  1825 034024 1 00007478 00007363 131009 359 43064.4233253241
25.11.2017 10:09:35 +00.16200E+00  1834 034024 1 00007479 00007363 131009 359 43064.4233294792
25.11.2017 10:09:36 +00.16200E+00  1846 034024 1 00007480 00007363 131009 405 43064.4233341782
25.11.2017 10:09:36 +00.16200E+00  1860 034024 1 00007481 00007363 131009 359 43064.4233383218
25.11.2017 10:09:36 +00.16200E+00  1871 034024 1 00007482 00007363 131009 359 43064.4233424769
25.11.2017 10:09:37 +00.16200E+00  1886 034024 1 00007483 00007363 131009 406 43064.4233471759
25.11.2017 10:09:37 +00.16200E+00  1903 034024 1 00007484 00007363 131009 358 43064.423351331
25.11.2017 10:09:37 +00.16200E+00  1910 034024 1 00007485 00007363 131009 359 43064.4233554745
25.11.2017 10:09:38 +00.16200E+00  1926 034024 1 00007486 00007363 131009 421 43064.4233603588
25.11.2017 10:09:38 +00.16200E+00  1943 034024 1 00007487 00007363 131009 359 43064.4233645023
25.11.2017 10:09:39 +00.16200E+00  1956 034024 1 00007488 00007363 131009 359 43064.4233686574
25.11.2017 10:09:39 +00.16200E+00  1973 034024 1 00007489 00007363 131009 406 43064.4233733565
25.11.2017 10:09:39 +00.16200E+00  1984 034024 1 00007490 00007363 131009 358 43064.4233775116
25.11.2017 10:09:40 +00.16200E+00  1998 034024 1 00007491 00007363 131009 359 43064.4233816551
25.11.2017 10:09:40 +00.16200E+00  2014 034024 1 00007492 00007363 131009 406 43064.4233863542
25.11.2017 10:09:40 +00.16200E+00  2028 034024 1 00007493 00007363 131009 359 43064.4233905093
25.11.2017 10:09:41 +00.16200E+00  2042 034024 1 00007494 00007363 131009 358 43064.4233946644
25.11.2017 10:09:41 +00.16200E+00  2057 034024 1 00007495 00007363 131009 406 43064.4233993519
25.11.2017 10:09:42 +00.16200E+00  2075 034024 1 00007496 00007363 131009 359 43064.4234035069
25.11.2017 10:09:42 +00.16200E+00  2092 034024 1 00007497 00007363 131009 359 43064.423407662
25.11.2017 10:09:42 +00.16200E+00  2110 034024 1 00007498 00007363 131009 405 43064.4234123495
25.11.2017 10:09:43 +00.16200E+00  2123 034024 1 00007499 00007363 131009 359 43064.4234165046
25.11.2017 10:09:43 +00.16200E+00  2135 034024 1 00007500 00007363 131009 359 43064.4234206597
25.11.2017 10:09:43 +00.16200E+00  2149 034024 1 00007501 00007363 131009 405 43064.4234253588
25.11.2017 10:09:44 +00.16200E+00  2165 034024 1 00007502 00007363 131009 359 43064.4234295023
25.11.2017 10:09:44 +00.16200E+00  2184 034024 1 00007503 00007363 131009 359 43064.4234336574
25.11.2017 10:09:45 +00.16200E+00  2197 034024 1 00007504 00007363 131009 406 43064.4234383565
25.11.2017 10:09:45 +00.16200E+00  2213 034024 1 00007505 00007363 131009 358 43064.4234425116
25.11.2017 10:09:45 +00.16200E+00  2222 034024 1 00007506 00007363 131009 359 43064.4234466551
25.11.2017 10:09:46 +00.16200E+00  2237 034024 1 00007507 00007363 131009 406 43064.4234513542
25.11.2017 10:09:46 +00.16200E+00  2249 034024 1 00007508 00007363 131009 359 43064.4234555093
25.11.2017 10:09:46 +00.16200E+00  2270 034024 1 00007509 00007363 131009 358 43064.4234596644
25.11.2017 10:09:47 +00.16200E+00  2277 034024 1 00007510 00007363 131009 406 43064.4234643519
25.11.2017 10:09:47 +00.16200E+00  2293 034024 1 00007511 00007363 131009 359 43064.4234685069
25.11.2017 10:09:48 +00.16200E+00  2309 034024 1 00007512 00007363 131009 359 43064.423472662
25.11.2017 10:09:48 +00.16200E+00  2326 034024 1 00007513 00007363 131009 405 43064.4234773495
25.11.2017 10:09:48 +00.16200E+00  2337 034024 1 00007514 00007363 131009 359 43064.4234815046
25.11.2017 10:09:49 +00.16200E+00  2355 034024 1 00007515 00007363 131009 359 43064.4234856597
25.11.2017 10:09:49 +00.16200E+00  2369 034024 1 00007516 00007363 131009 405 43064.4234903588
25.11.2017 10:09:49 +00.16200E+00  2387 034024 1 00007517 00007363 131009 359 43064.4234945023
25.11.2017 10:09:50 +00.16200E+00  2405 034024 1 00007518 00007363 131009 359 43064.4234986574
25.11.2017 10:09:50 +00.16200E+00  2413 034024 1 00007519 00007363 131009 406 43064.4235033565
25.11.2017 10:09:51 +00.16200E+00  2428 034024 1 00007520 00007363 131009 358 43064.4235075116
25.11.2017 10:09:51 +00.16200E+00  2435 034024 1 00007521 00007363 131009 359 43064.4235116551
25.11.2017 10:09:51 +00.16200E+00  2459 034024 1 00007522 00007363 131009 406 43064.4235163542
25.11.2017 10:09:52 +00.16200E+00  2477 034024 1 00007523 00007363 131009 359 43064.4235205093
25.11.2017 10:09:57 +00.16210E+00  0015 034044 1 00007524 00007524 131009 359 43064.4235828009
25.11.2017 10:09:57 +00.16210E+00  0026 034044 1 00007525 00007524 131009 358 43064.423586956
25.11.2017 10:09:58 +00.16209E+00  0042 034044 1 00007526 00007524 131009 359 43064.4235910995
25.11.2017 10:09:58 +00.16210E+00  0059 034044 1 00007527 00007524 131009 359 43064.4235952546
25.11.2017 10:09:58 +00.16209E+00  0069 034044 1 00007528 00007524 131009 359 43064.4235994097
25.11.2017 10:09:59 +00.16209E+00  0081 034044 1 00007529 00007524 131009 421 43064.4236042824
25.11.2017 10:09:59 +00.16209E+00  0103 034044 1 00007530 00007524 131009 359 43064.4236084375
25.11.2017 10:10:00 +00.16210E+00  0109 034044 1 00007531 00007524 131009 359 43064.4236125926
25.11.2017 10:10:00 +00.16210E+00  0127 034044 1 00007532 00007524 131009 405 43064.4236172801
25.11.2017 10:10:00 +00.16210E+00  0139 034044 1 00007533 00007524 131009 359 43064.4236214352
25.11.2017 10:10:01 +00.16209E+00  0155 034044 1 00007534 00007524 131009 359 43064.4236255903
25.11.2017 10:10:01 +00.16210E+00  0171 034044 1 00007535 00007524 131009 405 43064.4236302894
25.11.2017 10:10:02 +00.16209E+00  0186 034044 1 00007536 00007524 131009 359 43064.4236344329
25.11.2017 10:10:02 +00.16209E+00  0205 034044 1 00007537 00007524 131009 359 43064.423638588
25.11.2017 10:10:02 +00.16210E+00  0215 034046 1 00007538 00007524 131009 406 43064.423643287
25.11.2017 10:10:03 +00.16210E+00  0235 034046 1 00007539 00007524 131009 358 43064.4236474421
25.11.2017 10:10:03 +00.16210E+00  0250 034046 1 00007540 00007524 131009 359 43064.4236515856
25.11.2017 10:10:03 +00.16210E+00  0269 034046 1 00007541 00007524 131009 406 43064.4236562847
25.11.2017 10:10:04 +00.16210E+00  0285 034046 1 00007542 00007524 131009 359 43064.4236604398
25.11.2017 10:10:04 +00.16210E+00  0302 034046 1 00007543 00007524 131009 358 43064.4236645949
25.11.2017 10:10:05 +00.16211E+00  0318 034046 1 00007544 00007524 131009 406 43064.4236692824
25.11.2017 10:10:05 +00.16210E+00  0329 034046 1 00007545 00007524 131009 359 43064.4236734375
25.11.2017 10:10:05 +00.16210E+00  0348 034046 1 00007546 00007524 131009 359 43064.4236775926
25.11.2017 10:10:06 +00.16210E+00  0361 034046 1 00007547 00007524 131009 405 43064.4236822801
25.11.2017 10:10:06 +00.16210E+00  0380 034046 1 00007548 00007524 131009 359 43064.4236864352
25.11.2017 10:10:06 +00.16210E+00  0397 034046 1 00007549 00007524 131009 359 43064.4236905903
25.11.2017 10:10:07 +00.16210E+00  0407 034046 1 00007550 00007524 131009 405 43064.4236952894
25.11.2017 10:10:07 +00.16210E+00  0417 034046 1 00007551 00007524 131009 359 43064.4236994329
25.11.2017 10:10:07 +00.16211E+00  0428 034046 1 00007552 00007524 131009 359 43064.423703588
25.11.2017 10:10:08 +00.16210E+00  0444 034046 1 00007553 00007524 131009 406 43064.423708287
25.11.2017 10:10:08 +00.16210E+00  0451 034046 1 00007554 00007524 131009 358 43064.4237124421
25.11.2017 10:10:09 +00.16210E+00  0464 034046 1 00007555 00007524 131009 359 43064.4237165856
25.11.2017 10:10:09 +00.16210E+00  0475 034046 1 00007556 00007524 131009 406 43064.4237212847
25.11.2017 10:10:09 +00.16211E+00  0498 034046 1 00007557 00007524 131009 359 43064.4237254398
25.11.2017 10:10:10 +00.16211E+00  0510 034046 1 00007558 00007524 131009 358 43064.4237295949
25.11.2017 10:10:10 +00.16210E+00  0531 034046 1 00007559 00007524 131009 406 43064.4237342824
25.11.2017 10:10:11 +00.16210E+00  0547 034046 1 00007560 00007524 131009 359 43064.4237384375
25.11.2017 10:10:11 +00.16210E+00  0559 034046 1 00007561 00007524 131009 359 43064.4237425926
25.11.2017 10:10:11 +00.16210E+00  0575 034046 1 00007562 00007524 131009 405 43064.4237472801
25.11.2017 10:10:12 +00.16211E+00  0596 034046 1 00007563 00007524 131009 359 43064.4237514352
25.11.2017 10:10:12 +00.16210E+00  0607 034046 1 00007564 00007524 131009 359 43064.4237555903
25.11.2017 10:10:12 +00.16210E+00  0618 034046 1 00007565 00007524 131009 405 43064.4237602894
25.11.2017 10:10:13 +00.16211E+00  0638 034046 1 00007566 00007524 131009 359 43064.4237644329
25.11.2017 10:10:13 +00.16211E+00  0653 034046 1 00007567 00007524 131009 359 43064.423768588
25.11.2017 10:10:14 +00.16210E+00  0661 034046 1 00007568 00007524 131009 406 43064.423773287
25.11.2017 10:10:14 +00.16210E+00  0684 034046 1 00007569 00007524 131009 358 43064.4237774421
25.11.2017 10:10:14 +00.16210E+00  0706 034046 1 00007570 00007524 131009 359 43064.4237815856
25.11.2017 10:10:15 +00.16210E+00  0724 034046 1 00007571 00007524 131009 406 43064.4237862847
25.11.2017 10:10:15 +00.16210E+00  0740 034046 1 00007572 00007524 131009 359 43064.4237904398
25.11.2017 10:10:15 +00.16210E+00  0755 034046 1 00007573 00007524 131009 358 43064.4237945949
25.11.2017 10:10:16 +00.16210E+00  0769 034046 1 00007574 00007524 131009 406 43064.4237992824
25.11.2017 10:10:16 +00.16210E+00  0786 034046 1 00007575 00007524 131009 359 43064.4238034375
25.11.2017 10:10:16 +00.16210E+00  0801 034046 1 00007576 00007524 131009 359 43064.4238075926
25.11.2017 10:10:17 +00.16210E+00  0820 034046 1 00007577 00007524 131009 405 43064.4238122801
25.11.2017 10:10:17 +00.16211E+00  0835 034046 1 00007578 00007524 131009 359 43064.4238164352
25.11.2017 10:10:18 +00.16210E+00  0856 034046 1 00007579 00007524 131009 359 43064.4238205903
25.11.2017 10:10:18 +00.16210E+00  0871 034046 1 00007580 00007524 131009 405 43064.4238252893
25.11.2017 10:10:18 +00.16210E+00  0890 034046 1 00007581 00007524 131009 359 43064.4238294329
25.11.2017 10:10:19 +00.16210E+00  0903 034046 1 00007582 00007524 131009 359 43064.423833588
25.11.2017 10:10:19 +00.16210E+00  0923 034046 1 00007583 00007524 131009 406 43064.423838287
25.11.2017 10:10:19 +00.16210E+00  0932 034046 1 00007584 00007524 131009 358 43064.4238424421
25.11.2017 10:10:20 +00.16210E+00  0942 034046 1 00007585 00007524 131009 359 43064.4238465856
25.11.2017 10:10:20 +00.16210E+00  0956 034046 1 00007586 00007524 131009 421 43064.4238514699
25.11.2017 10:10:21 +00.16211E+00  0964 034046 1 00007587 00007524 131009 359 43064.4238556134
25.11.2017 10:10:21 +00.16210E+00  0976 034046 1 00007588 00007524 131009 359 43064.4238597685
25.11.2017 10:10:21 +00.16210E+00  1000 034046 1 00007589 00007524 131009 406 43064.4238644676
25.11.2017 10:10:22 +00.16210E+00  1018 034046 1 00007590 00007524 131009 358 43064.4238686227
25.11.2017 10:10:22 +00.16210E+00  1035 034046 1 00007591 00007524 131009 359 43064.4238727662
25.11.2017 10:10:23 +00.16210E+00  1047 034046 1 00007592 00007524 131009 406 43064.4238774653
25.11.2017 10:10:23 +00.16210E+00  1059 034046 1 00007593 00007524 131009 359 43064.4238816204
25.11.2017 10:10:23 +00.16210E+00  1070 034046 1 00007594 00007524 131009 358 43064.4238857755
25.11.2017 10:10:24 +00.16210E+00  1079 034046 1 00007595 00007524 131009 406 43064.423890463
25.11.2017 10:10:24 +00.16210E+00  1094 034046 1 00007596 00007524 131009 359 43064.4238946181
25.11.2017 10:10:24 +00.16211E+00  1110 034046 1 00007597 00007524 131009 359 43064.4238987732
25.11.2017 10:10:25 +00.16210E+00  1133 034046 1 00007598 00007524 131009 405 43064.4239034607
25.11.2017 10:10:25 +00.16210E+00  1149 034046 1 00007599 00007524 131009 359 43064.4239076157
25.11.2017 10:10:25 +00.16210E+00  1168 034046 1 00007600 00007524 131009 359 43064.4239117708
25.11.2017 10:10:26 +00.16210E+00  1182 034046 1 00007601 00007524 131009 405 43064.4239164699
25.11.2017 10:10:26 +00.16210E+00  1198 034046 1 00007602 00007524 131009 359 43064.4239206134
25.11.2017 10:10:27 +00.16211E+00  1212 034046 1 00007603 00007524 131009 359 43064.4239247685
25.11.2017 10:10:27 +00.16210E+00  1229 034046 1 00007604 00007524 131009 406 43064.4239294676
25.11.2017 10:10:27 +00.16210E+00  1248 034046 1 00007605 00007524 131009 358 43064.4239336227
25.11.2017 10:10:28 +00.16210E+00  1264 034046 1 00007606 00007524 131009 359 43064.4239377662
25.11.2017 10:10:28 +00.16210E+00  1277 034046 1 00007607 00007524 131009 406 43064.4239424653
25.11.2017 10:10:28 +00.16210E+00  1296 034046 1 00007608 00007524 131009 359 43064.4239466204
25.11.2017 10:10:29 +00.16211E+00  1305 034046 1 00007609 00007524 131009 358 43064.4239507755
25.11.2017 10:10:29 +00.16210E+00  1318 034046 1 00007610 00007524 131009 406 43064.423955463
25.11.2017 10:10:30 +00.16211E+00  1328 034046 1 00007611 00007524 131009 359 43064.4239596181
25.11.2017 10:10:30 +00.16210E+00  1341 034046 1 00007612 00007524 131009 359 43064.4239637732
25.11.2017 10:10:30 +00.16210E+00  1360 034046 1 00007613 00007524 131009 405 43064.4239684607
25.11.2017 10:10:31 +00.16210E+00  1376 034046 1 00007614 00007524 131009 359 43064.4239726157
25.11.2017 10:10:31 +00.16210E+00  1387 034046 1 00007615 00007524 131009 359 43064.4239767708
25.11.2017 10:10:31 +00.16210E+00  1404 034046 1 00007616 00007524 131009 405 43064.4239814699
25.11.2017 10:10:32 +00.16210E+00  1413 034046 1 00007617 00007524 131009 359 43064.4239856134
25.11.2017 10:10:32 +00.16210E+00  1436 034046 1 00007618 00007524 131009 359 43064.4239897685
25.11.2017 10:10:33 +00.16211E+00  1452 034046 1 00007619 00007524 131009 406 43064.4239944676
25.11.2017 10:10:33 +00.16210E+00  1467 034046 1 00007620 00007524 131009 358 43064.4239986227
25.11.2017 10:10:33 +00.16211E+00  1479 034046 1 00007621 00007524 131009 359 43064.4240027662
25.11.2017 10:10:34 +00.16210E+00  1494 034044 1 00007622 00007524 131009 406 43064.4240074653
25.11.2017 10:10:34 +00.16210E+00  1516 034044 1 00007623 00007524 131009 359 43064.4240116204
25.11.2017 10:10:34 +00.16209E+00  1535 034044 1 00007624 00007524 131009 358 43064.4240157755
25.11.2017 10:10:35 +00.16209E+00  1551 034044 1 00007625 00007524 131009 406 43064.424020463
25.11.2017 10:10:35 +00.16209E+00  1569 034044 1 00007626 00007524 131009 359 43064.4240246181
25.11.2017 10:10:36 +00.16210E+00  1578 034044 1 00007627 00007524 131009 359 43064.4240287731
25.11.2017 10:10:36 +00.16210E+00  1591 034044 1 00007628 00007524 131009 405 43064.4240334607
25.11.2017 10:10:36 +00.16210E+00  1608 034044 1 00007629 00007524 131009 359 43064.4240376157
25.11.2017 10:10:37 +00.16210E+00  1621 034044 1 00007630 00007524 131009 359 43064.4240417708
25.11.2017 10:10:37 +00.16209E+00  1631 034044 1 00007631 00007524 131009 405 43064.4240464699
25.11.2017 10:10:37 +00.16210E+00  1649 034044 1 00007632 00007524 131009 359 43064.4240506134
25.11.2017 10:10:38 +00.16209E+00  1665 034044 1 00007633 00007524 131009 359 43064.4240547685
25.11.2017 10:10:38 +00.16210E+00  1684 034044 1 00007634 00007524 131009 406 43064.4240594676
25.11.2017 10:10:39 +00.16210E+00  1692 034044 1 00007635 00007524 131009 358 43064.4240636227
25.11.2017 10:10:39 +00.16209E+00  1703 034044 1 00007636 00007524 131009 359 43064.4240677662
25.11.2017 10:10:39 +00.16209E+00  1722 034044 1 00007637 00007524 131009 406 43064.4240724653
25.11.2017 10:10:40 +00.16209E+00  1746 034044 1 00007638 00007524 131009 359 43064.4240766204
25.11.2017 10:10:40 +00.16209E+00  1763 034044 1 00007639 00007524 131009 358 43064.4240807755
25.11.2017 10:10:40 +00.16209E+00  1779 034044 1 00007640 00007524 131009 406 43064.424085463
25.11.2017 10:10:41 +00.16209E+00  1794 034044 1 00007641 00007524 131009 359 43064.4240896181
25.11.2017 10:10:41 +00.16209E+00  1809 034044 1 00007642 00007524 131009 359 43064.4240937731
25.11.2017 10:10:42 +00.16209E+00  1821 034044 1 00007643 00007524 131009 421 43064.4240986458
25.11.2017 10:10:42 +00.16209E+00  1845 034044 1 00007644 00007524 131009 359 43064.4241028009
25.11.2017 10:10:42 +00.16209E+00  1861 034044 1 00007645 00007524 131009 358 43064.424106956
25.11.2017 10:10:43 +00.16210E+00  1879 034044 1 00007646 00007524 131009 406 43064.4241116435
25.11.2017 10:10:43 +00.16209E+00  1895 034044 1 00007647 00007524 131009 359 43064.4241157986
25.11.2017 10:10:43 +00.16209E+00  1906 034044 1 00007648 00007524 131009 359 43064.4241199537
25.11.2017 10:10:44 +00.16209E+00  1919 034046 1 00007649 00007524 131009 405 43064.4241246412
25.11.2017 10:10:44 +00.16210E+00  1938 034046 1 00007650 00007524 131009 359 43064.4241287963
25.11.2017 10:10:45 +00.16210E+00  1954 034046 1 00007651 00007524 131009 359 43064.4241329514
25.11.2017 10:10:45 +00.16210E+00  1963 034046 1 00007652 00007524 131009 405 43064.4241376505
25.11.2017 10:10:45 +00.16210E+00  1982 034046 1 00007653 00007524 131009 359 43064.424141794
25.11.2017 10:10:46 +00.16210E+00  2000 034046 1 00007654 00007524 131009 359 43064.4241459491
25.11.2017 10:10:46 +00.16210E+00  2028 034046 1 00007655 00007524 131009 406 43064.4241506481
25.11.2017 10:10:46 +00.16210E+00  2043 034046 1 00007656 00007524 131009 358 43064.4241548032
25.11.2017 10:10:47 +00.16210E+00  2064 034046 1 00007657 00007524 131009 359 43064.4241589468
25.11.2017 10:10:47 +00.16210E+00  2081 034046 1 00007658 00007524 131009 406 43064.4241636458
25.11.2017 10:10:48 +00.16210E+00  2095 034046 1 00007659 00007524 131009 359 43064.4241678009
25.11.2017 10:10:48 +00.16210E+00  2106 034046 1 00007660 00007524 131009 358 43064.424171956
25.11.2017 10:10:48 +00.16210E+00  2122 034046 1 00007661 00007524 131009 406 43064.4241766435
25.11.2017 10:10:49 +00.16210E+00  2144 034046 1 00007662 00007524 131009 359 43064.4241807986
25.11.2017 10:10:49 +00.16211E+00  2156 034046 1 00007663 00007524 131009 359 43064.4241849537
25.11.2017 10:10:49 +00.16211E+00  2166 034046 1 00007664 00007524 131009 405 43064.4241896412
25.11.2017 10:10:50 +00.16210E+00  2179 034046 1 00007665 00007524 131009 359 43064.4241937963
25.11.2017 10:10:50 +00.16210E+00  2195 034046 1 00007666 00007524 131009 359 43064.4241979514
25.11.2017 10:10:51 +00.16210E+00  2207 034046 1 00007667 00007524 131009 405 43064.4242026505
25.11.2017 10:10:51 +00.16210E+00  2223 034046 1 00007668 00007524 131009 359 43064.424206794
25.11.2017 10:10:51 +00.16211E+00  2240 034046 1 00007669 00007524 131009 359 43064.4242109491
25.11.2017 10:10:52 +00.16210E+00  2250 034046 1 00007670 00007524 131009 406 43064.4242156481
25.11.2017 10:10:52 +00.16210E+00  2274 034046 1 00007671 00007524 131009 358 43064.4242198032
25.11.2017 10:10:52 +00.16210E+00  2286 034046 1 00007672 00007524 131009 359 43064.4242239468
25.11.2017 10:10:53 +00.16211E+00  2304 034046 1 00007673 00007524 131009 406 43064.4242286458
25.11.2017 10:10:53 +00.16210E+00  2315 034046 1 00007674 00007524 131009 359 43064.4242328009
25.11.2017 10:10:54 +00.16210E+00  2321 034046 1 00007675 00007524 131009 358 43064.424236956
25.11.2017 10:10:54 +00.16210E+00  2339 034046 1 00007676 00007524 131009 406 43064.4242416435
25.11.2017 10:10:54 +00.16210E+00  2356 034046 1 00007677 00007524 131009 359 43064.4242457986
25.11.2017 10:10:55 +00.16210E+00  2376 034046 1 00007678 00007524 131009 359 43064.4242499537
25.11.2017 10:10:55 +00.16210E+00  2395 034046 1 00007679 00007524 131009 405 43064.4242546412
25.11.2017 10:10:55 +00.16210E+00  2407 034046 1 00007680 00007524 131009 359 43064.4242587963
25.11.2017 10:10:56 +00.16210E+00  2420 034046 1 00007681 00007524 131009 359 43064.4242629514
25.11.2017 10:10:56 +00.16211E+00  2437 034046 1 00007682 00007524 131009 405 43064.4242676505
25.11.2017 10:10:57 +00.16211E+00  2457 034046 1 00007683 00007524 131009 359 43064.424271794
25.11.2017 10:10:57 +00.16210E+00  2478 034046 1 00007684 00007524 131009 359 43064.4242759491
25.11.2017 10:10:57 +00.16211E+00  2485 034046 1 00007685 00007524 131009 406 43064.4242806481
25.11.2017 10:11:03 +00.16220E+00  0011 034066 1 00007686 00007686 131009 406 43064.4243423958
25.11.2017 10:11:03 +00.16220E+00  0029 034066 1 00007687 00007686 131009 359 43064.4243465509
25.11.2017 10:11:03 +00.16220E+00  0043 034066 1 00007688 00007686 131009 358 43064.424350706
25.11.2017 10:11:04 +00.16220E+00  0054 034066 1 00007689 00007686 131009 422 43064.4243555787
25.11.2017 10:11:04 +00.16220E+00  0074 034066 1 00007690 00007686 131009 358 43064.4243597338
25.11.2017 10:11:05 +00.16220E+00  0090 034066 1 00007691 00007686 131009 359 43064.4243638773
25.11.2017 10:11:05 +00.16220E+00  0108 034066 1 00007692 00007686 131009 406 43064.4243685764
25.11.2017 10:11:05 +00.16220E+00  0125 034066 1 00007693 00007686 131009 359 43064.4243727315
25.11.2017 10:11:06 +00.16220E+00  0144 034066 1 00007694 00007686 131009 358 43064.4243768866
25.11.2017 10:11:06 +00.16220E+00  0159 034066 1 00007695 00007686 131009 406 43064.4243815741
25.11.2017 10:11:06 +00.16220E+00  0178 034066 1 00007696 00007686 131009 359 43064.4243857292
25.11.2017 10:11:07 +00.16220E+00  0190 034066 1 00007697 00007686 131009 359 43064.4243898843
25.11.2017 10:11:07 +00.16220E+00  0202 034066 1 00007698 00007686 131009 405 43064.4243945718
25.11.2017 10:11:08 +00.16220E+00  0216 034066 1 00007699 00007686 131009 359 43064.4243987268
25.11.2017 10:11:08 +00.16220E+00  0232 034066 1 00007700 00007686 131009 359 43064.4244028819
25.11.2017 10:11:08 +00.16220E+00  0241 034066 1 00007701 00007686 131009 405 43064.424407581
25.11.2017 10:11:09 +00.16220E+00  0259 034066 1 00007702 00007686 131009 359 43064.4244117245
25.11.2017 10:11:09 +00.16220E+00  0274 034066 1 00007703 00007686 131009 359 43064.4244158796
25.11.2017 10:11:09 +00.16220E+00  0282 034066 1 00007704 00007686 131009 406 43064.4244205787
25.11.2017 10:11:10 +00.16220E+00  0301 034066 1 00007705 00007686 131009 358 43064.4244247338
25.11.2017 10:11:10 +00.16220E+00  0316 034066 1 00007706 00007686 131009 359 43064.4244288773
25.11.2017 10:11:11 +00.16220E+00  0337 034066 1 00007707 00007686 131009 406 43064.4244335764
25.11.2017 10:11:11 +00.16220E+00  0347 034066 1 00007708 00007686 131009 359 43064.4244377315
25.11.2017 10:11:11 +00.16220E+00  0364 034066 1 00007709 00007686 131009 358 43064.4244418866
25.11.2017 10:11:12 +00.16220E+00  0382 034066 1 00007710 00007686 131009 406 43064.4244465741
25.11.2017 10:11:12 +00.16220E+00  0403 034066 1 00007711 00007686 131009 359 43064.4244507292
25.11.2017 10:11:12 +00.16220E+00  0417 034066 1 00007712 00007686 131009 359 43064.4244548843
25.11.2017 10:11:13 +00.16220E+00  0432 034066 1 00007713 00007686 131009 405 43064.4244595718
25.11.2017 10:11:13 +00.16220E+00  0447 034066 1 00007714 00007686 131009 359 43064.4244637268
25.11.2017 10:11:14 +00.16220E+00  0463 034066 1 00007715 00007686 131009 359 43064.4244678819
25.11.2017 10:11:14 +00.16220E+00  0477 034066 1 00007716 00007686 131009 405 43064.424472581
25.11.2017 10:11:14 +00.16220E+00  0493 034066 1 00007717 00007686 131009 359 43064.4244767245
25.11.2017 10:11:15 +00.16220E+00  0511 034066 1 00007718 00007686 131009 359 43064.4244808796
25.11.2017 10:11:15 +00.16220E+00  0530 034066 1 00007719 00007686 131009 406 43064.4244855787
25.11.2017 10:11:15 +00.16220E+00  0548 034066 1 00007720 00007686 131009 358 43064.4244897338
25.11.2017 10:11:16 +00.16220E+00  0558 034066 1 00007721 00007686 131009 359 43064.4244938773
25.11.2017 10:11:16 +00.16220E+00  0568 034066 1 00007722 00007686 131009 406 43064.4244985764
25.11.2017 10:11:17 +00.16220E+00  0584 034066 1 00007723 00007686 131009 359 43064.4245027315
25.11.2017 10:11:17 +00.16220E+00  0608 034066 1 00007724 00007686 131009 358 43064.4245068866
25.11.2017 10:11:17 +00.16220E+00  0622 034066 1 00007725 00007686 131009 406 43064.4245115741
25.11.2017 10:11:18 +00.16220E+00  0631 034066 1 00007726 00007686 131009 359 43064.4245157292
25.11.2017 10:11:18 +00.16220E+00  0654 034066 1 00007727 00007686 131009 359 43064.4245198843
25.11.2017 10:11:18 +00.16220E+00  0665 034066 1 00007728 00007686 131009 405 43064.4245245718
25.11.2017 10:11:19 +00.16220E+00  0683 034066 1 00007729 00007686 131009 359 43064.4245287268
25.11.2017 10:11:19 +00.16220E+00  0697 034066 1 00007730 00007686 131009 359 43064.4245328819
25.11.2017 10:11:20 +00.16220E+00  0710 034066 1 00007731 00007686 131009 405 43064.424537581
25.11.2017 10:11:20 +00.16220E+00  0727 034066 1 00007732 00007686 131009 359 43064.4245417245
25.11.2017 10:11:20 +00.16220E+00  0741 034066 1 00007733 00007686 131009 359 43064.4245458796
25.11.2017 10:11:21 +00.16220E+00  0763 034066 1 00007734 00007686 131009 406 43064.4245505787
25.11.2017 10:11:21 +00.16220E+00  0777 034066 1 00007735 00007686 131009 358 43064.4245547338
25.11.2017 10:11:21 +00.16220E+00  0787 034066 1 00007736 00007686 131009 359 43064.4245588773
25.11.2017 10:11:22 +00.16220E+00  0804 034066 1 00007737 00007686 131009 406 43064.4245635764
25.11.2017 10:11:22 +00.16220E+00  0823 034066 1 00007738 00007686 131009 359 43064.4245677315
25.11.2017 10:11:23 +00.16220E+00  0836 034066 1 00007739 00007686 131009 358 43064.4245718866
25.11.2017 10:11:23 +00.16220E+00  0843 034066 1 00007740 00007686 131009 406 43064.4245765741
25.11.2017 10:11:23 +00.16220E+00  0866 034066 1 00007741 00007686 131009 359 43064.4245807292
25.11.2017 10:11:24 +00.16220E+00  0879 034066 1 00007742 00007686 131009 359 43064.4245848843
25.11.2017 10:11:24 +00.16220E+00  0893 034066 1 00007743 00007686 131009 405 43064.4245895718
25.11.2017 10:11:24 +00.16220E+00  0913 034066 1 00007744 00007686 131009 359 43064.4245937268
25.11.2017 10:11:25 +00.16220E+00  0936 034066 1 00007745 00007686 131009 359 43064.4245978819
25.11.2017 10:11:25 +00.16220E+00  0952 034066 1 00007746 00007686 131009 421 43064.4246027546
25.11.2017 10:11:26 +00.16220E+00  0973 034066 1 00007747 00007686 131009 359 43064.4246069097
25.11.2017 10:11:26 +00.16220E+00  0986 034066 1 00007748 00007686 131009 359 43064.4246110648
25.11.2017 10:11:26 +00.16220E+00  1002 034066 1 00007749 00007686 131009 405 43064.4246157523
25.11.2017 10:11:27 +00.16220E+00  1016 034066 1 00007750 00007686 131009 359 43064.4246199074
25.11.2017 10:11:27 +00.16220E+00  1039 034066 1 00007751 00007686 131009 359 43064.4246240625
25.11.2017 10:11:27 +00.16220E+00  1056 034066 1 00007752 00007686 131009 405 43064.4246287616
25.11.2017 10:11:28 +00.16220E+00  1069 034066 1 00007753 00007686 131009 359 43064.4246329051
25.11.2017 10:11:28 +00.16220E+00  1086 034066 1 00007754 00007686 131009 359 43064.4246370602
25.11.2017 10:11:29 +00.16220E+00  1107 034066 1 00007755 00007686 131009 406 43064.4246417593
25.11.2017 10:11:29 +00.16220E+00  1120 034066 1 00007756 00007686 131009 358 43064.4246459144
25.11.2017 10:11:29 +00.16220E+00  1137 034066 1 00007757 00007686 131009 359 43064.4246500579
25.11.2017 10:11:30 +00.16220E+00  1159 034066 1 00007758 00007686 131009 406 43064.4246547569
25.11.2017 10:11:30 +00.16220E+00  1177 034066 1 00007759 00007686 131009 359 43064.424658912
25.11.2017 10:11:30 +00.16220E+00  1190 034066 1 00007760 00007686 131009 358 43064.4246630671
25.11.2017 10:11:31 +00.16220E+00  1208 034066 1 00007761 00007686 131009 406 43064.4246677546
25.11.2017 10:11:31 +00.16220E+00  1223 034066 1 00007762 00007686 131009 359 43064.4246719097
25.11.2017 10:11:32 +00.16220E+00  1240 034066 1 00007763 00007686 131009 359 43064.4246760648
25.11.2017 10:11:32 +00.16220E+00  1248 034066 1 00007764 00007686 131009 405 43064.4246807523
25.11.2017 10:11:32 +00.16220E+00  1270 034066 1 00007765 00007686 131009 359 43064.4246849074
25.11.2017 10:11:33 +00.16220E+00  1283 034066 1 00007766 00007686 131009 359 43064.4246890625
25.11.2017 10:11:33 +00.16220E+00  1295 034066 1 00007767 00007686 131009 405 43064.4246937616
25.11.2017 10:11:33 +00.16220E+00  1305 034066 1 00007768 00007686 131009 359 43064.4246979051
25.11.2017 10:11:34 +00.16220E+00  1314 034066 1 00007769 00007686 131009 359 43064.4247020602
25.11.2017 10:11:34 +00.16220E+00  1327 034066 1 00007770 00007686 131009 406 43064.4247067593
25.11.2017 10:11:35 +00.16220E+00  1347 034066 1 00007771 00007686 131009 358 43064.4247109144
25.11.2017 10:11:35 +00.16220E+00  1362 034066 1 00007772 00007686 131009 359 43064.4247150579
25.11.2017 10:11:35 +00.16220E+00  1374 034066 1 00007773 00007686 131009 406 43064.4247197569
25.11.2017 10:11:36 +00.16220E+00  1392 034066 1 00007774 00007686 131009 359 43064.424723912
25.11.2017 10:11:36 +00.16220E+00  1406 034066 1 00007775 00007686 131009 358 43064.4247280671
25.11.2017 10:11:36 +00.16220E+00  1421 034066 1 00007776 00007686 131009 406 43064.4247327546
25.11.2017 10:11:37 +00.16220E+00  1432 034066 1 00007777 00007686 131009 359 43064.4247369097
25.11.2017 10:11:37 +00.16220E+00  1449 034066 1 00007778 00007686 131009 359 43064.4247410648
25.11.2017 10:11:38 +00.16220E+00  1464 034066 1 00007779 00007686 131009 405 43064.4247457523
25.11.2017 10:11:38 +00.16220E+00  1475 034066 1 00007780 00007686 131009 359 43064.4247499074
25.11.2017 10:11:38 +00.16220E+00  1482 034066 1 00007781 00007686 131009 359 43064.4247540625
25.11.2017 10:11:39 +00.16220E+00  1498 034066 1 00007782 00007686 131009 405 43064.4247587616
25.11.2017 10:11:39 +00.16220E+00  1513 034066 1 00007783 00007686 131009 359 43064.4247629051
25.11.2017 10:11:39 +00.16220E+00  1532 034066 1 00007784 00007686 131009 359 43064.4247670602
25.11.2017 10:11:40 +00.16220E+00  1541 034066 1 00007785 00007686 131009 406 43064.4247717593
25.11.2017 10:11:40 +00.16220E+00  1556 034066 1 00007786 00007686 131009 358 43064.4247759144
25.11.2017 10:11:40 +00.16220E+00  1572 034066 1 00007787 00007686 131009 359 43064.4247800579
25.11.2017 10:11:41 +00.16220E+00  1589 034066 1 00007788 00007686 131009 406 43064.4247847569
25.11.2017 10:11:41 +00.16220E+00  1610 034066 1 00007789 00007686 131009 359 43064.424788912
25.11.2017 10:11:42 +00.16220E+00  1627 034066 1 00007790 00007686 131009 358 43064.4247930671
25.11.2017 10:11:42 +00.16220E+00  1638 034066 1 00007791 00007686 131009 406 43064.4247977546
25.11.2017 10:11:42 +00.16220E+00  1651 034066 1 00007792 00007686 131009 359 43064.4248019097
25.11.2017 10:11:43 +00.16220E+00  1664 034066 1 00007793 00007686 131009 359 43064.4248060648
25.11.2017 10:11:43 +00.16220E+00  1680 034066 1 00007794 00007686 131009 405 43064.4248107523
25.11.2017 10:11:44 +00.16220E+00  1699 034066 1 00007795 00007686 131009 359 43064.4248149074
25.11.2017 10:11:44 +00.16220E+00  1710 034066 1 00007796 00007686 131009 359 43064.4248190625
25.11.2017 10:11:44 +00.16220E+00  1726 034066 1 00007797 00007686 131009 405 43064.4248237616
25.11.2017 10:11:45 +00.16220E+00  1746 034066 1 00007798 00007686 131009 359 43064.4248279051
25.11.2017 10:11:45 +00.16220E+00  1761 034066 1 00007799 00007686 131009 359 43064.4248320602
25.11.2017 10:11:45 +00.16220E+00  1772 034066 1 00007800 00007686 131009 406 43064.4248367593
25.11.2017 10:11:46 +00.16220E+00  1793 034066 1 00007801 00007686 131009 358 43064.4248409144
25.11.2017 10:11:46 +00.16220E+00  1809 034066 1 00007802 00007686 131009 359 43064.4248450579
25.11.2017 10:11:47 +00.16220E+00  1827 034066 1 00007803 00007686 131009 421 43064.4248499421
25.11.2017 10:11:47 +00.16220E+00  1844 034066 1 00007804 00007686 131009 359 43064.4248540856
25.11.2017 10:11:47 +00.16220E+00  1863 034066 1 00007805 00007686 131009 359 43064.4248582407
25.11.2017 10:11:48 +00.16220E+00  1876 034066 1 00007806 00007686 131009 406 43064.4248629398
25.11.2017 10:11:48 +00.16220E+00  1900 034066 1 00007807 00007686 131009 358 43064.4248670949
25.11.2017 10:11:48 +00.16220E+00  1910 034066 1 00007808 00007686 131009 359 43064.4248712384
25.11.2017 10:11:49 +00.16220E+00  1925 034066 1 00007809 00007686 131009 406 43064.4248759375
25.11.2017 10:11:49 +00.16220E+00  1946 034066 1 00007810 00007686 131009 359 43064.4248800926
25.11.2017 10:11:49 +00.16220E+00  1959 034066 1 00007811 00007686 131009 358 43064.4248842477
25.11.2017 10:11:50 +00.16220E+00  1971 034066 1 00007812 00007686 131009 406 43064.4248889352
25.11.2017 10:11:50 +00.16220E+00  1979 034066 1 00007813 00007686 131009 359 43064.4248930903
25.11.2017 10:11:51 +00.16220E+00  1992 034066 1 00007814 00007686 131009 359 43064.4248972454
25.11.2017 10:11:51 +00.16220E+00  2012 034066 1 00007815 00007686 131009 405 43064.4249019329
25.11.2017 10:11:51 +00.16220E+00  2031 034066 1 00007816 00007686 131009 359 43064.424906088
25.11.2017 10:11:52 +00.16220E+00  2044 034066 1 00007817 00007686 131009 359 43064.4249102431
25.11.2017 10:11:52 +00.16220E+00  2060 034066 1 00007818 00007686 131009 405 43064.4249149421
25.11.2017 10:11:53 +00.16220E+00  2075 034066 1 00007819 00007686 131009 359 43064.4249190856
25.11.2017 10:11:53 +00.16220E+00  2084 034066 1 00007820 00007686 131009 359 43064.4249232407
25.11.2017 10:11:53 +00.16220E+00  2104 034066 1 00007821 00007686 131009 406 43064.4249279398
25.11.2017 10:11:54 +00.16220E+00  2113 034066 1 00007822 00007686 131009 358 43064.4249320949
25.11.2017 10:11:54 +00.16220E+00  2124 034066 1 00007823 00007686 131009 359 43064.4249362384
25.11.2017 10:11:54 +00.16220E+00  2139 034066 1 00007824 00007686 131009 406 43064.4249409375
25.11.2017 10:11:55 +00.16220E+00  2152 034066 1 00007825 00007686 131009 359 43064.4249450926
25.11.2017 10:11:55 +00.16220E+00  2162 034066 1 00007826 00007686 131009 358 43064.4249492477
25.11.2017 10:11:56 +00.16220E+00  2178 034066 1 00007827 00007686 131009 406 43064.4249539352
25.11.2017 10:11:56 +00.16220E+00  2194 034066 1 00007828 00007686 131009 359 43064.4249580903
25.11.2017 10:11:56 +00.16220E+00  2211 034066 1 00007829 00007686 131009 359 43064.4249622454
25.11.2017 10:11:57 +00.16220E+00  2224 034066 1 00007830 00007686 131009 405 43064.4249669329
25.11.2017 10:11:57 +00.16220E+00  2237 034066 1 00007831 00007686 131009 359 43064.424971088
25.11.2017 10:11:57 +00.16220E+00  2248 034066 1 00007832 00007686 131009 359 43064.4249752431
25.11.2017 10:11:58 +00.16220E+00  2266 034066 1 00007833 00007686 131009 405 43064.4249799421
25.11.2017 10:11:58 +00.16220E+00  2289 034066 1 00007834 00007686 131009 359 43064.4249840857
25.11.2017 10:11:58 +00.16220E+00  2299 034066 1 00007835 00007686 131009 359 43064.4249882407
25.11.2017 10:11:59 +00.16220E+00  2313 034066 1 00007836 00007686 131009 406 43064.4249929398
25.11.2017 10:11:59 +00.16220E+00  2331 034066 1 00007837 00007686 131009 358 43064.4249970949
25.11.2017 10:12:00 +00.16220E+00  2348 034066 1 00007838 00007686 131009 359 43064.4250012384
25.11.2017 10:12:00 +00.16220E+00  2361 034066 1 00007839 00007686 131009 406 43064.4250059375
25.11.2017 10:12:00 +00.16220E+00  2373 034066 1 00007840 00007686 131009 359 43064.4250100926
25.11.2017 10:12:01 +00.16220E+00  2379 034066 1 00007841 00007686 131009 358 43064.4250142477
25.11.2017 10:12:01 +00.16220E+00  2395 034066 1 00007842 00007686 131009 406 43064.4250189352
25.11.2017 10:12:01 +00.16220E+00  2420 034066 1 00007843 00007686 131009 359 43064.4250230903
25.11.2017 10:12:02 +00.16220E+00  2433 034066 1 00007844 00007686 131009 359 43064.4250272454
25.11.2017 10:12:02 +00.16220E+00  2454 034066 1 00007845 00007686 131009 405 43064.4250319329
25.11.2017 10:12:03 +00.16220E+00  2467 034066 1 00007846 00007686 131009 359 43064.425036088
25.11.2017 10:12:03 +00.16220E+00  2489 034066 1 00007847 00007686 131009 359 43064.4250402431
25.11.2017 10:12:08 +00.16230E+00  0011 034088 1 00007848 00007848 131009 421 43064.4251036227
25.11.2017 10:12:09 +00.16230E+00  0031 034088 1 00007849 00007848 131009 359 43064.4251077662
25.11.2017 10:12:09 +00.16231E+00  0044 034088 1 00007850 00007848 131009 359 43064.4251119213
25.11.2017 10:12:10 +00.16230E+00  0063 034088 1 00007851 00007848 131009 406 43064.4251166204
25.11.2017 10:12:10 +00.16230E+00  0078 034088 1 00007852 00007848 131009 358 43064.4251207755
25.11.2017 10:12:10 +00.16230E+00  0098 034088 1 00007853 00007848 131009 359 43064.425124919
25.11.2017 10:12:11 +00.16231E+00  0110 034088 1 00007854 00007848 131009 406 43064.4251296181
25.11.2017 10:12:11 +00.16231E+00  0126 034088 1 00007855 00007848 131009 359 43064.4251337731
25.11.2017 10:12:11 +00.16230E+00  0138 034088 1 00007856 00007848 131009 358 43064.4251379282
25.11.2017 10:12:12 +00.16231E+00  0153 034088 1 00007857 00007848 131009 406 43064.4251426157
25.11.2017 10:12:12 +00.16230E+00  0166 034088 1 00007858 00007848 131009 359 43064.4251467708
25.11.2017 10:12:13 +00.16230E+00  0182 034088 1 00007859 00007848 131009 359 43064.4251509259
25.11.2017 10:12:13 +00.16230E+00  0195 034088 1 00007860 00007848 131009 405 43064.4251556134
25.11.2017 10:12:13 +00.16231E+00  0214 034088 1 00007861 00007848 131009 359 43064.4251597685
25.11.2017 10:12:14 +00.16230E+00  0229 034088 1 00007862 00007848 131009 359 43064.4251639236
25.11.2017 10:12:14 +00.16230E+00  0242 034088 1 00007863 00007848 131009 405 43064.4251686227
25.11.2017 10:12:14 +00.16230E+00  0251 034088 1 00007864 00007848 131009 359 43064.4251727662
25.11.2017 10:12:15 +00.16230E+00  0263 034088 1 00007865 00007848 131009 359 43064.4251769213
25.11.2017 10:12:15 +00.16230E+00  0280 034088 1 00007866 00007848 131009 406 43064.4251816204
25.11.2017 10:12:16 +00.16230E+00  0297 034088 1 00007867 00007848 131009 358 43064.4251857755
25.11.2017 10:12:16 +00.16231E+00  0307 034088 1 00007868 00007848 131009 359 43064.425189919
25.11.2017 10:12:16 +00.16230E+00  0321 034088 1 00007869 00007848 131009 406 43064.4251946181
25.11.2017 10:12:17 +00.16230E+00  0340 034088 1 00007870 00007848 131009 359 43064.4251987731
25.11.2017 10:12:17 +00.16230E+00  0351 034088 1 00007871 00007848 131009 358 43064.4252029282
25.11.2017 10:12:17 +00.16230E+00  0360 034088 1 00007872 00007848 131009 406 43064.4252076157
25.11.2017 10:12:18 +00.16230E+00  0375 034088 1 00007873 00007848 131009 359 43064.4252117708
25.11.2017 10:12:18 +00.16230E+00  0389 034088 1 00007874 00007848 131009 359 43064.4252159259
25.11.2017 10:12:19 +00.16230E+00  0407 034088 1 00007875 00007848 131009 405 43064.4252206134
25.11.2017 10:12:19 +00.16230E+00  0442 034088 1 00007876 00007848 131009 359 43064.4252247685
25.11.2017 10:12:19 +00.16231E+00  0458 034088 1 00007877 00007848 131009 359 43064.4252289236
25.11.2017 10:12:20 +00.16230E+00  0465 034088 1 00007878 00007848 131009 405 43064.4252336227
25.11.2017 10:12:20 +00.16230E+00  0482 034088 1 00007879 00007848 131009 359 43064.4252377662
25.11.2017 10:12:20 +00.16230E+00  0495 034088 1 00007880 00007848 131009 359 43064.4252419213
25.11.2017 10:12:21 +00.16230E+00  0508 034088 1 00007881 00007848 131009 406 43064.4252466204
25.11.2017 10:12:21 +00.16230E+00  0529 034088 1 00007882 00007848 131009 358 43064.4252507755
25.11.2017 10:12:22 +00.16230E+00  0539 034088 1 00007883 00007848 131009 359 43064.425254919
25.11.2017 10:12:22 +00.16230E+00  0558 034088 1 00007884 00007848 131009 406 43064.4252596181
25.11.2017 10:12:22 +00.16230E+00  0579 034088 1 00007885 00007848 131009 359 43064.4252637731
25.11.2017 10:12:23 +00.16230E+00  0594 034088 1 00007886 00007848 131009 358 43064.4252679282
25.11.2017 10:12:23 +00.16230E+00  0609 034088 1 00007887 00007848 131009 406 43064.4252726157
25.11.2017 10:12:23 +00.16231E+00  0618 034088 1 00007888 00007848 131009 359 43064.4252767708
25.11.2017 10:12:24 +00.16230E+00  0632 034088 1 00007889 00007848 131009 359 43064.4252809259
25.11.2017 10:12:24 +00.16230E+00  0650 034088 1 00007890 00007848 131009 405 43064.4252856134
25.11.2017 10:12:25 +00.16231E+00  0670 034088 1 00007891 00007848 131009 359 43064.4252897685
25.11.2017 10:12:25 +00.16230E+00  0687 034088 1 00007892 00007848 131009 359 43064.4252939236
25.11.2017 10:12:25 +00.16230E+00  0696 034088 1 00007893 00007848 131009 405 43064.4252986227
25.11.2017 10:12:26 +00.16230E+00  0707 034088 1 00007894 00007848 131009 359 43064.4253027662
25.11.2017 10:12:26 +00.16230E+00  0724 034088 1 00007895 00007848 131009 359 43064.4253069213
25.11.2017 10:12:26 +00.16230E+00  0744 034088 1 00007896 00007848 131009 406 43064.4253116204
25.11.2017 10:12:27 +00.16230E+00  0763 034088 1 00007897 00007848 131009 358 43064.4253157755
25.11.2017 10:12:27 +00.16230E+00  0780 034088 1 00007898 00007848 131009 359 43064.425319919
25.11.2017 10:12:28 +00.16230E+00  0795 034088 1 00007899 00007848 131009 406 43064.4253246181
25.11.2017 10:12:28 +00.16230E+00  0815 034088 1 00007900 00007848 131009 359 43064.4253287731
25.11.2017 10:12:28 +00.16231E+00  0826 034088 1 00007901 00007848 131009 358 43064.4253329282
25.11.2017 10:12:29 +00.16230E+00  0844 034088 1 00007902 00007848 131009 406 43064.4253376157
25.11.2017 10:12:29 +00.16230E+00  0858 034088 1 00007903 00007848 131009 359 43064.4253417708
25.11.2017 10:12:29 +00.16230E+00  0878 034088 1 00007904 00007848 131009 359 43064.4253459259
25.11.2017 10:12:30 +00.16230E+00  0893 034088 1 00007905 00007848 131009 421 43064.4253507986
25.11.2017 10:12:30 +00.16230E+00  0915 034088 1 00007906 00007848 131009 359 43064.4253549537
25.11.2017 10:12:31 +00.16230E+00  0926 034088 1 00007907 00007848 131009 358 43064.4253591088
25.11.2017 10:12:31 +00.16230E+00  0938 034088 1 00007908 00007848 131009 406 43064.4253637963
25.11.2017 10:12:31 +00.16230E+00  0954 034088 1 00007909 00007848 131009 359 43064.4253679514
25.11.2017 10:12:32 +00.16230E+00  0964 034088 1 00007910 00007848 131009 359 43064.4253721065
25.11.2017 10:12:32 +00.16230E+00  0982 034088 1 00007911 00007848 131009 405 43064.425376794
25.11.2017 10:12:32 +00.16230E+00  1002 034088 1 00007912 00007848 131009 359 43064.4253809491
25.11.2017 10:12:33 +00.16230E+00  1016 034088 1 00007913 00007848 131009 359 43064.4253851042
25.11.2017 10:12:33 +00.16231E+00  1028 034088 1 00007914 00007848 131009 405 43064.4253898032
25.11.2017 10:12:34 +00.16230E+00  1050 034088 1 00007915 00007848 131009 359 43064.4253939468
25.11.2017 10:12:34 +00.16231E+00  1064 034088 1 00007916 00007848 131009 359 43064.4253981018
25.11.2017 10:12:34 +00.16231E+00  1075 034088 1 00007917 00007848 131009 406 43064.4254028009
25.11.2017 10:12:35 +00.16230E+00  1093 034088 1 00007918 00007848 131009 358 43064.425406956
25.11.2017 10:12:35 +00.16230E+00  1106 034088 1 00007919 00007848 131009 359 43064.4254110995
25.11.2017 10:12:35 +00.16230E+00  1122 034088 1 00007920 00007848 131009 406 43064.4254157986
25.11.2017 10:12:36 +00.16230E+00  1143 034088 1 00007921 00007848 131009 359 43064.4254199537
25.11.2017 10:12:36 +00.16230E+00  1157 034088 1 00007922 00007848 131009 358 43064.4254241088
25.11.2017 10:12:37 +00.16230E+00  1178 034088 1 00007923 00007848 131009 406 43064.4254287963
25.11.2017 10:12:37 +00.16230E+00  1200 034088 1 00007924 00007848 131009 359 43064.4254329514
25.11.2017 10:12:37 +00.16230E+00  1219 034088 1 00007925 00007848 131009 359 43064.4254371065
25.11.2017 10:12:38 +00.16230E+00  1234 034088 1 00007926 00007848 131009 405 43064.425441794
25.11.2017 10:12:38 +00.16230E+00  1248 034088 1 00007927 00007848 131009 359 43064.4254459491
25.11.2017 10:12:38 +00.16230E+00  1263 034088 1 00007928 00007848 131009 359 43064.4254501042
25.11.2017 10:12:39 +00.16230E+00  1276 034088 1 00007929 00007848 131009 405 43064.4254548032
25.11.2017 10:12:39 +00.16230E+00  1290 034088 1 00007930 00007848 131009 359 43064.4254589468
25.11.2017 10:12:40 +00.16230E+00  1302 034088 1 00007931 00007848 131009 359 43064.4254631018
25.11.2017 10:12:40 +00.16230E+00  1319 034088 1 00007932 00007848 131009 406 43064.4254678009
25.11.2017 10:12:40 +00.16230E+00  1339 034088 1 00007933 00007848 131009 358 43064.425471956
25.11.2017 10:12:41 +00.16230E+00  1350 034088 1 00007934 00007848 131009 359 43064.4254760995
25.11.2017 10:12:41 +00.16230E+00  1366 034088 1 00007935 00007848 131009 406 43064.4254807986
25.11.2017 10:12:41 +00.16230E+00  1385 034088 1 00007936 00007848 131009 359 43064.4254849537
25.11.2017 10:12:42 +00.16230E+00  1399 034088 1 00007937 00007848 131009 358 43064.4254891088
25.11.2017 10:12:42 +00.16230E+00  1413 034088 1 00007938 00007848 131009 406 43064.4254937963
25.11.2017 10:12:43 +00.16230E+00  1430 034088 1 00007939 00007848 131009 359 43064.4254979514
25.11.2017 10:12:43 +00.16230E+00  1437 034088 1 00007940 00007848 131009 359 43064.4255021065
25.11.2017 10:12:43 +00.16230E+00  1450 034088 1 00007941 00007848 131009 405 43064.425506794
25.11.2017 10:12:44 +00.16230E+00  1466 034088 1 00007942 00007848 131009 359 43064.4255109491
25.11.2017 10:12:44 +00.16230E+00  1480 034088 1 00007943 00007848 131009 359 43064.4255151042
25.11.2017 10:12:44 +00.16230E+00  1500 034088 1 00007944 00007848 131009 405 43064.4255198032
25.11.2017 10:12:45 +00.16230E+00  1519 034088 1 00007945 00007848 131009 359 43064.4255239468
25.11.2017 10:12:45 +00.16230E+00  1535 034088 1 00007946 00007848 131009 359 43064.4255281018
25.11.2017 10:12:46 +00.16230E+00  1547 034088 1 00007947 00007848 131009 406 43064.4255328009
25.11.2017 10:12:46 +00.16231E+00  1570 034088 1 00007948 00007848 131009 358 43064.425536956
25.11.2017 10:12:46 +00.16230E+00  1581 034088 1 00007949 00007848 131009 359 43064.4255410995
25.11.2017 10:12:47 +00.16230E+00  1591 034088 1 00007950 00007848 131009 406 43064.4255457986
25.11.2017 10:12:47 +00.16231E+00  1607 034088 1 00007951 00007848 131009 359 43064.4255499537
25.11.2017 10:12:47 +00.16230E+00  1622 034088 1 00007952 00007848 131009 358 43064.4255541088
25.11.2017 10:12:48 +00.16230E+00  1636 034088 1 00007953 00007848 131009 406 43064.4255587963
25.11.2017 10:12:48 +00.16230E+00  1656 034088 1 00007954 00007848 131009 359 43064.4255629514
25.11.2017 10:12:48 +00.16230E+00  1668 034088 1 00007955 00007848 131009 359 43064.4255671065
25.11.2017 10:12:49 +00.16231E+00  1678 034088 1 00007956 00007848 131009 405 43064.425571794
25.11.2017 10:12:49 +00.16231E+00  1690 034088 1 00007957 00007848 131009 359 43064.4255759491
25.11.2017 10:12:50 +00.16230E+00  1703 034088 1 00007958 00007848 131009 359 43064.4255801042
25.11.2017 10:12:50 +00.16231E+00  1712 034088 1 00007959 00007848 131009 405 43064.4255848032
25.11.2017 10:12:50 +00.16230E+00  1731 034088 1 00007960 00007848 131009 359 43064.4255889468
25.11.2017 10:12:51 +00.16231E+00  1744 034088 1 00007961 00007848 131009 359 43064.4255931018
25.11.2017 10:12:51 +00.16230E+00  1762 034086 1 00007962 00007848 131009 421 43064.4255979745
25.11.2017 10:12:52 +00.16230E+00  1781 034086 1 00007963 00007848 131009 359 43064.4256021296
25.11.2017 10:12:52 +00.16230E+00  1786 034086 1 00007964 00007848 131009 359 43064.4256062847
25.11.2017 10:12:52 +00.16230E+00  1809 034086 1 00007965 00007848 131009 405 43064.4256109838
25.11.2017 10:12:53 +00.16229E+00  1826 034086 1 00007966 00007848 131009 359 43064.4256151273
25.11.2017 10:12:53 +00.16230E+00  1844 034086 1 00007967 00007848 131009 359 43064.4256192824
25.11.2017 10:12:53 +00.16230E+00  1864 034086 1 00007968 00007848 131009 406 43064.4256239815
25.11.2017 10:12:54 +00.16230E+00  1877 034086 1 00007969 00007848 131009 358 43064.4256281366
25.11.2017 10:12:54 +00.16230E+00  1890 034086 1 00007970 00007848 131009 359 43064.4256322801
25.11.2017 10:12:55 +00.16229E+00  1905 034086 1 00007971 00007848 131009 406 43064.4256369792
25.11.2017 10:12:55 +00.16229E+00  1922 034086 1 00007972 00007848 131009 359 43064.4256411343
25.11.2017 10:12:55 +00.16229E+00  1937 034086 1 00007973 00007848 131009 358 43064.4256452894
25.11.2017 10:12:56 +00.16230E+00  1953 034086 1 00007974 00007848 131009 406 43064.4256499769
25.11.2017 10:12:56 +00.16230E+00  1963 034086 1 00007975 00007848 131009 359 43064.4256541319
25.11.2017 10:12:56 +00.16230E+00  1982 034086 1 00007976 00007848 131009 359 43064.425658287
25.11.2017 10:12:57 +00.16230E+00  1999 034086 1 00007977 00007848 131009 405 43064.4256629745
25.11.2017 10:12:57 +00.16229E+00  2024 034086 1 00007978 00007848 131009 359 43064.4256671296
25.11.2017 10:12:57 +00.16229E+00  2039 034086 1 00007979 00007848 131009 359 43064.4256712847
25.11.2017 10:12:58 +00.16229E+00  2048 034086 1 00007980 00007848 131009 405 43064.4256759838
25.11.2017 10:12:58 +00.16229E+00  2060 034086 1 00007981 00007848 131009 359 43064.4256801273
25.11.2017 10:12:59 +00.16230E+00  2080 034086 1 00007982 00007848 131009 359 43064.4256842824
25.11.2017 10:12:59 +00.16229E+00  2090 034086 1 00007983 00007848 131009 406 43064.4256889815
25.11.2017 10:12:59 +00.16229E+00  2104 034086 1 00007984 00007848 131009 358 43064.4256931366
25.11.2017 10:13:00 +00.16229E+00  2118 034086 1 00007985 00007848 131009 359 43064.4256972801
25.11.2017 10:13:00 +00.16230E+00  2137 034086 1 00007986 00007848 131009 406 43064.4257019792
25.11.2017 10:13:01 +00.16230E+00  2151 034086 1 00007987 00007848 131009 359 43064.4257061343
25.11.2017 10:13:01 +00.16229E+00  2172 034086 1 00007988 00007848 131009 358 43064.4257102894
25.11.2017 10:13:01 +00.16230E+00  2187 034086 1 00007989 00007848 131009 406 43064.4257149769
25.11.2017 10:13:02 +00.16230E+00  2201 034086 1 00007990 00007848 131009 359 43064.4257191319
25.11.2017 10:13:02 +00.16229E+00  2218 034086 1 00007991 00007848 131009 359 43064.425723287
25.11.2017 10:13:02 +00.16229E+00  2230 034086 1 00007992 00007848 131009 405 43064.4257279745
25.11.2017 10:13:03 +00.16229E+00  2244 034086 1 00007993 00007848 131009 359 43064.4257321296
25.11.2017 10:13:03 +00.16229E+00  2264 034086 1 00007994 00007848 131009 359 43064.4257362847
25.11.2017 10:13:04 +00.16229E+00  2283 034086 1 00007995 00007848 131009 405 43064.4257409838
25.11.2017 10:13:04 +00.16229E+00  2303 034086 1 00007996 00007848 131009 359 43064.4257451273
25.11.2017 10:13:04 +00.16229E+00  2316 034086 1 00007997 00007848 131009 359 43064.4257492824
25.11.2017 10:13:05 +00.16230E+00  2333 034086 1 00007998 00007848 131009 406 43064.4257539815
25.11.2017 10:13:05 +00.16229E+00  2354 034086 1 00007999 00007848 131009 358 43064.4257581366
25.11.2017 10:13:05 +00.16229E+00  2370 034086 1 00008000 00007848 131009 359 43064.4257622801
25.11.2017 10:13:06 +00.16230E+00  2385 034086 1 00008001 00007848 131009 406 43064.4257669792
25.11.2017 10:13:06 +00.16230E+00  2408 034086 1 00008002 00007848 131009 359 43064.4257711343
25.11.2017 10:13:06 +00.16230E+00  2426 034086 1 00008003 00007848 131009 358 43064.4257752894
25.11.2017 10:13:07 +00.16230E+00  2444 034086 1 00008004 00007848 131009 406 43064.4257799769
25.11.2017 10:13:07 +00.16229E+00  2460 034086 1 00008005 00007848 131009 359 43064.4257841319
25.11.2017 10:13:08 +00.16229E+00  2475 034086 1 00008006 00007848 131009 359 43064.425788287
25.11.2017 10:13:08 +00.16229E+00  2492 034086 1 00008007 00007848 131009 405 43064.4257929745
25.11.2017 10:13:08 +00.16230E+00  2511 034086 1 00008008 00007848 131009 359 43064.4257971296
25.11.2017 10:13:14 +00.16240E+00  0018 034108 1 00008009 00008009 131009 421 43064.4258646644
25.11.2017 10:13:15 +00.16240E+00  0037 034108 1 00008010 00008009 131009 359 43064.4258688079
25.11.2017 10:13:15 +00.16240E+00  0054 034108 1 00008011 00008009 131009 359 43064.425872963
25.11.2017 10:13:15 +00.16240E+00  0066 034108 1 00008012 00008009 131009 406 43064.425877662
25.11.2017 10:13:16 +00.16240E+00  0077 034108 1 00008013 00008009 131009 358 43064.4258818171
25.11.2017 10:13:16 +00.16240E+00  0094 034108 1 00008014 00008009 131009 359 43064.4258859606
25.11.2017 10:13:16 +00.16240E+00  0112 034108 1 00008015 00008009 131009 406 43064.4258906597
25.11.2017 10:13:17 +00.16240E+00  0128 034108 1 00008016 00008009 131009 359 43064.4258948148
25.11.2017 10:13:17 +00.16240E+00  0138 034108 1 00008017 00008009 131009 358 43064.4258989699
25.11.2017 10:13:18 +00.16240E+00  0161 034108 1 00008018 00008009 131009 406 43064.4259036574
25.11.2017 10:13:18 +00.16240E+00  0175 034108 1 00008019 00008009 131009 359 43064.4259078125
25.11.2017 10:13:18 +00.16240E+00  0196 034108 1 00008020 00008009 131009 359 43064.4259119676
25.11.2017 10:13:19 +00.16240E+00  0209 034108 1 00008021 00008009 131009 405 43064.4259166551
25.11.2017 10:13:19 +00.16240E+00  0228 034108 1 00008022 00008009 131009 359 43064.4259208102
25.11.2017 10:13:19 +00.16240E+00  0247 034108 1 00008023 00008009 131009 359 43064.4259249653
25.11.2017 10:13:20 +00.16240E+00  0263 034108 1 00008024 00008009 131009 405 43064.4259296644
25.11.2017 10:13:20 +00.16240E+00  0280 034108 1 00008025 00008009 131009 359 43064.4259338079
25.11.2017 10:13:21 +00.16240E+00  0294 034108 1 00008026 00008009 131009 359 43064.425937963
25.11.2017 10:13:21 +00.16240E+00  0304 034108 1 00008027 00008009 131009 406 43064.425942662
25.11.2017 10:13:21 +00.16240E+00  0319 034108 1 00008028 00008009 131009 358 43064.4259468171
25.11.2017 10:13:22 +00.16240E+00  0330 034108 1 00008029 00008009 131009 359 43064.4259509606
25.11.2017 10:13:22 +00.16240E+00  0343 034108 1 00008030 00008009 131009 406 43064.4259556597
25.11.2017 10:13:22 +00.16240E+00  0361 034108 1 00008031 00008009 131009 359 43064.4259598148
25.11.2017 10:13:23 +00.16240E+00  0375 034108 1 00008032 00008009 131009 358 43064.4259639699
25.11.2017 10:13:23 +00.16240E+00  0386 034108 1 00008033 00008009 131009 406 43064.4259686574
25.11.2017 10:13:24 +00.16240E+00  0410 034108 1 00008034 00008009 131009 359 43064.4259728125
25.11.2017 10:13:24 +00.16240E+00  0429 034108 1 00008035 00008009 131009 359 43064.4259769676
25.11.2017 10:13:24 +00.16240E+00  0440 034108 1 00008036 00008009 131009 405 43064.4259816551
25.11.2017 10:13:25 +00.16240E+00  0456 034108 1 00008037 00008009 131009 359 43064.4259858102
25.11.2017 10:13:25 +00.16240E+00  0475 034108 1 00008038 00008009 131009 359 43064.4259899653
25.11.2017 10:13:25 +00.16240E+00  0492 034108 1 00008039 00008009 131009 405 43064.4259946644
25.11.2017 10:13:26 +00.16240E+00  0508 034108 1 00008040 00008009 131009 359 43064.4259988079
25.11.2017 10:13:26 +00.16240E+00  0524 034108 1 00008041 00008009 131009 359 43064.426002963
25.11.2017 10:13:27 +00.16240E+00  0542 034108 1 00008042 00008009 131009 406 43064.426007662
25.11.2017 10:13:27 +00.16240E+00  0561 034108 1 00008043 00008009 131009 358 43064.4260118171
25.11.2017 10:13:27 +00.16240E+00  0571 034108 1 00008044 00008009 131009 359 43064.4260159606
25.11.2017 10:13:28 +00.16240E+00  0584 034108 1 00008045 00008009 131009 406 43064.4260206597
25.11.2017 10:13:28 +00.16240E+00  0602 034108 1 00008046 00008009 131009 359 43064.4260248148
25.11.2017 10:13:28 +00.16240E+00  0615 034108 1 00008047 00008009 131009 358 43064.4260289699
25.11.2017 10:13:29 +00.16240E+00  0627 034108 1 00008048 00008009 131009 406 43064.4260336574
25.11.2017 10:13:29 +00.16240E+00  0642 034108 1 00008049 00008009 131009 359 43064.4260378125
25.11.2017 10:13:30 +00.16240E+00  0654 034108 1 00008050 00008009 131009 359 43064.4260419676
25.11.2017 10:13:30 +00.16240E+00  0672 034108 1 00008051 00008009 131009 405 43064.4260466551
25.11.2017 10:13:30 +00.16240E+00  0692 034108 1 00008052 00008009 131009 359 43064.4260508102
25.11.2017 10:13:31 +00.16240E+00  0704 034108 1 00008053 00008009 131009 359 43064.4260549653
25.11.2017 10:13:31 +00.16240E+00  0724 034108 1 00008054 00008009 131009 405 43064.4260596644
25.11.2017 10:13:31 +00.16240E+00  0738 034108 1 00008055 00008009 131009 359 43064.4260638079
25.11.2017 10:13:32 +00.16240E+00  0749 034108 1 00008056 00008009 131009 359 43064.426067963
25.11.2017 10:13:32 +00.16240E+00  0760 034108 1 00008057 00008009 131009 406 43064.426072662
25.11.2017 10:13:33 +00.16240E+00  0777 034108 1 00008058 00008009 131009 358 43064.4260768171
25.11.2017 10:13:33 +00.16240E+00  0802 034108 1 00008059 00008009 131009 359 43064.4260809606
25.11.2017 10:13:33 +00.16240E+00  0816 034108 1 00008060 00008009 131009 421 43064.4260858449
25.11.2017 10:13:34 +00.16240E+00  0828 034108 1 00008061 00008009 131009 359 43064.4260899884
25.11.2017 10:13:34 +00.16240E+00  0839 034108 1 00008062 00008009 131009 359 43064.4260941435
25.11.2017 10:13:34 +00.16240E+00  0855 034108 1 00008063 00008009 131009 406 43064.4260988426
25.11.2017 10:13:35 +00.16240E+00  0870 034108 1 00008064 00008009 131009 358 43064.4261029977
25.11.2017 10:13:35 +00.16240E+00  0885 034108 1 00008065 00008009 131009 359 43064.4261071412
25.11.2017 10:13:36 +00.16240E+00  0895 034108 1 00008066 00008009 131009 406 43064.4261118403
25.11.2017 10:13:36 +00.16240E+00  0910 034108 1 00008067 00008009 131009 359 43064.4261159954
25.11.2017 10:13:36 +00.16240E+00  0924 034108 1 00008068 00008009 131009 358 43064.4261201505
25.11.2017 10:13:37 +00.16240E+00  0937 034108 1 00008069 00008009 131009 406 43064.426124838
25.11.2017 10:13:37 +00.16240E+00  0954 034108 1 00008070 00008009 131009 359 43064.4261289931
25.11.2017 10:13:37 +00.16240E+00  0972 034108 1 00008071 00008009 131009 359 43064.4261331481
25.11.2017 10:13:38 +00.16240E+00  0987 034108 1 00008072 00008009 131009 405 43064.4261378356
25.11.2017 10:13:38 +00.16240E+00  1001 034108 1 00008073 00008009 131009 359 43064.4261419907
25.11.2017 10:13:39 +00.16240E+00  1017 034108 1 00008074 00008009 131009 359 43064.4261461458
25.11.2017 10:13:39 +00.16240E+00  1028 034108 1 00008075 00008009 131009 405 43064.4261508449
25.11.2017 10:13:39 +00.16240E+00  1054 034108 1 00008076 00008009 131009 359 43064.4261549884
25.11.2017 10:13:40 +00.16240E+00  1074 034108 1 00008077 00008009 131009 359 43064.4261591435
25.11.2017 10:13:40 +00.16240E+00  1087 034108 1 00008078 00008009 131009 406 43064.4261638426
25.11.2017 10:13:40 +00.16240E+00  1106 034108 1 00008079 00008009 131009 358 43064.4261679977
25.11.2017 10:13:41 +00.16240E+00  1121 034108 1 00008080 00008009 131009 359 43064.4261721412
25.11.2017 10:13:41 +00.16240E+00  1140 034108 1 00008081 00008009 131009 406 43064.4261768403
25.11.2017 10:13:42 +00.16240E+00  1157 034108 1 00008082 00008009 131009 359 43064.4261809954
25.11.2017 10:13:42 +00.16240E+00  1167 034108 1 00008083 00008009 131009 358 43064.4261851505
25.11.2017 10:13:42 +00.16240E+00  1181 034108 1 00008084 00008009 131009 406 43064.426189838
25.11.2017 10:13:43 +00.16240E+00  1199 034108 1 00008085 00008009 131009 359 43064.4261939931
25.11.2017 10:13:43 +00.16240E+00  1219 034108 1 00008086 00008009 131009 359 43064.4261981481
25.11.2017 10:13:43 +00.16240E+00  1236 034108 1 00008087 00008009 131009 405 43064.4262028356
25.11.2017 10:13:44 +00.16240E+00  1255 034108 1 00008088 00008009 131009 359 43064.4262069907
25.11.2017 10:13:44 +00.16240E+00  1277 034108 1 00008089 00008009 131009 359 43064.4262111458
25.11.2017 10:13:45 +00.16240E+00  1285 034108 1 00008090 00008009 131009 405 43064.4262158449
25.11.2017 10:13:45 +00.16240E+00  1308 034108 1 00008091 00008009 131009 359 43064.4262199884
25.11.2017 10:13:45 +00.16240E+00  1324 034108 1 00008092 00008009 131009 359 43064.4262241435
25.11.2017 10:13:46 +00.16240E+00  1339 034108 1 00008093 00008009 131009 406 43064.4262288426
25.11.2017 10:13:46 +00.16240E+00  1353 034108 1 00008094 00008009 131009 358 43064.4262329977
25.11.2017 10:13:46 +00.16240E+00  1369 034108 1 00008095 00008009 131009 359 43064.4262371412
25.11.2017 10:13:47 +00.16240E+00  1383 034108 1 00008096 00008009 131009 406 43064.4262418403
25.11.2017 10:13:47 +00.16240E+00  1404 034108 1 00008097 00008009 131009 359 43064.4262459954
25.11.2017 10:13:48 +00.16240E+00  1421 034108 1 00008098 00008009 131009 358 43064.4262501505
25.11.2017 10:13:48 +00.16240E+00  1437 034108 1 00008099 00008009 131009 406 43064.426254838
25.11.2017 10:13:48 +00.16240E+00  1451 034108 1 00008100 00008009 131009 359 43064.4262589931
25.11.2017 10:13:49 +00.16240E+00  1470 034108 1 00008101 00008009 131009 359 43064.4262631481
25.11.2017 10:13:49 +00.16240E+00  1486 034108 1 00008102 00008009 131009 405 43064.4262678356
25.11.2017 10:13:49 +00.16240E+00  1500 034108 1 00008103 00008009 131009 359 43064.4262719907
25.11.2017 10:13:50 +00.16240E+00  1515 034108 1 00008104 00008009 131009 359 43064.4262761458
25.11.2017 10:13:50 +00.16240E+00  1540 034108 1 00008105 00008009 131009 405 43064.4262808449
25.11.2017 10:13:51 +00.16240E+00  1556 034108 1 00008106 00008009 131009 359 43064.4262849884
25.11.2017 10:13:51 +00.16240E+00  1575 034108 1 00008107 00008009 131009 359 43064.4262891435
25.11.2017 10:13:51 +00.16240E+00  1594 034108 1 00008108 00008009 131009 406 43064.4262938426
25.11.2017 10:13:52 +00.16240E+00  1612 034108 1 00008109 00008009 131009 358 43064.4262979977
25.11.2017 10:13:52 +00.16240E+00  1626 034108 1 00008110 00008009 131009 359 43064.4263021412
25.11.2017 10:13:52 +00.16240E+00  1643 034108 1 00008111 00008009 131009 406 43064.4263068403
25.11.2017 10:13:53 +00.16240E+00  1657 034108 1 00008112 00008009 131009 359 43064.4263109954
25.11.2017 10:13:53 +00.16240E+00  1672 034108 1 00008113 00008009 131009 358 43064.4263151505
25.11.2017 10:13:54 +00.16240E+00  1687 034108 1 00008114 00008009 131009 406 43064.426319838
25.11.2017 10:13:54 +00.16240E+00  1702 034108 1 00008115 00008009 131009 374 43064.4263241782
25.11.2017 10:13:54 +00.16240E+00  1716 034108 1 00008116 00008009 131009 359 43064.4263283218
25.11.2017 10:13:55 +00.16240E+00  1732 034108 1 00008117 00008009 131009 406 43064.4263330208
25.11.2017 10:13:55 +00.16240E+00  1758 034108 1 00008118 00008009 131009 359 43064.4263371759
25.11.2017 10:13:55 +00.16240E+00  1774 034108 1 00008119 00008009 131009 358 43064.426341331
25.11.2017 10:13:56 +00.16240E+00  1791 034108 1 00008120 00008009 131009 406 43064.4263460185
25.11.2017 10:13:56 +00.16240E+00  1805 034108 1 00008121 00008009 131009 359 43064.4263501736
25.11.2017 10:13:57 +00.16240E+00  1818 034108 1 00008122 00008009 131009 359 43064.4263543287
25.11.2017 10:13:57 +00.16240E+00  1838 034108 1 00008123 00008009 131009 405 43064.4263590162
25.11.2017 10:13:57 +00.16240E+00  1859 034108 1 00008124 00008009 131009 359 43064.4263631713
25.11.2017 10:13:58 +00.16240E+00  1873 034108 1 00008125 00008009 131009 359 43064.4263673264
25.11.2017 10:13:58 +00.16240E+00  1886 034108 1 00008126 00008009 131009 405 43064.4263720255
25.11.2017 10:13:58 +00.16240E+00  1906 034108 1 00008127 00008009 131009 359 43064.426376169
25.11.2017 10:13:59 +00.16240E+00  1916 034108 1 00008128 00008009 131009 359 43064.4263803241
25.11.2017 10:13:59 +00.16240E+00  1922 034108 1 00008129 00008009 131009 406 43064.4263850232
25.11.2017 10:14:00 +00.16240E+00  1940 034108 1 00008130 00008009 131009 358 43064.4263891782
25.11.2017 10:14:00 +00.16240E+00  1958 034108 1 00008131 00008009 131009 359 43064.4263933218
25.11.2017 10:14:00 +00.16240E+00  1971 034108 1 00008132 00008009 131009 406 43064.4263980208
25.11.2017 10:14:01 +00.16240E+00  1991 034108 1 00008133 00008009 131009 359 43064.4264021759
25.11.2017 10:14:01 +00.16240E+00  2001 034108 1 00008134 00008009 131009 358 43064.426406331
25.11.2017 10:14:01 +00.16240E+00  2008 034108 1 00008135 00008009 131009 406 43064.4264110185
25.11.2017 10:14:02 +00.16240E+00  2024 034108 1 00008136 00008009 131009 359 43064.4264151736
25.11.2017 10:14:02 +00.16240E+00  2042 034108 1 00008137 00008009 131009 359 43064.4264193287
25.11.2017 10:14:03 +00.16240E+00  2054 034108 1 00008138 00008009 131009 405 43064.4264240162
25.11.2017 10:14:03 +00.16240E+00  2075 034108 1 00008139 00008009 131009 359 43064.4264281713
25.11.2017 10:14:03 +00.16240E+00  2087 034108 1 00008140 00008009 131009 359 43064.4264323264
25.11.2017 10:14:04 +00.16240E+00  2114 034108 1 00008141 00008009 131009 405 43064.4264370255
25.11.2017 10:14:04 +00.16240E+00  2127 034108 1 00008142 00008009 131009 359 43064.426441169
25.11.2017 10:14:04 +00.16240E+00  2141 034108 1 00008143 00008009 131009 359 43064.4264453241
25.11.2017 10:14:05 +00.16240E+00  2165 034108 1 00008144 00008009 131009 406 43064.4264500232
25.11.2017 10:14:05 +00.16240E+00  2183 034108 1 00008145 00008009 131009 358 43064.4264541782
25.11.2017 10:14:05 +00.16240E+00  2201 034108 1 00008146 00008009 131009 359 43064.4264583218
25.11.2017 10:14:06 +00.16240E+00  2215 034108 1 00008147 00008009 131009 406 43064.4264630208
25.11.2017 10:14:06 +00.16240E+00  2241 034108 1 00008148 00008009 131009 359 43064.4264671759
25.11.2017 10:14:07 +00.16240E+00  2257 034108 1 00008149 00008009 131009 358 43064.426471331
25.11.2017 10:14:07 +00.16240E+00  2268 034108 1 00008150 00008009 131009 406 43064.4264760185
25.11.2017 10:14:07 +00.16240E+00  2283 034108 1 00008151 00008009 131009 359 43064.4264801736
25.11.2017 10:14:08 +00.16240E+00  2304 034108 1 00008152 00008009 131009 359 43064.4264843287
25.11.2017 10:14:08 +00.16240E+00  2323 034108 1 00008153 00008009 131009 405 43064.4264890162
25.11.2017 10:14:09 +00.16240E+00  2343 034108 1 00008154 00008009 131009 359 43064.4264931713
25.11.2017 10:14:09 +00.16240E+00  2356 034108 1 00008155 00008009 131009 359 43064.4264973264
25.11.2017 10:14:09 +00.16240E+00  2377 034108 1 00008156 00008009 131009 405 43064.4265020255
25.11.2017 10:14:10 +00.16240E+00  2398 034108 1 00008157 00008009 131009 359 43064.426506169
25.11.2017 10:14:10 +00.16240E+00  2416 034108 1 00008158 00008009 131009 359 43064.4265103241
25.11.2017 10:14:10 +00.16240E+00  2432 034108 1 00008159 00008009 131009 406 43064.4265150232
25.11.2017 10:14:11 +00.16240E+00  2449 034108 1 00008160 00008009 131009 358 43064.4265191782
25.11.2017 10:14:11 +00.16240E+00  2466 034108 1 00008161 00008009 131009 359 43064.4265233218
25.11.2017 10:14:12 +00.16240E+00  2482 034108 1 00008162 00008009 131009 406 43064.4265280208
25.11.2017 10:14:12 +00.16240E+00  2496 034108 1 00008163 00008009 131009 359 43064.4265321759
25.11.2017 10:14:12 +00.16240E+00  2508 034108 1 00008164 00008009 131009 358 43064.426536331
25.11.2017 10:14:13 +00.16240E+00  2514 034108 1 00008165 00008009 131009 406 43064.4265410185
25.11.2017 10:14:13 +00.16240E+00  2526 034108 1 00008166 00008009 131009 359 43064.4265451736
25.11.2017 10:14:13 +00.16240E+00  2538 034108 1 00008167 00008009 131009 359 43064.4265493287
25.11.2017 10:14:14 +00.16240E+00  2553 034108 1 00008168 00008009 131009 405 43064.4265540162
25.11.2017 10:14:20 +00.16249E+00  0014 034128 1 00008169 00008169 131009 359 43064.426620463
25.11.2017 10:14:20 +00.16250E+00  0025 034128 1 00008170 00008169 131009 359 43064.4266246181
25.11.2017 10:14:20 +00.16249E+00  0036 034128 1 00008171 00008169 131009 374 43064.4266289468
25.11.2017 10:14:21 +00.16249E+00  0051 034128 1 00008172 00008169 131009 359 43064.4266331019
25.11.2017 10:14:21 +00.16249E+00  0070 034128 1 00008173 00008169 131009 359 43064.4266372569
25.11.2017 10:14:21 +00.16249E+00  0080 034128 1 00008174 00008169 131009 405 43064.426641956
25.11.2017 10:14:22 +00.16250E+00  0093 034128 1 00008175 00008169 131009 359 43064.4266460995
25.11.2017 10:14:22 +00.16249E+00  0106 034128 1 00008176 00008169 131009 359 43064.4266502546
25.11.2017 10:14:22 +00.16250E+00  0120 034128 1 00008177 00008169 131009 406 43064.4266549537
25.11.2017 10:14:23 +00.16250E+00  0140 034128 1 00008178 00008169 131009 358 43064.4266591088
25.11.2017 10:14:23 +00.16249E+00  0156 034128 1 00008179 00008169 131009 359 43064.4266632523
25.11.2017 10:14:24 +00.16250E+00  0171 034128 1 00008180 00008169 131009 406 43064.4266679514
25.11.2017 10:14:24 +00.16249E+00  0181 034128 1 00008181 00008169 131009 359 43064.4266721065
25.11.2017 10:14:24 +00.16249E+00  0195 034128 1 00008182 00008169 131009 358 43064.4266762616
25.11.2017 10:14:25 +00.16250E+00  0212 034130 1 00008183 00008169 131009 406 43064.4266809491
25.11.2017 10:14:25 +00.16250E+00  0229 034130 1 00008184 00008169 131009 359 43064.4266851042
25.11.2017 10:14:25 +00.16250E+00  0251 034130 1 00008185 00008169 131009 359 43064.4266892593
25.11.2017 10:14:26 +00.16250E+00  0265 034130 1 00008186 00008169 131009 405 43064.4266939468
25.11.2017 10:14:26 +00.16250E+00  0278 034130 1 00008187 00008169 131009 359 43064.4266981019
25.11.2017 10:14:27 +00.16251E+00  0294 034130 1 00008188 00008169 131009 359 43064.4267022569
25.11.2017 10:14:27 +00.16250E+00  0308 034130 1 00008189 00008169 131009 405 43064.426706956
25.11.2017 10:14:27 +00.16250E+00  0325 034130 1 00008190 00008169 131009 359 43064.4267110995
25.11.2017 10:14:28 +00.16251E+00  0338 034130 1 00008191 00008169 131009 359 43064.4267152546
25.11.2017 10:14:28 +00.16250E+00  0349 034130 1 00008192 00008169 131009 406 43064.4267199537
25.11.2017 10:14:28 +00.16250E+00  0363 034130 1 00008193 00008169 131009 358 43064.4267241088
25.11.2017 10:14:29 +00.16251E+00  0378 034130 1 00008194 00008169 131009 359 43064.4267282523
25.11.2017 10:14:29 +00.16250E+00  0394 034130 1 00008195 00008169 131009 406 43064.4267329514
25.11.2017 10:14:30 +00.16250E+00  0410 034130 1 00008196 00008169 131009 359 43064.4267371065
25.11.2017 10:14:30 +00.16250E+00  0419 034130 1 00008197 00008169 131009 358 43064.4267412616
25.11.2017 10:14:30 +00.16250E+00  0436 034130 1 00008198 00008169 131009 406 43064.4267459491
25.11.2017 10:14:31 +00.16250E+00  0453 034130 1 00008199 00008169 131009 359 43064.4267501042
25.11.2017 10:14:31 +00.16250E+00  0468 034130 1 00008200 00008169 131009 359 43064.4267542593
25.11.2017 10:14:31 +00.16251E+00  0481 034130 1 00008201 00008169 131009 405 43064.4267589468
25.11.2017 10:14:32 +00.16250E+00  0494 034130 1 00008202 00008169 131009 359 43064.4267631019
25.11.2017 10:14:32 +00.16250E+00  0506 034130 1 00008203 00008169 131009 359 43064.4267672569
25.11.2017 10:14:33 +00.16251E+00  0526 034130 1 00008204 00008169 131009 405 43064.426771956
25.11.2017 10:14:33 +00.16250E+00  0541 034130 1 00008205 00008169 131009 359 43064.4267760995
25.11.2017 10:14:33 +00.16250E+00  0559 034130 1 00008206 00008169 131009 359 43064.4267802546
25.11.2017 10:14:34 +00.16250E+00  0572 034130 1 00008207 00008169 131009 406 43064.4267849537
25.11.2017 10:14:34 +00.16250E+00  0591 034130 1 00008208 00008169 131009 358 43064.4267891088
25.11.2017 10:14:34 +00.16250E+00  0603 034130 1 00008209 00008169 131009 359 43064.4267932523
25.11.2017 10:14:35 +00.16251E+00  0616 034130 1 00008210 00008169 131009 406 43064.4267979514
25.11.2017 10:14:35 +00.16250E+00  0625 034128 1 00008211 00008169 131009 359 43064.4268021065
25.11.2017 10:14:36 +00.16250E+00  0643 034128 1 00008212 00008169 131009 358 43064.4268062616
25.11.2017 10:14:36 +00.16249E+00  0656 034128 1 00008213 00008169 131009 406 43064.4268109491
25.11.2017 10:14:36 +00.16249E+00  0677 034128 1 00008214 00008169 131009 359 43064.4268151042
25.11.2017 10:14:37 +00.16249E+00  0701 034128 1 00008215 00008169 131009 359 43064.4268192593
25.11.2017 10:14:37 +00.16249E+00  0715 034128 1 00008216 00008169 131009 405 43064.4268239468
25.11.2017 10:14:37 +00.16250E+00  0732 034128 1 00008217 00008169 131009 359 43064.4268281019
25.11.2017 10:14:38 +00.16250E+00  0755 034128 1 00008218 00008169 131009 359 43064.4268322569
25.11.2017 10:14:38 +00.16250E+00  0772 034128 1 00008219 00008169 131009 421 43064.4268371296
25.11.2017 10:14:39 +00.16249E+00  0788 034128 1 00008220 00008169 131009 359 43064.4268412847
25.11.2017 10:14:39 +00.16249E+00  0800 034128 1 00008221 00008169 131009 359 43064.4268454398
25.11.2017 10:14:39 +00.16250E+00  0817 034128 1 00008222 00008169 131009 405 43064.4268501273
25.11.2017 10:14:40 +00.16250E+00  0831 034128 1 00008223 00008169 131009 359 43064.4268542824
25.11.2017 10:14:40 +00.16249E+00  0847 034128 1 00008224 00008169 131009 359 43064.4268584375
25.11.2017 10:14:40 +00.16250E+00  0856 034130 1 00008225 00008169 131009 405 43064.4268631366
25.11.2017 10:14:41 +00.16250E+00  0871 034130 1 00008226 00008169 131009 359 43064.4268672801
25.11.2017 10:14:41 +00.16250E+00  0888 034130 1 00008227 00008169 131009 359 43064.4268714352
25.11.2017 10:14:42 +00.16250E+00  0903 034130 1 00008228 00008169 131009 406 43064.4268761343
25.11.2017 10:14:42 +00.16250E+00  0924 034130 1 00008229 00008169 131009 358 43064.4268802893
25.11.2017 10:14:42 +00.16250E+00  0935 034130 1 00008230 00008169 131009 359 43064.4268844329
25.11.2017 10:14:43 +00.16250E+00  0953 034130 1 00008231 00008169 131009 406 43064.4268891319
25.11.2017 10:14:43 +00.16250E+00  0972 034130 1 00008232 00008169 131009 359 43064.426893287
25.11.2017 10:14:43 +00.16251E+00  0984 034130 1 00008233 00008169 131009 358 43064.4268974421
25.11.2017 10:14:44 +00.16251E+00  1002 034130 1 00008234 00008169 131009 406 43064.4269021296
25.11.2017 10:14:44 +00.16250E+00  1020 034130 1 00008235 00008169 131009 359 43064.4269062847
25.11.2017 10:14:45 +00.16251E+00  1042 034130 1 00008236 00008169 131009 359 43064.4269104398
25.11.2017 10:14:45 +00.16250E+00  1058 034130 1 00008237 00008169 131009 405 43064.4269151273
25.11.2017 10:14:45 +00.16251E+00  1079 034130 1 00008238 00008169 131009 359 43064.4269192824
25.11.2017 10:14:46 +00.16250E+00  1094 034130 1 00008239 00008169 131009 359 43064.4269234375
25.11.2017 10:14:46 +00.16251E+00  1109 034130 1 00008240 00008169 131009 405 43064.4269281366
25.11.2017 10:14:46 +00.16251E+00  1126 034130 1 00008241 00008169 131009 359 43064.4269322801
25.11.2017 10:14:47 +00.16250E+00  1137 034130 1 00008242 00008169 131009 359 43064.4269364352
25.11.2017 10:14:47 +00.16251E+00  1153 034130 1 00008243 00008169 131009 406 43064.4269411343
25.11.2017 10:14:48 +00.16250E+00  1169 034130 1 00008244 00008169 131009 358 43064.4269452893
25.11.2017 10:14:48 +00.16250E+00  1183 034130 1 00008245 00008169 131009 359 43064.4269494329
25.11.2017 10:14:48 +00.16250E+00  1193 034130 1 00008246 00008169 131009 406 43064.4269541319
25.11.2017 10:14:49 +00.16250E+00  1216 034130 1 00008247 00008169 131009 359 43064.426958287
25.11.2017 10:14:49 +00.16250E+00  1232 034130 1 00008248 00008169 131009 358 43064.4269624421
25.11.2017 10:14:49 +00.16250E+00  1242 034130 1 00008249 00008169 131009 406 43064.4269671296
25.11.2017 10:14:50 +00.16250E+00  1259 034130 1 00008250 00008169 131009 359 43064.4269712847
25.11.2017 10:14:50 +00.16251E+00  1269 034130 1 00008251 00008169 131009 359 43064.4269754398
25.11.2017 10:14:51 +00.16251E+00  1285 034128 1 00008252 00008169 131009 405 43064.4269801273
25.11.2017 10:14:51 +00.16250E+00  1307 034128 1 00008253 00008169 131009 359 43064.4269842824
25.11.2017 10:14:51 +00.16250E+00  1319 034128 1 00008254 00008169 131009 359 43064.4269884375
25.11.2017 10:14:52 +00.16250E+00  1328 034128 1 00008255 00008169 131009 405 43064.4269931366
25.11.2017 10:14:52 +00.16250E+00  1342 034128 1 00008256 00008169 131009 359 43064.4269972801
25.11.2017 10:14:52 +00.16250E+00  1362 034128 1 00008257 00008169 131009 359 43064.4270014352
25.11.2017 10:14:53 +00.16250E+00  1373 034128 1 00008258 00008169 131009 406 43064.4270061343
25.11.2017 10:14:53 +00.16250E+00  1393 034128 1 00008259 00008169 131009 358 43064.4270102893
25.11.2017 10:14:54 +00.16249E+00  1408 034128 1 00008260 00008169 131009 359 43064.4270144329
25.11.2017 10:14:54 +00.16250E+00  1424 034128 1 00008261 00008169 131009 406 43064.4270191319
25.11.2017 10:14:54 +00.16249E+00  1443 034128 1 00008262 00008169 131009 359 43064.427023287
25.11.2017 10:14:55 +00.16249E+00  1449 034128 1 00008263 00008169 131009 358 43064.4270274421
25.11.2017 10:14:55 +00.16250E+00  1465 034128 1 00008264 00008169 131009 406 43064.4270321296
25.11.2017 10:14:55 +00.16250E+00  1475 034128 1 00008265 00008169 131009 359 43064.4270362847
25.11.2017 10:14:56 +00.16250E+00  1490 034128 1 00008266 00008169 131009 359 43064.4270404398
25.11.2017 10:14:56 +00.16249E+00  1501 034128 1 00008267 00008169 131009 405 43064.4270451273
25.11.2017 10:14:57 +00.16249E+00  1522 034128 1 00008268 00008169 131009 359 43064.4270492824
25.11.2017 10:14:57 +00.16250E+00  1537 034128 1 00008269 00008169 131009 359 43064.4270534375
25.11.2017 10:14:57 +00.16249E+00  1551 034128 1 00008270 00008169 131009 405 43064.4270581366
25.11.2017 10:14:58 +00.16250E+00  1562 034128 1 00008271 00008169 131009 359 43064.4270622801
25.11.2017 10:14:58 +00.16249E+00  1578 034128 1 00008272 00008169 131009 359 43064.4270664352
25.11.2017 10:14:58 +00.16249E+00  1595 034128 1 00008273 00008169 131009 406 43064.4270711343
25.11.2017 10:14:59 +00.16250E+00  1613 034128 1 00008274 00008169 131009 358 43064.4270752893
25.11.2017 10:14:59 +00.16249E+00  1627 034128 1 00008275 00008169 131009 359 43064.4270794329
25.11.2017 10:15:00 +00.16250E+00  1649 034128 1 00008276 00008169 131009 421 43064.4270843171
25.11.2017 10:15:00 +00.16249E+00  1671 034128 1 00008277 00008169 131009 359 43064.4270884606
25.11.2017 10:15:00 +00.16249E+00  1687 034128 1 00008278 00008169 131009 359 43064.4270926157
25.11.2017 10:15:01 +00.16249E+00  1705 034128 1 00008279 00008169 131009 406 43064.4270973148
25.11.2017 10:15:01 +00.16249E+00  1721 034130 1 00008280 00008169 131009 358 43064.4271014699
25.11.2017 10:15:01 +00.16250E+00  1736 034130 1 00008281 00008169 131009 359 43064.4271056134
25.11.2017 10:15:02 +00.16250E+00  1751 034130 1 00008282 00008169 131009 406 43064.4271103125
25.11.2017 10:15:02 +00.16250E+00  1762 034130 1 00008283 00008169 131009 359 43064.4271144676
25.11.2017 10:15:03 +00.16250E+00  1774 034130 1 00008284 00008169 131009 358 43064.4271186227
25.11.2017 10:15:03 +00.16251E+00  1788 034130 1 00008285 00008169 131009 406 43064.4271233102
25.11.2017 10:15:03 +00.16251E+00  1798 034130 1 00008286 00008169 131009 359 43064.4271274653
25.11.2017 10:15:04 +00.16251E+00  1813 034130 1 00008287 00008169 131009 359 43064.4271316204
25.11.2017 10:15:04 +00.16251E+00  1824 034130 1 00008288 00008169 131009 405 43064.4271363079
25.11.2017 10:15:04 +00.16250E+00  1837 034130 1 00008289 00008169 131009 359 43064.427140463
25.11.2017 10:15:05 +00.16250E+00  1852 034130 1 00008290 00008169 131009 359 43064.4271446181
25.11.2017 10:15:05 +00.16250E+00  1874 034130 1 00008291 00008169 131009 405 43064.4271493171
25.11.2017 10:15:06 +00.16250E+00  1888 034130 1 00008292 00008169 131009 359 43064.4271534606
25.11.2017 10:15:06 +00.16250E+00  1911 034130 1 00008293 00008169 131009 359 43064.4271576157
25.11.2017 10:15:06 +00.16250E+00  1924 034130 1 00008294 00008169 131009 406 43064.4271623148
25.11.2017 10:15:07 +00.16250E+00  1941 034130 1 00008295 00008169 131009 358 43064.4271664699
25.11.2017 10:15:07 +00.16250E+00  1951 034130 1 00008296 00008169 131009 359 43064.4271706134
25.11.2017 10:15:07 +00.16250E+00  1967 034130 1 00008297 00008169 131009 406 43064.4271753125
25.11.2017 10:15:08 +00.16250E+00  1978 034130 1 00008298 00008169 131009 359 43064.4271794676
25.11.2017 10:15:08 +00.16250E+00  1990 034130 1 00008299 00008169 131009 358 43064.4271836227
25.11.2017 10:15:09 +00.16250E+00  2002 034130 1 00008300 00008169 131009 406 43064.4271883102
25.11.2017 10:15:09 +00.16250E+00  2017 034130 1 00008301 00008169 131009 359 43064.4271924653
25.11.2017 10:15:09 +00.16251E+00  2037 034130 1 00008302 00008169 131009 359 43064.4271966204
25.11.2017 10:15:10 +00.16250E+00  2054 034130 1 00008303 00008169 131009 405 43064.4272013079
25.11.2017 10:15:10 +00.16250E+00  2071 034130 1 00008304 00008169 131009 359 43064.427205463
25.11.2017 10:15:10 +00.16250E+00  2087 034130 1 00008305 00008169 131009 359 43064.4272096181
25.11.2017 10:15:11 +00.16250E+00  2098 034130 1 00008306 00008169 131009 405 43064.4272143171
25.11.2017 10:15:11 +00.16251E+00  2110 034130 1 00008307 00008169 131009 359 43064.4272184606
25.11.2017 10:15:12 +00.16250E+00  2133 034128 1 00008308 00008169 131009 359 43064.4272226157
25.11.2017 10:15:12 +00.16250E+00  2156 034128 1 00008309 00008169 131009 406 43064.4272273148
25.11.2017 10:15:12 +00.16250E+00  2179 034128 1 00008310 00008169 131009 358 43064.4272314699
25.11.2017 10:15:13 +00.16249E+00  2199 034128 1 00008311 00008169 131009 359 43064.4272356134
25.11.2017 10:15:13 +00.16250E+00  2215 034128 1 00008312 00008169 131009 406 43064.4272403125
25.11.2017 10:15:13 +00.16250E+00  2234 034128 1 00008313 00008169 131009 359 43064.4272444676
25.11.2017 10:15:14 +00.16249E+00  2247 034128 1 00008314 00008169 131009 358 43064.4272486227
25.11.2017 10:15:14 +00.16249E+00  2260 034128 1 00008315 00008169 131009 406 43064.4272533102
25.11.2017 10:15:15 +00.16249E+00  2279 034128 1 00008316 00008169 131009 359 43064.4272574653
25.11.2017 10:15:15 +00.16249E+00  2291 034128 1 00008317 00008169 131009 359 43064.4272616204
25.11.2017 10:15:15 +00.16249E+00  2303 034128 1 00008318 00008169 131009 405 43064.4272663079
25.11.2017 10:15:16 +00.16250E+00  2318 034128 1 00008319 00008169 131009 359 43064.427270463
25.11.2017 10:15:16 +00.16249E+00  2332 034128 1 00008320 00008169 131009 359 43064.4272746181
25.11.2017 10:15:16 +00.16249E+00  2343 034128 1 00008321 00008169 131009 405 43064.4272793171
25.11.2017 10:15:17 +00.16250E+00  2359 034130 1 00008322 00008169 131009 359 43064.4272834606
25.11.2017 10:15:17 +00.16250E+00  2371 034130 1 00008323 00008169 131009 359 43064.4272876157
25.11.2017 10:15:18 +00.16250E+00  2382 034130 1 00008324 00008169 131009 406 43064.4272923148
25.11.2017 10:15:18 +00.16250E+00  2403 034130 1 00008325 00008169 131009 358 43064.4272964699
25.11.2017 10:15:18 +00.16250E+00  2415 034130 1 00008326 00008169 131009 359 43064.4273006134
25.11.2017 10:15:19 +00.16250E+00  2428 034130 1 00008327 00008169 131009 406 43064.4273053125
25.11.2017 10:15:19 +00.16250E+00  2442 034130 1 00008328 00008169 131009 359 43064.4273094676
25.11.2017 10:15:19 +00.16251E+00  2452 034130 1 00008329 00008169 131009 358 43064.4273136227