
25.11.2017 10:15:24 +00.16300E+00  0009 034234 1 00008330 00008330 131009 422 43064.4273672454
25.11.2017 10:15:24 +00.16300E+00  0026 034234 1 00008331 00008330 131009 358 43064.4273714005
25.11.2017 10:15:25 +00.16300E+00  0043 034234 1 00008332 00008330 131009 359 43064.427375544
25.11.2017 10:15:25 +00.16300E+00  0054 034234 1 00008333 00008330 131009 406 43064.4273802431
25.11.2017 10:15:26 +00.16300E+00  0077 034234 1 00008334 00008330 131009 359 43064.4273843982
25.11.2017 10:15:26 +00.16300E+00  0090 034234 1 00008335 00008330 131009 358 43064.4273885532
25.11.2017 10:15:26 +00.16300E+00  0104 034234 1 00008336 00008330 131009 406 43064.4273932407
25.11.2017 10:15:27 +00.16300E+00  0125 034234 1 00008337 00008330 131009 359 43064.4273973958
25.11.2017 10:15:27 +00.16300E+00  0135 034234 1 00008338 00008330 131009 359 43064.4274015509
25.11.2017 10:15:27 +00.16300E+00  0155 034234 1 00008339 00008330 131009 405 43064.4274062384
25.11.2017 10:15:28 +00.16300E+00  0170 034234 1 00008340 00008330 131009 359 43064.4274103935
25.11.2017 10:15:28 +00.16300E+00  0182 034234 1 00008341 00008330 131009 359 43064.4274145486
25.11.2017 10:15:29 +00.16300E+00  0200 034234 1 00008342 00008330 131009 405 43064.4274192477
25.11.2017 10:15:29 +00.16300E+00  0217 034234 1 00008343 00008330 131009 359 43064.4274233912
25.11.2017 10:15:29 +00.16300E+00  0228 034234 1 00008344 00008330 131009 359 43064.4274275463
25.11.2017 10:15:30 +00.16300E+00  0244 034234 1 00008345 00008330 131009 406 43064.4274322454
25.11.2017 10:15:30 +00.16300E+00  0268 034234 1 00008346 00008330 131009 358 43064.4274364005
25.11.2017 10:15:30 +00.16300E+00  0287 034234 1 00008347 00008330 131009 359 43064.427440544
25.11.2017 10:15:31 +00.16300E+00  0299 034234 1 00008348 00008330 131009 406 43064.4274452431
25.11.2017 10:15:31 +00.16300E+00  0314 034234 1 00008349 00008330 131009 359 43064.4274493982
25.11.2017 10:15:31 +00.16300E+00  0326 034234 1 00008350 00008330 131009 358 43064.4274535532
25.11.2017 10:15:32 +00.16300E+00  0342 034234 1 00008351 00008330 131009 406 43064.4274582407
25.11.2017 10:15:32 +00.16300E+00  0361 034234 1 00008352 00008330 131009 359 43064.4274623958
25.11.2017 10:15:33 +00.16300E+00  0373 034234 1 00008353 00008330 131009 359 43064.4274665509
25.11.2017 10:15:33 +00.16300E+00  0390 034234 1 00008354 00008330 131009 405 43064.4274712384
25.11.2017 10:15:33 +00.16300E+00  0406 034234 1 00008355 00008330 131009 359 43064.4274753935
25.11.2017 10:15:34 +00.16300E+00  0422 034234 1 00008356 00008330 131009 359 43064.4274795486
25.11.2017 10:15:34 +00.16300E+00  0441 034234 1 00008357 00008330 131009 405 43064.4274842477
25.11.2017 10:15:34 +00.16300E+00  0456 034234 1 00008358 00008330 131009 359 43064.4274883912
25.11.2017 10:15:35 +00.16300E+00  0469 034234 1 00008359 00008330 131009 359 43064.4274925463
25.11.2017 10:15:35 +00.16300E+00  0481 034234 1 00008360 00008330 131009 406 43064.4274972454
25.11.2017 10:15:36 +00.16300E+00  0493 034234 1 00008361 00008330 131009 358 43064.4275014005
25.11.2017 10:15:36 +00.16300E+00  0503 034234 1 00008362 00008330 131009 359 43064.427505544
25.11.2017 10:15:36 +00.16300E+00  0516 034234 1 00008363 00008330 131009 406 43064.4275102431
25.11.2017 10:15:37 +00.16300E+00  0537 034234 1 00008364 00008330 131009 359 43064.4275143982
25.11.2017 10:15:37 +00.16300E+00  0549 034234 1 00008365 00008330 131009 358 43064.4275185532
25.11.2017 10:15:38 +00.16300E+00  0560 034234 1 00008366 00008330 131009 406 43064.4275232407
25.11.2017 10:15:38 +00.16300E+00  0574 034234 1 00008367 00008330 131009 359 43064.4275273958
25.11.2017 10:15:38 +00.16300E+00  0597 034234 1 00008368 00008330 131009 359 43064.4275315509
25.11.2017 10:15:39 +00.16300E+00  0611 034234 1 00008369 00008330 131009 405 43064.4275362384
25.11.2017 10:15:39 +00.16300E+00  0620 034234 1 00008370 00008330 131009 359 43064.4275403935
25.11.2017 10:15:39 +00.16300E+00  0639 034234 1 00008371 00008330 131009 359 43064.4275445486
25.11.2017 10:15:40 +00.16300E+00  0655 034234 1 00008372 00008330 131009 405 43064.4275492477
25.11.2017 10:15:40 +00.16300E+00  0672 034234 1 00008373 00008330 131009 359 43064.4275533912
25.11.2017 10:15:40 +00.16300E+00  0687 034234 1 00008374 00008330 131009 359 43064.4275575463
25.11.2017 10:15:41 +00.16300E+00  0704 034234 1 00008375 00008330 131009 406 43064.4275622454
25.11.2017 10:15:41 +00.16300E+00  0721 034234 1 00008376 00008330 131009 358 43064.4275664005
25.11.2017 10:15:42 +00.16300E+00  0737 034234 1 00008377 00008330 131009 359 43064.427570544
25.11.2017 10:15:42 +00.16300E+00  0755 034234 1 00008378 00008330 131009 421 43064.4275754282
25.11.2017 10:15:42 +00.16300E+00  0772 034234 1 00008379 00008330 131009 359 43064.4275795718
25.11.2017 10:15:43 +00.16300E+00  0789 034234 1 00008380 00008330 131009 359 43064.4275837269
25.11.2017 10:15:43 +00.16300E+00  0806 034234 1 00008381 00008330 131009 406 43064.4275884259
25.11.2017 10:15:43 +00.16300E+00  0824 034234 1 00008382 00008330 131009 358 43064.427592581
25.11.2017 10:15:44 +00.16300E+00  0837 034234 1 00008383 00008330 131009 359 43064.4275967245
25.11.2017 10:15:44 +00.16300E+00  0852 034234 1 00008384 00008330 131009 406 43064.4276014236
25.11.2017 10:15:45 +00.16300E+00  0864 034234 1 00008385 00008330 131009 359 43064.4276055787
25.11.2017 10:15:45 +00.16300E+00  0875 034234 1 00008386 00008330 131009 358 43064.4276097338
25.11.2017 10:15:45 +00.16300E+00  0889 034234 1 00008387 00008330 131009 406 43064.4276144213
25.11.2017 10:15:46 +00.16300E+00  0912 034234 1 00008388 00008330 131009 359 43064.4276185764
25.11.2017 10:15:46 +00.16300E+00  0929 034234 1 00008389 00008330 131009 359 43064.4276227315
25.11.2017 10:15:47 +00.16300E+00  0942 034234 1 00008390 00008330 131009 405 43064.427627419
25.11.2017 10:15:47 +00.16300E+00  0956 034234 1 00008391 00008330 131009 359 43064.4276315741
25.11.2017 10:15:47 +00.16300E+00  0973 034234 1 00008392 00008330 131009 359 43064.4276357292
25.11.2017 10:15:48 +00.16300E+00  0987 034234 1 00008393 00008330 131009 405 43064.4276404282
25.11.2017 10:15:48 +00.16300E+00  1009 034234 1 00008394 00008330 131009 359 43064.4276445718
25.11.2017 10:15:48 +00.16300E+00  1019 034234 1 00008395 00008330 131009 359 43064.4276487269
25.11.2017 10:15:49 +00.16300E+00  1029 034234 1 00008396 00008330 131009 406 43064.4276534259
25.11.2017 10:15:49 +00.16300E+00  1043 034234 1 00008397 00008330 131009 358 43064.427657581
25.11.2017 10:15:49 +00.16300E+00  1055 034234 1 00008398 00008330 131009 359 43064.4276617245
25.11.2017 10:15:50 +00.16300E+00  1074 034234 1 00008399 00008330 131009 406 43064.4276664236
25.11.2017 10:15:50 +00.16300E+00  1095 034234 1 00008400 00008330 131009 359 43064.4276705787
25.11.2017 10:15:51 +00.16300E+00  1108 034234 1 00008401 00008330 131009 358 43064.4276747338
25.11.2017 10:15:51 +00.16300E+00  1125 034234 1 00008402 00008330 131009 406 43064.4276794213
25.11.2017 10:15:51 +00.16300E+00  1141 034234 1 00008403 00008330 131009 359 43064.4276835764
25.11.2017 10:15:52 +00.16300E+00  1160 034234 1 00008404 00008330 131009 359 43064.4276877315
25.11.2017 10:15:52 +00.16300E+00  1172 034234 1 00008405 00008330 131009 405 43064.427692419
25.11.2017 10:15:52 +00.16300E+00  1194 034234 1 00008406 00008330 131009 359 43064.4276965741
25.11.2017 10:15:53 +00.16300E+00  1209 034234 1 00008407 00008330 131009 359 43064.4277007292
25.11.2017 10:15:53 +00.16300E+00  1222 034234 1 00008408 00008330 131009 405 43064.4277054282
25.11.2017 10:15:54 +00.16300E+00  1243 034234 1 00008409 00008330 131009 359 43064.4277095718
25.11.2017 10:15:54 +00.16300E+00  1257 034234 1 00008410 00008330 131009 359 43064.4277137269
25.11.2017 10:15:59 +00.16319E+00  0013 034275 1 00008411 00008411 131009 421 43064.4277769213
25.11.2017 10:16:00 +00.16319E+00  0030 034275 1 00008412 00008411 131009 359 43064.4277810764
25.11.2017 10:16:00 +00.16319E+00  0044 034275 1 00008413 00008411 131009 359 43064.4277852315
25.11.2017 10:16:01 +00.16319E+00  0058 034275 1 00008414 00008411 131009 405 43064.427789919
25.11.2017 10:16:01 +00.16320E+00  0069 034275 1 00008415 00008411 131009 359 43064.4277940741
25.11.2017 10:16:01 +00.16319E+00  0082 034275 1 00008416 00008411 131009 359 43064.4277982292
25.11.2017 10:16:02 +00.16319E+00  0094 034275 1 00008417 00008411 131009 405 43064.4278029282
25.11.2017 10:16:02 +00.16319E+00  0104 034275 1 00008418 00008411 131009 359 43064.4278070718
25.11.2017 10:16:02 +00.16320E+00  0119 034275 1 00008419 00008411 131009 359 43064.4278112269
25.11.2017 10:16:03 +00.16319E+00  0132 034275 1 00008420 00008411 131009 406 43064.4278159259
25.11.2017 10:16:03 +00.16319E+00  0156 034275 1 00008421 00008411 131009 358 43064.427820081
25.11.2017 10:16:04 +00.16319E+00  0176 034275 1 00008422 00008411 131009 359 43064.4278242245
25.11.2017 10:16:04 +00.16319E+00  0194 034275 1 00008423 00008411 131009 421 43064.4278291088
25.11.2017 10:16:04 +00.16319E+00  0209 034275 1 00008424 00008411 131009 359 43064.4278332523
25.11.2017 10:16:05 +00.16320E+00  0222 034277 1 00008425 00008411 131009 359 43064.4278374074
25.11.2017 10:16:05 +00.16320E+00  0235 034277 1 00008426 00008411 131009 406 43064.4278421065
25.11.2017 10:16:05 +00.16320E+00  0249 034277 1 00008427 00008411 131009 358 43064.4278462616
25.11.2017 10:16:06 +00.16320E+00  0263 034277 1 00008428 00008411 131009 359 43064.4278504051
25.11.2017 10:16:06 +00.16320E+00  0277 034277 1 00008429 00008411 131009 406 43064.4278551042
25.11.2017 10:16:07 +00.16320E+00  0299 034277 1 00008430 00008411 131009 359 43064.4278592593
25.11.2017 10:16:07 +00.16320E+00  0313 034277 1 00008431 00008411 131009 358 43064.4278634143
25.11.2017 10:16:07 +00.16320E+00  0325 034277 1 00008432 00008411 131009 406 43064.4278681019
25.11.2017 10:16:08 +00.16320E+00  0330 034277 1 00008433 00008411 131009 359 43064.4278722569
25.11.2017 10:16:08 +00.16320E+00  0346 034277 1 00008434 00008411 131009 359 43064.427876412
25.11.2017 10:16:08 +00.16321E+00  0358 034277 1 00008435 00008411 131009 405 43064.4278810995
25.11.2017 10:16:09 +00.16321E+00  0376 034277 1 00008436 00008411 131009 359 43064.4278852546
25.11.2017 10:16:09 +00.16321E+00  0391 034277 1 00008437 00008411 131009 359 43064.4278894097
25.11.2017 10:16:10 +00.16320E+00  0404 034277 1 00008438 00008411 131009 405 43064.4278941088
25.11.2017 10:16:10 +00.16320E+00  0424 034277 1 00008439 00008411 131009 359 43064.4278982523
25.11.2017 10:16:10 +00.16320E+00  0442 034277 1 00008440 00008411 131009 359 43064.4279024074
25.11.2017 10:16:11 +00.16320E+00  0460 034277 1 00008441 00008411 131009 406 43064.4279071065
25.11.2017 10:16:11 +00.16320E+00  0472 034277 1 00008442 00008411 131009 358 43064.4279112616
25.11.2017 10:16:11 +00.16320E+00  0482 034277 1 00008443 00008411 131009 359 43064.4279154051
25.11.2017 10:16:12 +00.16320E+00  0496 034277 1 00008444 00008411 131009 406 43064.4279201042
25.11.2017 10:16:12 +00.16320E+00  0510 034277 1 00008445 00008411 131009 359 43064.4279242593
25.11.2017 10:16:13 +00.16321E+00  0524 034277 1 00008446 00008411 131009 358 43064.4279284143
25.11.2017 10:16:13 +00.16320E+00  0544 034277 1 00008447 00008411 131009 406 43064.4279331019
25.11.2017 10:16:13 +00.16320E+00  0558 034277 1 00008448 00008411 131009 359 43064.4279372569
25.11.2017 10:16:14 +00.16320E+00  0570 034277 1 00008449 00008411 131009 359 43064.427941412
25.11.2017 10:16:14 +00.16320E+00  0587 034277 1 00008450 00008411 131009 405 43064.4279460995
25.11.2017 10:16:14 +00.16320E+00  0600 034277 1 00008451 00008411 131009 359 43064.4279502546
25.11.2017 10:16:15 +00.16320E+00  0618 034277 1 00008452 00008411 131009 359 43064.4279544097
25.11.2017 10:16:15 +00.16320E+00  0636 034277 1 00008453 00008411 131009 405 43064.4279591088
25.11.2017 10:16:16 +00.16320E+00  0651 034277 1 00008454 00008411 131009 359 43064.4279632523
25.11.2017 10:16:16 +00.16321E+00  0665 034277 1 00008455 00008411 131009 359 43064.4279674074
25.11.2017 10:16:16 +00.16321E+00  0680 034277 1 00008456 00008411 131009 406 43064.4279721065
25.11.2017 10:16:17 +00.16321E+00  0688 034277 1 00008457 00008411 131009 358 43064.4279762616
25.11.2017 10:16:17 +00.16320E+00  0705 034277 1 00008458 00008411 131009 359 43064.4279804051
25.11.2017 10:16:17 +00.16320E+00  0715 034277 1 00008459 00008411 131009 406 43064.4279851042
25.11.2017 10:16:18 +00.16321E+00  0722 034277 1 00008460 00008411 131009 359 43064.4279892593
25.11.2017 10:16:18 +00.16320E+00  0737 034277 1 00008461 00008411 131009 358 43064.4279934143
25.11.2017 10:16:19 +00.16321E+00  0752 034277 1 00008462 00008411 131009 406 43064.4279981019
25.11.2017 10:16:19 +00.16320E+00  0776 034277 1 00008463 00008411 131009 359 43064.4280022569
25.11.2017 10:16:19 +00.16320E+00  0794 034277 1 00008464 00008411 131009 359 43064.428006412
25.11.2017 10:16:20 +00.16321E+00  0812 034277 1 00008465 00008411 131009 405 43064.4280110995
25.11.2017 10:16:20 +00.16320E+00  0827 034277 1 00008466 00008411 131009 359 43064.4280152546
25.11.2017 10:16:20 +00.16320E+00  0845 034277 1 00008467 00008411 131009 359 43064.4280194097
25.11.2017 10:16:21 +00.16320E+00  0855 034277 1 00008468 00008411 131009 405 43064.4280241088
25.11.2017 10:16:21 +00.16320E+00  0874 034277 1 00008469 00008411 131009 359 43064.4280282523
25.11.2017 10:16:22 +00.16320E+00  0888 034277 1 00008470 00008411 131009 359 43064.4280324074
25.11.2017 10:16:22 +00.16320E+00  0901 034277 1 00008471 00008411 131009 406 43064.4280371065
25.11.2017 10:16:22 +00.16320E+00  0926 034277 1 00008472 00008411 131009 358 43064.4280412616
25.11.2017 10:16:23 +00.16320E+00  0937 034277 1 00008473 00008411 131009 359 43064.4280454051
25.11.2017 10:16:23 +00.16320E+00  0948 034277 1 00008474 00008411 131009 406 43064.4280501042
25.11.2017 10:16:23 +00.16320E+00  0961 034277 1 00008475 00008411 131009 359 43064.4280542593
25.11.2017 10:16:24 +00.16321E+00  0973 034277 1 00008476 00008411 131009 358 43064.4280584143
25.11.2017 10:16:24 +00.16320E+00  0988 034277 1 00008477 00008411 131009 406 43064.4280631018
25.11.2017 10:16:25 +00.16320E+00  1004 034277 1 00008478 00008411 131009 359 43064.4280672569
25.11.2017 10:16:25 +00.16321E+00  1021 034277 1 00008479 00008411 131009 359 43064.428071412
25.11.2017 10:16:25 +00.16320E+00  1044 034275 1 00008480 00008411 131009 421 43064.4280762847
25.11.2017 10:16:26 +00.16320E+00  1060 034275 1 00008481 00008411 131009 359 43064.4280804398
25.11.2017 10:16:26 +00.16320E+00  1078 034275 1 00008482 00008411 131009 358 43064.4280845949
25.11.2017 10:16:26 +00.16319E+00  1094 034275 1 00008483 00008411 131009 406 43064.4280892824
25.11.2017 10:16:27 +00.16320E+00  1118 034275 1 00008484 00008411 131009 359 43064.4280934375
25.11.2017 10:16:27 +00.16320E+00  1125 034275 1 00008485 00008411 131009 359 43064.4280975926
25.11.2017 10:16:28 +00.16320E+00  1138 034275 1 00008486 00008411 131009 405 43064.4281022801
25.11.2017 10:16:28 +00.16319E+00  1153 034275 1 00008487 00008411 131009 359 43064.4281064352
25.11.2017 10:16:28 +00.16319E+00  1169 034275 1 00008488 00008411 131009 359 43064.4281105903
25.11.2017 10:16:29 +00.16319E+00  1179 034275 1 00008489 00008411 131009 405 43064.4281152894
25.11.2017 10:16:29 +00.16319E+00  1192 034275 1 00008490 00008411 131009 359 43064.4281194329
25.11.2017 10:16:29 +00.16319E+00  1209 034275 1 00008491 00008411 131009 359 43064.428123588
25.11.2017 10:16:35 +00.16339E+00  0011 034315 1 00008492 00008492 131009 421 43064.4281867824
25.11.2017 10:16:35 +00.16339E+00  0037 034315 1 00008493 00008492 131009 359 43064.4281909375
25.11.2017 10:16:36 +00.16339E+00  0059 034315 1 00008494 00008492 131009 359 43064.4281950926
25.11.2017 10:16:36 +00.16339E+00  0078 034315 1 00008495 00008492 131009 405 43064.4281997801
25.11.2017 10:16:36 +00.16339E+00  0090 034315 1 00008496 00008492 131009 359 43064.4282039352
25.11.2017 10:16:37 +00.16339E+00  0112 034315 1 00008497 00008492 131009 359 43064.4282080903
25.11.2017 10:16:37 +00.16339E+00  0134 034315 1 00008498 00008492 131009 405 43064.4282127894
25.11.2017 10:16:37 +00.16339E+00  0147 034315 1 00008499 00008492 131009 359 43064.4282169329
25.11.2017 10:16:38 +00.16339E+00  0163 034315 1 00008500 00008492 131009 359 43064.428221088
25.11.2017 10:16:38 +00.16339E+00  0177 034315 1 00008501 00008492 131009 406 43064.428225787
25.11.2017 10:16:39 +00.16339E+00  0195 034315 1 00008502 00008492 131009 358 43064.4282299421
25.11.2017 10:16:39 +00.16339E+00  0213 034315 1 00008503 00008492 131009 359 43064.4282340857
25.11.2017 10:16:39 +00.16339E+00  0225 034315 1 00008504 00008492 131009 406 43064.4282387847
25.11.2017 10:16:40 +00.16339E+00  0242 034315 1 00008505 00008492 131009 359 43064.4282429398
25.11.2017 10:16:40 +00.16339E+00  0258 034317 1 00008506 00008492 131009 358 43064.4282470949
25.11.2017 10:16:40 +00.16339E+00  0272 034317 1 00008507 00008492 131009 406 43064.4282517824
25.11.2017 10:16:41 +00.16340E+00  0294 034317 1 00008508 00008492 131009 359 43064.4282559375
25.11.2017 10:16:41 +00.16340E+00  0305 034317 1 00008509 00008492 131009 359 43064.4282600926
25.11.2017 10:16:42 +00.16340E+00  0319 034317 1 00008510 00008492 131009 405 43064.4282647801
25.11.2017 10:16:42 +00.16340E+00  0336 034317 1 00008511 00008492 131009 359 43064.4282689352
25.11.2017 10:16:42 +00.16340E+00  0351 034317 1 00008512 00008492 131009 359 43064.4282730903
25.11.2017 10:16:43 +00.16339E+00  0373 034317 1 00008513 00008492 131009 405 43064.4282777894
25.11.2017 10:16:43 +00.16340E+00  0387 034317 1 00008514 00008492 131009 359 43064.4282819329
25.11.2017 10:16:43 +00.16340E+00  0406 034317 1 00008515 00008492 131009 359 43064.428286088
25.11.2017 10:16:44 +00.16340E+00  0419 034317 1 00008516 00008492 131009 406 43064.428290787
25.11.2017 10:16:44 +00.16340E+00  0431 034317 1 00008517 00008492 131009 358 43064.4282949421
25.11.2017 10:16:45 +00.16340E+00  0447 034317 1 00008518 00008492 131009 359 43064.4282990856
25.11.2017 10:16:45 +00.16340E+00  0464 034317 1 00008519 00008492 131009 406 43064.4283037847
25.11.2017 10:16:45 +00.16340E+00  0485 034317 1 00008520 00008492 131009 359 43064.4283079398
25.11.2017 10:16:46 +00.16340E+00  0508 034317 1 00008521 00008492 131009 358 43064.4283120949
25.11.2017 10:16:46 +00.16340E+00  0518 034317 1 00008522 00008492 131009 406 43064.4283167824
25.11.2017 10:16:46 +00.16340E+00  0537 034317 1 00008523 00008492 131009 359 43064.4283209375
25.11.2017 10:16:47 +00.16340E+00  0546 034317 1 00008524 00008492 131009 359 43064.4283250926
25.11.2017 10:16:47 +00.16340E+00  0558 034317 1 00008525 00008492 131009 421 43064.4283299653
25.11.2017 10:16:48 +00.16340E+00  0577 034317 1 00008526 00008492 131009 359 43064.4283341204
25.11.2017 10:16:48 +00.16340E+00  0587 034317 1 00008527 00008492 131009 358 43064.4283382755
25.11.2017 10:16:48 +00.16340E+00  0603 034317 1 00008528 00008492 131009 406 43064.428342963
25.11.2017 10:16:49 +00.16340E+00  0611 034317 1 00008529 00008492 131009 359 43064.4283471181
25.11.2017 10:16:49 +00.16340E+00  0624 034317 1 00008530 00008492 131009 359 43064.4283512731
25.11.2017 10:16:49 +00.16340E+00  0636 034317 1 00008531 00008492 131009 405 43064.4283559606
25.11.2017 10:16:50 +00.16340E+00  0652 034317 1 00008532 00008492 131009 359 43064.4283601157
25.11.2017 10:16:50 +00.16340E+00  0663 034317 1 00008533 00008492 131009 359 43064.4283642708
25.11.2017 10:16:51 +00.16340E+00  0674 034317 1 00008534 00008492 131009 405 43064.4283689699
25.11.2017 10:16:51 +00.16340E+00  0688 034317 1 00008535 00008492 131009 359 43064.4283731134
25.11.2017 10:16:51 +00.16340E+00  0705 034317 1 00008536 00008492 131009 359 43064.4283772685
25.11.2017 10:16:52 +00.16340E+00  0723 034317 1 00008537 00008492 131009 406 43064.4283819676
25.11.2017 10:16:52 +00.16340E+00  0741 034317 1 00008538 00008492 131009 358 43064.4283861227
25.11.2017 10:16:52 +00.16340E+00  0755 034317 1 00008539 00008492 131009 359 43064.4283902662
25.11.2017 10:16:53 +00.16340E+00  0774 034317 1 00008540 00008492 131009 406 43064.4283949653
25.11.2017 10:16:53 +00.16340E+00  0796 034317 1 00008541 00008492 131009 359 43064.4283991204
25.11.2017 10:16:54 +00.16340E+00  0809 034317 1 00008542 00008492 131009 358 43064.4284032755
25.11.2017 10:16:54 +00.16340E+00  0824 034317 1 00008543 00008492 131009 406 43064.428407963
25.11.2017 10:16:54 +00.16340E+00  0838 034317 1 00008544 00008492 131009 359 43064.4284121181
25.11.2017 10:16:55 +00.16340E+00  0855 034317 1 00008545 00008492 131009 359 43064.4284162731
25.11.2017 10:16:55 +00.16340E+00  0869 034317 1 00008546 00008492 131009 405 43064.4284209606
25.11.2017 10:16:55 +00.16340E+00  0887 034317 1 00008547 00008492 131009 359 43064.4284251157
25.11.2017 10:16:56 +00.16340E+00  0900 034317 1 00008548 00008492 131009 359 43064.4284292708
25.11.2017 10:16:56 +00.16340E+00  0917 034317 1 00008549 00008492 131009 405 43064.4284339699
25.11.2017 10:16:57 +00.16340E+00  0939 034317 1 00008550 00008492 131009 359 43064.4284381134
25.11.2017 10:16:57 +00.16340E+00  0959 034317 1 00008551 00008492 131009 359 43064.4284422685
25.11.2017 10:16:57 +00.16340E+00  0976 034317 1 00008552 00008492 131009 406 43064.4284469676
25.11.2017 10:16:58 +00.16340E+00  0988 034317 1 00008553 00008492 131009 358 43064.4284511227
25.11.2017 10:16:58 +00.16340E+00  1000 034317 1 00008554 00008492 131009 359 43064.4284552662
25.11.2017 10:16:58 +00.16340E+00  1016 034317 1 00008555 00008492 131009 406 43064.4284599653
25.11.2017 10:16:59 +00.16340E+00  1028 034317 1 00008556 00008492 131009 359 43064.4284641204
25.11.2017 10:16:59 +00.16340E+00  1044 034317 1 00008557 00008492 131009 358 43064.4284682755
25.11.2017 10:17:00 +00.16340E+00  1059 034317 1 00008558 00008492 131009 406 43064.428472963
25.11.2017 10:17:00 +00.16340E+00  1071 034317 1 00008559 00008492 131009 359 43064.4284771181
25.11.2017 10:17:00 +00.16340E+00  1090 034317 1 00008560 00008492 131009 359 43064.4284812731
25.11.2017 10:17:01 +00.16340E+00  1105 034317 1 00008561 00008492 131009 405 43064.4284859606
25.11.2017 10:17:01 +00.16340E+00  1128 034317 1 00008562 00008492 131009 359 43064.4284901157
25.11.2017 10:17:01 +00.16340E+00  1148 034317 1 00008563 00008492 131009 359 43064.4284942708
25.11.2017 10:17:02 +00.16340E+00  1160 034317 1 00008564 00008492 131009 405 43064.4284989699
25.11.2017 10:17:02 +00.16340E+00  1169 034317 1 00008565 00008492 131009 359 43064.4285031134
25.11.2017 10:17:03 +00.16340E+00  1181 034317 1 00008566 00008492 131009 359 43064.4285072685
25.11.2017 10:17:03 +00.16340E+00  1191 034317 1 00008567 00008492 131009 406 43064.4285119676
25.11.2017 10:17:03 +00.16340E+00  1205 034317 1 00008568 00008492 131009 358 43064.4285161227
25.11.2017 10:17:04 +00.16340E+00  1218 034317 1 00008569 00008492 131009 359 43064.4285202662
25.11.2017 10:17:04 +00.16340E+00  1238 034317 1 00008570 00008492 131009 406 43064.4285249653
25.11.2017 10:17:04 +00.16340E+00  1254 034317 1 00008571 00008492 131009 359 43064.4285291204
25.11.2017 10:17:10 +00.16359E+00  0016 034358 1 00008572 00008572 131009 421 43064.4285966435
25.11.2017 10:17:11 +00.16359E+00  0029 034358 1 00008573 00008572 131009 359 43064.4286007986
25.11.2017 10:17:11 +00.16359E+00  0042 034358 1 00008574 00008572 131009 359 43064.4286049537
25.11.2017 10:17:11 +00.16359E+00  0062 034358 1 00008575 00008572 131009 405 43064.4286096412
25.11.2017 10:17:12 +00.16359E+00  0085 034358 1 00008576 00008572 131009 359 43064.4286137963
25.11.2017 10:17:12 +00.16359E+00  0098 034358 1 00008577 00008572 131009 359 43064.4286179514
25.11.2017 10:17:12 +00.16359E+00  0116 034358 1 00008578 00008572 131009 405 43064.4286226505
25.11.2017 10:17:13 +00.16359E+00  0137 034358 1 00008579 00008572 131009 359 43064.428626794
25.11.2017 10:17:13 +00.16359E+00  0158 034358 1 00008580 00008572 131009 359 43064.4286309491
25.11.2017 10:17:14 +00.16359E+00  0177 034358 1 00008581 00008572 131009 406 43064.4286356481
25.11.2017 10:17:14 +00.16359E+00  0189 034358 1 00008582 00008572 131009 358 43064.4286398032
25.11.2017 10:17:14 +00.16359E+00  0203 034358 1 00008583 00008572 131009 359 43064.4286439468
25.11.2017 10:17:15 +00.16359E+00  0219 034358 1 00008584 00008572 131009 406 43064.4286486458
25.11.2017 10:17:15 +00.16359E+00  0234 034358 1 00008585 00008572 131009 359 43064.4286528009
25.11.2017 10:17:15 +00.16360E+00  0248 034360 1 00008586 00008572 131009 358 43064.428656956
25.11.2017 10:17:16 +00.16360E+00  0262 034360 1 00008587 00008572 131009 406 43064.4286616435
25.11.2017 10:17:16 +00.16360E+00  0278 034360 1 00008588 00008572 131009 359 43064.4286657986
25.11.2017 10:17:17 +00.16360E+00  0292 034360 1 00008589 00008572 131009 359 43064.4286699537
25.11.2017 10:17:17 +00.16360E+00  0306 034360 1 00008590 00008572 131009 405 43064.4286746412
25.11.2017 10:17:17 +00.16360E+00  0319 034360 1 00008591 00008572 131009 359 43064.4286787963
25.11.2017 10:17:18 +00.16360E+00  0331 034360 1 00008592 00008572 131009 359 43064.4286829514
25.11.2017 10:17:18 +00.16360E+00  0344 034360 1 00008593 00008572 131009 405 43064.4286876505
25.11.2017 10:17:18 +00.16360E+00  0359 034360 1 00008594 00008572 131009 359 43064.428691794
25.11.2017 10:17:19 +00.16360E+00  0370 034360 1 00008595 00008572 131009 359 43064.4286959491
25.11.2017 10:17:19 +00.16360E+00  0382 034360 1 00008596 00008572 131009 406 43064.4287006481
25.11.2017 10:17:20 +00.16360E+00  0396 034360 1 00008597 00008572 131009 358 43064.4287048032
25.11.2017 10:17:20 +00.16360E+00  0407 034360 1 00008598 00008572 131009 359 43064.4287089468
25.11.2017 10:17:20 +00.16360E+00  0424 034360 1 00008599 00008572 131009 406 43064.4287136458
25.11.2017 10:17:21 +00.16360E+00  0441 034360 1 00008600 00008572 131009 359 43064.4287178009
25.11.2017 10:17:21 +00.16360E+00  0457 034360 1 00008601 00008572 131009 358 43064.428721956
25.11.2017 10:17:21 +00.16360E+00  0473 034360 1 00008602 00008572 131009 406 43064.4287266435
25.11.2017 10:17:22 +00.16360E+00  0494 034360 1 00008603 00008572 131009 359 43064.4287307986
25.11.2017 10:17:22 +00.16360E+00  0513 034360 1 00008604 00008572 131009 359 43064.4287349537
25.11.2017 10:17:23 +00.16360E+00  0524 034360 1 00008605 00008572 131009 405 43064.4287396412
25.11.2017 10:17:23 +00.16360E+00  0545 034360 1 00008606 00008572 131009 359 43064.4287437963
25.11.2017 10:17:23 +00.16360E+00  0557 034360 1 00008607 00008572 131009 359 43064.4287479514
25.11.2017 10:17:24 +00.16360E+00  0570 034360 1 00008608 00008572 131009 405 43064.4287526505
25.11.2017 10:17:24 +00.16360E+00  0588 034360 1 00008609 00008572 131009 359 43064.428756794
25.11.2017 10:17:24 +00.16360E+00  0604 034360 1 00008610 00008572 131009 359 43064.4287609491
25.11.2017 10:17:25 +00.16360E+00  0620 034360 1 00008611 00008572 131009 406 43064.4287656481
25.11.2017 10:17:25 +00.16360E+00  0635 034360 1 00008612 00008572 131009 358 43064.4287698032
25.11.2017 10:17:26 +00.16360E+00  0645 034360 1 00008613 00008572 131009 359 43064.4287739468
25.11.2017 10:17:26 +00.16360E+00  0664 034360 1 00008614 00008572 131009 406 43064.4287786458
25.11.2017 10:17:26 +00.16360E+00  0678 034360 1 00008615 00008572 131009 359 43064.4287828009
25.11.2017 10:17:27 +00.16360E+00  0697 034360 1 00008616 00008572 131009 358 43064.428786956
25.11.2017 10:17:27 +00.16360E+00  0710 034360 1 00008617 00008572 131009 406 43064.4287916435
25.11.2017 10:17:27 +00.16360E+00  0720 034360 1 00008618 00008572 131009 359 43064.4287957986
25.11.2017 10:17:28 +00.16360E+00  0734 034360 1 00008619 00008572 131009 359 43064.4287999537
25.11.2017 10:17:28 +00.16360E+00  0743 034360 1 00008620 00008572 131009 405 43064.4288046412
25.11.2017 10:17:29 +00.16360E+00  0765 034360 1 00008621 00008572 131009 359 43064.4288087963
25.11.2017 10:17:29 +00.16360E+00  0779 034360 1 00008622 00008572 131009 359 43064.4288129514
25.11.2017 10:17:29 +00.16360E+00  0788 034360 1 00008623 00008572 131009 421 43064.4288178241
25.11.2017 10:17:30 +00.16360E+00  0810 034360 1 00008624 00008572 131009 359 43064.4288219792
25.11.2017 10:17:30 +00.16360E+00  0821 034360 1 00008625 00008572 131009 359 43064.4288261343
25.11.2017 10:17:30 +00.16360E+00  0839 034360 1 00008626 00008572 131009 405 43064.4288308218
25.11.2017 10:17:31 +00.16360E+00  0855 034360 1 00008627 00008572 131009 359 43064.4288349769
25.11.2017 10:17:31 +00.16360E+00  0863 034360 1 00008628 00008572 131009 359 43064.4288391319
25.11.2017 10:17:32 +00.16360E+00  0872 034360 1 00008629 00008572 131009 405 43064.428843831
25.11.2017 10:17:32 +00.16360E+00  0883 034360 1 00008630 00008572 131009 359 43064.4288479745
25.11.2017 10:17:32 +00.16360E+00  0899 034360 1 00008631 00008572 131009 359 43064.4288521296
25.11.2017 10:17:33 +00.16360E+00  0921 034360 1 00008632 00008572 131009 406 43064.4288568287
25.11.2017 10:17:33 +00.16360E+00  0934 034360 1 00008633 00008572 131009 358 43064.4288609838
25.11.2017 10:17:33 +00.16360E+00  0948 034360 1 00008634 00008572 131009 359 43064.4288651273
25.11.2017 10:17:34 +00.16360E+00  0964 034360 1 00008635 00008572 131009 406 43064.4288698264
25.11.2017 10:17:34 +00.16360E+00  0978 034360 1 00008636 00008572 131009 359 43064.4288739815
25.11.2017 10:17:35 +00.16360E+00  0998 034360 1 00008637 00008572 131009 358 43064.4288781366
25.11.2017 10:17:35 +00.16360E+00  1007 034360 1 00008638 00008572 131009 406 43064.4288828241
25.11.2017 10:17:35 +00.16360E+00  1018 034360 1 00008639 00008572 131009 359 43064.4288869792
25.11.2017 10:17:36 +00.16360E+00  1033 034360 1 00008640 00008572 131009 359 43064.4288911343
25.11.2017 10:17:36 +00.16360E+00  1057 034360 1 00008641 00008572 131009 405 43064.4288958218
25.11.2017 10:17:36 +00.16360E+00  1073 034360 1 00008642 00008572 131009 359 43064.4288999769
25.11.2017 10:17:37 +00.16360E+00  1092 034360 1 00008643 00008572 131009 359 43064.4289041319
25.11.2017 10:17:37 +00.16360E+00  1101 034360 1 00008644 00008572 131009 405 43064.428908831
25.11.2017 10:17:38 +00.16360E+00  1123 034360 1 00008645 00008572 131009 359 43064.4289129745
25.11.2017 10:17:38 +00.16360E+00  1132 034360 1 00008646 00008572 131009 359 43064.4289171296
25.11.2017 10:17:38 +00.16360E+00  1147 034360 1 00008647 00008572 131009 406 43064.4289218287
25.11.2017 10:17:39 +00.16360E+00  1166 034360 1 00008648 00008572 131009 358 43064.4289259838
25.11.2017 10:17:39 +00.16360E+00  1179 034360 1 00008649 00008572 131009 359 43064.4289301273
25.11.2017 10:17:39 +00.16360E+00  1195 034360 1 00008650 00008572 131009 406 43064.4289348264
25.11.2017 10:17:40 +00.16360E+00  1214 034360 1 00008651 00008572 131009 359 43064.4289389815