
25.11.2017 10:28:07 +00.16298E+00  0016 034230 1 00010079 00010079 131009 421 43064.4361940625
25.11.2017 10:28:07 +00.16298E+00  0033 034230 1 00010080 00010079 131009 359 43064.4361982176
25.11.2017 10:28:07 +00.16298E+00  0045 034230 1 00010081 00010079 131009 358 43064.4362023727
25.11.2017 10:28:08 +00.16298E+00  0065 034230 1 00010082 00010079 131009 406 43064.4362070602
25.11.2017 10:28:08 +00.16298E+00  0086 034230 1 00010083 00010079 131009 359 43064.4362112153
25.11.2017 10:28:09 +00.16298E+00  0103 034230 1 00010084 00010079 131009 359 43064.4362153704
25.11.2017 10:28:09 +00.16298E+00  0114 034230 1 00010085 00010079 131009 405 43064.4362200579
25.11.2017 10:28:09 +00.16298E+00  0124 034230 1 00010086 00010079 131009 359 43064.436224213
25.11.2017 10:28:10 +00.16298E+00  0137 034230 1 00010087 00010079 131009 359 43064.4362283681
25.11.2017 10:28:10 +00.16298E+00  0154 034230 1 00010088 00010079 131009 405 43064.4362330671
25.11.2017 10:28:10 +00.16298E+00  0169 034230 1 00010089 00010079 131009 359 43064.4362372106
25.11.2017 10:28:11 +00.16298E+00  0182 034230 1 00010090 00010079 131009 359 43064.4362413657
25.11.2017 10:28:11 +00.16298E+00  0197 034230 1 00010091 00010079 131009 406 43064.4362460648
25.11.2017 10:28:12 +00.16298E+00  0215 034234 1 00010092 00010079 131009 358 43064.4362502199
25.11.2017 10:28:12 +00.16299E+00  0232 034234 1 00010093 00010079 131009 359 43064.4362543634
25.11.2017 10:28:12 +00.16300E+00  0243 034234 1 00010094 00010079 131009 406 43064.4362590625
25.11.2017 10:28:13 +00.16300E+00  0274 034234 1 00010095 00010079 131009 359 43064.4362632176
25.11.2017 10:28:13 +00.16300E+00  0296 034234 1 00010096 00010079 131009 358 43064.4362673727
25.11.2017 10:28:13 +00.16300E+00  0313 034234 1 00010097 00010079 131009 422 43064.4362722454
25.11.2017 10:28:14 +00.16300E+00  0330 034234 1 00010098 00010079 131009 358 43064.4362764005
25.11.2017 10:28:14 +00.16300E+00  0354 034234 1 00010099 00010079 131009 359 43064.436280544
25.11.2017 10:28:15 +00.16300E+00  0369 034234 1 00010100 00010079 131009 406 43064.4362852431
25.11.2017 10:28:15 +00.16300E+00  0388 034234 1 00010101 00010079 131009 359 43064.4362893981
25.11.2017 10:28:15 +00.16300E+00  0398 034234 1 00010102 00010079 131009 358 43064.4362935532
25.11.2017 10:28:16 +00.16300E+00  0415 034234 1 00010103 00010079 131009 406 43064.4362982407
25.11.2017 10:28:16 +00.16300E+00  0428 034234 1 00010104 00010079 131009 359 43064.4363023958
25.11.2017 10:28:16 +00.16300E+00  0444 034234 1 00010105 00010079 131009 359 43064.4363065509
25.11.2017 10:28:17 +00.16300E+00  0467 034234 1 00010106 00010079 131009 405 43064.4363112384
25.11.2017 10:28:17 +00.16300E+00  0482 034234 1 00010107 00010079 131009 359 43064.4363153935
25.11.2017 10:28:18 +00.16300E+00  0501 034234 1 00010108 00010079 131009 359 43064.4363195486
25.11.2017 10:28:18 +00.16300E+00  0521 034234 1 00010109 00010079 131009 405 43064.4363242477
25.11.2017 10:28:18 +00.16300E+00  0532 034234 1 00010110 00010079 131009 359 43064.4363283912
25.11.2017 10:28:19 +00.16300E+00  0551 034234 1 00010111 00010079 131009 359 43064.4363325463
25.11.2017 10:28:19 +00.16300E+00  0569 034234 1 00010112 00010079 131009 406 43064.4363372454
25.11.2017 10:28:19 +00.16300E+00  0592 034234 1 00010113 00010079 131009 358 43064.4363414005
25.11.2017 10:28:20 +00.16300E+00  0607 034234 1 00010114 00010079 131009 359 43064.436345544
25.11.2017 10:28:20 +00.16300E+00  0618 034234 1 00010115 00010079 131009 406 43064.4363502431
25.11.2017 10:28:21 +00.16300E+00  0637 034234 1 00010116 00010079 131009 359 43064.4363543981
25.11.2017 10:28:21 +00.16300E+00  0659 034234 1 00010117 00010079 131009 358 43064.4363585532
25.11.2017 10:28:21 +00.16300E+00  0671 034234 1 00010118 00010079 131009 406 43064.4363632407
25.11.2017 10:28:22 +00.16300E+00  0682 034234 1 00010119 00010079 131009 359 43064.4363673958
25.11.2017 10:28:22 +00.16300E+00  0693 034234 1 00010120 00010079 131009 359 43064.4363715509
25.11.2017 10:28:22 +00.16300E+00  0708 034234 1 00010121 00010079 131009 405 43064.4363762384
25.11.2017 10:28:23 +00.16300E+00  0720 034234 1 00010122 00010079 131009 359 43064.4363803935
25.11.2017 10:28:23 +00.16300E+00  0735 034234 1 00010123 00010079 131009 359 43064.4363845486
25.11.2017 10:28:24 +00.16300E+00  0750 034234 1 00010124 00010079 131009 405 43064.4363892477
25.11.2017 10:28:24 +00.16300E+00  0773 034234 1 00010125 00010079 131009 359 43064.4363933912
25.11.2017 10:28:24 +00.16300E+00  0789 034234 1 00010126 00010079 131009 359 43064.4363975463
25.11.2017 10:28:25 +00.16300E+00  0809 034234 1 00010127 00010079 131009 406 43064.4364022454
25.11.2017 10:28:25 +00.16300E+00  0823 034234 1 00010128 00010079 131009 358 43064.4364064005
25.11.2017 10:28:25 +00.16300E+00  0841 034234 1 00010129 00010079 131009 359 43064.436410544
25.11.2017 10:28:26 +00.16300E+00  0857 034234 1 00010130 00010079 131009 406 43064.4364152431
25.11.2017 10:28:26 +00.16300E+00  0877 034234 1 00010131 00010079 131009 359 43064.4364193981
25.11.2017 10:28:26 +00.16300E+00  0886 034234 1 00010132 00010079 131009 358 43064.4364235532
25.11.2017 10:28:27 +00.16300E+00  0904 034234 1 00010133 00010079 131009 406 43064.4364282407
25.11.2017 10:28:27 +00.16300E+00  0923 034234 1 00010134 00010079 131009 359 43064.4364323958
25.11.2017 10:28:28 +00.16300E+00  0940 034234 1 00010135 00010079 131009 359 43064.4364365509
25.11.2017 10:28:28 +00.16300E+00  0961 034234 1 00010136 00010079 131009 405 43064.4364412384
25.11.2017 10:28:28 +00.16300E+00  0984 034234 1 00010137 00010079 131009 359 43064.4364453935
25.11.2017 10:28:29 +00.16300E+00  1000 034234 1 00010138 00010079 131009 359 43064.4364495486
25.11.2017 10:28:29 +00.16300E+00  1011 034234 1 00010139 00010079 131009 405 43064.4364542477
25.11.2017 10:28:30 +00.16300E+00  1027 034234 1 00010140 00010079 131009 359 43064.4364583912
25.11.2017 10:28:30 +00.16300E+00  1045 034234 1 00010141 00010079 131009 359 43064.4364625463
25.11.2017 10:28:30 +00.16300E+00  1063 034234 1 00010142 00010079 131009 406 43064.4364672454
25.11.2017 10:28:31 +00.16300E+00  1077 034234 1 00010143 00010079 131009 358 43064.4364714005
25.11.2017 10:28:31 +00.16300E+00  1097 034234 1 00010144 00010079 131009 359 43064.436475544
25.11.2017 10:28:31 +00.16300E+00  1111 034234 1 00010145 00010079 131009 406 43064.4364802431
25.11.2017 10:28:32 +00.16300E+00  1129 034234 1 00010146 00010079 131009 359 43064.4364843981
25.11.2017 10:28:32 +00.16300E+00  1143 034234 1 00010147 00010079 131009 358 43064.4364885532
25.11.2017 10:28:33 +00.16300E+00  1154 034234 1 00010148 00010079 131009 406 43064.4364932407
25.11.2017 10:28:33 +00.16300E+00  1168 034234 1 00010149 00010079 131009 359 43064.4364973958
25.11.2017 10:28:33 +00.16300E+00  1185 034234 1 00010150 00010079 131009 359 43064.4365015509
25.11.2017 10:28:34 +00.16300E+00  1196 034234 1 00010151 00010079 131009 405 43064.4365062384
25.11.2017 10:28:34 +00.16300E+00  1213 034234 1 00010152 00010079 131009 359 43064.4365103935
25.11.2017 10:28:34 +00.16300E+00  1229 034234 1 00010153 00010079 131009 359 43064.4365145486
25.11.2017 10:28:35 +00.16300E+00  1245 034234 1 00010154 00010079 131009 421 43064.4365194213
25.11.2017 10:28:35 +00.16300E+00  1260 034234 1 00010155 00010079 131009 359 43064.4365235764
25.11.2017 10:28:35 +00.16300E+00  1284 034234 1 00010156 00010079 131009 359 43064.4365277315
25.11.2017 10:28:36 +00.16300E+00  1301 034234 1 00010157 00010079 131009 405 43064.436532419
25.11.2017 10:28:36 +00.16300E+00  1322 034234 1 00010158 00010079 131009 359 43064.4365365741
25.11.2017 10:28:42 +00.16320E+00  0010 034275 1 00010159 00010159 131009 358 43064.4365986921
25.11.2017 10:28:42 +00.16319E+00  0028 034275 1 00010160 00010159 131009 359 43064.4366028356
25.11.2017 10:28:42 +00.16319E+00  0037 034275 1 00010161 00010159 131009 375 43064.4366071759
25.11.2017 10:28:43 +00.16319E+00  0053 034275 1 00010162 00010159 131009 358 43064.436611331
25.11.2017 10:28:43 +00.16319E+00  0063 034275 1 00010163 00010159 131009 359 43064.4366154745
25.11.2017 10:28:43 +00.16319E+00  0093 034275 1 00010164 00010159 131009 406 43064.4366201736
25.11.2017 10:28:44 +00.16319E+00  0108 034275 1 00010165 00010159 131009 359 43064.4366243287
25.11.2017 10:28:44 +00.16319E+00  0122 034275 1 00010166 00010159 131009 358 43064.4366284838
25.11.2017 10:28:45 +00.16319E+00  0141 034275 1 00010167 00010159 131009 406 43064.4366331713
25.11.2017 10:28:45 +00.16319E+00  0161 034275 1 00010168 00010159 131009 359 43064.4366373264
25.11.2017 10:28:45 +00.16319E+00  0168 034275 1 00010169 00010159 131009 359 43064.4366414815
25.11.2017 10:28:46 +00.16319E+00  0183 034275 1 00010170 00010159 131009 405 43064.436646169
25.11.2017 10:28:46 +00.16319E+00  0207 034275 1 00010171 00010159 131009 359 43064.4366503241
25.11.2017 10:28:46 +00.16319E+00  0226 034275 1 00010172 00010159 131009 359 43064.4366544792
25.11.2017 10:28:47 +00.16320E+00  0239 034277 1 00010173 00010159 131009 405 43064.4366591782
25.11.2017 10:28:47 +00.16320E+00  0249 034277 1 00010174 00010159 131009 359 43064.4366633218
25.11.2017 10:28:48 +00.16320E+00  0261 034277 1 00010175 00010159 131009 359 43064.4366674769
25.11.2017 10:28:48 +00.16320E+00  0280 034277 1 00010176 00010159 131009 406 43064.4366721759
25.11.2017 10:28:48 +00.16320E+00  0300 034277 1 00010177 00010159 131009 358 43064.436676331
25.11.2017 10:28:49 +00.16320E+00  0314 034277 1 00010178 00010159 131009 359 43064.4366804745
25.11.2017 10:28:49 +00.16320E+00  0333 034277 1 00010179 00010159 131009 406 43064.4366851736
25.11.2017 10:28:49 +00.16320E+00  0347 034277 1 00010180 00010159 131009 359 43064.4366893287
25.11.2017 10:28:50 +00.16320E+00  0364 034277 1 00010181 00010159 131009 358 43064.4366934838
25.11.2017 10:28:50 +00.16320E+00  0375 034277 1 00010182 00010159 131009 406 43064.4366981713
25.11.2017 10:28:51 +00.16320E+00  0403 034277 1 00010183 00010159 131009 359 43064.4367023264
25.11.2017 10:28:51 +00.16320E+00  0422 034277 1 00010184 00010159 131009 359 43064.4367064815
25.11.2017 10:28:51 +00.16320E+00  0432 034277 1 00010185 00010159 131009 405 43064.436711169
25.11.2017 10:28:52 +00.16320E+00  0445 034277 1 00010186 00010159 131009 359 43064.4367153241
25.11.2017 10:28:52 +00.16320E+00  0458 034277 1 00010187 00010159 131009 359 43064.4367194792
25.11.2017 10:28:52 +00.16320E+00  0485 034277 1 00010188 00010159 131009 405 43064.4367241782
25.11.2017 10:28:53 +00.16320E+00  0505 034277 1 00010189 00010159 131009 359 43064.4367283218
25.11.2017 10:28:53 +00.16321E+00  0513 034277 1 00010190 00010159 131009 359 43064.4367324769
25.11.2017 10:28:54 +00.16320E+00  0528 034277 1 00010191 00010159 131009 406 43064.4367371759
25.11.2017 10:28:54 +00.16320E+00  0553 034277 1 00010192 00010159 131009 358 43064.436741331
25.11.2017 10:28:54 +00.16320E+00  0568 034277 1 00010193 00010159 131009 359 43064.4367454745
25.11.2017 10:28:55 +00.16321E+00  0581 034277 1 00010194 00010159 131009 406 43064.4367501736
25.11.2017 10:28:55 +00.16320E+00  0592 034277 1 00010195 00010159 131009 359 43064.4367543287
25.11.2017 10:28:55 +00.16320E+00  0603 034277 1 00010196 00010159 131009 358 43064.4367584838
25.11.2017 10:28:56 +00.16320E+00  0620 034277 1 00010197 00010159 131009 422 43064.4367633565
25.11.2017 10:28:56 +00.16320E+00  0632 034277 1 00010198 00010159 131009 358 43064.4367675116
25.11.2017 10:28:57 +00.16320E+00  0645 034277 1 00010199 00010159 131009 359 43064.4367716551
25.11.2017 10:28:57 +00.16320E+00  0668 034277 1 00010200 00010159 131009 406 43064.4367763542
25.11.2017 10:28:57 +00.16320E+00  0675 034277 1 00010201 00010159 131009 359 43064.4367805093
25.11.2017 10:28:58 +00.16321E+00  0684 034277 1 00010202 00010159 131009 358 43064.4367846644
25.11.2017 10:28:58 +00.16320E+00  0703 034277 1 00010203 00010159 131009 406 43064.4367893519
25.11.2017 10:28:58 +00.16320E+00  0718 034277 1 00010204 00010159 131009 359 43064.4367935069
25.11.2017 10:28:59 +00.16320E+00  0743 034277 1 00010205 00010159 131009 359 43064.436797662
25.11.2017 10:28:59 +00.16320E+00  0756 034277 1 00010206 00010159 131009 405 43064.4368023495
25.11.2017 10:29:00 +00.16320E+00  0776 034277 1 00010207 00010159 131009 359 43064.4368065046
25.11.2017 10:29:00 +00.16320E+00  0789 034277 1 00010208 00010159 131009 359 43064.4368106597
25.11.2017 10:29:00 +00.16320E+00  0808 034277 1 00010209 00010159 131009 405 43064.4368153588
25.11.2017 10:29:01 +00.16320E+00  0828 034277 1 00010210 00010159 131009 359 43064.4368195023
25.11.2017 10:29:01 +00.16321E+00  0839 034277 1 00010211 00010159 131009 359 43064.4368236574
25.11.2017 10:29:01 +00.16320E+00  0853 034277 1 00010212 00010159 131009 406 43064.4368283565
25.11.2017 10:29:02 +00.16320E+00  0862 034277 1 00010213 00010159 131009 358 43064.4368325116
25.11.2017 10:29:02 +00.16320E+00  0876 034277 1 00010214 00010159 131009 359 43064.4368366551
25.11.2017 10:29:03 +00.16320E+00  0892 034277 1 00010215 00010159 131009 406 43064.4368413542
25.11.2017 10:29:03 +00.16320E+00  0910 034277 1 00010216 00010159 131009 359 43064.4368455093
25.11.2017 10:29:03 +00.16320E+00  0922 034277 1 00010217 00010159 131009 358 43064.4368496644
25.11.2017 10:29:04 +00.16320E+00  0936 034277 1 00010218 00010159 131009 406 43064.4368543519
25.11.2017 10:29:04 +00.16320E+00  0951 034277 1 00010219 00010159 131009 359 43064.4368585069
25.11.2017 10:29:04 +00.16320E+00  0963 034277 1 00010220 00010159 131009 359 43064.436862662
25.11.2017 10:29:05 +00.16321E+00  0981 034277 1 00010221 00010159 131009 405 43064.4368673495
25.11.2017 10:29:05 +00.16321E+00  0996 034277 1 00010222 00010159 131009 359 43064.4368715046
25.11.2017 10:29:06 +00.16320E+00  1013 034277 1 00010223 00010159 131009 359 43064.4368756597
25.11.2017 10:29:06 +00.16320E+00  1028 034277 1 00010224 00010159 131009 405 43064.4368803588
25.11.2017 10:29:06 +00.16320E+00  1046 034277 1 00010225 00010159 131009 359 43064.4368845023
25.11.2017 10:29:07 +00.16320E+00  1059 034277 1 00010226 00010159 131009 359 43064.4368886574
25.11.2017 10:29:07 +00.16320E+00  1079 034277 1 00010227 00010159 131009 406 43064.4368933565
25.11.2017 10:29:07 +00.16320E+00  1092 034277 1 00010228 00010159 131009 358 43064.4368975116
25.11.2017 10:29:08 +00.16320E+00  1110 034277 1 00010229 00010159 131009 359 43064.4369016551
25.11.2017 10:29:08 +00.16320E+00  1126 034277 1 00010230 00010159 131009 406 43064.4369063542
25.11.2017 10:29:09 +00.16320E+00  1142 034277 1 00010231 00010159 131009 359 43064.4369105093
25.11.2017 10:29:09 +00.16320E+00  1150 034277 1 00010232 00010159 131009 358 43064.4369146644
25.11.2017 10:29:09 +00.16320E+00  1159 034277 1 00010233 00010159 131009 406 43064.4369193519
25.11.2017 10:29:10 +00.16320E+00  1173 034277 1 00010234 00010159 131009 359 43064.4369235069
25.11.2017 10:29:10 +00.16320E+00  1183 034277 1 00010235 00010159 131009 359 43064.436927662
25.11.2017 10:29:10 +00.16321E+00  1200 034277 1 00010236 00010159 131009 405 43064.4369323495
25.11.2017 10:29:11 +00.16320E+00  1216 034277 1 00010237 00010159 131009 359 43064.4369365046
25.11.2017 10:29:11 +00.16320E+00  1232 034277 1 00010238 00010159 131009 359 43064.4369406597
25.11.2017 10:29:12 +00.16321E+00  1242 034277 1 00010239 00010159 131009 405 43064.4369453588
25.11.2017 10:29:17 +00.16339E+00  0023 034316 1 00010240 00010240 131009 421 43064.4370072801
25.11.2017 10:29:17 +00.16339E+00  0042 034316 1 00010241 00010240 131009 359 43064.4370114352
25.11.2017 10:29:18 +00.16339E+00  0054 034316 1 00010242 00010240 131009 359 43064.4370155903
25.11.2017 10:29:18 +00.16339E+00  0067 034316 1 00010243 00010240 131009 405 43064.4370202894
25.11.2017 10:29:18 +00.16339E+00  0088 034316 1 00010244 00010240 131009 359 43064.4370244329
25.11.2017 10:29:19 +00.16339E+00  0099 034316 1 00010245 00010240 131009 359 43064.437028588
25.11.2017 10:29:19 +00.16339E+00  0116 034316 1 00010246 00010240 131009 406 43064.437033287
25.11.2017 10:29:20 +00.16339E+00  0130 034316 1 00010247 00010240 131009 358 43064.4370374421
25.11.2017 10:29:20 +00.16339E+00  0144 034316 1 00010248 00010240 131009 359 43064.4370415856
25.11.2017 10:29:20 +00.16339E+00  0159 034316 1 00010249 00010240 131009 406 43064.4370462847
25.11.2017 10:29:21 +00.16339E+00  0178 034316 1 00010250 00010240 131009 359 43064.4370504398
25.11.2017 10:29:21 +00.16339E+00  0202 034316 1 00010251 00010240 131009 358 43064.4370545949
25.11.2017 10:29:21 +00.16339E+00  0216 034316 1 00010252 00010240 131009 406 43064.4370592824
25.11.2017 10:29:22 +00.16339E+00  0230 034316 1 00010253 00010240 131009 359 43064.4370634375
25.11.2017 10:29:22 +00.16339E+00  0240 034318 1 00010254 00010240 131009 359 43064.4370675926
25.11.2017 10:29:23 +00.16340E+00  0258 034318 1 00010255 00010240 131009 405 43064.4370722801
25.11.2017 10:29:23 +00.16340E+00  0272 034318 1 00010256 00010240 131009 359 43064.4370764352
25.11.2017 10:29:23 +00.16340E+00  0284 034318 1 00010257 00010240 131009 359 43064.4370805903
25.11.2017 10:29:24 +00.16340E+00  0304 034318 1 00010258 00010240 131009 405 43064.4370852894
25.11.2017 10:29:24 +00.16340E+00  0320 034318 1 00010259 00010240 131009 359 43064.4370894329
25.11.2017 10:29:24 +00.16340E+00  0333 034318 1 00010260 00010240 131009 359 43064.437093588
25.11.2017 10:29:25 +00.16340E+00  0343 034318 1 00010261 00010240 131009 406 43064.437098287
25.11.2017 10:29:25 +00.16341E+00  0359 034318 1 00010262 00010240 131009 358 43064.4371024421
25.11.2017 10:29:26 +00.16340E+00  0378 034318 1 00010263 00010240 131009 359 43064.4371065856
25.11.2017 10:29:26 +00.16340E+00  0390 034318 1 00010264 00010240 131009 406 43064.4371112847
25.11.2017 10:29:26 +00.16340E+00  0402 034318 1 00010265 00010240 131009 359 43064.4371154398
25.11.2017 10:29:27 +00.16340E+00  0409 034318 1 00010266 00010240 131009 358 43064.4371195949
25.11.2017 10:29:27 +00.16340E+00  0426 034318 1 00010267 00010240 131009 406 43064.4371242824
25.11.2017 10:29:27 +00.16340E+00  0438 034318 1 00010268 00010240 131009 359 43064.4371284375
25.11.2017 10:29:28 +00.16340E+00  0451 034318 1 00010269 00010240 131009 359 43064.4371325926
25.11.2017 10:29:28 +00.16340E+00  0471 034318 1 00010270 00010240 131009 405 43064.4371372801
25.11.2017 10:29:29 +00.16340E+00  0484 034318 1 00010271 00010240 131009 359 43064.4371414352
25.11.2017 10:29:29 +00.16340E+00  0500 034318 1 00010272 00010240 131009 359 43064.4371455903
25.11.2017 10:29:29 +00.16340E+00  0524 034318 1 00010273 00010240 131009 405 43064.4371502894
25.11.2017 10:29:30 +00.16340E+00  0535 034318 1 00010274 00010240 131009 359 43064.4371544329
25.11.2017 10:29:30 +00.16340E+00  0551 034318 1 00010275 00010240 131009 359 43064.437158588
25.11.2017 10:29:30 +00.16340E+00  0564 034318 1 00010276 00010240 131009 406 43064.437163287
25.11.2017 10:29:31 +00.16340E+00  0579 034318 1 00010277 00010240 131009 358 43064.4371674421
25.11.2017 10:29:31 +00.16340E+00  0593 034318 1 00010278 00010240 131009 359 43064.4371715856
25.11.2017 10:29:32 +00.16340E+00  0609 034318 1 00010279 00010240 131009 406 43064.4371762847
25.11.2017 10:29:32 +00.16340E+00  0625 034318 1 00010280 00010240 131009 359 43064.4371804398
25.11.2017 10:29:32 +00.16340E+00  0644 034318 1 00010281 00010240 131009 358 43064.4371845949
25.11.2017 10:29:33 +00.16340E+00  0656 034318 1 00010282 00010240 131009 406 43064.4371892824
25.11.2017 10:29:33 +00.16340E+00  0669 034318 1 00010283 00010240 131009 359 43064.4371934375
25.11.2017 10:29:33 +00.16340E+00  0686 034318 1 00010284 00010240 131009 359 43064.4371975926
25.11.2017 10:29:34 +00.16340E+00  0705 034318 1 00010285 00010240 131009 405 43064.4372022801
25.11.2017 10:29:34 +00.16340E+00  0722 034318 1 00010286 00010240 131009 359 43064.4372064352
25.11.2017 10:29:34 +00.16340E+00  0732 034318 1 00010287 00010240 131009 359 43064.4372105903
25.11.2017 10:29:35 +00.16340E+00  0752 034318 1 00010288 00010240 131009 405 43064.4372152893
25.11.2017 10:29:35 +00.16340E+00  0769 034318 1 00010289 00010240 131009 359 43064.4372194329
25.11.2017 10:29:36 +00.16340E+00  0783 034318 1 00010290 00010240 131009 359 43064.437223588
25.11.2017 10:29:36 +00.16340E+00  0795 034318 1 00010291 00010240 131009 406 43064.437228287
25.11.2017 10:29:36 +00.16340E+00  0811 034318 1 00010292 00010240 131009 358 43064.4372324421
25.11.2017 10:29:37 +00.16340E+00  0830 034318 1 00010293 00010240 131009 359 43064.4372365856
25.11.2017 10:29:37 +00.16340E+00  0842 034318 1 00010294 00010240 131009 406 43064.4372412847
25.11.2017 10:29:38 +00.16340E+00  0865 034318 1 00010295 00010240 131009 359 43064.4372454398
25.11.2017 10:29:38 +00.16340E+00  0890 034318 1 00010296 00010240 131009 358 43064.4372495949
25.11.2017 10:29:38 +00.16340E+00  0912 034318 1 00010297 00010240 131009 406 43064.4372542824
25.11.2017 10:29:39 +00.16340E+00  0930 034318 1 00010298 00010240 131009 359 43064.4372584375
25.11.2017 10:29:39 +00.16340E+00  0944 034318 1 00010299 00010240 131009 359 43064.4372625926
25.11.2017 10:29:39 +00.16340E+00  0961 034318 1 00010300 00010240 131009 421 43064.4372674653
25.11.2017 10:29:40 +00.16340E+00  0980 034318 1 00010301 00010240 131009 359 43064.4372716204
25.11.2017 10:29:40 +00.16340E+00  0997 034318 1 00010302 00010240 131009 358 43064.4372757755
25.11.2017 10:29:41 +00.16340E+00  1012 034318 1 00010303 00010240 131009 406 43064.437280463
25.11.2017 10:29:41 +00.16340E+00  1031 034318 1 00010304 00010240 131009 359 43064.4372846181
25.11.2017 10:29:41 +00.16340E+00  1047 034318 1 00010305 00010240 131009 359 43064.4372887732
25.11.2017 10:29:42 +00.16340E+00  1057 034318 1 00010306 00010240 131009 405 43064.4372934607
25.11.2017 10:29:42 +00.16340E+00  1071 034318 1 00010307 00010240 131009 359 43064.4372976157
25.11.2017 10:29:42 +00.16340E+00  1078 034318 1 00010308 00010240 131009 359 43064.4373017708
25.11.2017 10:29:43 +00.16340E+00  1090 034318 1 00010309 00010240 131009 405 43064.4373064699
25.11.2017 10:29:43 +00.16340E+00  1106 034318 1 00010310 00010240 131009 359 43064.4373106134
25.11.2017 10:29:43 +00.16340E+00  1118 034318 1 00010311 00010240 131009 359 43064.4373147685
25.11.2017 10:29:44 +00.16340E+00  1139 034318 1 00010312 00010240 131009 406 43064.4373194676
25.11.2017 10:29:44 +00.16340E+00  1155 034318 1 00010313 00010240 131009 358 43064.4373236227
25.11.2017 10:29:45 +00.16340E+00  1168 034318 1 00010314 00010240 131009 359 43064.4373277662
25.11.2017 10:29:45 +00.16340E+00  1192 034318 1 00010315 00010240 131009 406 43064.4373324653
25.11.2017 10:29:45 +00.16340E+00  1204 034318 1 00010316 00010240 131009 359 43064.4373366204
25.11.2017 10:29:46 +00.16340E+00  1225 034318 1 00010317 00010240 131009 358 43064.4373407755
25.11.2017 10:29:46 +00.16340E+00  1240 034318 1 00010318 00010240 131009 406 43064.437345463
25.11.2017 10:29:47 +00.16340E+00  1253 034318 1 00010319 00010240 131009 359 43064.4373496181
25.11.2017 10:29:47 +00.16340E+00  1276 034318 1 00010320 00010240 131009 359 43064.4373537732
25.11.2017 10:29:52 +00.16360E+00  0022 034359 1 00010321 00010321 131009 422 43064.4374169676
25.11.2017 10:29:53 +00.16360E+00  0041 034359 1 00010322 00010321 131009 358 43064.4374211227
25.11.2017 10:29:53 +00.16360E+00  0053 034359 1 00010323 00010321 131009 359 43064.4374252662
25.11.2017 10:29:53 +00.16360E+00  0069 034359 1 00010324 00010321 131009 406 43064.4374299653
25.11.2017 10:29:54 +00.16360E+00  0091 034359 1 00010325 00010321 131009 359 43064.4374341204
25.11.2017 10:29:54 +00.16360E+00  0105 034359 1 00010326 00010321 131009 358 43064.4374382755
25.11.2017 10:29:55 +00.16360E+00  0121 034359 1 00010327 00010321 131009 406 43064.437442963
25.11.2017 10:29:55 +00.16360E+00  0144 034359 1 00010328 00010321 131009 359 43064.4374471181
25.11.2017 10:29:55 +00.16360E+00  0154 034359 1 00010329 00010321 131009 359 43064.4374512731
25.11.2017 10:29:56 +00.16360E+00  0162 034359 1 00010330 00010321 131009 405 43064.4374559607
25.11.2017 10:29:56 +00.16360E+00  0179 034359 1 00010331 00010321 131009 359 43064.4374601157
25.11.2017 10:29:56 +00.16360E+00  0190 034359 1 00010332 00010321 131009 359 43064.4374642708
25.11.2017 10:29:57 +00.16360E+00  0205 034359 1 00010333 00010321 131009 405 43064.4374689699
25.11.2017 10:29:57 +00.16360E+00  0223 034359 1 00010334 00010321 131009 359 43064.4374731134
25.11.2017 10:29:58 +00.16360E+00  0237 034359 1 00010335 00010321 131009 359 43064.4374772685
25.11.2017 10:29:58 +00.16360E+00  0251 034359 1 00010336 00010321 131009 406 43064.4374819676
25.11.2017 10:29:58 +00.16360E+00  0270 034359 1 00010337 00010321 131009 358 43064.4374861227
25.11.2017 10:29:59 +00.16360E+00  0287 034359 1 00010338 00010321 131009 359 43064.4374902662
25.11.2017 10:29:59 +00.16360E+00  0305 034359 1 00010339 00010321 131009 406 43064.4374949653
25.11.2017 10:29:59 +00.16360E+00  0316 034359 1 00010340 00010321 131009 359 43064.4374991204
25.11.2017 10:30:00 +00.16360E+00  0333 034359 1 00010341 00010321 131009 358 43064.4375032755
25.11.2017 10:30:00 +00.16360E+00  0351 034359 1 00010342 00010321 131009 422 43064.4375081481
25.11.2017 10:30:01 +00.16360E+00  0366 034359 1 00010343 00010321 131009 358 43064.4375123032
25.11.2017 10:30:01 +00.16360E+00  0375 034359 1 00010344 00010321 131009 359 43064.4375164468
25.11.2017 10:30:01 +00.16360E+00  0393 034359 1 00010345 00010321 131009 406 43064.4375211458
25.11.2017 10:30:02 +00.16360E+00  0405 034359 1 00010346 00010321 131009 359 43064.4375253009
25.11.2017 10:30:02 +00.16360E+00  0419 034359 1 00010347 00010321 131009 358 43064.437529456
25.11.2017 10:30:02 +00.16360E+00  0438 034359 1 00010348 00010321 131009 406 43064.4375341435
25.11.2017 10:30:03 +00.16360E+00  0460 034359 1 00010349 00010321 131009 359 43064.4375382986
25.11.2017 10:30:03 +00.16360E+00  0467 034359 1 00010350 00010321 131009 359 43064.4375424537
25.11.2017 10:30:04 +00.16360E+00  0486 034359 1 00010351 00010321 131009 405 43064.4375471412
25.11.2017 10:30:04 +00.16360E+00  0504 034359 1 00010352 00010321 131009 359 43064.4375512963
25.11.2017 10:30:04 +00.16360E+00  0521 034359 1 00010353 00010321 131009 359 43064.4375554514
25.11.2017 10:30:05 +00.16359E+00  0530 034359 1 00010354 00010321 131009 405 43064.4375601505
25.11.2017 10:30:05 +00.16360E+00  0545 034359 1 00010355 00010321 131009 359 43064.437564294
25.11.2017 10:30:05 +00.16360E+00  0554 034359 1 00010356 00010321 131009 359 43064.4375684491
25.11.2017 10:30:06 +00.16360E+00  0575 034359 1 00010357 00010321 131009 406 43064.4375731481
25.11.2017 10:30:06 +00.16360E+00  0601 034359 1 00010358 00010321 131009 358 43064.4375773032
25.11.2017 10:30:07 +00.16360E+00  0615 034359 1 00010359 00010321 131009 359 43064.4375814468
25.11.2017 10:30:07 +00.16360E+00  0631 034359 1 00010360 00010321 131009 406 43064.4375861458
25.11.2017 10:30:07 +00.16360E+00  0648 034359 1 00010361 00010321 131009 359 43064.4375903009
25.11.2017 10:30:08 +00.16360E+00  0667 034359 1 00010362 00010321 131009 358 43064.437594456
25.11.2017 10:30:08 +00.16360E+00  0684 034359 1 00010363 00010321 131009 406 43064.4375991435
25.11.2017 10:30:08 +00.16360E+00  0695 034359 1 00010364 00010321 131009 359 43064.4376032986
25.11.2017 10:30:09 +00.16360E+00  0708 034359 1 00010365 00010321 131009 359 43064.4376074537
25.11.2017 10:30:09 +00.16360E+00  0724 034359 1 00010366 00010321 131009 405 43064.4376121412
25.11.2017 10:30:10 +00.16360E+00  0737 034359 1 00010367 00010321 131009 359 43064.4376162963
25.11.2017 10:30:10 +00.16360E+00  0755 034359 1 00010368 00010321 131009 359 43064.4376204514
25.11.2017 10:30:10 +00.16360E+00  0773 034359 1 00010369 00010321 131009 405 43064.4376251505
25.11.2017 10:30:11 +00.16360E+00  0793 034359 1 00010370 00010321 131009 359 43064.437629294
25.11.2017 10:30:11 +00.16360E+00  0805 034359 1 00010371 00010321 131009 359 43064.4376334491
25.11.2017 10:30:11 +00.16360E+00  0819 034359 1 00010372 00010321 131009 406 43064.4376381481
25.11.2017 10:30:12 +00.16360E+00  0833 034359 1 00010373 00010321 131009 358 43064.4376423032
25.11.2017 10:30:12 +00.16360E+00  0847 034359 1 00010374 00010321 131009 359 43064.4376464468
25.11.2017 10:30:13 +00.16360E+00  0864 034359 1 00010375 00010321 131009 406 43064.4376511458
25.11.2017 10:30:13 +00.16360E+00  0876 034359 1 00010376 00010321 131009 359 43064.4376553009
25.11.2017 10:30:13 +00.16360E+00  0894 034359 1 00010377 00010321 131009 358 43064.437659456
25.11.2017 10:30:14 +00.16360E+00  0913 034359 1 00010378 00010321 131009 406 43064.4376641435
25.11.2017 10:30:14 +00.16360E+00  0940 034359 1 00010379 00010321 131009 359 43064.4376682986
25.11.2017 10:30:14 +00.16360E+00  0955 034359 1 00010380 00010321 131009 359 43064.4376724537
25.11.2017 10:30:15 +00.16360E+00  0962 034359 1 00010381 00010321 131009 405 43064.4376771412
25.11.2017 10:30:15 +00.16360E+00  0976 034359 1 00010382 00010321 131009 359 43064.4376812963
25.11.2017 10:30:16 +00.16360E+00  0999 034359 1 00010383 00010321 131009 359 43064.4376854514
25.11.2017 10:30:16 +00.16359E+00  1016 034359 1 00010384 00010321 131009 405 43064.4376901505
25.11.2017 10:30:16 +00.16360E+00  1028 034359 1 00010385 00010321 131009 359 43064.437694294
25.11.2017 10:30:17 +00.16360E+00  1045 034359 1 00010386 00010321 131009 359 43064.4376984491
25.11.2017 10:30:17 +00.16360E+00  1058 034359 1 00010387 00010321 131009 406 43064.4377031481
25.11.2017 10:30:17 +00.16360E+00  1076 034359 1 00010388 00010321 131009 358 43064.4377073032
25.11.2017 10:30:18 +00.16360E+00  1100 034359 1 00010389 00010321 131009 359 43064.4377114468
25.11.2017 10:30:18 +00.16360E+00  1116 034359 1 00010390 00010321 131009 406 43064.4377161458
25.11.2017 10:30:19 +00.16360E+00  1137 034359 1 00010391 00010321 131009 359 43064.4377203009
25.11.2017 10:30:19 +00.16360E+00  1157 034359 1 00010392 00010321 131009 358 43064.437724456
25.11.2017 10:30:19 +00.16360E+00  1172 034359 1 00010393 00010321 131009 406 43064.4377291435
25.11.2017 10:30:20 +00.16360E+00  1188 034359 1 00010394 00010321 131009 359 43064.4377332986
25.11.2017 10:30:20 +00.16360E+00  1201 034359 1 00010395 00010321 131009 359 43064.4377374537
25.11.2017 10:30:20 +00.16360E+00  1213 034359 1 00010396 00010321 131009 405 43064.4377421412
25.11.2017 10:30:21 +00.16360E+00  1229 034359 1 00010397 00010321 131009 359 43064.4377462963
25.11.2017 10:30:21 +00.16360E+00  1245 034359 1 00010398 00010321 131009 359 43064.4377504514
25.11.2017 10:30:22 +00.16360E+00  1264 034359 1 00010399 00010321 131009 421 43064.4377553241
25.11.2017 10:30:22 +00.16360E+00  1281 034359 1 00010400 00010321 131009 359 43064.4377594792
25.11.2017 10:30:22 +00.16360E+00  1300 034359 1 00010401 00010321 131009 359 43064.4377636343