
25.11.2017 10:30:27 +00.16399E+00  0017 034441 1 00010402 00010402 131009 421 43064.4378170718
25.11.2017 10:30:27 +00.16399E+00  0033 034441 1 00010403 00010402 131009 359 43064.4378212268
25.11.2017 10:30:28 +00.16399E+00  0050 034441 1 00010404 00010402 131009 359 43064.4378253819
25.11.2017 10:30:28 +00.16399E+00  0064 034441 1 00010405 00010402 131009 405 43064.437830081
25.11.2017 10:30:28 +00.16399E+00  0080 034441 1 00010406 00010402 131009 359 43064.4378342245
25.11.2017 10:30:29 +00.16399E+00  0090 034441 1 00010407 00010402 131009 359 43064.4378383796
25.11.2017 10:30:29 +00.16399E+00  0104 034441 1 00010408 00010402 131009 406 43064.4378430787
25.11.2017 10:30:30 +00.16398E+00  0113 034441 1 00010409 00010402 131009 358 43064.4378472338
25.11.2017 10:30:30 +00.16398E+00  0134 034441 1 00010410 00010402 131009 359 43064.4378513773
25.11.2017 10:30:30 +00.16399E+00  0153 034441 1 00010411 00010402 131009 406 43064.4378560764
25.11.2017 10:30:31 +00.16399E+00  0171 034441 1 00010412 00010402 131009 359 43064.4378602315
25.11.2017 10:30:31 +00.16399E+00  0184 034441 1 00010413 00010402 131009 358 43064.4378643866
25.11.2017 10:30:31 +00.16399E+00  0196 034441 1 00010414 00010402 131009 406 43064.4378690741
25.11.2017 10:30:32 +00.16399E+00  0209 034443 1 00010415 00010402 131009 359 43064.4378732292
25.11.2017 10:30:32 +00.16399E+00  0220 034443 1 00010416 00010402 131009 359 43064.4378773843
25.11.2017 10:30:33 +00.16399E+00  0233 034443 1 00010417 00010402 131009 405 43064.4378820718
25.11.2017 10:30:33 +00.16399E+00  0251 034443 1 00010418 00010402 131009 359 43064.4378862268
25.11.2017 10:30:33 +00.16400E+00  0271 034443 1 00010419 00010402 131009 359 43064.4378903819
25.11.2017 10:30:34 +00.16400E+00  0287 034443 1 00010420 00010402 131009 405 43064.437895081
25.11.2017 10:30:34 +00.16400E+00  0308 034443 1 00010421 00010402 131009 359 43064.4378992245
25.11.2017 10:30:34 +00.16400E+00  0324 034443 1 00010422 00010402 131009 359 43064.4379033796
25.11.2017 10:30:35 +00.16400E+00  0337 034443 1 00010423 00010402 131009 406 43064.4379080787
25.11.2017 10:30:35 +00.16400E+00  0356 034443 1 00010424 00010402 131009 358 43064.4379122338
25.11.2017 10:30:35 +00.16400E+00  0371 034443 1 00010425 00010402 131009 359 43064.4379163773
25.11.2017 10:30:36 +00.16400E+00  0386 034443 1 00010426 00010402 131009 406 43064.4379210764
25.11.2017 10:30:36 +00.16400E+00  0399 034443 1 00010427 00010402 131009 359 43064.4379252315
25.11.2017 10:30:37 +00.16400E+00  0410 034443 1 00010428 00010402 131009 358 43064.4379293866
25.11.2017 10:30:37 +00.16400E+00  0427 034443 1 00010429 00010402 131009 406 43064.4379340741
25.11.2017 10:30:37 +00.16400E+00  0441 034443 1 00010430 00010402 131009 359 43064.4379382292
25.11.2017 10:30:38 +00.16400E+00  0459 034443 1 00010431 00010402 131009 359 43064.4379423843
25.11.2017 10:30:38 +00.16400E+00  0469 034443 1 00010432 00010402 131009 405 43064.4379470718
25.11.2017 10:30:38 +00.16400E+00  0487 034443 1 00010433 00010402 131009 359 43064.4379512268
25.11.2017 10:30:39 +00.16400E+00  0497 034443 1 00010434 00010402 131009 359 43064.4379553819
25.11.2017 10:30:39 +00.16400E+00  0510 034443 1 00010435 00010402 131009 405 43064.437960081
25.11.2017 10:30:40 +00.16400E+00  0526 034443 1 00010436 00010402 131009 359 43064.4379642245
25.11.2017 10:30:40 +00.16400E+00  0536 034443 1 00010437 00010402 131009 359 43064.4379683796
25.11.2017 10:30:40 +00.16400E+00  0555 034443 1 00010438 00010402 131009 406 43064.4379730787
25.11.2017 10:30:41 +00.16400E+00  0568 034443 1 00010439 00010402 131009 358 43064.4379772338
25.11.2017 10:30:41 +00.16400E+00  0583 034443 1 00010440 00010402 131009 359 43064.4379813773
25.11.2017 10:30:41 +00.16400E+00  0601 034443 1 00010441 00010402 131009 406 43064.4379860764
25.11.2017 10:30:42 +00.16400E+00  0622 034443 1 00010442 00010402 131009 359 43064.4379902315
25.11.2017 10:30:48 +00.16429E+00  0015 034505 1 00010443 00010443 131009 421 43064.4380577546
25.11.2017 10:30:48 +00.16429E+00  0026 034505 1 00010444 00010443 131009 359 43064.4380619097
25.11.2017 10:30:48 +00.16429E+00  0038 034505 1 00010445 00010443 131009 359 43064.4380660648
25.11.2017 10:30:49 +00.16429E+00  0056 034505 1 00010446 00010443 131009 405 43064.4380707523
25.11.2017 10:30:49 +00.16429E+00  0073 034505 1 00010447 00010443 131009 359 43064.4380749074
25.11.2017 10:30:50 +00.16429E+00  0088 034505 1 00010448 00010443 131009 359 43064.4380790625
25.11.2017 10:30:50 +00.16429E+00  0111 034505 1 00010449 00010443 131009 405 43064.4380837616
25.11.2017 10:30:50 +00.16429E+00  0125 034505 1 00010450 00010443 131009 359 43064.4380879051
25.11.2017 10:30:51 +00.16429E+00  0143 034505 1 00010451 00010443 131009 359 43064.4380920602
25.11.2017 10:30:51 +00.16429E+00  0159 034505 1 00010452 00010443 131009 406 43064.4380967593
25.11.2017 10:30:51 +00.16429E+00  0178 034505 1 00010453 00010443 131009 358 43064.4381009144
25.11.2017 10:30:52 +00.16429E+00  0192 034505 1 00010454 00010443 131009 359 43064.4381050579
25.11.2017 10:30:52 +00.16429E+00  0212 034505 1 00010455 00010443 131009 406 43064.4381097569
25.11.2017 10:30:53 +00.16429E+00  0229 034507 1 00010456 00010443 131009 359 43064.438113912
25.11.2017 10:30:53 +00.16430E+00  0248 034507 1 00010457 00010443 131009 358 43064.4381180671
25.11.2017 10:30:53 +00.16430E+00  0260 034507 1 00010458 00010443 131009 406 43064.4381227546
25.11.2017 10:30:54 +00.16430E+00  0277 034507 1 00010459 00010443 131009 359 43064.4381269097
25.11.2017 10:30:54 +00.16430E+00  0298 034507 1 00010460 00010443 131009 359 43064.4381310648
25.11.2017 10:30:54 +00.16430E+00  0313 034507 1 00010461 00010443 131009 405 43064.4381357523
25.11.2017 10:30:55 +00.16430E+00  0325 034507 1 00010462 00010443 131009 359 43064.4381399074
25.11.2017 10:30:55 +00.16430E+00  0346 034507 1 00010463 00010443 131009 359 43064.4381440625
25.11.2017 10:30:56 +00.16430E+00  0365 034507 1 00010464 00010443 131009 405 43064.4381487616
25.11.2017 10:30:56 +00.16430E+00  0383 034507 1 00010465 00010443 131009 359 43064.4381529051
25.11.2017 10:30:56 +00.16430E+00  0397 034507 1 00010466 00010443 131009 359 43064.4381570602
25.11.2017 10:30:57 +00.16430E+00  0413 034507 1 00010467 00010443 131009 406 43064.4381617593
25.11.2017 10:30:57 +00.16430E+00  0437 034507 1 00010468 00010443 131009 358 43064.4381659144
25.11.2017 10:30:57 +00.16430E+00  0452 034507 1 00010469 00010443 131009 359 43064.4381700579
25.11.2017 10:30:58 +00.16430E+00  0468 034507 1 00010470 00010443 131009 406 43064.4381747569
25.11.2017 10:30:58 +00.16430E+00  0483 034507 1 00010471 00010443 131009 359 43064.438178912
25.11.2017 10:30:59 +00.16430E+00  0495 034507 1 00010472 00010443 131009 358 43064.4381830671
25.11.2017 10:30:59 +00.16430E+00  0515 034507 1 00010473 00010443 131009 406 43064.4381877546
25.11.2017 10:30:59 +00.16430E+00  0534 034507 1 00010474 00010443 131009 359 43064.4381919097
25.11.2017 10:31:00 +00.16430E+00  0551 034507 1 00010475 00010443 131009 359 43064.4381960648
25.11.2017 10:31:00 +00.16430E+00  0563 034507 1 00010476 00010443 131009 405 43064.4382007523
25.11.2017 10:31:00 +00.16430E+00  0582 034507 1 00010477 00010443 131009 359 43064.4382049074
25.11.2017 10:31:01 +00.16430E+00  0594 034507 1 00010478 00010443 131009 359 43064.4382090625
25.11.2017 10:31:01 +00.16430E+00  0613 034507 1 00010479 00010443 131009 405 43064.4382137616
25.11.2017 10:31:02 +00.16430E+00  0628 034507 1 00010480 00010443 131009 359 43064.4382179051
25.11.2017 10:31:02 +00.16430E+00  0640 034507 1 00010481 00010443 131009 359 43064.4382220602
25.11.2017 10:31:02 +00.16430E+00  0660 034507 1 00010482 00010443 131009 406 43064.4382267593
25.11.2017 10:31:03 +00.16430E+00  0675 034507 1 00010483 00010443 131009 358 43064.4382309144
25.11.2017 10:31:08 +00.16460E+00  0012 034569 1 00010484 00010484 131009 358 43064.438293206
25.11.2017 10:31:08 +00.16459E+00  0031 034569 1 00010485 00010484 131009 359 43064.4382973495
25.11.2017 10:31:09 +00.16459E+00  0043 034569 1 00010486 00010484 131009 375 43064.4383016898
25.11.2017 10:31:09 +00.16459E+00  0064 034569 1 00010487 00010484 131009 358 43064.4383058449
25.11.2017 10:31:09 +00.16460E+00  0080 034569 1 00010488 00010484 131009 359 43064.4383099884
25.11.2017 10:31:10 +00.16460E+00  0093 034569 1 00010489 00010484 131009 406 43064.4383146875
25.11.2017 10:31:10 +00.16460E+00  0111 034569 1 00010490 00010484 131009 359 43064.4383188426
25.11.2017 10:31:11 +00.16460E+00  0128 034569 1 00010491 00010484 131009 358 43064.4383229977
25.11.2017 10:31:11 +00.16460E+00  0140 034569 1 00010492 00010484 131009 406 43064.4383276852
25.11.2017 10:31:11 +00.16460E+00  0155 034569 1 00010493 00010484 131009 359 43064.4383318403
25.11.2017 10:31:12 +00.16460E+00  0166 034569 1 00010494 00010484 131009 359 43064.4383359954
25.11.2017 10:31:12 +00.16460E+00  0175 034569 1 00010495 00010484 131009 405 43064.4383406829
25.11.2017 10:31:12 +00.16460E+00  0192 034569 1 00010496 00010484 131009 359 43064.438344838
25.11.2017 10:31:13 +00.16460E+00  0212 034569 1 00010497 00010484 131009 359 43064.4383489931
25.11.2017 10:31:13 +00.16460E+00  0228 034569 1 00010498 00010484 131009 405 43064.4383536921
25.11.2017 10:31:14 +00.16460E+00  0245 034569 1 00010499 00010484 131009 359 43064.4383578357
25.11.2017 10:31:14 +00.16460E+00  0254 034569 1 00010500 00010484 131009 359 43064.4383619907
25.11.2017 10:31:14 +00.16460E+00  0274 034569 1 00010501 00010484 131009 406 43064.4383666898
25.11.2017 10:31:15 +00.16460E+00  0293 034569 1 00010502 00010484 131009 358 43064.4383708449
25.11.2017 10:31:15 +00.16459E+00  0308 034569 1 00010503 00010484 131009 359 43064.4383749884
25.11.2017 10:31:16 +00.16459E+00  0320 034569 1 00010504 00010484 131009 406 43064.4383796875
25.11.2017 10:31:16 +00.16460E+00  0345 034569 1 00010505 00010484 131009 359 43064.4383838426
25.11.2017 10:31:16 +00.16460E+00  0365 034569 1 00010506 00010484 131009 358 43064.4383879977
25.11.2017 10:31:17 +00.16460E+00  0378 034569 1 00010507 00010484 131009 406 43064.4383926852
25.11.2017 10:31:17 +00.16460E+00  0397 034569 1 00010508 00010484 131009 359 43064.4383968403
25.11.2017 10:31:17 +00.16460E+00  0411 034569 1 00010509 00010484 131009 359 43064.4384009954
25.11.2017 10:31:18 +00.16460E+00  0434 034569 1 00010510 00010484 131009 405 43064.4384056829
25.11.2017 10:31:18 +00.16459E+00  0466 034569 1 00010511 00010484 131009 359 43064.438409838
25.11.2017 10:31:18 +00.16460E+00  0479 034571 1 00010512 00010484 131009 359 43064.4384139931
25.11.2017 10:31:19 +00.16460E+00  0498 034571 1 00010513 00010484 131009 405 43064.4384186921
25.11.2017 10:31:19 +00.16460E+00  0519 034571 1 00010514 00010484 131009 359 43064.4384228357
25.11.2017 10:31:20 +00.16460E+00  0532 034571 1 00010515 00010484 131009 359 43064.4384269907
25.11.2017 10:31:20 +00.16461E+00  0548 034571 1 00010516 00010484 131009 406 43064.4384316898
25.11.2017 10:31:20 +00.16461E+00  0563 034571 1 00010517 00010484 131009 358 43064.4384358449
25.11.2017 10:31:21 +00.16461E+00  0579 034571 1 00010518 00010484 131009 359 43064.4384399884
25.11.2017 10:31:21 +00.16461E+00  0590 034571 1 00010519 00010484 131009 406 43064.4384446875
25.11.2017 10:31:21 +00.16461E+00  0610 034571 1 00010520 00010484 131009 359 43064.4384488426
25.11.2017 10:31:22 +00.16460E+00  0621 034571 1 00010521 00010484 131009 358 43064.4384529977
25.11.2017 10:31:22 +00.16461E+00  0636 034571 1 00010522 00010484 131009 406 43064.4384576852
25.11.2017 10:31:23 +00.16461E+00  0657 034571 1 00010523 00010484 131009 359 43064.4384618403
25.11.2017 10:31:23 +00.16461E+00  0674 034571 1 00010524 00010484 131009 359 43064.4384659954
25.11.2017 10:31:23 +00.16461E+00  0685 034571 1 00010525 00010484 131009 405 43064.4384706829
25.11.2017 10:31:29 +00.16489E+00  0015 034631 1 00010526 00010526 131009 359 43064.4385371296
25.11.2017 10:31:29 +00.16489E+00  0029 034631 1 00010527 00010526 131009 359 43064.4385412847
25.11.2017 10:31:30 +00.16489E+00  0047 034631 1 00010528 00010526 131009 374 43064.4385456134
25.11.2017 10:31:30 +00.16489E+00  0062 034631 1 00010529 00010526 131009 359 43064.4385497685
25.11.2017 10:31:31 +00.16489E+00  0084 034631 1 00010530 00010526 131009 359 43064.4385539236
25.11.2017 10:31:31 +00.16489E+00  0098 034631 1 00010531 00010526 131009 405 43064.4385586227
25.11.2017 10:31:31 +00.16489E+00  0119 034631 1 00010532 00010526 131009 359 43064.4385627662
25.11.2017 10:31:32 +00.16489E+00  0134 034631 1 00010533 00010526 131009 359 43064.4385669213
25.11.2017 10:31:32 +00.16489E+00  0146 034631 1 00010534 00010526 131009 406 43064.4385716204
25.11.2017 10:31:32 +00.16489E+00  0165 034631 1 00010535 00010526 131009 358 43064.4385757755
25.11.2017 10:31:33 +00.16489E+00  0181 034631 1 00010536 00010526 131009 359 43064.438579919
25.11.2017 10:31:33 +00.16489E+00  0200 034631 1 00010537 00010526 131009 406 43064.4385846181
25.11.2017 10:31:34 +00.16489E+00  0219 034631 1 00010538 00010526 131009 359 43064.4385887731
25.11.2017 10:31:34 +00.16489E+00  0234 034631 1 00010539 00010526 131009 358 43064.4385929282
25.11.2017 10:31:34 +00.16490E+00  0247 034633 1 00010540 00010526 131009 406 43064.4385976157
25.11.2017 10:31:35 +00.16490E+00  0263 034633 1 00010541 00010526 131009 359 43064.4386017708
25.11.2017 10:31:35 +00.16490E+00  0278 034633 1 00010542 00010526 131009 359 43064.4386059259
25.11.2017 10:31:35 +00.16490E+00  0293 034633 1 00010543 00010526 131009 405 43064.4386106134
25.11.2017 10:31:36 +00.16490E+00  0306 034633 1 00010544 00010526 131009 359 43064.4386147685
25.11.2017 10:31:36 +00.16490E+00  0318 034633 1 00010545 00010526 131009 359 43064.4386189236
25.11.2017 10:31:37 +00.16490E+00  0331 034633 1 00010546 00010526 131009 405 43064.4386236227
25.11.2017 10:31:37 +00.16490E+00  0349 034633 1 00010547 00010526 131009 359 43064.4386277662
25.11.2017 10:31:37 +00.16490E+00  0367 034633 1 00010548 00010526 131009 359 43064.4386319213
25.11.2017 10:31:38 +00.16490E+00  0378 034633 1 00010549 00010526 131009 406 43064.4386366204
25.11.2017 10:31:38 +00.16490E+00  0394 034633 1 00010550 00010526 131009 358 43064.4386407755
25.11.2017 10:31:38 +00.16490E+00  0414 034633 1 00010551 00010526 131009 359 43064.438644919
25.11.2017 10:31:39 +00.16490E+00  0430 034633 1 00010552 00010526 131009 406 43064.4386496181
25.11.2017 10:31:39 +00.16490E+00  0445 034633 1 00010553 00010526 131009 359 43064.4386537731
25.11.2017 10:31:40 +00.16490E+00  0459 034633 1 00010554 00010526 131009 358 43064.4386579282
25.11.2017 10:31:40 +00.16490E+00  0475 034633 1 00010555 00010526 131009 406 43064.4386626157
25.11.2017 10:31:40 +00.16490E+00  0492 034633 1 00010556 00010526 131009 359 43064.4386667708
25.11.2017 10:31:41 +00.16490E+00  0499 034633 1 00010557 00010526 131009 359 43064.4386709259
25.11.2017 10:31:41 +00.16490E+00  0509 034633 1 00010558 00010526 131009 405 43064.4386756134
25.11.2017 10:31:41 +00.16490E+00  0523 034633 1 00010559 00010526 131009 359 43064.4386797685
25.11.2017 10:31:42 +00.16490E+00  0535 034633 1 00010560 00010526 131009 359 43064.4386839236
25.11.2017 10:31:42 +00.16490E+00  0557 034633 1 00010561 00010526 131009 405 43064.4386886227
25.11.2017 10:31:43 +00.16490E+00  0578 034633 1 00010562 00010526 131009 359 43064.4386927662
25.11.2017 10:31:43 +00.16490E+00  0593 034633 1 00010563 00010526 131009 359 43064.4386969213
25.11.2017 10:31:43 +00.16490E+00  0606 034633 1 00010564 00010526 131009 406 43064.4387016204
25.11.2017 10:31:44 +00.16490E+00  0622 034633 1 00010565 00010526 131009 358 43064.4387057755
25.11.2017 10:31:44 +00.16490E+00  0639 034633 1 00010566 00010526 131009 359 43064.438709919
25.11.2017 10:31:50 +00.16520E+00  0012 034695 1 00010567 00010567 131009 421 43064.4387732986
25.11.2017 10:31:50 +00.16519E+00  0032 034695 1 00010568 00010567 131009 359 43064.4387774537
25.11.2017 10:31:50 +00.16520E+00  0042 034695 1 00010569 00010567 131009 358 43064.4387816088
25.11.2017 10:31:51 +00.16520E+00  0057 034695 1 00010570 00010567 131009 406 43064.4387862963
25.11.2017 10:31:51 +00.16519E+00  0074 034695 1 00010571 00010567 131009 359 43064.4387904514
25.11.2017 10:31:51 +00.16519E+00  0090 034695 1 00010572 00010567 131009 359 43064.4387946065
25.11.2017 10:31:52 +00.16520E+00  0106 034695 1 00010573 00010567 131009 405 43064.438799294
25.11.2017 10:31:52 +00.16520E+00  0126 034695 1 00010574 00010567 131009 359 43064.4388034491
25.11.2017 10:31:52 +00.16519E+00  0147 034695 1 00010575 00010567 131009 359 43064.4388076042
25.11.2017 10:31:53 +00.16520E+00  0161 034695 1 00010576 00010567 131009 405 43064.4388123032
25.11.2017 10:31:53 +00.16520E+00  0177 034695 1 00010577 00010567 131009 359 43064.4388164468
25.11.2017 10:31:54 +00.16520E+00  0191 034695 1 00010578 00010567 131009 359 43064.4388206018
25.11.2017 10:31:54 +00.16520E+00  0203 034695 1 00010579 00010567 131009 406 43064.4388253009
25.11.2017 10:31:54 +00.16519E+00  0220 034695 1 00010580 00010567 131009 358 43064.438829456
25.11.2017 10:31:55 +00.16520E+00  0233 034697 1 00010581 00010567 131009 359 43064.4388335995
25.11.2017 10:31:55 +00.16520E+00  0243 034697 1 00010582 00010567 131009 406 43064.4388382986
25.11.2017 10:31:55 +00.16520E+00  0253 034697 1 00010583 00010567 131009 359 43064.4388424537
25.11.2017 10:31:56 +00.16520E+00  0265 034697 1 00010584 00010567 131009 358 43064.4388466088
25.11.2017 10:31:56 +00.16521E+00  0279 034697 1 00010585 00010567 131009 406 43064.4388512963
25.11.2017 10:31:57 +00.16521E+00  0298 034697 1 00010586 00010567 131009 359 43064.4388554514
25.11.2017 10:31:57 +00.16521E+00  0313 034697 1 00010587 00010567 131009 359 43064.4388596065
25.11.2017 10:31:57 +00.16520E+00  0329 034697 1 00010588 00010567 131009 405 43064.438864294
25.11.2017 10:31:58 +00.16521E+00  0338 034697 1 00010589 00010567 131009 359 43064.4388684491
25.11.2017 10:31:58 +00.16520E+00  0357 034697 1 00010590 00010567 131009 359 43064.4388726042
25.11.2017 10:31:58 +00.16521E+00  0372 034697 1 00010591 00010567 131009 405 43064.4388773032
25.11.2017 10:31:59 +00.16520E+00  0391 034697 1 00010592 00010567 131009 359 43064.4388814468
25.11.2017 10:31:59 +00.16520E+00  0400 034697 1 00010593 00010567 131009 359 43064.4388856018
25.11.2017 10:32:00 +00.16520E+00  0418 034697 1 00010594 00010567 131009 406 43064.4388903009
25.11.2017 10:32:00 +00.16520E+00  0442 034697 1 00010595 00010567 131009 358 43064.438894456
25.11.2017 10:32:00 +00.16520E+00  0458 034697 1 00010596 00010567 131009 359 43064.4388985995
25.11.2017 10:32:01 +00.16520E+00  0476 034697 1 00010597 00010567 131009 406 43064.4389032986
25.11.2017 10:32:01 +00.16521E+00  0490 034697 1 00010598 00010567 131009 359 43064.4389074537
25.11.2017 10:32:01 +00.16521E+00  0505 034697 1 00010599 00010567 131009 358 43064.4389116088
25.11.2017 10:32:02 +00.16521E+00  0519 034697 1 00010600 00010567 131009 406 43064.4389162963
25.11.2017 10:32:02 +00.16521E+00  0545 034697 1 00010601 00010567 131009 359 43064.4389204514
25.11.2017 10:32:03 +00.16520E+00  0557 034697 1 00010602 00010567 131009 359 43064.4389246065
25.11.2017 10:32:03 +00.16521E+00  0565 034697 1 00010603 00010567 131009 405 43064.438929294
25.11.2017 10:32:03 +00.16520E+00  0579 034697 1 00010604 00010567 131009 359 43064.4389334491
25.11.2017 10:32:04 +00.16520E+00  0589 034697 1 00010605 00010567 131009 359 43064.4389376042
25.11.2017 10:32:04 +00.16521E+00  0609 034697 1 00010606 00010567 131009 405 43064.4389423032
25.11.2017 10:32:04 +00.16521E+00  0626 034697 1 00010607 00010567 131009 359 43064.4389464468
25.11.2017 10:32:05 +00.16521E+00  0652 034697 1 00010608 00010567 131009 359 43064.4389506018
25.11.2017 10:32:10 +00.16550E+00  0017 034759 1 00010609 00010609 131009 422 43064.4390139815
25.11.2017 10:32:11 +00.16550E+00  0027 034759 1 00010610 00010609 131009 358 43064.4390181366
25.11.2017 10:32:11 +00.16550E+00  0043 034759 1 00010611 00010609 131009 359 43064.4390222801
25.11.2017 10:32:11 +00.16550E+00  0063 034759 1 00010612 00010609 131009 406 43064.4390269792
25.11.2017 10:32:12 +00.16550E+00  0086 034759 1 00010613 00010609 131009 359 43064.4390311343
25.11.2017 10:32:12 +00.16550E+00  0092 034759 1 00010614 00010609 131009 358 43064.4390352894
25.11.2017 10:32:13 +00.16550E+00  0103 034759 1 00010615 00010609 131009 406 43064.4390399769
25.11.2017 10:32:13 +00.16550E+00  0123 034759 1 00010616 00010609 131009 359 43064.4390441319
25.11.2017 10:32:13 +00.16550E+00  0132 034759 1 00010617 00010609 131009 359 43064.439048287
25.11.2017 10:32:14 +00.16550E+00  0146 034759 1 00010618 00010609 131009 405 43064.4390529745
25.11.2017 10:32:14 +00.16550E+00  0165 034759 1 00010619 00010609 131009 359 43064.4390571296
25.11.2017 10:32:14 +00.16550E+00  0178 034759 1 00010620 00010609 131009 359 43064.4390612847
25.11.2017 10:32:15 +00.16550E+00  0193 034759 1 00010621 00010609 131009 405 43064.4390659838
25.11.2017 10:32:15 +00.16550E+00  0211 034759 1 00010622 00010609 131009 359 43064.4390701273
25.11.2017 10:32:16 +00.16550E+00  0225 034759 1 00010623 00010609 131009 359 43064.4390742824
25.11.2017 10:32:16 +00.16550E+00  0235 034759 1 00010624 00010609 131009 406 43064.4390789815
25.11.2017 10:32:16 +00.16550E+00  0243 034759 1 00010625 00010609 131009 358 43064.4390831366
25.11.2017 10:32:17 +00.16550E+00  0262 034759 1 00010626 00010609 131009 359 43064.4390872801
25.11.2017 10:32:17 +00.16550E+00  0284 034759 1 00010627 00010609 131009 406 43064.4390919792
25.11.2017 10:32:17 +00.16550E+00  0299 034759 1 00010628 00010609 131009 359 43064.4390961343
25.11.2017 10:32:18 +00.16550E+00  0313 034759 1 00010629 00010609 131009 358 43064.4391002894
25.11.2017 10:32:18 +00.16550E+00  0322 034759 1 00010630 00010609 131009 406 43064.4391049769
25.11.2017 10:32:19 +00.16550E+00  0336 034759 1 00010631 00010609 131009 359 43064.4391091319
25.11.2017 10:32:19 +00.16550E+00  0349 034759 1 00010632 00010609 131009 359 43064.439113287
25.11.2017 10:32:19 +00.16550E+00  0366 034759 1 00010633 00010609 131009 405 43064.4391179745
25.11.2017 10:32:20 +00.16550E+00  0395 034759 1 00010634 00010609 131009 359 43064.4391221296
25.11.2017 10:32:20 +00.16550E+00  0409 034759 1 00010635 00010609 131009 359 43064.4391262847
25.11.2017 10:32:20 +00.16550E+00  0427 034759 1 00010636 00010609 131009 405 43064.4391309838
25.11.2017 10:32:21 +00.16550E+00  0441 034759 1 00010637 00010609 131009 359 43064.4391351273
25.11.2017 10:32:21 +00.16550E+00  0453 034759 1 00010638 00010609 131009 359 43064.4391392824
25.11.2017 10:32:22 +00.16550E+00  0467 034759 1 00010639 00010609 131009 406 43064.4391439815
25.11.2017 10:32:22 +00.16550E+00  0487 034759 1 00010640 00010609 131009 358 43064.4391481366
25.11.2017 10:32:22 +00.16550E+00  0502 034759 1 00010641 00010609 131009 359 43064.4391522801
25.11.2017 10:32:23 +00.16550E+00  0515 034759 1 00010642 00010609 131009 406 43064.4391569792
25.11.2017 10:32:23 +00.16550E+00  0531 034759 1 00010643 00010609 131009 359 43064.4391611343
25.11.2017 10:32:23 +00.16550E+00  0545 034759 1 00010644 00010609 131009 358 43064.4391652894
25.11.2017 10:32:24 +00.16550E+00  0561 034759 1 00010645 00010609 131009 406 43064.4391699769
25.11.2017 10:32:24 +00.16550E+00  0570 034759 1 00010646 00010609 131009 359 43064.4391741319
25.11.2017 10:32:25 +00.16550E+00  0584 034759 1 00010647 00010609 131009 359 43064.439178287
25.11.2017 10:32:25 +00.16550E+00  0592 034759 1 00010648 00010609 131009 405 43064.4391829745
25.11.2017 10:32:25 +00.16550E+00  0612 034759 1 00010649 00010609 131009 359 43064.4391871296
25.11.2017 10:32:26 +00.16550E+00  0623 034759 1 00010650 00010609 131009 359 43064.4391912847
25.11.2017 10:32:31 +00.16580E+00  0020 034821 1 00010651 00010651 131009 421 43064.4392546644
25.11.2017 10:32:31 +00.16580E+00  0042 034821 1 00010652 00010651 131009 359 43064.4392588079
25.11.2017 10:32:32 +00.16580E+00  0067 034821 1 00010653 00010651 131009 359 43064.439262963
25.11.2017 10:32:32 +00.16580E+00  0076 034821 1 00010654 00010651 131009 406 43064.439267662
25.11.2017 10:32:33 +00.16580E+00  0088 034821 1 00010655 00010651 131009 358 43064.4392718171
25.11.2017 10:32:33 +00.16580E+00  0106 034821 1 00010656 00010651 131009 359 43064.4392759606
25.11.2017 10:32:33 +00.16580E+00  0119 034821 1 00010657 00010651 131009 406 43064.4392806597
25.11.2017 10:32:34 +00.16580E+00  0136 034821 1 00010658 00010651 131009 359 43064.4392848148
25.11.2017 10:32:34 +00.16580E+00  0145 034821 1 00010659 00010651 131009 358 43064.4392889699
25.11.2017 10:32:34 +00.16580E+00  0158 034821 1 00010660 00010651 131009 406 43064.4392936574
25.11.2017 10:32:35 +00.16580E+00  0178 034821 1 00010661 00010651 131009 359 43064.4392978125
25.11.2017 10:32:35 +00.16580E+00  0195 034821 1 00010662 00010651 131009 359 43064.4393019676
25.11.2017 10:32:36 +00.16580E+00  0214 034821 1 00010663 00010651 131009 405 43064.4393066551
25.11.2017 10:32:36 +00.16580E+00  0226 034821 1 00010664 00010651 131009 359 43064.4393108102
25.11.2017 10:32:36 +00.16580E+00  0241 034821 1 00010665 00010651 131009 359 43064.4393149653
25.11.2017 10:32:37 +00.16580E+00  0251 034821 1 00010666 00010651 131009 405 43064.4393196644
25.11.2017 10:32:37 +00.16580E+00  0266 034821 1 00010667 00010651 131009 359 43064.4393238079
25.11.2017 10:32:37 +00.16580E+00  0286 034821 1 00010668 00010651 131009 359 43064.439327963
25.11.2017 10:32:38 +00.16580E+00  0298 034821 1 00010669 00010651 131009 406 43064.439332662
25.11.2017 10:32:38 +00.16580E+00  0317 034821 1 00010670 00010651 131009 358 43064.4393368171
25.11.2017 10:32:39 +00.16580E+00  0328 034821 1 00010671 00010651 131009 359 43064.4393409606
25.11.2017 10:32:39 +00.16580E+00  0340 034821 1 00010672 00010651 131009 406 43064.4393456597
25.11.2017 10:32:39 +00.16580E+00  0357 034821 1 00010673 00010651 131009 359 43064.4393498148
25.11.2017 10:32:40 +00.16580E+00  0368 034821 1 00010674 00010651 131009 358 43064.4393539699
25.11.2017 10:32:40 +00.16580E+00  0382 034821 1 00010675 00010651 131009 406 43064.4393586574
25.11.2017 10:32:40 +00.16580E+00  0385 034821 1 00010676 00010651 131009 359 43064.4393628125
25.11.2017 10:32:41 +00.16580E+00  0398 034821 1 00010677 00010651 131009 359 43064.4393669676
25.11.2017 10:32:41 +00.16580E+00  0409 034821 1 00010678 00010651 131009 405 43064.4393716551
25.11.2017 10:32:42 +00.16580E+00  0431 034821 1 00010679 00010651 131009 359 43064.4393758102
25.11.2017 10:32:42 +00.16580E+00  0442 034821 1 00010680 00010651 131009 359 43064.4393799653
25.11.2017 10:32:42 +00.16580E+00  0457 034821 1 00010681 00010651 131009 405 43064.4393846644
25.11.2017 10:32:43 +00.16580E+00  0472 034821 1 00010682 00010651 131009 359 43064.4393888079
25.11.2017 10:32:43 +00.16580E+00  0486 034821 1 00010683 00010651 131009 359 43064.439392963
25.11.2017 10:32:43 +00.16580E+00  0502 034821 1 00010684 00010651 131009 406 43064.439397662
25.11.2017 10:32:44 +00.16580E+00  0522 034821 1 00010685 00010651 131009 358 43064.4394018171
25.11.2017 10:32:44 +00.16580E+00  0534 034821 1 00010686 00010651 131009 359 43064.4394059606
25.11.2017 10:32:45 +00.16580E+00  0548 034821 1 00010687 00010651 131009 406 43064.4394106597
25.11.2017 10:32:45 +00.16580E+00  0567 034821 1 00010688 00010651 131009 359 43064.4394148148
25.11.2017 10:32:45 +00.16580E+00  0580 034821 1 00010689 00010651 131009 358 43064.4394189699
25.11.2017 10:32:46 +00.16580E+00  0594 034821 1 00010690 00010651 131009 406 43064.4394236574
25.11.2017 10:32:46 +00.16580E+00  0611 034821 1 00010691 00010651 131009 359 43064.4394278125
25.11.2017 10:32:46 +00.16580E+00  0625 034821 1 00010692 00010651 131009 359 43064.4394319676
25.11.2017 10:32:52 +00.16610E+00  0013 034885 1 00010693 00010693 131009 422 43064.439495162
25.11.2017 10:32:52 +00.16610E+00  0027 034885 1 00010694 00010693 131009 359 43064.4394994907
25.11.2017 10:32:53 +00.16610E+00  0039 034885 1 00010695 00010693 131009 359 43064.4395036458
25.11.2017 10:32:53 +00.16610E+00  0054 034885 1 00010696 00010693 131009 405 43064.4395083449
25.11.2017 10:32:53 +00.16610E+00  0058 034885 1 00010697 00010693 131009 359 43064.4395124884
25.11.2017 10:32:54 +00.16610E+00  0074 034885 1 00010698 00010693 131009 359 43064.4395166435
25.11.2017 10:32:54 +00.16610E+00  0085 034885 1 00010699 00010693 131009 406 43064.4395213426
25.11.2017 10:32:55 +00.16610E+00  0104 034885 1 00010700 00010693 131009 358 43064.4395254977
25.11.2017 10:32:55 +00.16610E+00  0119 034885 1 00010701 00010693 131009 359 43064.4395296412
25.11.2017 10:32:55 +00.16610E+00  0134 034885 1 00010702 00010693 131009 406 43064.4395343403
25.11.2017 10:32:56 +00.16610E+00  0155 034885 1 00010703 00010693 131009 359 43064.4395384954
25.11.2017 10:32:56 +00.16610E+00  0170 034885 1 00010704 00010693 131009 358 43064.4395426505
25.11.2017 10:32:56 +00.16610E+00  0188 034885 1 00010705 00010693 131009 406 43064.439547338
25.11.2017 10:32:57 +00.16610E+00  0202 034885 1 00010706 00010693 131009 359 43064.4395514931
25.11.2017 10:32:57 +00.16610E+00  0224 034885 1 00010707 00010693 131009 359 43064.4395556481
25.11.2017 10:32:58 +00.16610E+00  0239 034885 1 00010708 00010693 131009 405 43064.4395603356
25.11.2017 10:32:58 +00.16610E+00  0255 034885 1 00010709 00010693 131009 359 43064.4395644907
25.11.2017 10:32:58 +00.16610E+00  0271 034885 1 00010710 00010693 131009 359 43064.4395686458
25.11.2017 10:32:59 +00.16611E+00  0296 034885 1 00010711 00010693 131009 405 43064.4395733449
25.11.2017 10:32:59 +00.16610E+00  0314 034885 1 00010712 00010693 131009 359 43064.4395774884
25.11.2017 10:32:59 +00.16610E+00  0330 034885 1 00010713 00010693 131009 359 43064.4395816435
25.11.2017 10:33:00 +00.16610E+00  0348 034885 1 00010714 00010693 131009 406 43064.4395863426
25.11.2017 10:33:00 +00.16610E+00  0366 034885 1 00010715 00010693 131009 358 43064.4395904977
25.11.2017 10:33:00 +00.16610E+00  0376 034885 1 00010716 00010693 131009 359 43064.4395946412
25.11.2017 10:33:01 +00.16610E+00  0392 034885 1 00010717 00010693 131009 406 43064.4395993403
25.11.2017 10:33:01 +00.16610E+00  0416 034885 1 00010718 00010693 131009 359 43064.4396034954
25.11.2017 10:33:02 +00.16610E+00  0428 034885 1 00010719 00010693 131009 358 43064.4396076505
25.11.2017 10:33:02 +00.16610E+00  0445 034885 1 00010720 00010693 131009 406 43064.439612338
25.11.2017 10:33:02 +00.16610E+00  0454 034885 1 00010721 00010693 131009 359 43064.4396164931
25.11.2017 10:33:03 +00.16610E+00  0468 034885 1 00010722 00010693 131009 359 43064.4396206481
25.11.2017 10:33:03 +00.16610E+00  0485 034885 1 00010723 00010693 131009 405 43064.4396253356
25.11.2017 10:33:03 +00.16610E+00  0503 034885 1 00010724 00010693 131009 359 43064.4396294907
25.11.2017 10:33:04 +00.16610E+00  0512 034885 1 00010725 00010693 131009 359 43064.4396336458
25.11.2017 10:33:04 +00.16610E+00  0528 034885 1 00010726 00010693 131009 405 43064.4396383449
25.11.2017 10:33:05 +00.16610E+00  0541 034885 1 00010727 00010693 131009 359 43064.4396424884
25.11.2017 10:33:05 +00.16610E+00  0554 034885 1 00010728 00010693 131009 359 43064.4396466435
25.11.2017 10:33:05 +00.16610E+00  0571 034885 1 00010729 00010693 131009 406 43064.4396513426
25.11.2017 10:33:06 +00.16610E+00  0590 034885 1 00010730 00010693 131009 358 43064.4396554977
25.11.2017 10:33:06 +00.16610E+00  0607 034885 1 00010731 00010693 131009 359 43064.4396596412
25.11.2017 10:33:06 +00.16610E+00  0619 034885 1 00010732 00010693 131009 406 43064.4396643403
25.11.2017 10:33:07 +00.16610E+00  0635 034885 1 00010733 00010693 131009 359 43064.4396684954
25.11.2017 10:33:07 +00.16610E+00  0648 034885 1 00010734 00010693 131009 358 43064.4396726505
25.11.2017 10:33:13 +00.16640E+00  0018 034947 1 00010735 00010735 131009 405 43064.4397358449
25.11.2017 10:33:13 +00.16640E+00  0041 034947 1 00010736 00010735 131009 359 43064.4397399884
25.11.2017 10:33:13 +00.16640E+00  0050 034947 1 00010737 00010735 131009 359 43064.4397441435
25.11.2017 10:33:14 +00.16640E+00  0062 034947 1 00010738 00010735 131009 421 43064.4397490162
25.11.2017 10:33:14 +00.16640E+00  0077 034947 1 00010739 00010735 131009 359 43064.4397531713
25.11.2017 10:33:15 +00.16640E+00  0096 034947 1 00010740 00010735 131009 359 43064.4397573264
25.11.2017 10:33:15 +00.16640E+00  0108 034947 1 00010741 00010735 131009 405 43064.4397620255
25.11.2017 10:33:15 +00.16640E+00  0126 034947 1 00010742 00010735 131009 359 43064.439766169
25.11.2017 10:33:16 +00.16640E+00  0140 034947 1 00010743 00010735 131009 359 43064.4397703241
25.11.2017 10:33:16 +00.16640E+00  0160 034947 1 00010744 00010735 131009 406 43064.4397750232
25.11.2017 10:33:16 +00.16640E+00  0172 034947 1 00010745 00010735 131009 358 43064.4397791782
25.11.2017 10:33:17 +00.16640E+00  0191 034947 1 00010746 00010735 131009 359 43064.4397833218
25.11.2017 10:33:17 +00.16640E+00  0206 034947 1 00010747 00010735 131009 406 43064.4397880208
25.11.2017 10:33:18 +00.16640E+00  0222 034947 1 00010748 00010735 131009 359 43064.4397921759
25.11.2017 10:33:18 +00.16640E+00  0234 034947 1 00010749 00010735 131009 358 43064.439796331
25.11.2017 10:33:18 +00.16640E+00  0248 034947 1 00010750 00010735 131009 406 43064.4398010185
25.11.2017 10:33:19 +00.16640E+00  0269 034947 1 00010751 00010735 131009 359 43064.4398051736
25.11.2017 10:33:19 +00.16640E+00  0279 034947 1 00010752 00010735 131009 359 43064.4398093287
25.11.2017 10:33:19 +00.16639E+00  0297 034947 1 00010753 00010735 131009 405 43064.4398140162
25.11.2017 10:33:20 +00.16640E+00  0315 034947 1 00010754 00010735 131009 359 43064.4398181713
25.11.2017 10:33:20 +00.16640E+00  0328 034947 1 00010755 00010735 131009 359 43064.4398223264
25.11.2017 10:33:21 +00.16640E+00  0345 034947 1 00010756 00010735 131009 405 43064.4398270255
25.11.2017 10:33:21 +00.16640E+00  0360 034947 1 00010757 00010735 131009 359 43064.439831169
25.11.2017 10:33:21 +00.16640E+00  0373 034947 1 00010758 00010735 131009 359 43064.4398353241
25.11.2017 10:33:22 +00.16640E+00  0382 034947 1 00010759 00010735 131009 406 43064.4398400232
25.11.2017 10:33:22 +00.16640E+00  0395 034947 1 00010760 00010735 131009 358 43064.4398441782
25.11.2017 10:33:22 +00.16640E+00  0408 034947 1 00010761 00010735 131009 359 43064.4398483218
25.11.2017 10:33:23 +00.16640E+00  0422 034947 1 00010762 00010735 131009 406 43064.4398530208
25.11.2017 10:33:23 +00.16639E+00  0443 034947 1 00010763 00010735 131009 359 43064.4398571759
25.11.2017 10:33:24 +00.16640E+00  0459 034947 1 00010764 00010735 131009 358 43064.439861331
25.11.2017 10:33:24 +00.16640E+00  0474 034947 1 00010765 00010735 131009 406 43064.4398660185
25.11.2017 10:33:24 +00.16640E+00  0485 034947 1 00010766 00010735 131009 359 43064.4398701736
25.11.2017 10:33:25 +00.16639E+00  0495 034947 1 00010767 00010735 131009 359 43064.4398743287
25.11.2017 10:33:25 +00.16640E+00  0512 034947 1 00010768 00010735 131009 405 43064.4398790162
25.11.2017 10:33:25 +00.16640E+00  0527 034947 1 00010769 00010735 131009 359 43064.4398831713
25.11.2017 10:33:26 +00.16640E+00  0546 034947 1 00010770 00010735 131009 359 43064.4398873264
25.11.2017 10:33:26 +00.16640E+00  0553 034947 1 00010771 00010735 131009 405 43064.4398920255
25.11.2017 10:33:27 +00.16640E+00  0565 034947 1 00010772 00010735 131009 359 43064.439896169
25.11.2017 10:33:27 +00.16640E+00  0590 034947 1 00010773 00010735 131009 359 43064.4399003241
25.11.2017 10:33:27 +00.16639E+00  0599 034947 1 00010774 00010735 131009 406 43064.4399050232
25.11.2017 10:33:28 +00.16640E+00  0617 034947 1 00010775 00010735 131009 358 43064.4399091782
25.11.2017 10:33:28 +00.16640E+00  0630 034947 1 00010776 00010735 131009 359 43064.4399133218
25.11.2017 10:33:33 +00.16669E+00  0014 035008 1 00010777 00010777 131009 421 43064.4399765162
25.11.2017 10:33:34 +00.16669E+00  0029 035008 1 00010778 00010777 131009 359 43064.4399806713
25.11.2017 10:33:34 +00.16669E+00  0040 035008 1 00010779 00010777 131009 359 43064.4399848264
25.11.2017 10:33:35 +00.16669E+00  0063 035008 1 00010780 00010777 131009 421 43064.4399896991
25.11.2017 10:33:35 +00.16669E+00  0076 035008 1 00010781 00010777 131009 359 43064.4399938542
25.11.2017 10:33:35 +00.16669E+00  0090 035008 1 00010782 00010777 131009 359 43064.4399980093
25.11.2017 10:33:36 +00.16669E+00  0104 035008 1 00010783 00010777 131009 405 43064.4400026968
25.11.2017 10:33:36 +00.16669E+00  0132 035008 1 00010784 00010777 131009 359 43064.4400068519
25.11.2017 10:33:36 +00.16669E+00  0147 035008 1 00010785 00010777 131009 359 43064.4400110069
25.11.2017 10:33:37 +00.16669E+00  0167 035008 1 00010786 00010777 131009 405 43064.440015706
25.11.2017 10:33:37 +00.16669E+00  0191 035008 1 00010787 00010777 131009 359 43064.4400198495
25.11.2017 10:33:38 +00.16669E+00  0206 035008 1 00010788 00010777 131009 359 43064.4400240046
25.11.2017 10:33:38 +00.16669E+00  0223 035008 1 00010789 00010777 131009 406 43064.4400287037
25.11.2017 10:33:38 +00.16669E+00  0236 035008 1 00010790 00010777 131009 358 43064.4400328588
25.11.2017 10:33:39 +00.16669E+00  0262 035010 1 00010791 00010777 131009 359 43064.4400370023
25.11.2017 10:33:39 +00.16669E+00  0280 035010 1 00010792 00010777 131009 406 43064.4400417014
25.11.2017 10:33:39 +00.16669E+00  0294 035010 1 00010793 00010777 131009 359 43064.4400458565
25.11.2017 10:33:40 +00.16670E+00  0307 035010 1 00010794 00010777 131009 358 43064.4400500116
25.11.2017 10:33:40 +00.16670E+00  0326 035010 1 00010795 00010777 131009 406 43064.4400546991
25.11.2017 10:33:41 +00.16670E+00  0348 035010 1 00010796 00010777 131009 359 43064.4400588542
25.11.2017 10:33:41 +00.16670E+00  0372 035010 1 00010797 00010777 131009 359 43064.4400630093
25.11.2017 10:33:41 +00.16670E+00  0390 035010 1 00010798 00010777 131009 405 43064.4400676968
25.11.2017 10:33:42 +00.16670E+00  0407 035010 1 00010799 00010777 131009 359 43064.4400718519
25.11.2017 10:33:42 +00.16670E+00  0425 035010 1 00010800 00010777 131009 359 43064.4400760069
25.11.2017 10:33:42 +00.16670E+00  0442 035010 1 00010801 00010777 131009 405 43064.440080706
25.11.2017 10:33:43 +00.16670E+00  0459 035010 1 00010802 00010777 131009 359 43064.4400848495
25.11.2017 10:33:43 +00.16670E+00  0471 035010 1 00010803 00010777 131009 359 43064.4400890046
25.11.2017 10:33:44 +00.16670E+00  0482 035010 1 00010804 00010777 131009 406 43064.4400937037
25.11.2017 10:33:44 +00.16670E+00  0497 035010 1 00010805 00010777 131009 358 43064.4400978588
25.11.2017 10:33:44 +00.16670E+00  0516 035010 1 00010806 00010777 131009 359 43064.4401020023
25.11.2017 10:33:45 +00.16670E+00  0531 035010 1 00010807 00010777 131009 406 43064.4401067014
25.11.2017 10:33:45 +00.16670E+00  0555 035010 1 00010808 00010777 131009 359 43064.4401108565
25.11.2017 10:33:45 +00.16670E+00  0571 035010 1 00010809 00010777 131009 358 43064.4401150116
25.11.2017 10:33:46 +00.16670E+00  0586 035010 1 00010810 00010777 131009 406 43064.4401196991
25.11.2017 10:33:46 +00.16670E+00  0613 035010 1 00010811 00010777 131009 359 43064.4401238542
25.11.2017 10:33:47 +00.16670E+00  0632 035010 1 00010812 00010777 131009 359 43064.4401280093
25.11.2017 10:33:47 +00.16670E+00  0643 035010 1 00010813 00010777 131009 405 43064.4401326968
25.11.2017 10:33:47 +00.16670E+00  0663 035010 1 00010814 00010777 131009 359 43064.4401368519
25.11.2017 10:33:48 +00.16670E+00  0673 035010 1 00010815 00010777 131009 359 43064.4401410069
25.11.2017 10:33:48 +00.16670E+00  0688 035010 1 00010816 00010777 131009 405 43064.440145706
25.11.2017 10:33:48 +00.16670E+00  0703 035010 1 00010817 00010777 131009 359 43064.4401498495
25.11.2017 10:33:49 +00.16670E+00  0720 035010 1 00010818 00010777 131009 359 43064.4401540046
25.11.2017 10:33:54 +00.16699E+00  0018 035071 1 00010819 00010819 131009 406 43064.4402171991
25.11.2017 10:33:55 +00.16699E+00  0042 035071 1 00010820 00010819 131009 359 43064.4402213542
25.11.2017 10:33:55 +00.16699E+00  0061 035071 1 00010821 00010819 131009 359 43064.4402255093
25.11.2017 10:33:55 +00.16699E+00  0078 035071 1 00010822 00010819 131009 405 43064.4402301968
25.11.2017 10:33:56 +00.16699E+00  0092 035071 1 00010823 00010819 131009 359 43064.4402343519
25.11.2017 10:33:56 +00.16699E+00  0106 035071 1 00010824 00010819 131009 359 43064.4402385069
25.11.2017 10:33:57 +00.16699E+00  0127 035071 1 00010825 00010819 131009 421 43064.4402433796
25.11.2017 10:33:57 +00.16699E+00  0138 035071 1 00010826 00010819 131009 359 43064.4402475347
25.11.2017 10:33:57 +00.16699E+00  0158 035071 1 00010827 00010819 131009 359 43064.4402516898
25.11.2017 10:33:58 +00.16699E+00  0173 035071 1 00010828 00010819 131009 405 43064.4402563773
25.11.2017 10:33:58 +00.16699E+00  0189 035071 1 00010829 00010819 131009 359 43064.4402605324
25.11.2017 10:33:58 +00.16699E+00  0209 035071 1 00010830 00010819 131009 359 43064.4402646875
25.11.2017 10:33:59 +00.16699E+00  0225 035071 1 00010831 00010819 131009 405 43064.4402693866
25.11.2017 10:33:59 +00.16699E+00  0240 035071 1 00010832 00010819 131009 359 43064.4402735301
25.11.2017 10:33:59 +00.16699E+00  0268 035073 1 00010833 00010819 131009 359 43064.4402776852
25.11.2017 10:34:00 +00.16699E+00  0287 035073 1 00010834 00010819 131009 406 43064.4402823843
25.11.2017 10:34:00 +00.16699E+00  0302 035073 1 00010835 00010819 131009 358 43064.4402865393
25.11.2017 10:34:01 +00.16699E+00  0313 035073 1 00010836 00010819 131009 359 43064.4402906829
25.11.2017 10:34:01 +00.16699E+00  0333 035073 1 00010837 00010819 131009 406 43064.4402953819
25.11.2017 10:34:01 +00.16700E+00  0342 035073 1 00010838 00010819 131009 359 43064.440299537
25.11.2017 10:34:02 +00.16700E+00  0355 035073 1 00010839 00010819 131009 358 43064.4403036921
25.11.2017 10:34:02 +00.16700E+00  0361 035073 1 00010840 00010819 131009 406 43064.4403083796
25.11.2017 10:34:03 +00.16700E+00  0381 035073 1 00010841 00010819 131009 359 43064.4403125347
25.11.2017 10:34:03 +00.16699E+00  0389 035073 1 00010842 00010819 131009 359 43064.4403166898
25.11.2017 10:34:03 +00.16700E+00  0400 035073 1 00010843 00010819 131009 405 43064.4403213773
25.11.2017 10:34:04 +00.16700E+00  0411 035073 1 00010844 00010819 131009 359 43064.4403255324
25.11.2017 10:34:04 +00.16700E+00  0423 035073 1 00010845 00010819 131009 359 43064.4403296875
25.11.2017 10:34:04 +00.16700E+00  0434 035073 1 00010846 00010819 131009 405 43064.4403343866
25.11.2017 10:34:05 +00.16699E+00  0442 035073 1 00010847 00010819 131009 359 43064.4403385301
25.11.2017 10:34:05 +00.16699E+00  0462 035073 1 00010848 00010819 131009 359 43064.4403426852
25.11.2017 10:34:06 +00.16700E+00  0479 035073 1 00010849 00010819 131009 406 43064.4403473843
25.11.2017 10:34:06 +00.16700E+00  0495 035073 1 00010850 00010819 131009 358 43064.4403515393
25.11.2017 10:34:06 +00.16700E+00  0505 035073 1 00010851 00010819 131009 359 43064.4403556829
25.11.2017 10:34:07 +00.16700E+00  0520 035073 1 00010852 00010819 131009 406 43064.4403603819
25.11.2017 10:34:07 +00.16700E+00  0534 035073 1 00010853 00010819 131009 359 43064.440364537
25.11.2017 10:34:07 +00.16700E+00  0553 035073 1 00010854 00010819 131009 358 43064.4403686921
25.11.2017 10:34:08 +00.16700E+00  0572 035073 1 00010855 00010819 131009 406 43064.4403733796
25.11.2017 10:34:08 +00.16700E+00  0585 035073 1 00010856 00010819 131009 359 43064.4403775347
25.11.2017 10:34:08 +00.16700E+00  0601 035073 1 00010857 00010819 131009 359 43064.4403816898
25.11.2017 10:34:09 +00.16700E+00  0617 035073 1 00010858 00010819 131009 405 43064.4403863773
25.11.2017 10:34:09 +00.16700E+00  0635 035073 1 00010859 00010819 131009 359 43064.4403905324
25.11.2017 10:34:10 +00.16700E+00  0658 035073 1 00010860 00010819 131009 359 43064.4403946875