
25.11.2017 10:34:17 +00.16199E+00  0012 034021 1 00010861 00010861 131009 359 43064.4404820718
25.11.2017 10:34:18 +00.16199E+00  0025 034021 1 00010862 00010861 131009 359 43064.4404862268
25.11.2017 10:34:18 +00.16199E+00  0044 034021 1 00010863 00010861 131009 374 43064.4404905671
25.11.2017 10:34:18 +00.16199E+00  0063 034021 1 00010864 00010861 131009 359 43064.4404947106
25.11.2017 10:34:19 +00.16199E+00  0076 034021 1 00010865 00010861 131009 359 43064.4404988657
25.11.2017 10:34:19 +00.16199E+00  0089 034021 1 00010866 00010861 131009 406 43064.4405035648
25.11.2017 10:34:19 +00.16199E+00  0107 034021 1 00010867 00010861 131009 358 43064.4405077199
25.11.2017 10:34:20 +00.16199E+00  0122 034021 1 00010868 00010861 131009 359 43064.4405118634
25.11.2017 10:34:20 +00.16199E+00  0144 034021 1 00010869 00010861 131009 406 43064.4405165625
25.11.2017 10:34:20 +00.16198E+00  0154 034021 1 00010870 00010861 131009 359 43064.4405207176
25.11.2017 10:34:21 +00.16199E+00  0173 034021 1 00010871 00010861 131009 358 43064.4405248727
25.11.2017 10:34:21 +00.16199E+00  0187 034021 1 00010872 00010861 131009 406 43064.4405295602
25.11.2017 10:34:22 +00.16199E+00  0200 034021 1 00010873 00010861 131009 359 43064.4405337153
25.11.2017 10:34:22 +00.16199E+00  0218 034021 1 00010874 00010861 131009 359 43064.4405378704
25.11.2017 10:34:22 +00.16199E+00  0235 034023 1 00010875 00010861 131009 405 43064.4405425579
25.11.2017 10:34:23 +00.16199E+00  0251 034023 1 00010876 00010861 131009 359 43064.440546713
25.11.2017 10:34:23 +00.16199E+00  0270 034023 1 00010877 00010861 131009 359 43064.4405508681
25.11.2017 10:34:24 +00.16199E+00  0282 034023 1 00010878 00010861 131009 405 43064.4405555671
25.11.2017 10:34:24 +00.16200E+00  0299 034023 1 00010879 00010861 131009 359 43064.4405597106
25.11.2017 10:34:24 +00.16200E+00  0315 034023 1 00010880 00010861 131009 359 43064.4405638657
25.11.2017 10:34:25 +00.16199E+00  0334 034023 1 00010881 00010861 131009 406 43064.4405685648
25.11.2017 10:34:25 +00.16200E+00  0349 034023 1 00010882 00010861 131009 358 43064.4405727199
25.11.2017 10:34:25 +00.16199E+00  0365 034023 1 00010883 00010861 131009 359 43064.4405768634
25.11.2017 10:34:26 +00.16199E+00  0379 034023 1 00010884 00010861 131009 406 43064.4405815625
25.11.2017 10:34:26 +00.16200E+00  0395 034023 1 00010885 00010861 131009 359 43064.4405857176
25.11.2017 10:34:26 +00.16199E+00  0410 034023 1 00010886 00010861 131009 358 43064.4405898727
25.11.2017 10:34:27 +00.16200E+00  0424 034023 1 00010887 00010861 131009 406 43064.4405945602
25.11.2017 10:34:27 +00.16200E+00  0439 034023 1 00010888 00010861 131009 359 43064.4405987153
25.11.2017 10:34:28 +00.16199E+00  0452 034023 1 00010889 00010861 131009 359 43064.4406028704
25.11.2017 10:34:28 +00.16200E+00  0468 034023 1 00010890 00010861 131009 405 43064.4406075579
25.11.2017 10:34:28 +00.16200E+00  0482 034023 1 00010891 00010861 131009 359 43064.440611713
25.11.2017 10:34:29 +00.16199E+00  0493 034023 1 00010892 00010861 131009 359 43064.4406158681
25.11.2017 10:34:29 +00.16200E+00  0509 034023 1 00010893 00010861 131009 405 43064.4406205671
25.11.2017 10:34:29 +00.16200E+00  0522 034023 1 00010894 00010861 131009 359 43064.4406247106
25.11.2017 10:34:30 +00.16200E+00  0539 034023 1 00010895 00010861 131009 359 43064.4406288657
25.11.2017 10:34:30 +00.16199E+00  0557 034023 1 00010896 00010861 131009 406 43064.4406335648
25.11.2017 10:34:31 +00.16200E+00  0570 034023 1 00010897 00010861 131009 358 43064.4406377199
25.11.2017 10:34:31 +00.16199E+00  0580 034023 1 00010898 00010861 131009 359 43064.4406418634
25.11.2017 10:34:31 +00.16199E+00  0588 034023 1 00010899 00010861 131009 406 43064.4406465625
25.11.2017 10:34:32 +00.16200E+00  0612 034023 1 00010900 00010861 131009 359 43064.4406507176
25.11.2017 10:34:32 +00.16200E+00  0635 034023 1 00010901 00010861 131009 358 43064.4406548727
25.11.2017 10:34:32 +00.16200E+00  0651 034023 1 00010902 00010861 131009 406 43064.4406595602
25.11.2017 10:34:33 +00.16199E+00  0666 034023 1 00010903 00010861 131009 359 43064.4406637153
25.11.2017 10:34:33 +00.16200E+00  0681 034023 1 00010904 00010861 131009 359 43064.4406678704
25.11.2017 10:34:34 +00.16200E+00  0689 034023 1 00010905 00010861 131009 405 43064.4406725579
25.11.2017 10:34:34 +00.16199E+00  0704 034023 1 00010906 00010861 131009 359 43064.440676713
25.11.2017 10:34:34 +00.16199E+00  0715 034023 1 00010907 00010861 131009 359 43064.4406808681
25.11.2017 10:34:35 +00.16199E+00  0730 034023 1 00010908 00010861 131009 405 43064.4406855671
25.11.2017 10:34:35 +00.16199E+00  0749 034023 1 00010909 00010861 131009 359 43064.4406897106
25.11.2017 10:34:35 +00.16199E+00  0759 034023 1 00010910 00010861 131009 359 43064.4406938657
25.11.2017 10:34:36 +00.16199E+00  0782 034023 1 00010911 00010861 131009 406 43064.4406985648
25.11.2017 10:34:36 +00.16200E+00  0801 034023 1 00010912 00010861 131009 358 43064.4407027199
25.11.2017 10:34:37 +00.16199E+00  0814 034023 1 00010913 00010861 131009 359 43064.4407068634
25.11.2017 10:34:37 +00.16199E+00  0831 034023 1 00010914 00010861 131009 406 43064.4407115625
25.11.2017 10:34:37 +00.16199E+00  0841 034023 1 00010915 00010861 131009 359 43064.4407157176
25.11.2017 10:34:38 +00.16199E+00  0856 034023 1 00010916 00010861 131009 358 43064.4407198727
25.11.2017 10:34:38 +00.16200E+00  0868 034025 1 00010917 00010861 131009 406 43064.4407245602
25.11.2017 10:34:38 +00.16200E+00  0885 034025 1 00010918 00010861 131009 359 43064.4407287153
25.11.2017 10:34:39 +00.16200E+00  0898 034025 1 00010919 00010861 131009 359 43064.4407328704
25.11.2017 10:34:39 +00.16200E+00  0913 034025 1 00010920 00010861 131009 421 43064.4407377431
25.11.2017 10:34:40 +00.16200E+00  0925 034025 1 00010921 00010861 131009 359 43064.4407418982
25.11.2017 10:34:40 +00.16200E+00  0945 034025 1 00010922 00010861 131009 358 43064.4407460532
25.11.2017 10:34:40 +00.16200E+00  0963 034025 1 00010923 00010861 131009 406 43064.4407507407
25.11.2017 10:34:41 +00.16200E+00  0977 034025 1 00010924 00010861 131009 359 43064.4407548958
25.11.2017 10:34:41 +00.16200E+00  0987 034025 1 00010925 00010861 131009 359 43064.4407590509
25.11.2017 10:34:41 +00.16200E+00  1002 034025 1 00010926 00010861 131009 405 43064.4407637384
25.11.2017 10:34:42 +00.16200E+00  1022 034025 1 00010927 00010861 131009 359 43064.4407678935
25.11.2017 10:34:42 +00.16200E+00  1037 034025 1 00010928 00010861 131009 359 43064.4407720486
25.11.2017 10:34:43 +00.16200E+00  1054 034025 1 00010929 00010861 131009 405 43064.4407767477
25.11.2017 10:34:43 +00.16200E+00  1077 034025 1 00010930 00010861 131009 359 43064.4407808912
25.11.2017 10:34:43 +00.16200E+00  1088 034025 1 00010931 00010861 131009 359 43064.4407850463
25.11.2017 10:34:44 +00.16200E+00  1109 034025 1 00010932 00010861 131009 406 43064.4407897454
25.11.2017 10:34:44 +00.16200E+00  1132 034025 1 00010933 00010861 131009 358 43064.4407939005
25.11.2017 10:34:44 +00.16200E+00  1150 034025 1 00010934 00010861 131009 359 43064.440798044
25.11.2017 10:34:45 +00.16200E+00  1168 034025 1 00010935 00010861 131009 406 43064.4408027431
25.11.2017 10:34:45 +00.16200E+00  1185 034025 1 00010936 00010861 131009 359 43064.4408068982
25.11.2017 10:34:46 +00.16201E+00  1208 034025 1 00010937 00010861 131009 358 43064.4408110532
25.11.2017 10:34:46 +00.16201E+00  1224 034025 1 00010938 00010861 131009 406 43064.4408157407
25.11.2017 10:34:46 +00.16201E+00  1241 034025 1 00010939 00010861 131009 359 43064.4408198958
25.11.2017 10:34:47 +00.16201E+00  1253 034025 1 00010940 00010861 131009 359 43064.4408240509
25.11.2017 10:34:47 +00.16200E+00  1273 034025 1 00010941 00010861 131009 405 43064.4408287384
25.11.2017 10:34:47 +00.16200E+00  1292 034025 1 00010942 00010861 131009 359 43064.4408328935
25.11.2017 10:34:48 +00.16200E+00  1309 034025 1 00010943 00010861 131009 359 43064.4408370486
25.11.2017 10:34:48 +00.16200E+00  1326 034025 1 00010944 00010861 131009 405 43064.4408417477
25.11.2017 10:34:49 +00.16200E+00  1345 034025 1 00010945 00010861 131009 359 43064.4408458912
25.11.2017 10:34:49 +00.16200E+00  1359 034025 1 00010946 00010861 131009 359 43064.4408500463
25.11.2017 10:34:49 +00.16200E+00  1367 034025 1 00010947 00010861 131009 406 43064.4408547454
25.11.2017 10:34:50 +00.16201E+00  1385 034025 1 00010948 00010861 131009 358 43064.4408589005
25.11.2017 10:34:50 +00.16200E+00  1397 034025 1 00010949 00010861 131009 359 43064.440863044
25.11.2017 10:34:50 +00.16200E+00  1412 034025 1 00010950 00010861 131009 406 43064.4408677431
25.11.2017 10:34:51 +00.16200E+00  1428 034025 1 00010951 00010861 131009 359 43064.4408718982
25.11.2017 10:34:51 +00.16201E+00  1440 034025 1 00010952 00010861 131009 358 43064.4408760532
25.11.2017 10:34:52 +00.16200E+00  1456 034025 1 00010953 00010861 131009 406 43064.4408807407
25.11.2017 10:34:52 +00.16200E+00  1475 034025 1 00010954 00010861 131009 359 43064.4408848958
25.11.2017 10:34:52 +00.16200E+00  1493 034025 1 00010955 00010861 131009 359 43064.4408890509
25.11.2017 10:34:53 +00.16200E+00  1509 034025 1 00010956 00010861 131009 405 43064.4408937384
25.11.2017 10:34:53 +00.16200E+00  1524 034025 1 00010957 00010861 131009 359 43064.4408978935
25.11.2017 10:34:53 +00.16200E+00  1545 034025 1 00010958 00010861 131009 359 43064.4409020486
25.11.2017 10:34:54 +00.16200E+00  1558 034025 1 00010959 00010861 131009 405 43064.4409067477
25.11.2017 10:34:54 +00.16200E+00  1571 034025 1 00010960 00010861 131009 359 43064.4409108912
25.11.2017 10:34:55 +00.16200E+00  1587 034025 1 00010961 00010861 131009 359 43064.4409150463
25.11.2017 10:34:55 +00.16200E+00  1602 034025 1 00010962 00010861 131009 406 43064.4409197454
25.11.2017 10:34:55 +00.16200E+00  1619 034025 1 00010963 00010861 131009 358 43064.4409239005
25.11.2017 10:34:56 +00.16200E+00  1630 034025 1 00010964 00010861 131009 359 43064.440928044
25.11.2017 10:34:56 +00.16200E+00  1649 034025 1 00010965 00010861 131009 406 43064.4409327431
25.11.2017 10:34:56 +00.16200E+00  1664 034025 1 00010966 00010861 131009 359 43064.4409368982
25.11.2017 10:34:57 +00.16200E+00  1680 034025 1 00010967 00010861 131009 358 43064.4409410532
25.11.2017 10:34:57 +00.16200E+00  1694 034025 1 00010968 00010861 131009 406 43064.4409457407
25.11.2017 10:34:58 +00.16200E+00  1712 034025 1 00010969 00010861 131009 359 43064.4409498958
25.11.2017 10:34:58 +00.16201E+00  1726 034025 1 00010970 00010861 131009 359 43064.4409540509
25.11.2017 10:34:58 +00.16201E+00  1737 034025 1 00010971 00010861 131009 405 43064.4409587384
25.11.2017 10:34:59 +00.16200E+00  1757 034023 1 00010972 00010861 131009 359 43064.4409628935
25.11.2017 10:34:59 +00.16200E+00  1771 034023 1 00010973 00010861 131009 359 43064.4409670486
25.11.2017 10:34:59 +00.16200E+00  1783 034023 1 00010974 00010861 131009 405 43064.4409717477
25.11.2017 10:35:00 +00.16199E+00  1804 034023 1 00010975 00010861 131009 359 43064.4409758912
25.11.2017 10:35:00 +00.16199E+00  1817 034023 1 00010976 00010861 131009 359 43064.4409800463
25.11.2017 10:35:01 +00.16199E+00  1829 034023 1 00010977 00010861 131009 421 43064.440984919
25.11.2017 10:35:01 +00.16199E+00  1855 034023 1 00010978 00010861 131009 359 43064.4409890741
25.11.2017 10:35:01 +00.16199E+00  1871 034023 1 00010979 00010861 131009 359 43064.4409932292
25.11.2017 10:35:02 +00.16200E+00  1885 034023 1 00010980 00010861 131009 405 43064.4409979282
25.11.2017 10:35:02 +00.16199E+00  1911 034023 1 00010981 00010861 131009 359 43064.4410020718
25.11.2017 10:35:02 +00.16199E+00  1927 034023 1 00010982 00010861 131009 359 43064.4410062269
25.11.2017 10:35:03 +00.16200E+00  1938 034023 1 00010983 00010861 131009 406 43064.4410109259
25.11.2017 10:35:03 +00.16199E+00  1961 034023 1 00010984 00010861 131009 358 43064.441015081
25.11.2017 10:35:04 +00.16199E+00  1978 034023 1 00010985 00010861 131009 359 43064.4410192245
25.11.2017 10:35:04 +00.16200E+00  1994 034025 1 00010986 00010861 131009 406 43064.4410239236
25.11.2017 10:35:04 +00.16200E+00  2007 034025 1 00010987 00010861 131009 359 43064.4410280787
25.11.2017 10:35:05 +00.16200E+00  2020 034025 1 00010988 00010861 131009 358 43064.4410322338
25.11.2017 10:35:05 +00.16200E+00  2040 034025 1 00010989 00010861 131009 406 43064.4410369213
25.11.2017 10:35:05 +00.16200E+00  2059 034025 1 00010990 00010861 131009 359 43064.4410410764
25.11.2017 10:35:06 +00.16200E+00  2076 034025 1 00010991 00010861 131009 359 43064.4410452315
25.11.2017 10:35:06 +00.16200E+00  2085 034025 1 00010992 00010861 131009 405 43064.441049919
25.11.2017 10:35:07 +00.16200E+00  2105 034025 1 00010993 00010861 131009 359 43064.4410540741
25.11.2017 10:35:07 +00.16200E+00  2119 034025 1 00010994 00010861 131009 359 43064.4410582292
25.11.2017 10:35:07 +00.16201E+00  2132 034025 1 00010995 00010861 131009 405 43064.4410629282
25.11.2017 10:35:08 +00.16200E+00  2148 034025 1 00010996 00010861 131009 359 43064.4410670718
25.11.2017 10:35:08 +00.16200E+00  2159 034025 1 00010997 00010861 131009 359 43064.4410712269
25.11.2017 10:35:08 +00.16200E+00  2168 034025 1 00010998 00010861 131009 406 43064.4410759259
25.11.2017 10:35:09 +00.16200E+00  2183 034025 1 00010999 00010861 131009 358 43064.441080081
25.11.2017 10:35:09 +00.16200E+00  2196 034025 1 00011000 00010861 131009 359 43064.4410842245
25.11.2017 10:35:10 +00.16200E+00  2207 034025 1 00011001 00010861 131009 406 43064.4410889236
25.11.2017 10:35:10 +00.16200E+00  2223 034025 1 00011002 00010861 131009 359 43064.4410930787
25.11.2017 10:35:10 +00.16200E+00  2237 034025 1 00011003 00010861 131009 358 43064.4410972338
25.11.2017 10:35:11 +00.16200E+00  2256 034025 1 00011004 00010861 131009 406 43064.4411019213
25.11.2017 10:35:11 +00.16200E+00  2271 034025 1 00011005 00010861 131009 359 43064.4411060764
25.11.2017 10:35:11 +00.16200E+00  2292 034025 1 00011006 00010861 131009 359 43064.4411102315
25.11.2017 10:35:12 +00.16201E+00  2306 034025 1 00011007 00010861 131009 405 43064.441114919
25.11.2017 10:35:12 +00.16200E+00  2315 034025 1 00011008 00010861 131009 359 43064.4411190741
25.11.2017 10:35:13 +00.16200E+00  2324 034025 1 00011009 00010861 131009 359 43064.4411232292
25.11.2017 10:35:13 +00.16200E+00  2339 034025 1 00011010 00010861 131009 405 43064.4411279282
25.11.2017 10:35:13 +00.16200E+00  2353 034025 1 00011011 00010861 131009 359 43064.4411320718
25.11.2017 10:35:14 +00.16200E+00  2368 034025 1 00011012 00010861 131009 359 43064.4411362269
25.11.2017 10:35:14 +00.16200E+00  2386 034025 1 00011013 00010861 131009 406 43064.4411409259
25.11.2017 10:35:14 +00.16200E+00  2401 034025 1 00011014 00010861 131009 358 43064.441145081
25.11.2017 10:35:15 +00.16201E+00  2412 034025 1 00011015 00010861 131009 359 43064.4411492245
25.11.2017 10:35:15 +00.16200E+00  2422 034025 1 00011016 00010861 131009 406 43064.4411539236
25.11.2017 10:35:16 +00.16201E+00  2436 034025 1 00011017 00010861 131009 359 43064.4411580787
25.11.2017 10:35:16 +00.16200E+00  2454 034025 1 00011018 00010861 131009 358 43064.4411622338
25.11.2017 10:35:16 +00.16201E+00  2466 034025 1 00011019 00010861 131009 406 43064.4411669213
25.11.2017 10:35:17 +00.16200E+00  2478 034025 1 00011020 00010861 131009 359 43064.4411710764
25.11.2017 10:35:17 +00.16200E+00  2494 034025 1 00011021 00010861 131009 359 43064.4411752315
25.11.2017 10:35:23 +00.16210E+00  0021 034045 1 00011022 00011022 131009 421 43064.4412385995
25.11.2017 10:35:23 +00.16210E+00  0036 034045 1 00011023 00011022 131009 359 43064.4412427546
25.11.2017 10:35:23 +00.16210E+00  0048 034045 1 00011024 00011022 131009 359 43064.4412469097
25.11.2017 10:35:24 +00.16210E+00  0062 034045 1 00011025 00011022 131009 405 43064.4412516088
25.11.2017 10:35:24 +00.16210E+00  0073 034045 1 00011026 00011022 131009 359 43064.4412557523
25.11.2017 10:35:24 +00.16210E+00  0091 034045 1 00011027 00011022 131009 359 43064.4412599074
25.11.2017 10:35:25 +00.16210E+00  0104 034045 1 00011028 00011022 131009 406 43064.4412646065
25.11.2017 10:35:25 +00.16210E+00  0124 034045 1 00011029 00011022 131009 358 43064.4412687616
25.11.2017 10:35:25 +00.16210E+00  0140 034045 1 00011030 00011022 131009 359 43064.4412729051
25.11.2017 10:35:26 +00.16210E+00  0148 034045 1 00011031 00011022 131009 406 43064.4412776042
25.11.2017 10:35:26 +00.16210E+00  0155 034045 1 00011032 00011022 131009 359 43064.4412817593
25.11.2017 10:35:27 +00.16210E+00  0173 034045 1 00011033 00011022 131009 358 43064.4412859143
25.11.2017 10:35:27 +00.16210E+00  0189 034045 1 00011034 00011022 131009 406 43064.4412906019
25.11.2017 10:35:27 +00.16210E+00  0200 034045 1 00011035 00011022 131009 359 43064.4412947569
25.11.2017 10:35:28 +00.16210E+00  0219 034045 1 00011036 00011022 131009 359 43064.441298912
25.11.2017 10:35:28 +00.16210E+00  0231 034045 1 00011037 00011022 131009 405 43064.4413035995
25.11.2017 10:35:28 +00.16210E+00  0249 034045 1 00011038 00011022 131009 359 43064.4413077546
25.11.2017 10:35:29 +00.16210E+00  0264 034045 1 00011039 00011022 131009 359 43064.4413119097
25.11.2017 10:35:29 +00.16210E+00  0276 034045 1 00011040 00011022 131009 405 43064.4413166088
25.11.2017 10:35:30 +00.16210E+00  0289 034045 1 00011041 00011022 131009 359 43064.4413207523
25.11.2017 10:35:30 +00.16210E+00  0298 034045 1 00011042 00011022 131009 359 43064.4413249074
25.11.2017 10:35:30 +00.16210E+00  0311 034045 1 00011043 00011022 131009 406 43064.4413296065
25.11.2017 10:35:31 +00.16210E+00  0327 034045 1 00011044 00011022 131009 358 43064.4413337616
25.11.2017 10:35:31 +00.16210E+00  0346 034045 1 00011045 00011022 131009 359 43064.4413379051
25.11.2017 10:35:32 +00.16210E+00  0361 034045 1 00011046 00011022 131009 406 43064.4413426042
25.11.2017 10:35:32 +00.16210E+00  0375 034045 1 00011047 00011022 131009 359 43064.4413467593
25.11.2017 10:35:32 +00.16210E+00  0391 034045 1 00011048 00011022 131009 358 43064.4413509143
25.11.2017 10:35:33 +00.16210E+00  0401 034045 1 00011049 00011022 131009 406 43064.4413556019
25.11.2017 10:35:33 +00.16210E+00  0416 034045 1 00011050 00011022 131009 359 43064.4413597569
25.11.2017 10:35:33 +00.16210E+00  0427 034045 1 00011051 00011022 131009 359 43064.441363912
25.11.2017 10:35:34 +00.16210E+00  0437 034045 1 00011052 00011022 131009 405 43064.4413685995
25.11.2017 10:35:34 +00.16210E+00  0452 034045 1 00011053 00011022 131009 359 43064.4413727546
25.11.2017 10:35:34 +00.16210E+00  0472 034045 1 00011054 00011022 131009 359 43064.4413769097
25.11.2017 10:35:35 +00.16210E+00  0486 034045 1 00011055 00011022 131009 405 43064.4413816088
25.11.2017 10:35:35 +00.16210E+00  0505 034045 1 00011056 00011022 131009 359 43064.4413857523
25.11.2017 10:35:36 +00.16210E+00  0521 034045 1 00011057 00011022 131009 359 43064.4413899074
25.11.2017 10:35:36 +00.16210E+00  0546 034045 1 00011058 00011022 131009 406 43064.4413946065
25.11.2017 10:35:36 +00.16210E+00  0567 034045 1 00011059 00011022 131009 358 43064.4413987616
25.11.2017 10:35:37 +00.16210E+00  0587 034045 1 00011060 00011022 131009 359 43064.4414029051
25.11.2017 10:35:37 +00.16210E+00  0607 034045 1 00011061 00011022 131009 406 43064.4414076042
25.11.2017 10:35:37 +00.16210E+00  0623 034045 1 00011062 00011022 131009 359 43064.4414117593
25.11.2017 10:35:38 +00.16210E+00  0635 034045 1 00011063 00011022 131009 358 43064.4414159143
25.11.2017 10:35:38 +00.16210E+00  0645 034045 1 00011064 00011022 131009 406 43064.4414206018
25.11.2017 10:35:39 +00.16210E+00  0653 034045 1 00011065 00011022 131009 359 43064.4414247569
25.11.2017 10:35:39 +00.16210E+00  0664 034045 1 00011066 00011022 131009 359 43064.441428912
25.11.2017 10:35:39 +00.16210E+00  0677 034045 1 00011067 00011022 131009 405 43064.4414335995
25.11.2017 10:35:40 +00.16210E+00  0700 034045 1 00011068 00011022 131009 359 43064.4414377546
25.11.2017 10:35:40 +00.16210E+00  0717 034045 1 00011069 00011022 131009 359 43064.4414419097
25.11.2017 10:35:40 +00.16210E+00  0730 034045 1 00011070 00011022 131009 405 43064.4414466088
25.11.2017 10:35:41 +00.16210E+00  0747 034045 1 00011071 00011022 131009 359 43064.4414507523
25.11.2017 10:35:41 +00.16210E+00  0759 034045 1 00011072 00011022 131009 359 43064.4414549074
25.11.2017 10:35:42 +00.16210E+00  0772 034045 1 00011073 00011022 131009 406 43064.4414596065
25.11.2017 10:35:42 +00.16210E+00  0791 034045 1 00011074 00011022 131009 358 43064.4414637616
25.11.2017 10:35:42 +00.16210E+00  0803 034045 1 00011075 00011022 131009 359 43064.4414679051
25.11.2017 10:35:43 +00.16210E+00  0820 034045 1 00011076 00011022 131009 406 43064.4414726042
25.11.2017 10:35:43 +00.16210E+00  0830 034045 1 00011077 00011022 131009 359 43064.4414767593
25.11.2017 10:35:43 +00.16210E+00  0850 034045 1 00011078 00011022 131009 358 43064.4414809143
25.11.2017 10:35:44 +00.16210E+00  0859 034045 1 00011079 00011022 131009 422 43064.441485787
25.11.2017 10:35:44 +00.16210E+00  0875 034045 1 00011080 00011022 131009 358 43064.4414899421
25.11.2017 10:35:45 +00.16210E+00  0894 034045 1 00011081 00011022 131009 359 43064.4414940857
25.11.2017 10:35:45 +00.16210E+00  0904 034045 1 00011082 00011022 131009 406 43064.4414987847
25.11.2017 10:35:45 +00.16210E+00  0923 034045 1 00011083 00011022 131009 359 43064.4415029398
25.11.2017 10:35:46 +00.16210E+00  0942 034045 1 00011084 00011022 131009 358 43064.4415070949
25.11.2017 10:35:46 +00.16210E+00  0961 034045 1 00011085 00011022 131009 406 43064.4415117824
25.11.2017 10:35:46 +00.16210E+00  0985 034045 1 00011086 00011022 131009 359 43064.4415159375
25.11.2017 10:35:47 +00.16210E+00  1004 034045 1 00011087 00011022 131009 359 43064.4415200926
25.11.2017 10:35:47 +00.16210E+00  1019 034045 1 00011088 00011022 131009 405 43064.4415247801
25.11.2017 10:35:48 +00.16210E+00  1032 034045 1 00011089 00011022 131009 359 43064.4415289352
25.11.2017 10:35:48 +00.16210E+00  1050 034045 1 00011090 00011022 131009 359 43064.4415330903
25.11.2017 10:35:48 +00.16210E+00  1058 034045 1 00011091 00011022 131009 405 43064.4415377894
25.11.2017 10:35:49 +00.16210E+00  1080 034045 1 00011092 00011022 131009 359 43064.4415419329
25.11.2017 10:35:49 +00.16210E+00  1098 034045 1 00011093 00011022 131009 359 43064.441546088
25.11.2017 10:35:49 +00.16210E+00  1115 034045 1 00011094 00011022 131009 406 43064.441550787
25.11.2017 10:35:50 +00.16210E+00  1143 034045 1 00011095 00011022 131009 358 43064.4415549421
25.11.2017 10:35:50 +00.16210E+00  1159 034045 1 00011096 00011022 131009 359 43064.4415590857
25.11.2017 10:35:51 +00.16210E+00  1169 034045 1 00011097 00011022 131009 406 43064.4415637847
25.11.2017 10:35:51 +00.16210E+00  1181 034045 1 00011098 00011022 131009 359 43064.4415679398
25.11.2017 10:35:51 +00.16210E+00  1191 034045 1 00011099 00011022 131009 358 43064.4415720949
25.11.2017 10:35:52 +00.16210E+00  1205 034045 1 00011100 00011022 131009 406 43064.4415767824
25.11.2017 10:35:52 +00.16210E+00  1228 034045 1 00011101 00011022 131009 359 43064.4415809375
25.11.2017 10:35:52 +00.16210E+00  1246 034045 1 00011102 00011022 131009 359 43064.4415850926
25.11.2017 10:35:53 +00.16210E+00  1262 034045 1 00011103 00011022 131009 405 43064.4415897801
25.11.2017 10:35:53 +00.16210E+00  1277 034045 1 00011104 00011022 131009 359 43064.4415939352
25.11.2017 10:35:54 +00.16210E+00  1288 034045 1 00011105 00011022 131009 359 43064.4415980903
25.11.2017 10:35:54 +00.16210E+00  1301 034045 1 00011106 00011022 131009 405 43064.4416027894
25.11.2017 10:35:54 +00.16210E+00  1316 034045 1 00011107 00011022 131009 359 43064.4416069329
25.11.2017 10:35:55 +00.16210E+00  1337 034045 1 00011108 00011022 131009 359 43064.441611088
25.11.2017 10:35:55 +00.16210E+00  1353 034045 1 00011109 00011022 131009 406 43064.441615787
25.11.2017 10:35:55 +00.16210E+00  1369 034045 1 00011110 00011022 131009 358 43064.4416199421
25.11.2017 10:35:56 +00.16210E+00  1387 034045 1 00011111 00011022 131009 359 43064.4416240857
25.11.2017 10:35:56 +00.16210E+00  1404 034045 1 00011112 00011022 131009 406 43064.4416287847
25.11.2017 10:35:57 +00.16210E+00  1422 034045 1 00011113 00011022 131009 359 43064.4416329398
25.11.2017 10:35:57 +00.16210E+00  1434 034045 1 00011114 00011022 131009 358 43064.4416370949
25.11.2017 10:35:57 +00.16210E+00  1444 034045 1 00011115 00011022 131009 406 43064.4416417824
25.11.2017 10:35:58 +00.16210E+00  1462 034045 1 00011116 00011022 131009 359 43064.4416459375
25.11.2017 10:35:58 +00.16210E+00  1473 034045 1 00011117 00011022 131009 359 43064.4416500926
25.11.2017 10:35:58 +00.16210E+00  1488 034045 1 00011118 00011022 131009 405 43064.4416547801
25.11.2017 10:35:59 +00.16210E+00  1507 034045 1 00011119 00011022 131009 359 43064.4416589352
25.11.2017 10:35:59 +00.16210E+00  1526 034045 1 00011120 00011022 131009 359 43064.4416630903
25.11.2017 10:36:00 +00.16210E+00  1535 034045 1 00011121 00011022 131009 405 43064.4416677894
25.11.2017 10:36:00 +00.16210E+00  1553 034045 1 00011122 00011022 131009 359 43064.4416719329
25.11.2017 10:36:00 +00.16210E+00  1564 034045 1 00011123 00011022 131009 359 43064.441676088
25.11.2017 10:36:01 +00.16210E+00  1580 034045 1 00011124 00011022 131009 406 43064.441680787
25.11.2017 10:36:01 +00.16210E+00  1607 034045 1 00011125 00011022 131009 358 43064.4416849421
25.11.2017 10:36:01 +00.16210E+00  1621 034045 1 00011126 00011022 131009 359 43064.4416890856
25.11.2017 10:36:02 +00.16210E+00  1630 034045 1 00011127 00011022 131009 406 43064.4416937847
25.11.2017 10:36:02 +00.16210E+00  1648 034045 1 00011128 00011022 131009 359 43064.4416979398
25.11.2017 10:36:03 +00.16210E+00  1663 034045 1 00011129 00011022 131009 358 43064.4417020949
25.11.2017 10:36:03 +00.16210E+00  1676 034045 1 00011130 00011022 131009 406 43064.4417067824
25.11.2017 10:36:03 +00.16210E+00  1692 034045 1 00011131 00011022 131009 359 43064.4417109375
25.11.2017 10:36:04 +00.16210E+00  1704 034045 1 00011132 00011022 131009 359 43064.4417150926
25.11.2017 10:36:04 +00.16210E+00  1710 034045 1 00011133 00011022 131009 405 43064.4417197801
25.11.2017 10:36:04 +00.16210E+00  1726 034045 1 00011134 00011022 131009 359 43064.4417239352
25.11.2017 10:36:05 +00.16210E+00  1742 034045 1 00011135 00011022 131009 359 43064.4417280903
25.11.2017 10:36:05 +00.16210E+00  1763 034045 1 00011136 00011022 131009 421 43064.441732963
25.11.2017 10:36:06 +00.16210E+00  1775 034045 1 00011137 00011022 131009 359 43064.4417371181
25.11.2017 10:36:06 +00.16210E+00  1791 034045 1 00011138 00011022 131009 359 43064.4417412731
25.11.2017 10:36:06 +00.16210E+00  1810 034045 1 00011139 00011022 131009 405 43064.4417459606
25.11.2017 10:36:07 +00.16210E+00  1827 034045 1 00011140 00011022 131009 359 43064.4417501157
25.11.2017 10:36:07 +00.16210E+00  1843 034045 1 00011141 00011022 131009 359 43064.4417542708
25.11.2017 10:36:07 +00.16210E+00  1865 034045 1 00011142 00011022 131009 405 43064.4417589699
25.11.2017 10:36:08 +00.16210E+00  1881 034045 1 00011143 00011022 131009 359 43064.4417631134
25.11.2017 10:36:08 +00.16210E+00  1895 034045 1 00011144 00011022 131009 359 43064.4417672685
25.11.2017 10:36:09 +00.16210E+00  1916 034045 1 00011145 00011022 131009 406 43064.4417719676
25.11.2017 10:36:09 +00.16210E+00  1929 034045 1 00011146 00011022 131009 358 43064.4417761227
25.11.2017 10:36:09 +00.16210E+00  1943 034045 1 00011147 00011022 131009 359 43064.4417802662
25.11.2017 10:36:10 +00.16210E+00  1961 034045 1 00011148 00011022 131009 406 43064.4417849653
25.11.2017 10:36:10 +00.16210E+00  1983 034045 1 00011149 00011022 131009 359 43064.4417891204
25.11.2017 10:36:10 +00.16210E+00  2001 034045 1 00011150 00011022 131009 358 43064.4417932755
25.11.2017 10:36:11 +00.16210E+00  2020 034045 1 00011151 00011022 131009 406 43064.441797963
25.11.2017 10:36:11 +00.16210E+00  2041 034045 1 00011152 00011022 131009 359 43064.4418021181
25.11.2017 10:36:12 +00.16210E+00  2055 034045 1 00011153 00011022 131009 359 43064.4418062731
25.11.2017 10:36:12 +00.16210E+00  2068 034045 1 00011154 00011022 131009 405 43064.4418109606
25.11.2017 10:36:12 +00.16210E+00  2078 034045 1 00011155 00011022 131009 359 43064.4418151157
25.11.2017 10:36:13 +00.16210E+00  2100 034045 1 00011156 00011022 131009 359 43064.4418192708
25.11.2017 10:36:13 +00.16210E+00  2112 034045 1 00011157 00011022 131009 405 43064.4418239699
25.11.2017 10:36:13 +00.16210E+00  2134 034045 1 00011158 00011022 131009 359 43064.4418281134
25.11.2017 10:36:14 +00.16210E+00  2154 034045 1 00011159 00011022 131009 359 43064.4418322685
25.11.2017 10:36:14 +00.16210E+00  2171 034045 1 00011160 00011022 131009 406 43064.4418369676
25.11.2017 10:36:15 +00.16210E+00  2190 034045 1 00011161 00011022 131009 358 43064.4418411227
25.11.2017 10:36:15 +00.16210E+00  2203 034045 1 00011162 00011022 131009 359 43064.4418452662
25.11.2017 10:36:15 +00.16210E+00  2218 034045 1 00011163 00011022 131009 406 43064.4418499653
25.11.2017 10:36:16 +00.16210E+00  2233 034045 1 00011164 00011022 131009 359 43064.4418541204
25.11.2017 10:36:16 +00.16210E+00  2248 034045 1 00011165 00011022 131009 358 43064.4418582755
25.11.2017 10:36:16 +00.16210E+00  2265 034045 1 00011166 00011022 131009 406 43064.441862963
25.11.2017 10:36:17 +00.16210E+00  2288 034045 1 00011167 00011022 131009 359 43064.4418671181
25.11.2017 10:36:17 +00.16210E+00  2305 034045 1 00011168 00011022 131009 359 43064.4418712731
25.11.2017 10:36:18 +00.16210E+00  2315 034045 1 00011169 00011022 131009 405 43064.4418759606
25.11.2017 10:36:18 +00.16210E+00  2338 034045 1 00011170 00011022 131009 359 43064.4418801157
25.11.2017 10:36:18 +00.16210E+00  2352 034045 1 00011171 00011022 131009 359 43064.4418842708
25.11.2017 10:36:19 +00.16210E+00  2367 034045 1 00011172 00011022 131009 405 43064.4418889699
25.11.2017 10:36:19 +00.16210E+00  2381 034045 1 00011173 00011022 131009 359 43064.4418931134
25.11.2017 10:36:19 +00.16210E+00  2399 034045 1 00011174 00011022 131009 359 43064.4418972685
25.11.2017 10:36:20 +00.16210E+00  2409 034045 1 00011175 00011022 131009 406 43064.4419019676
25.11.2017 10:36:20 +00.16210E+00  2422 034045 1 00011176 00011022 131009 358 43064.4419061227
25.11.2017 10:36:21 +00.16210E+00  2438 034045 1 00011177 00011022 131009 359 43064.4419102662
25.11.2017 10:36:21 +00.16210E+00  2455 034045 1 00011178 00011022 131009 406 43064.4419149653
25.11.2017 10:36:21 +00.16210E+00  2479 034045 1 00011179 00011022 131009 359 43064.4419191204
25.11.2017 10:36:22 +00.16210E+00  2501 034045 1 00011180 00011022 131009 358 43064.4419232755
25.11.2017 10:36:22 +00.16210E+00  2512 034045 1 00011181 00011022 131009 406 43064.441927963
25.11.2017 10:36:22 +00.16210E+00  2521 034045 1 00011182 00011022 131009 359 43064.4419321181
25.11.2017 10:36:28 +00.16220E+00  0015 034065 1 00011183 00011183 131009 359 43064.4419944097
25.11.2017 10:36:28 +00.16220E+00  0030 034065 1 00011184 00011183 131009 359 43064.4419985648
25.11.2017 10:36:29 +00.16220E+00  0045 034065 1 00011185 00011183 131009 374 43064.4420028935
25.11.2017 10:36:29 +00.16220E+00  0058 034065 1 00011186 00011183 131009 359 43064.4420070486
25.11.2017 10:36:29 +00.16219E+00  0064 034065 1 00011187 00011183 131009 359 43064.4420112037
25.11.2017 10:36:30 +00.16220E+00  0083 034065 1 00011188 00011183 131009 405 43064.4420158912
25.11.2017 10:36:30 +00.16219E+00  0100 034065 1 00011189 00011183 131009 359 43064.4420200463
25.11.2017 10:36:30 +00.16219E+00  0114 034065 1 00011190 00011183 131009 359 43064.4420242014
25.11.2017 10:36:31 +00.16220E+00  0130 034065 1 00011191 00011183 131009 405 43064.4420289005
25.11.2017 10:36:31 +00.16220E+00  0142 034065 1 00011192 00011183 131009 359 43064.442033044
25.11.2017 10:36:32 +00.16220E+00  0156 034065 1 00011193 00011183 131009 359 43064.4420371991
25.11.2017 10:36:32 +00.16219E+00  0171 034065 1 00011194 00011183 131009 406 43064.4420418981
25.11.2017 10:36:32 +00.16220E+00  0193 034065 1 00011195 00011183 131009 358 43064.4420460532
25.11.2017 10:36:33 +00.16220E+00  0206 034065 1 00011196 00011183 131009 359 43064.4420501968
25.11.2017 10:36:33 +00.16219E+00  0218 034065 1 00011197 00011183 131009 406 43064.4420548958
25.11.2017 10:36:33 +00.16220E+00  0233 034065 1 00011198 00011183 131009 359 43064.4420590509
25.11.2017 10:36:34 +00.16220E+00  0252 034065 1 00011199 00011183 131009 358 43064.442063206
25.11.2017 10:36:34 +00.16219E+00  0263 034065 1 00011200 00011183 131009 406 43064.4420678935
25.11.2017 10:36:35 +00.16220E+00  0278 034065 1 00011201 00011183 131009 359 43064.4420720486
25.11.2017 10:36:35 +00.16219E+00  0286 034065 1 00011202 00011183 131009 359 43064.4420762037
25.11.2017 10:36:35 +00.16219E+00  0301 034065 1 00011203 00011183 131009 405 43064.4420808912
25.11.2017 10:36:36 +00.16219E+00  0315 034065 1 00011204 00011183 131009 359 43064.4420850463
25.11.2017 10:36:36 +00.16219E+00  0324 034065 1 00011205 00011183 131009 359 43064.4420892014
25.11.2017 10:36:36 +00.16220E+00  0338 034065 1 00011206 00011183 131009 405 43064.4420939005
25.11.2017 10:36:37 +00.16219E+00  0356 034065 1 00011207 00011183 131009 359 43064.442098044
25.11.2017 10:36:37 +00.16220E+00  0366 034065 1 00011208 00011183 131009 359 43064.4421021991
25.11.2017 10:36:38 +00.16219E+00  0387 034065 1 00011209 00011183 131009 406 43064.4421068981
25.11.2017 10:36:38 +00.16220E+00  0401 034065 1 00011210 00011183 131009 358 43064.4421110532
25.11.2017 10:36:38 +00.16220E+00  0415 034065 1 00011211 00011183 131009 359 43064.4421151968
25.11.2017 10:36:39 +00.16219E+00  0433 034065 1 00011212 00011183 131009 406 43064.4421198958
25.11.2017 10:36:39 +00.16219E+00  0453 034065 1 00011213 00011183 131009 359 43064.4421240509
25.11.2017 10:36:39 +00.16220E+00  0470 034065 1 00011214 00011183 131009 358 43064.442128206
25.11.2017 10:36:40 +00.16220E+00  0485 034065 1 00011215 00011183 131009 406 43064.4421328935
25.11.2017 10:36:40 +00.16220E+00  0502 034065 1 00011216 00011183 131009 359 43064.4421370486
25.11.2017 10:36:41 +00.16220E+00  0512 034065 1 00011217 00011183 131009 359 43064.4421412037
25.11.2017 10:36:41 +00.16220E+00  0528 034065 1 00011218 00011183 131009 405 43064.4421458912
25.11.2017 10:36:41 +00.16220E+00  0538 034065 1 00011219 00011183 131009 359 43064.4421500463
25.11.2017 10:36:42 +00.16220E+00  0553 034065 1 00011220 00011183 131009 359 43064.4421542014
25.11.2017 10:36:42 +00.16219E+00  0567 034065 1 00011221 00011183 131009 405 43064.4421589005
25.11.2017 10:36:42 +00.16219E+00  0587 034065 1 00011222 00011183 131009 359 43064.442163044
25.11.2017 10:36:43 +00.16219E+00  0606 034065 1 00011223 00011183 131009 359 43064.4421671991
25.11.2017 10:36:43 +00.16219E+00  0623 034065 1 00011224 00011183 131009 406 43064.4421718981
25.11.2017 10:36:44 +00.16220E+00  0640 034067 1 00011225 00011183 131009 358 43064.4421760532
25.11.2017 10:36:44 +00.16220E+00  0650 034067 1 00011226 00011183 131009 359 43064.4421801968
25.11.2017 10:36:44 +00.16220E+00  0670 034067 1 00011227 00011183 131009 406 43064.4421848958
25.11.2017 10:36:45 +00.16220E+00  0680 034067 1 00011228 00011183 131009 359 43064.4421890509
25.11.2017 10:36:45 +00.16221E+00  0693 034067 1 00011229 00011183 131009 358 43064.442193206
25.11.2017 10:36:45 +00.16220E+00  0708 034067 1 00011230 00011183 131009 406 43064.4421978935
25.11.2017 10:36:46 +00.16220E+00  0721 034067 1 00011231 00011183 131009 359 43064.4422020486
25.11.2017 10:36:46 +00.16220E+00  0732 034067 1 00011232 00011183 131009 359 43064.4422062037
25.11.2017 10:36:47 +00.16220E+00  0751 034067 1 00011233 00011183 131009 405 43064.4422108912
25.11.2017 10:36:47 +00.16220E+00  0765 034067 1 00011234 00011183 131009 375 43064.4422152315
25.11.2017 10:36:47 +00.16221E+00  0779 034067 1 00011235 00011183 131009 358 43064.4422193866
25.11.2017 10:36:48 +00.16220E+00  0798 034067 1 00011236 00011183 131009 406 43064.4422240741
25.11.2017 10:36:48 +00.16220E+00  0815 034067 1 00011237 00011183 131009 359 43064.4422282292
25.11.2017 10:36:48 +00.16220E+00  0833 034067 1 00011238 00011183 131009 359 43064.4422323843
25.11.2017 10:36:49 +00.16220E+00  0849 034067 1 00011239 00011183 131009 405 43064.4422370718
25.11.2017 10:36:49 +00.16220E+00  0858 034067 1 00011240 00011183 131009 359 43064.4422412269
25.11.2017 10:36:50 +00.16220E+00  0874 034067 1 00011241 00011183 131009 359 43064.4422453819
25.11.2017 10:36:50 +00.16220E+00  0891 034067 1 00011242 00011183 131009 405 43064.442250081
25.11.2017 10:36:50 +00.16221E+00  0901 034067 1 00011243 00011183 131009 359 43064.4422542245
25.11.2017 10:36:51 +00.16220E+00  0914 034067 1 00011244 00011183 131009 359 43064.4422583796
25.11.2017 10:36:51 +00.16221E+00  0929 034067 1 00011245 00011183 131009 406 43064.4422630787
25.11.2017 10:36:51 +00.16221E+00  0953 034067 1 00011246 00011183 131009 358 43064.4422672338
25.11.2017 10:36:52 +00.16220E+00  0967 034067 1 00011247 00011183 131009 359 43064.4422713773
25.11.2017 10:36:52 +00.16220E+00  0982 034067 1 00011248 00011183 131009 406 43064.4422760764
25.11.2017 10:36:53 +00.16221E+00  1000 034067 1 00011249 00011183 131009 359 43064.4422802315
25.11.2017 10:36:53 +00.16220E+00  1012 034067 1 00011250 00011183 131009 358 43064.4422843866
25.11.2017 10:36:53 +00.16220E+00  1028 034067 1 00011251 00011183 131009 406 43064.4422890741
25.11.2017 10:36:54 +00.16220E+00  1047 034067 1 00011252 00011183 131009 359 43064.4422932292
25.11.2017 10:36:54 +00.16221E+00  1063 034067 1 00011253 00011183 131009 359 43064.4422973843
25.11.2017 10:36:54 +00.16220E+00  1071 034067 1 00011254 00011183 131009 405 43064.4423020718
25.11.2017 10:36:55 +00.16221E+00  1088 034067 1 00011255 00011183 131009 359 43064.4423062269
25.11.2017 10:36:55 +00.16221E+00  1104 034067 1 00011256 00011183 131009 359 43064.4423103819
25.11.2017 10:36:56 +00.16221E+00  1123 034067 1 00011257 00011183 131009 405 43064.442315081
25.11.2017 10:36:56 +00.16221E+00  1153 034067 1 00011258 00011183 131009 359 43064.4423192245
25.11.2017 10:36:56 +00.16220E+00  1171 034067 1 00011259 00011183 131009 359 43064.4423233796
25.11.2017 10:36:57 +00.16220E+00  1183 034067 1 00011260 00011183 131009 406 43064.4423280787
25.11.2017 10:36:57 +00.16220E+00  1201 034067 1 00011261 00011183 131009 358 43064.4423322338
25.11.2017 10:36:57 +00.16220E+00  1216 034067 1 00011262 00011183 131009 359 43064.4423363773
25.11.2017 10:36:58 +00.16221E+00  1226 034067 1 00011263 00011183 131009 406 43064.4423410764
25.11.2017 10:36:58 +00.16220E+00  1243 034067 1 00011264 00011183 131009 359 43064.4423452315
25.11.2017 10:36:58 +00.16220E+00  1263 034067 1 00011265 00011183 131009 358 43064.4423493866
25.11.2017 10:36:59 +00.16220E+00  1277 034067 1 00011266 00011183 131009 406 43064.4423540741
25.11.2017 10:36:59 +00.16220E+00  1292 034067 1 00011267 00011183 131009 359 43064.4423582292
25.11.2017 10:37:00 +00.16220E+00  1303 034067 1 00011268 00011183 131009 359 43064.4423623843
25.11.2017 10:37:00 +00.16220E+00  1314 034067 1 00011269 00011183 131009 405 43064.4423670718
25.11.2017 10:37:00 +00.16220E+00  1328 034067 1 00011270 00011183 131009 359 43064.4423712269
25.11.2017 10:37:01 +00.16220E+00  1343 034067 1 00011271 00011183 131009 359 43064.4423753819
25.11.2017 10:37:01 +00.16220E+00  1360 034067 1 00011272 00011183 131009 405 43064.442380081
25.11.2017 10:37:01 +00.16220E+00  1375 034067 1 00011273 00011183 131009 359 43064.4423842245
25.11.2017 10:37:02 +00.16220E+00  1394 034067 1 00011274 00011183 131009 359 43064.4423883796
25.11.2017 10:37:02 +00.16220E+00  1402 034067 1 00011275 00011183 131009 406 43064.4423930787
25.11.2017 10:37:03 +00.16221E+00  1411 034067 1 00011276 00011183 131009 358 43064.4423972338
25.11.2017 10:37:03 +00.16220E+00  1430 034067 1 00011277 00011183 131009 359 43064.4424013773
25.11.2017 10:37:03 +00.16220E+00  1444 034067 1 00011278 00011183 131009 406 43064.4424060764
25.11.2017 10:37:04 +00.16220E+00  1456 034067 1 00011279 00011183 131009 359 43064.4424102315
25.11.2017 10:37:04 +00.16220E+00  1468 034067 1 00011280 00011183 131009 358 43064.4424143866
25.11.2017 10:37:05 +00.16220E+00  1481 034067 1 00011281 00011183 131009 406 43064.4424190741
25.11.2017 10:37:05 +00.16220E+00  1493 034067 1 00011282 00011183 131009 359 43064.4424232292
25.11.2017 10:37:05 +00.16220E+00  1503 034067 1 00011283 00011183 131009 359 43064.4424273843
25.11.2017 10:37:06 +00.16220E+00  1518 034067 1 00011284 00011183 131009 405 43064.4424320718
25.11.2017 10:37:06 +00.16220E+00  1538 034067 1 00011285 00011183 131009 359 43064.4424362269
25.11.2017 10:37:06 +00.16221E+00  1557 034067 1 00011286 00011183 131009 359 43064.4424403819
25.11.2017 10:37:07 +00.16220E+00  1570 034067 1 00011287 00011183 131009 405 43064.442445081
25.11.2017 10:37:07 +00.16221E+00  1590 034067 1 00011288 00011183 131009 359 43064.4424492245
25.11.2017 10:37:07 +00.16220E+00  1605 034067 1 00011289 00011183 131009 359 43064.4424533796
25.11.2017 10:37:08 +00.16220E+00  1615 034067 1 00011290 00011183 131009 406 43064.4424580787
25.11.2017 10:37:08 +00.16220E+00  1631 034067 1 00011291 00011183 131009 358 43064.4424622338
25.11.2017 10:37:09 +00.16220E+00  1649 034067 1 00011292 00011183 131009 359 43064.4424663773
25.11.2017 10:37:09 +00.16220E+00  1660 034067 1 00011293 00011183 131009 421 43064.4424712616
25.11.2017 10:37:09 +00.16220E+00  1676 034067 1 00011294 00011183 131009 359 43064.4424754051
25.11.2017 10:37:10 +00.16221E+00  1695 034067 1 00011295 00011183 131009 359 43064.4424795602
25.11.2017 10:37:10 +00.16221E+00  1708 034067 1 00011296 00011183 131009 406 43064.4424842593
25.11.2017 10:37:10 +00.16220E+00  1721 034067 1 00011297 00011183 131009 358 43064.4424884144
25.11.2017 10:37:11 +00.16220E+00  1744 034067 1 00011298 00011183 131009 359 43064.4424925579
25.11.2017 10:37:11 +00.16220E+00  1764 034067 1 00011299 00011183 131009 406 43064.4424972569
25.11.2017 10:37:12 +00.16221E+00  1793 034067 1 00011300 00011183 131009 359 43064.442501412
25.11.2017 10:37:12 +00.16220E+00  1808 034067 1 00011301 00011183 131009 358 43064.4425055671
25.11.2017 10:37:12 +00.16221E+00  1825 034067 1 00011302 00011183 131009 406 43064.4425102546
25.11.2017 10:37:13 +00.16220E+00  1843 034067 1 00011303 00011183 131009 359 43064.4425144097
25.11.2017 10:37:13 +00.16221E+00  1857 034067 1 00011304 00011183 131009 359 43064.4425185648
25.11.2017 10:37:14 +00.16220E+00  1879 034067 1 00011305 00011183 131009 405 43064.4425232523
25.11.2017 10:37:14 +00.16220E+00  1899 034067 1 00011306 00011183 131009 359 43064.4425274074
25.11.2017 10:37:14 +00.16221E+00  1917 034067 1 00011307 00011183 131009 359 43064.4425315625
25.11.2017 10:37:15 +00.16220E+00  1935 034065 1 00011308 00011183 131009 405 43064.4425362616
25.11.2017 10:37:15 +00.16220E+00  1954 034065 1 00011309 00011183 131009 359 43064.4425404051
25.11.2017 10:37:15 +00.16220E+00  1973 034065 1 00011310 00011183 131009 359 43064.4425445602
25.11.2017 10:37:16 +00.16219E+00  1991 034065 1 00011311 00011183 131009 406 43064.4425492593
25.11.2017 10:37:16 +00.16219E+00  2004 034065 1 00011312 00011183 131009 358 43064.4425534144
25.11.2017 10:37:16 +00.16219E+00  2024 034065 1 00011313 00011183 131009 359 43064.4425575579
25.11.2017 10:37:17 +00.16219E+00  2042 034065 1 00011314 00011183 131009 406 43064.4425622569
25.11.2017 10:37:17 +00.16220E+00  2057 034065 1 00011315 00011183 131009 359 43064.442566412
25.11.2017 10:37:18 +00.16219E+00  2078 034065 1 00011316 00011183 131009 358 43064.4425705671
25.11.2017 10:37:18 +00.16219E+00  2090 034065 1 00011317 00011183 131009 406 43064.4425752546
25.11.2017 10:37:18 +00.16219E+00  2103 034065 1 00011318 00011183 131009 359 43064.4425794097
25.11.2017 10:37:19 +00.16219E+00  2122 034065 1 00011319 00011183 131009 359 43064.4425835648
25.11.2017 10:37:19 +00.16220E+00  2135 034065 1 00011320 00011183 131009 405 43064.4425882523
25.11.2017 10:37:19 +00.16220E+00  2152 034065 1 00011321 00011183 131009 359 43064.4425924074
25.11.2017 10:37:20 +00.16220E+00  2166 034065 1 00011322 00011183 131009 359 43064.4425965625
25.11.2017 10:37:20 +00.16220E+00  2179 034065 1 00011323 00011183 131009 405 43064.4426012616
25.11.2017 10:37:21 +00.16220E+00  2198 034065 1 00011324 00011183 131009 359 43064.4426054051
25.11.2017 10:37:21 +00.16220E+00  2211 034065 1 00011325 00011183 131009 359 43064.4426095602
25.11.2017 10:37:21 +00.16219E+00  2225 034065 1 00011326 00011183 131009 406 43064.4426142593
25.11.2017 10:37:22 +00.16220E+00  2242 034065 1 00011327 00011183 131009 358 43064.4426184144
25.11.2017 10:37:22 +00.16220E+00  2253 034065 1 00011328 00011183 131009 359 43064.4426225579
25.11.2017 10:37:22 +00.16220E+00  2262 034065 1 00011329 00011183 131009 406 43064.4426272569
25.11.2017 10:37:23 +00.16220E+00  2280 034065 1 00011330 00011183 131009 359 43064.442631412
25.11.2017 10:37:23 +00.16219E+00  2293 034065 1 00011331 00011183 131009 358 43064.4426355671
25.11.2017 10:37:24 +00.16220E+00  2303 034065 1 00011332 00011183 131009 406 43064.4426402546
25.11.2017 10:37:24 +00.16219E+00  2322 034065 1 00011333 00011183 131009 359 43064.4426444097
25.11.2017 10:37:24 +00.16219E+00  2337 034065 1 00011334 00011183 131009 359 43064.4426485648
25.11.2017 10:37:25 +00.16219E+00  2350 034065 1 00011335 00011183 131009 405 43064.4426532523
25.11.2017 10:37:25 +00.16219E+00  2360 034067 1 00011336 00011183 131009 359 43064.4426574074
25.11.2017 10:37:25 +00.16220E+00  2379 034067 1 00011337 00011183 131009 359 43064.4426615625
25.11.2017 10:37:26 +00.16220E+00  2388 034067 1 00011338 00011183 131009 405 43064.4426662616
25.11.2017 10:37:26 +00.16220E+00  2400 034067 1 00011339 00011183 131009 359 43064.4426704051
25.11.2017 10:37:27 +00.16220E+00  2414 034067 1 00011340 00011183 131009 359 43064.4426745602
25.11.2017 10:37:27 +00.16221E+00  2427 034067 1 00011341 00011183 131009 406 43064.4426792593
25.11.2017 10:37:27 +00.16220E+00  2444 034067 1 00011342 00011183 131009 358 43064.4426834144
25.11.2017 10:37:28 +00.16220E+00  2463 034067 1 00011343 00011183 131009 359 43064.4426875579
25.11.2017 10:37:33 +00.16230E+00  0019 034087 1 00011344 00011344 131009 421 43064.4427509375
25.11.2017 10:37:34 +00.16230E+00  0039 034087 1 00011345 00011344 131009 359 43064.4427550926
25.11.2017 10:37:34 +00.16230E+00  0060 034087 1 00011346 00011344 131009 358 43064.4427592477
25.11.2017 10:37:34 +00.16230E+00  0074 034087 1 00011347 00011344 131009 406 43064.4427639352
25.11.2017 10:37:35 +00.16230E+00  0089 034087 1 00011348 00011344 131009 359 43064.4427680903
25.11.2017 10:37:35 +00.16230E+00  0107 034087 1 00011349 00011344 131009 359 43064.4427722454
25.11.2017 10:37:35 +00.16230E+00  0122 034087 1 00011350 00011344 131009 405 43064.4427769329
25.11.2017 10:37:36 +00.16230E+00  0140 034087 1 00011351 00011344 131009 359 43064.442781088
25.11.2017 10:37:36 +00.16230E+00  0153 034087 1 00011352 00011344 131009 359 43064.4427852431
25.11.2017 10:37:37 +00.16230E+00  0163 034087 1 00011353 00011344 131009 405 43064.4427899421
25.11.2017 10:37:37 +00.16230E+00  0182 034087 1 00011354 00011344 131009 359 43064.4427940856
25.11.2017 10:37:37 +00.16230E+00  0198 034087 1 00011355 00011344 131009 359 43064.4427982407
25.11.2017 10:37:38 +00.16230E+00  0208 034087 1 00011356 00011344 131009 406 43064.4428029398
25.11.2017 10:37:38 +00.16230E+00  0220 034087 1 00011357 00011344 131009 358 43064.4428070949
25.11.2017 10:37:38 +00.16230E+00  0233 034087 1 00011358 00011344 131009 359 43064.4428112384
25.11.2017 10:37:39 +00.16230E+00  0248 034087 1 00011359 00011344 131009 406 43064.4428159375
25.11.2017 10:37:39 +00.16230E+00  0268 034087 1 00011360 00011344 131009 359 43064.4428200926
25.11.2017 10:37:40 +00.16230E+00  0275 034087 1 00011361 00011344 131009 358 43064.4428242477
25.11.2017 10:37:40 +00.16230E+00  0294 034087 1 00011362 00011344 131009 406 43064.4428289352
25.11.2017 10:37:40 +00.16230E+00  0313 034087 1 00011363 00011344 131009 359 43064.4428330903
25.11.2017 10:37:41 +00.16230E+00  0328 034087 1 00011364 00011344 131009 359 43064.4428372454
25.11.2017 10:37:41 +00.16230E+00  0344 034087 1 00011365 00011344 131009 405 43064.4428419329
25.11.2017 10:37:41 +00.16230E+00  0359 034087 1 00011366 00011344 131009 359 43064.442846088
25.11.2017 10:37:42 +00.16230E+00  0373 034087 1 00011367 00011344 131009 359 43064.4428502431
25.11.2017 10:37:42 +00.16230E+00  0384 034087 1 00011368 00011344 131009 405 43064.4428549421
25.11.2017 10:37:43 +00.16230E+00  0396 034087 1 00011369 00011344 131009 359 43064.4428590856
25.11.2017 10:37:43 +00.16230E+00  0411 034087 1 00011370 00011344 131009 359 43064.4428632407
25.11.2017 10:37:43 +00.16230E+00  0425 034087 1 00011371 00011344 131009 406 43064.4428679398
25.11.2017 10:37:44 +00.16230E+00  0448 034087 1 00011372 00011344 131009 358 43064.4428720949
25.11.2017 10:37:44 +00.16230E+00  0463 034087 1 00011373 00011344 131009 359 43064.4428762384
25.11.2017 10:37:44 +00.16230E+00  0478 034087 1 00011374 00011344 131009 406 43064.4428809375
25.11.2017 10:37:45 +00.16230E+00  0489 034087 1 00011375 00011344 131009 359 43064.4428850926
25.11.2017 10:37:45 +00.16230E+00  0504 034087 1 00011376 00011344 131009 358 43064.4428892477
25.11.2017 10:37:46 +00.16230E+00  0523 034087 1 00011377 00011344 131009 406 43064.4428939352
25.11.2017 10:37:46 +00.16230E+00  0545 034087 1 00011378 00011344 131009 359 43064.4428980903
25.11.2017 10:37:46 +00.16230E+00  0555 034087 1 00011379 00011344 131009 359 43064.4429022454
25.11.2017 10:37:47 +00.16230E+00  0575 034087 1 00011380 00011344 131009 405 43064.4429069329
25.11.2017 10:37:47 +00.16230E+00  0590 034087 1 00011381 00011344 131009 359 43064.442911088
25.11.2017 10:37:47 +00.16230E+00  0608 034087 1 00011382 00011344 131009 359 43064.4429152431
25.11.2017 10:37:48 +00.16230E+00  0624 034087 1 00011383 00011344 131009 405 43064.4429199421
25.11.2017 10:37:48 +00.16230E+00  0645 034087 1 00011384 00011344 131009 359 43064.4429240856
25.11.2017 10:37:49 +00.16230E+00  0659 034087 1 00011385 00011344 131009 359 43064.4429282407
25.11.2017 10:37:49 +00.16230E+00  0674 034087 1 00011386 00011344 131009 406 43064.4429329398
25.11.2017 10:37:49 +00.16230E+00  0692 034087 1 00011387 00011344 131009 358 43064.4429370949
25.11.2017 10:37:50 +00.16230E+00  0712 034087 1 00011388 00011344 131009 359 43064.4429412384
25.11.2017 10:37:50 +00.16230E+00  0732 034087 1 00011389 00011344 131009 406 43064.4429459375
25.11.2017 10:37:50 +00.16230E+00  0754 034087 1 00011390 00011344 131009 359 43064.4429500926
25.11.2017 10:37:51 +00.16230E+00  0761 034087 1 00011391 00011344 131009 358 43064.4429542477
25.11.2017 10:37:51 +00.16230E+00  0772 034087 1 00011392 00011344 131009 406 43064.4429589352
25.11.2017 10:37:52 +00.16230E+00  0791 034087 1 00011393 00011344 131009 359 43064.4429630903
25.11.2017 10:37:52 +00.16230E+00  0806 034087 1 00011394 00011344 131009 359 43064.4429672454
25.11.2017 10:37:52 +00.16230E+00  0823 034087 1 00011395 00011344 131009 421 43064.4429721181
25.11.2017 10:37:53 +00.16230E+00  0839 034087 1 00011396 00011344 131009 359 43064.4429762731
25.11.2017 10:37:53 +00.16230E+00  0849 034087 1 00011397 00011344 131009 358 43064.4429804282
25.11.2017 10:37:53 +00.16230E+00  0874 034087 1 00011398 00011344 131009 406 43064.4429851157
25.11.2017 10:37:54 +00.16230E+00  0892 034087 1 00011399 00011344 131009 359 43064.4429892708
25.11.2017 10:37:54 +00.16230E+00  0906 034087 1 00011400 00011344 131009 359 43064.4429934259
25.11.2017 10:37:55 +00.16230E+00  0928 034087 1 00011401 00011344 131009 405 43064.4429981134
25.11.2017 10:37:55 +00.16230E+00  0947 034087 1 00011402 00011344 131009 359 43064.4430022685
25.11.2017 10:37:55 +00.16230E+00  0962 034087 1 00011403 00011344 131009 359 43064.4430064236
25.11.2017 10:37:56 +00.16230E+00  0973 034087 1 00011404 00011344 131009 405 43064.4430111227
25.11.2017 10:37:56 +00.16230E+00  0992 034087 1 00011405 00011344 131009 359 43064.4430152662
25.11.2017 10:37:56 +00.16230E+00  1009 034087 1 00011406 00011344 131009 359 43064.4430194213
25.11.2017 10:37:57 +00.16230E+00  1023 034087 1 00011407 00011344 131009 406 43064.4430241204
25.11.2017 10:37:57 +00.16230E+00  1042 034087 1 00011408 00011344 131009 358 43064.4430282755
25.11.2017 10:37:58 +00.16230E+00  1057 034087 1 00011409 00011344 131009 359 43064.443032419
25.11.2017 10:37:58 +00.16230E+00  1067 034087 1 00011410 00011344 131009 406 43064.4430371181
25.11.2017 10:37:58 +00.16230E+00  1089 034087 1 00011411 00011344 131009 359 43064.4430412731
25.11.2017 10:37:59 +00.16230E+00  1099 034087 1 00011412 00011344 131009 358 43064.4430454282
25.11.2017 10:37:59 +00.16230E+00  1115 034087 1 00011413 00011344 131009 406 43064.4430501157
25.11.2017 10:37:59 +00.16230E+00  1137 034087 1 00011414 00011344 131009 359 43064.4430542708
25.11.2017 10:38:00 +00.16230E+00  1149 034087 1 00011415 00011344 131009 359 43064.4430584259
25.11.2017 10:38:00 +00.16230E+00  1160 034087 1 00011416 00011344 131009 405 43064.4430631134
25.11.2017 10:38:01 +00.16230E+00  1173 034087 1 00011417 00011344 131009 359 43064.4430672685
25.11.2017 10:38:01 +00.16230E+00  1183 034087 1 00011418 00011344 131009 359 43064.4430714236
25.11.2017 10:38:01 +00.16230E+00  1197 034087 1 00011419 00011344 131009 405 43064.4430761227
25.11.2017 10:38:02 +00.16230E+00  1216 034087 1 00011420 00011344 131009 359 43064.4430802662
25.11.2017 10:38:02 +00.16230E+00  1235 034087 1 00011421 00011344 131009 359 43064.4430844213
25.11.2017 10:38:02 +00.16230E+00  1253 034087 1 00011422 00011344 131009 406 43064.4430891204
25.11.2017 10:38:03 +00.16230E+00  1280 034087 1 00011423 00011344 131009 358 43064.4430932755
25.11.2017 10:38:03 +00.16230E+00  1296 034087 1 00011424 00011344 131009 359 43064.443097419
25.11.2017 10:38:04 +00.16230E+00  1311 034087 1 00011425 00011344 131009 406 43064.4431021181
25.11.2017 10:38:04 +00.16230E+00  1336 034087 1 00011426 00011344 131009 359 43064.4431062731
25.11.2017 10:38:04 +00.16230E+00  1349 034087 1 00011427 00011344 131009 358 43064.4431104282
25.11.2017 10:38:05 +00.16230E+00  1357 034087 1 00011428 00011344 131009 406 43064.4431151157
25.11.2017 10:38:05 +00.16230E+00  1376 034087 1 00011429 00011344 131009 359 43064.4431192708
25.11.2017 10:38:05 +00.16230E+00  1388 034087 1 00011430 00011344 131009 359 43064.4431234259
25.11.2017 10:38:06 +00.16230E+00  1396 034087 1 00011431 00011344 131009 405 43064.4431281134
25.11.2017 10:38:06 +00.16230E+00  1420 034087 1 00011432 00011344 131009 359 43064.4431322685
25.11.2017 10:38:06 +00.16230E+00  1430 034087 1 00011433 00011344 131009 359 43064.4431364236
25.11.2017 10:38:07 +00.16230E+00  1439 034087 1 00011434 00011344 131009 405 43064.4431411227
25.11.2017 10:38:07 +00.16230E+00  1453 034087 1 00011435 00011344 131009 359 43064.4431452662
25.11.2017 10:38:08 +00.16230E+00  1465 034087 1 00011436 00011344 131009 359 43064.4431494213
25.11.2017 10:38:08 +00.16230E+00  1474 034087 1 00011437 00011344 131009 406 43064.4431541204
25.11.2017 10:38:08 +00.16230E+00  1488 034087 1 00011438 00011344 131009 358 43064.4431582755
25.11.2017 10:38:09 +00.16230E+00  1501 034087 1 00011439 00011344 131009 359 43064.443162419
25.11.2017 10:38:09 +00.16230E+00  1516 034087 1 00011440 00011344 131009 406 43064.4431671181
25.11.2017 10:38:09 +00.16230E+00  1544 034087 1 00011441 00011344 131009 359 43064.4431712731
25.11.2017 10:38:10 +00.16230E+00  1555 034087 1 00011442 00011344 131009 358 43064.4431754282
25.11.2017 10:38:10 +00.16230E+00  1562 034087 1 00011443 00011344 131009 406 43064.4431801157
25.11.2017 10:38:11 +00.16230E+00  1574 034087 1 00011444 00011344 131009 359 43064.4431842708
25.11.2017 10:38:11 +00.16230E+00  1585 034087 1 00011445 00011344 131009 359 43064.4431884259
25.11.2017 10:38:11 +00.16230E+00  1604 034087 1 00011446 00011344 131009 405 43064.4431931134
25.11.2017 10:38:12 +00.16230E+00  1621 034087 1 00011447 00011344 131009 359 43064.4431972685
25.11.2017 10:38:12 +00.16230E+00  1633 034087 1 00011448 00011344 131009 359 43064.4432014236
25.11.2017 10:38:13 +00.16230E+00  1647 034087 1 00011449 00011344 131009 405 43064.4432061227
25.11.2017 10:38:13 +00.16230E+00  1659 034087 1 00011450 00011344 131009 359 43064.4432102662
25.11.2017 10:38:13 +00.16230E+00  1676 034087 1 00011451 00011344 131009 359 43064.4432144213
25.11.2017 10:38:14 +00.16230E+00  1694 034087 1 00011452 00011344 131009 421 43064.443219294
25.11.2017 10:38:14 +00.16230E+00  1716 034087 1 00011453 00011344 131009 359 43064.4432234491
25.11.2017 10:38:14 +00.16230E+00  1734 034087 1 00011454 00011344 131009 359 43064.4432276042
25.11.2017 10:38:15 +00.16230E+00  1756 034087 1 00011455 00011344 131009 405 43064.4432323032
25.11.2017 10:38:15 +00.16230E+00  1775 034087 1 00011456 00011344 131009 359 43064.4432364468
25.11.2017 10:38:15 +00.16230E+00  1785 034087 1 00011457 00011344 131009 359 43064.4432406019
25.11.2017 10:38:16 +00.16230E+00  1798 034087 1 00011458 00011344 131009 406 43064.4432453009
25.11.2017 10:38:16 +00.16230E+00  1812 034087 1 00011459 00011344 131009 358 43064.443249456
25.11.2017 10:38:17 +00.16230E+00  1824 034087 1 00011460 00011344 131009 359 43064.4432535995
25.11.2017 10:38:17 +00.16230E+00  1841 034087 1 00011461 00011344 131009 406 43064.4432582986
25.11.2017 10:38:17 +00.16230E+00  1863 034087 1 00011462 00011344 131009 359 43064.4432624537
25.11.2017 10:38:18 +00.16230E+00  1871 034087 1 00011463 00011344 131009 358 43064.4432666088
25.11.2017 10:38:18 +00.16230E+00  1890 034087 1 00011464 00011344 131009 406 43064.4432712963
25.11.2017 10:38:18 +00.16230E+00  1905 034087 1 00011465 00011344 131009 359 43064.4432754514
25.11.2017 10:38:19 +00.16230E+00  1920 034087 1 00011466 00011344 131009 359 43064.4432796065
25.11.2017 10:38:19 +00.16230E+00  1944 034087 1 00011467 00011344 131009 405 43064.443284294
25.11.2017 10:38:20 +00.16230E+00  1965 034087 1 00011468 00011344 131009 359 43064.4432884491
25.11.2017 10:38:20 +00.16230E+00  1971 034087 1 00011469 00011344 131009 359 43064.4432926042
25.11.2017 10:38:20 +00.16230E+00  1989 034087 1 00011470 00011344 131009 405 43064.4432973032
25.11.2017 10:38:21 +00.16230E+00  2012 034087 1 00011471 00011344 131009 359 43064.4433014468
25.11.2017 10:38:21 +00.16230E+00  2026 034087 1 00011472 00011344 131009 359 43064.4433056019
25.11.2017 10:38:22 +00.16230E+00  2042 034087 1 00011473 00011344 131009 406 43064.4433103009
25.11.2017 10:38:22 +00.16230E+00  2067 034087 1 00011474 00011344 131009 358 43064.443314456
25.11.2017 10:38:22 +00.16230E+00  2082 034087 1 00011475 00011344 131009 359 43064.4433185995
25.11.2017 10:38:23 +00.16230E+00  2096 034087 1 00011476 00011344 131009 406 43064.4433232986
25.11.2017 10:38:23 +00.16230E+00  2111 034087 1 00011477 00011344 131009 359 43064.4433274537
25.11.2017 10:38:23 +00.16230E+00  2124 034087 1 00011478 00011344 131009 358 43064.4433316088
25.11.2017 10:38:24 +00.16230E+00  2138 034087 1 00011479 00011344 131009 406 43064.4433362963
25.11.2017 10:38:24 +00.16230E+00  2153 034087 1 00011480 00011344 131009 359 43064.4433404514
25.11.2017 10:38:24 +00.16230E+00  2168 034087 1 00011481 00011344 131009 359 43064.4433446065
25.11.2017 10:38:25 +00.16230E+00  2182 034087 1 00011482 00011344 131009 405 43064.443349294
25.11.2017 10:38:25 +00.16230E+00  2198 034087 1 00011483 00011344 131009 359 43064.4433534491
25.11.2017 10:38:26 +00.16230E+00  2212 034087 1 00011484 00011344 131009 359 43064.4433576042
25.11.2017 10:38:26 +00.16230E+00  2232 034087 1 00011485 00011344 131009 405 43064.4433623032
25.11.2017 10:38:26 +00.16230E+00  2248 034087 1 00011486 00011344 131009 359 43064.4433664468
25.11.2017 10:38:27 +00.16230E+00  2267 034087 1 00011487 00011344 131009 359 43064.4433706019
25.11.2017 10:38:27 +00.16230E+00  2284 034087 1 00011488 00011344 131009 406 43064.4433753009
25.11.2017 10:38:27 +00.16230E+00  2296 034087 1 00011489 00011344 131009 358 43064.443379456
25.11.2017 10:38:28 +00.16230E+00  2313 034087 1 00011490 00011344 131009 359 43064.4433835995
25.11.2017 10:38:28 +00.16230E+00  2328 034087 1 00011491 00011344 131009 406 43064.4433882986
25.11.2017 10:38:29 +00.16230E+00  2337 034087 1 00011492 00011344 131009 359 43064.4433924537
25.11.2017 10:38:29 +00.16230E+00  2350 034087 1 00011493 00011344 131009 358 43064.4433966088
25.11.2017 10:38:29 +00.16230E+00  2364 034087 1 00011494 00011344 131009 406 43064.4434012963
25.11.2017 10:38:30 +00.16230E+00  2380 034087 1 00011495 00011344 131009 359 43064.4434054514
25.11.2017 10:38:30 +00.16230E+00  2388 034087 1 00011496 00011344 131009 359 43064.4434096065
25.11.2017 10:38:30 +00.16230E+00  2404 034087 1 00011497 00011344 131009 405 43064.443414294
25.11.2017 10:38:31 +00.16230E+00  2421 034087 1 00011498 00011344 131009 359 43064.4434184491
25.11.2017 10:38:31 +00.16230E+00  2433 034087 1 00011499 00011344 131009 359 43064.4434226042
25.11.2017 10:38:32 +00.16230E+00  2454 034087 1 00011500 00011344 131009 405 43064.4434273032
25.11.2017 10:38:32 +00.16230E+00  2478 034087 1 00011501 00011344 131009 359 43064.4434314468
25.11.2017 10:38:32 +00.16230E+00  2495 034087 1 00011502 00011344 131009 359 43064.4434356019
25.11.2017 10:38:33 +00.16230E+00  2506 034087 1 00011503 00011344 131009 406 43064.4434403009
25.11.2017 10:38:33 +00.16230E+00  2520 034087 1 00011504 00011344 131009 358 43064.443444456
25.11.2017 10:38:39 +00.16239E+00  0019 034107 1 00011505 00011505 131009 421 43064.4435119792
25.11.2017 10:38:39 +00.16239E+00  0032 034107 1 00011506 00011505 131009 359 43064.4435161343
25.11.2017 10:38:40 +00.16240E+00  0054 034107 1 00011507 00011505 131009 358 43064.4435202894
25.11.2017 10:38:40 +00.16239E+00  0074 034107 1 00011508 00011505 131009 406 43064.4435249769
25.11.2017 10:38:40 +00.16240E+00  0098 034107 1 00011509 00011505 131009 359 43064.4435291319
25.11.2017 10:38:41 +00.16239E+00  0116 034107 1 00011510 00011505 131009 359 43064.443533287
25.11.2017 10:38:41 +00.16239E+00  0140 034107 1 00011511 00011505 131009 405 43064.4435379745
25.11.2017 10:38:42 +00.16239E+00  0157 034107 1 00011512 00011505 131009 359 43064.4435421296
25.11.2017 10:38:42 +00.16240E+00  0164 034107 1 00011513 00011505 131009 359 43064.4435462847
25.11.2017 10:38:42 +00.16239E+00  0178 034107 1 00011514 00011505 131009 405 43064.4435509838
25.11.2017 10:38:43 +00.16240E+00  0191 034107 1 00011515 00011505 131009 359 43064.4435551273
25.11.2017 10:38:43 +00.16239E+00  0207 034107 1 00011516 00011505 131009 359 43064.4435592824
25.11.2017 10:38:43 +00.16240E+00  0224 034107 1 00011517 00011505 131009 406 43064.4435639815
25.11.2017 10:38:44 +00.16239E+00  0234 034107 1 00011518 00011505 131009 358 43064.4435681366
25.11.2017 10:38:44 +00.16239E+00  0246 034107 1 00011519 00011505 131009 359 43064.4435722801
25.11.2017 10:38:45 +00.16239E+00  0256 034107 1 00011520 00011505 131009 406 43064.4435769792
25.11.2017 10:38:45 +00.16239E+00  0282 034107 1 00011521 00011505 131009 359 43064.4435811343
25.11.2017 10:38:45 +00.16239E+00  0290 034107 1 00011522 00011505 131009 358 43064.4435852894
25.11.2017 10:38:46 +00.16239E+00  0302 034107 1 00011523 00011505 131009 406 43064.4435899769
25.11.2017 10:38:46 +00.16239E+00  0323 034107 1 00011524 00011505 131009 359 43064.4435941319
25.11.2017 10:38:46 +00.16239E+00  0337 034107 1 00011525 00011505 131009 359 43064.443598287
25.11.2017 10:38:47 +00.16240E+00  0355 034107 1 00011526 00011505 131009 405 43064.4436029745
25.11.2017 10:38:47 +00.16240E+00  0378 034107 1 00011527 00011505 131009 359 43064.4436071296
25.11.2017 10:38:48 +00.16240E+00  0395 034107 1 00011528 00011505 131009 359 43064.4436112847
25.11.2017 10:38:48 +00.16239E+00  0411 034107 1 00011529 00011505 131009 405 43064.4436159838
25.11.2017 10:38:48 +00.16240E+00  0434 034107 1 00011530 00011505 131009 359 43064.4436201273
25.11.2017 10:38:49 +00.16240E+00  0450 034107 1 00011531 00011505 131009 359 43064.4436242824
25.11.2017 10:38:49 +00.16239E+00  0456 034107 1 00011532 00011505 131009 406 43064.4436289815
25.11.2017 10:38:49 +00.16239E+00  0474 034107 1 00011533 00011505 131009 358 43064.4436331366
25.11.2017 10:38:50 +00.16239E+00  0495 034107 1 00011534 00011505 131009 359 43064.4436372801
25.11.2017 10:38:50 +00.16239E+00  0504 034107 1 00011535 00011505 131009 406 43064.4436419792
25.11.2017 10:38:51 +00.16240E+00  0526 034107 1 00011536 00011505 131009 359 43064.4436461343
25.11.2017 10:38:51 +00.16239E+00  0536 034107 1 00011537 00011505 131009 358 43064.4436502894
25.11.2017 10:38:51 +00.16240E+00  0552 034107 1 00011538 00011505 131009 406 43064.4436549769
25.11.2017 10:38:52 +00.16240E+00  0566 034107 1 00011539 00011505 131009 359 43064.4436591319
25.11.2017 10:38:52 +00.16240E+00  0582 034107 1 00011540 00011505 131009 359 43064.443663287
25.11.2017 10:38:52 +00.16239E+00  0596 034107 1 00011541 00011505 131009 405 43064.4436679745
25.11.2017 10:38:53 +00.16239E+00  0615 034107 1 00011542 00011505 131009 359 43064.4436721296
25.11.2017 10:38:53 +00.16239E+00  0626 034107 1 00011543 00011505 131009 359 43064.4436762847
25.11.2017 10:38:54 +00.16239E+00  0637 034107 1 00011544 00011505 131009 405 43064.4436809838
25.11.2017 10:38:54 +00.16239E+00  0648 034107 1 00011545 00011505 131009 359 43064.4436851273
25.11.2017 10:38:54 +00.16239E+00  0658 034109 1 00011546 00011505 131009 359 43064.4436892824
25.11.2017 10:38:55 +00.16240E+00  0674 034109 1 00011547 00011505 131009 406 43064.4436939815
25.11.2017 10:38:55 +00.16240E+00  0697 034109 1 00011548 00011505 131009 358 43064.4436981366
25.11.2017 10:38:55 +00.16240E+00  0706 034109 1 00011549 00011505 131009 359 43064.4437022801
25.11.2017 10:38:56 +00.16240E+00  0723 034109 1 00011550 00011505 131009 406 43064.4437069792
25.11.2017 10:38:56 +00.16240E+00  0749 034109 1 00011551 00011505 131009 359 43064.4437111343
25.11.2017 10:38:57 +00.16240E+00  0764 034109 1 00011552 00011505 131009 358 43064.4437152894
25.11.2017 10:38:57 +00.16240E+00  0779 034109 1 00011553 00011505 131009 422 43064.443720162
25.11.2017 10:38:57 +00.16240E+00  0793 034109 1 00011554 00011505 131009 358 43064.4437243171
25.11.2017 10:38:58 +00.16241E+00  0811 034109 1 00011555 00011505 131009 359 43064.4437284606
25.11.2017 10:38:58 +00.16240E+00  0827 034109 1 00011556 00011505 131009 406 43064.4437331597
25.11.2017 10:38:58 +00.16240E+00  0842 034109 1 00011557 00011505 131009 359 43064.4437373148
25.11.2017 10:38:59 +00.16240E+00  0854 034109 1 00011558 00011505 131009 358 43064.4437414699
25.11.2017 10:38:59 +00.16240E+00  0866 034109 1 00011559 00011505 131009 406 43064.4437461574
25.11.2017 10:39:00 +00.16240E+00  0887 034109 1 00011560 00011505 131009 359 43064.4437503125
25.11.2017 10:39:00 +00.16240E+00  0897 034109 1 00011561 00011505 131009 359 43064.4437544676
25.11.2017 10:39:00 +00.16240E+00  0908 034109 1 00011562 00011505 131009 405 43064.4437591551
25.11.2017 10:39:01 +00.16240E+00  0926 034109 1 00011563 00011505 131009 359 43064.4437633102
25.11.2017 10:39:01 +00.16241E+00  0944 034109 1 00011564 00011505 131009 359 43064.4437674653
25.11.2017 10:39:01 +00.16240E+00  0951 034109 1 00011565 00011505 131009 405 43064.4437721644
25.11.2017 10:39:02 +00.16240E+00  0978 034109 1 00011566 00011505 131009 359 43064.4437763079
25.11.2017 10:39:02 +00.16240E+00  0995 034109 1 00011567 00011505 131009 359 43064.443780463
25.11.2017 10:39:03 +00.16240E+00  1017 034109 1 00011568 00011505 131009 406 43064.443785162
25.11.2017 10:39:03 +00.16240E+00  1029 034109 1 00011569 00011505 131009 358 43064.4437893171
25.11.2017 10:39:03 +00.16240E+00  1045 034109 1 00011570 00011505 131009 359 43064.4437934606
25.11.2017 10:39:04 +00.16240E+00  1063 034109 1 00011571 00011505 131009 406 43064.4437981597
25.11.2017 10:39:04 +00.16241E+00  1082 034109 1 00011572 00011505 131009 359 43064.4438023148
25.11.2017 10:39:04 +00.16241E+00  1100 034109 1 00011573 00011505 131009 358 43064.4438064699
25.11.2017 10:39:05 +00.16240E+00  1116 034107 1 00011574 00011505 131009 406 43064.4438111574
25.11.2017 10:39:05 +00.16240E+00  1142 034107 1 00011575 00011505 131009 359 43064.4438153125
25.11.2017 10:39:06 +00.16240E+00  1160 034107 1 00011576 00011505 131009 359 43064.4438194676
25.11.2017 10:39:06 +00.16240E+00  1175 034107 1 00011577 00011505 131009 405 43064.4438241551
25.11.2017 10:39:06 +00.16239E+00  1185 034107 1 00011578 00011505 131009 359 43064.4438283102
25.11.2017 10:39:07 +00.16239E+00  1202 034107 1 00011579 00011505 131009 359 43064.4438324653
25.11.2017 10:39:07 +00.16239E+00  1220 034107 1 00011580 00011505 131009 405 43064.4438371643
25.11.2017 10:39:07 +00.16239E+00  1234 034107 1 00011581 00011505 131009 359 43064.4438413079
25.11.2017 10:39:08 +00.16240E+00  1245 034107 1 00011582 00011505 131009 359 43064.443845463
25.11.2017 10:39:08 +00.16239E+00  1257 034107 1 00011583 00011505 131009 406 43064.443850162
25.11.2017 10:39:09 +00.16239E+00  1274 034107 1 00011584 00011505 131009 358 43064.4438543171
25.11.2017 10:39:09 +00.16239E+00  1286 034107 1 00011585 00011505 131009 359 43064.4438584606
25.11.2017 10:39:09 +00.16240E+00  1300 034107 1 00011586 00011505 131009 406 43064.4438631597
25.11.2017 10:39:10 +00.16240E+00  1322 034107 1 00011587 00011505 131009 359 43064.4438673148
25.11.2017 10:39:10 +00.16239E+00  1336 034107 1 00011588 00011505 131009 358 43064.4438714699
25.11.2017 10:39:10 +00.16239E+00  1351 034107 1 00011589 00011505 131009 406 43064.4438761574
25.11.2017 10:39:11 +00.16240E+00  1374 034107 1 00011590 00011505 131009 359 43064.4438803125
25.11.2017 10:39:11 +00.16239E+00  1382 034107 1 00011591 00011505 131009 359 43064.4438844676
25.11.2017 10:39:12 +00.16240E+00  1397 034107 1 00011592 00011505 131009 405 43064.4438891551
25.11.2017 10:39:12 +00.16240E+00  1416 034107 1 00011593 00011505 131009 359 43064.4438933102
25.11.2017 10:39:12 +00.16239E+00  1426 034107 1 00011594 00011505 131009 359 43064.4438974653
25.11.2017 10:39:13 +00.16240E+00  1447 034107 1 00011595 00011505 131009 405 43064.4439021643
25.11.2017 10:39:13 +00.16239E+00  1461 034107 1 00011596 00011505 131009 359 43064.4439063079
25.11.2017 10:39:13 +00.16239E+00  1476 034107 1 00011597 00011505 131009 359 43064.443910463
25.11.2017 10:39:14 +00.16239E+00  1485 034107 1 00011598 00011505 131009 406 43064.443915162
25.11.2017 10:39:14 +00.16239E+00  1496 034107 1 00011599 00011505 131009 358 43064.4439193171
25.11.2017 10:39:14 +00.16240E+00  1507 034107 1 00011600 00011505 131009 359 43064.4439234606
25.11.2017 10:39:15 +00.16239E+00  1527 034107 1 00011601 00011505 131009 406 43064.4439281597
25.11.2017 10:39:15 +00.16240E+00  1540 034107 1 00011602 00011505 131009 359 43064.4439323148
25.11.2017 10:39:16 +00.16240E+00  1549 034107 1 00011603 00011505 131009 358 43064.4439364699
25.11.2017 10:39:16 +00.16239E+00  1565 034107 1 00011604 00011505 131009 406 43064.4439411574
25.11.2017 10:39:16 +00.16240E+00  1583 034107 1 00011605 00011505 131009 359 43064.4439453125
25.11.2017 10:39:17 +00.16239E+00  1599 034107 1 00011606 00011505 131009 359 43064.4439494676
25.11.2017 10:39:17 +00.16240E+00  1612 034107 1 00011607 00011505 131009 405 43064.4439541551
25.11.2017 10:39:17 +00.16240E+00  1632 034107 1 00011608 00011505 131009 359 43064.4439583102
25.11.2017 10:39:18 +00.16240E+00  1650 034107 1 00011609 00011505 131009 359 43064.4439624653
25.11.2017 10:39:18 +00.16239E+00  1670 034107 1 00011610 00011505 131009 421 43064.443967338
25.11.2017 10:39:19 +00.16239E+00  1688 034107 1 00011611 00011505 131009 359 43064.4439714931
25.11.2017 10:39:19 +00.16239E+00  1698 034107 1 00011612 00011505 131009 359 43064.4439756482
25.11.2017 10:39:19 +00.16239E+00  1706 034107 1 00011613 00011505 131009 405 43064.4439803357
25.11.2017 10:39:20 +00.16239E+00  1726 034107 1 00011614 00011505 131009 359 43064.4439844907
25.11.2017 10:39:20 +00.16239E+00  1741 034109 1 00011615 00011505 131009 359 43064.4439886458
25.11.2017 10:39:21 +00.16240E+00  1757 034109 1 00011616 00011505 131009 405 43064.4439933449
25.11.2017 10:39:21 +00.16240E+00  1778 034109 1 00011617 00011505 131009 359 43064.4439974884
25.11.2017 10:39:21 +00.16240E+00  1792 034109 1 00011618 00011505 131009 359 43064.4440016435
25.11.2017 10:39:22 +00.16240E+00  1800 034109 1 00011619 00011505 131009 406 43064.4440063426
25.11.2017 10:39:22 +00.16240E+00  1820 034109 1 00011620 00011505 131009 358 43064.4440104977
25.11.2017 10:39:22 +00.16240E+00  1833 034109 1 00011621 00011505 131009 359 43064.4440146412
25.11.2017 10:39:23 +00.16240E+00  1849 034109 1 00011622 00011505 131009 406 43064.4440193403
25.11.2017 10:39:23 +00.16241E+00  1871 034109 1 00011623 00011505 131009 359 43064.4440234954
25.11.2017 10:39:23 +00.16240E+00  1886 034109 1 00011624 00011505 131009 358 43064.4440276505
25.11.2017 10:39:24 +00.16240E+00  1907 034109 1 00011625 00011505 131009 406 43064.444032338
25.11.2017 10:39:24 +00.16240E+00  1926 034109 1 00011626 00011505 131009 359 43064.4440364931
25.11.2017 10:39:25 +00.16241E+00  1939 034109 1 00011627 00011505 131009 359 43064.4440406482
25.11.2017 10:39:25 +00.16241E+00  1955 034109 1 00011628 00011505 131009 405 43064.4440453357
25.11.2017 10:39:25 +00.16240E+00  1976 034107 1 00011629 00011505 131009 359 43064.4440494907
25.11.2017 10:39:26 +00.16240E+00  1993 034107 1 00011630 00011505 131009 359 43064.4440536458
25.11.2017 10:39:26 +00.16240E+00  2019 034107 1 00011631 00011505 131009 405 43064.4440583449
25.11.2017 10:39:26 +00.16240E+00  2037 034107 1 00011632 00011505 131009 359 43064.4440624884
25.11.2017 10:39:27 +00.16240E+00  2054 034107 1 00011633 00011505 131009 359 43064.4440666435
25.11.2017 10:39:27 +00.16239E+00  2064 034107 1 00011634 00011505 131009 406 43064.4440713426
25.11.2017 10:39:28 +00.16239E+00  2084 034107 1 00011635 00011505 131009 358 43064.4440754977
25.11.2017 10:39:28 +00.16239E+00  2103 034107 1 00011636 00011505 131009 359 43064.4440796412
25.11.2017 10:39:28 +00.16240E+00  2114 034107 1 00011637 00011505 131009 406 43064.4440843403
25.11.2017 10:39:29 +00.16240E+00  2125 034107 1 00011638 00011505 131009 359 43064.4440884954
25.11.2017 10:39:29 +00.16239E+00  2143 034107 1 00011639 00011505 131009 358 43064.4440926505
25.11.2017 10:39:30 +00.16239E+00  2154 034107 1 00011640 00011505 131009 406 43064.444097338
25.11.2017 10:39:30 +00.16239E+00  2176 034107 1 00011641 00011505 131009 359 43064.4441014931
25.11.2017 10:39:30 +00.16239E+00  2192 034107 1 00011642 00011505 131009 359 43064.4441056481
25.11.2017 10:39:31 +00.16240E+00  2212 034109 1 00011643 00011505 131009 405 43064.4441103357
25.11.2017 10:39:31 +00.16240E+00  2230 034109 1 00011644 00011505 131009 359 43064.4441144907
25.11.2017 10:39:31 +00.16240E+00  2242 034109 1 00011645 00011505 131009 359 43064.4441186458
25.11.2017 10:39:32 +00.16240E+00  2251 034109 1 00011646 00011505 131009 405 43064.4441233449
25.11.2017 10:39:32 +00.16241E+00  2260 034109 1 00011647 00011505 131009 359 43064.4441274884
25.11.2017 10:39:32 +00.16240E+00  2270 034109 1 00011648 00011505 131009 359 43064.4441316435
25.11.2017 10:39:33 +00.16240E+00  2292 034109 1 00011649 00011505 131009 406 43064.4441363426
25.11.2017 10:39:33 +00.16240E+00  2308 034109 1 00011650 00011505 131009 358 43064.4441404977
25.11.2017 10:39:34 +00.16240E+00  2322 034109 1 00011651 00011505 131009 359 43064.4441446412
25.11.2017 10:39:34 +00.16240E+00  2332 034109 1 00011652 00011505 131009 406 43064.4441493403
25.11.2017 10:39:34 +00.16240E+00  2353 034109 1 00011653 00011505 131009 359 43064.4441534954
25.11.2017 10:39:35 +00.16240E+00  2361 034109 1 00011654 00011505 131009 358 43064.4441576505
25.11.2017 10:39:35 +00.16240E+00  2380 034109 1 00011655 00011505 131009 406 43064.444162338
25.11.2017 10:39:35 +00.16241E+00  2390 034109 1 00011656 00011505 131009 359 43064.4441664931
25.11.2017 10:39:36 +00.16240E+00  2403 034107 1 00011657 00011505 131009 359 43064.4441706481
25.11.2017 10:39:36 +00.16240E+00  2415 034107 1 00011658 00011505 131009 405 43064.4441753357
25.11.2017 10:39:37 +00.16240E+00  2423 034107 1 00011659 00011505 131009 359 43064.4441794907
25.11.2017 10:39:37 +00.16240E+00  2439 034107 1 00011660 00011505 131009 359 43064.4441836458
25.11.2017 10:39:37 +00.16239E+00  2449 034107 1 00011661 00011505 131009 405 43064.4441883449
25.11.2017 10:39:38 +00.16240E+00  2468 034107 1 00011662 00011505 131009 359 43064.4441924884
25.11.2017 10:39:38 +00.16239E+00  2490 034107 1 00011663 00011505 131009 359 43064.4441966435
25.11.2017 10:39:38 +00.16239E+00  2509 034107 1 00011664 00011505 131009 406 43064.4442013426
25.11.2017 10:39:44 +00.16251E+00  0010 034130 1 00011665 00011665 131009 421 43064.4442632755
25.11.2017 10:39:44 +00.16250E+00  0032 034130 1 00011666 00011665 131009 359 43064.444267419
25.11.2017 10:39:45 +00.16250E+00  0043 034130 1 00011667 00011665 131009 359 43064.4442715741
25.11.2017 10:39:45 +00.16250E+00  0064 034130 1 00011668 00011665 131009 406 43064.4442762731
25.11.2017 10:39:45 +00.16250E+00  0080 034130 1 00011669 00011665 131009 358 43064.4442804282
25.11.2017 10:39:46 +00.16250E+00  0088 034130 1 00011670 00011665 131009 359 43064.4442845718
25.11.2017 10:39:46 +00.16250E+00  0102 034130 1 00011671 00011665 131009 406 43064.4442892708
25.11.2017 10:39:46 +00.16250E+00  0113 034130 1 00011672 00011665 131009 359 43064.4442934259
25.11.2017 10:39:47 +00.16251E+00  0125 034130 1 00011673 00011665 131009 358 43064.444297581
25.11.2017 10:39:47 +00.16251E+00  0136 034130 1 00011674 00011665 131009 406 43064.4443022685
25.11.2017 10:39:48 +00.16251E+00  0155 034130 1 00011675 00011665 131009 359 43064.4443064236
25.11.2017 10:39:48 +00.16251E+00  0172 034130 1 00011676 00011665 131009 359 43064.4443105787
25.11.2017 10:39:48 +00.16251E+00  0185 034130 1 00011677 00011665 131009 405 43064.4443152662
25.11.2017 10:39:49 +00.16250E+00  0196 034130 1 00011678 00011665 131009 359 43064.4443194213
25.11.2017 10:39:49 +00.16251E+00  0207 034130 1 00011679 00011665 131009 359 43064.4443235764
25.11.2017 10:39:49 +00.16250E+00  0223 034128 1 00011680 00011665 131009 405 43064.4443282755
25.11.2017 10:39:50 +00.16250E+00  0238 034128 1 00011681 00011665 131009 359 43064.444332419
25.11.2017 10:39:50 +00.16250E+00  0247 034128 1 00011682 00011665 131009 359 43064.4443365741
25.11.2017 10:39:51 +00.16249E+00  0263 034128 1 00011683 00011665 131009 406 43064.4443412731
25.11.2017 10:39:51 +00.16249E+00  0284 034128 1 00011684 00011665 131009 358 43064.4443454282
25.11.2017 10:39:51 +00.16250E+00  0293 034128 1 00011685 00011665 131009 359 43064.4443495718
25.11.2017 10:39:52 +00.16249E+00  0301 034128 1 00011686 00011665 131009 406 43064.4443542708
25.11.2017 10:39:52 +00.16249E+00  0316 034128 1 00011687 00011665 131009 359 43064.4443584259
25.11.2017 10:39:52 +00.16249E+00  0331 034128 1 00011688 00011665 131009 358 43064.444362581
25.11.2017 10:39:53 +00.16249E+00  0345 034128 1 00011689 00011665 131009 406 43064.4443672685
25.11.2017 10:39:53 +00.16249E+00  0359 034128 1 00011690 00011665 131009 359 43064.4443714236
25.11.2017 10:39:54 +00.16249E+00  0374 034128 1 00011691 00011665 131009 359 43064.4443755787
25.11.2017 10:39:54 +00.16250E+00  0390 034128 1 00011692 00011665 131009 405 43064.4443802662
25.11.2017 10:39:54 +00.16249E+00  0405 034128 1 00011693 00011665 131009 359 43064.4443844213
25.11.2017 10:39:55 +00.16250E+00  0421 034128 1 00011694 00011665 131009 359 43064.4443885764
25.11.2017 10:39:55 +00.16250E+00  0436 034128 1 00011695 00011665 131009 405 43064.4443932755
25.11.2017 10:39:55 +00.16250E+00  0450 034128 1 00011696 00011665 131009 359 43064.444397419
25.11.2017 10:39:56 +00.16250E+00  0469 034128 1 00011697 00011665 131009 359 43064.4444015741
25.11.2017 10:39:56 +00.16249E+00  0481 034128 1 00011698 00011665 131009 406 43064.4444062731
25.11.2017 10:39:57 +00.16249E+00  0498 034128 1 00011699 00011665 131009 358 43064.4444104282
25.11.2017 10:39:57 +00.16250E+00  0512 034128 1 00011700 00011665 131009 359 43064.4444145718
25.11.2017 10:39:57 +00.16250E+00  0529 034128 1 00011701 00011665 131009 406 43064.4444192708
25.11.2017 10:39:58 +00.16250E+00  0555 034128 1 00011702 00011665 131009 359 43064.4444234259
25.11.2017 10:39:58 +00.16249E+00  0569 034128 1 00011703 00011665 131009 358 43064.444427581
25.11.2017 10:39:58 +00.16249E+00  0585 034128 1 00011704 00011665 131009 406 43064.4444322685
25.11.2017 10:39:59 +00.16249E+00  0602 034128 1 00011705 00011665 131009 359 43064.4444364236
25.11.2017 10:39:59 +00.16249E+00  0619 034128 1 00011706 00011665 131009 359 43064.4444405787
25.11.2017 10:40:00 +00.16249E+00  0632 034130 1 00011707 00011665 131009 405 43064.4444452662
25.11.2017 10:40:00 +00.16250E+00  0654 034130 1 00011708 00011665 131009 359 43064.4444494213
25.11.2017 10:40:00 +00.16250E+00  0667 034130 1 00011709 00011665 131009 359 43064.4444535764
25.11.2017 10:40:01 +00.16250E+00  0683 034130 1 00011710 00011665 131009 421 43064.4444584491
25.11.2017 10:40:01 +00.16250E+00  0702 034130 1 00011711 00011665 131009 359 43064.4444626042
25.11.2017 10:40:01 +00.16250E+00  0709 034130 1 00011712 00011665 131009 359 43064.4444667593
25.11.2017 10:40:02 +00.16250E+00  0723 034130 1 00011713 00011665 131009 405 43064.4444714468
25.11.2017 10:40:02 +00.16250E+00  0737 034130 1 00011714 00011665 131009 359 43064.4444756018
25.11.2017 10:40:03 +00.16250E+00  0753 034130 1 00011715 00011665 131009 359 43064.4444797569
25.11.2017 10:40:03 +00.16250E+00  0766 034130 1 00011716 00011665 131009 405 43064.444484456
25.11.2017 10:40:03 +00.16250E+00  0780 034130 1 00011717 00011665 131009 359 43064.4444885995
25.11.2017 10:40:04 +00.16251E+00  0796 034130 1 00011718 00011665 131009 359 43064.4444927546
25.11.2017 10:40:04 +00.16250E+00  0810 034130 1 00011719 00011665 131009 406 43064.4444974537
25.11.2017 10:40:04 +00.16250E+00  0823 034130 1 00011720 00011665 131009 358 43064.4445016088
25.11.2017 10:40:05 +00.16250E+00  0842 034130 1 00011721 00011665 131009 359 43064.4445057523
25.11.2017 10:40:05 +00.16250E+00  0857 034130 1 00011722 00011665 131009 406 43064.4445104514
25.11.2017 10:40:06 +00.16250E+00  0869 034130 1 00011723 00011665 131009 359 43064.4445146065
25.11.2017 10:40:06 +00.16250E+00  0888 034130 1 00011724 00011665 131009 358 43064.4445187616
25.11.2017 10:40:06 +00.16250E+00  0914 034130 1 00011725 00011665 131009 406 43064.4445234491
25.11.2017 10:40:07 +00.16250E+00  0928 034130 1 00011726 00011665 131009 359 43064.4445276042
25.11.2017 10:40:07 +00.16250E+00  0938 034130 1 00011727 00011665 131009 359 43064.4445317593
25.11.2017 10:40:07 +00.16250E+00  0952 034130 1 00011728 00011665 131009 405 43064.4445364468
25.11.2017 10:40:08 +00.16251E+00  0964 034130 1 00011729 00011665 131009 359 43064.4445406018
25.11.2017 10:40:08 +00.16250E+00  0978 034130 1 00011730 00011665 131009 359 43064.4445447569
25.11.2017 10:40:09 +00.16250E+00  0999 034130 1 00011731 00011665 131009 405 43064.444549456
25.11.2017 10:40:09 +00.16250E+00  1020 034130 1 00011732 00011665 131009 359 43064.4445535995
25.11.2017 10:40:09 +00.16250E+00  1034 034130 1 00011733 00011665 131009 359 43064.4445577546
25.11.2017 10:40:10 +00.16251E+00  1048 034130 1 00011734 00011665 131009 406 43064.4445624537
25.11.2017 10:40:10 +00.16250E+00  1070 034128 1 00011735 00011665 131009 358 43064.4445666088
25.11.2017 10:40:10 +00.16250E+00  1087 034128 1 00011736 00011665 131009 359 43064.4445707523
25.11.2017 10:40:11 +00.16249E+00  1100 034128 1 00011737 00011665 131009 406 43064.4445754514
25.11.2017 10:40:11 +00.16250E+00  1116 034128 1 00011738 00011665 131009 359 43064.4445796065
25.11.2017 10:40:12 +00.16249E+00  1132 034128 1 00011739 00011665 131009 358 43064.4445837616
25.11.2017 10:40:12 +00.16249E+00  1146 034128 1 00011740 00011665 131009 406 43064.4445884491
25.11.2017 10:40:12 +00.16249E+00  1166 034128 1 00011741 00011665 131009 359 43064.4445926042
25.11.2017 10:40:13 +00.16249E+00  1181 034128 1 00011742 00011665 131009 359 43064.4445967593
25.11.2017 10:40:13 +00.16249E+00  1203 034128 1 00011743 00011665 131009 405 43064.4446014468
25.11.2017 10:40:13 +00.16250E+00  1219 034128 1 00011744 00011665 131009 359 43064.4446056018
25.11.2017 10:40:14 +00.16250E+00  1227 034128 1 00011745 00011665 131009 359 43064.4446097569
25.11.2017 10:40:14 +00.16250E+00  1245 034128 1 00011746 00011665 131009 405 43064.444614456
25.11.2017 10:40:15 +00.16250E+00  1258 034128 1 00011747 00011665 131009 359 43064.4446185995
25.11.2017 10:40:15 +00.16250E+00  1281 034128 1 00011748 00011665 131009 359 43064.4446227546
25.11.2017 10:40:15 +00.16249E+00  1293 034128 1 00011749 00011665 131009 406 43064.4446274537
25.11.2017 10:40:16 +00.16249E+00  1313 034128 1 00011750 00011665 131009 358 43064.4446316088
25.11.2017 10:40:16 +00.16250E+00  1328 034128 1 00011751 00011665 131009 359 43064.4446357523
25.11.2017 10:40:16 +00.16249E+00  1339 034128 1 00011752 00011665 131009 406 43064.4446404514
25.11.2017 10:40:17 +00.16249E+00  1358 034128 1 00011753 00011665 131009 359 43064.4446446065
25.11.2017 10:40:17 +00.16249E+00  1371 034128 1 00011754 00011665 131009 358 43064.4446487616
25.11.2017 10:40:18 +00.16250E+00  1383 034128 1 00011755 00011665 131009 406 43064.4446534491
25.11.2017 10:40:18 +00.16249E+00  1402 034128 1 00011756 00011665 131009 359 43064.4446576042
25.11.2017 10:40:18 +00.16249E+00  1412 034128 1 00011757 00011665 131009 359 43064.4446617593
25.11.2017 10:40:19 +00.16249E+00  1424 034128 1 00011758 00011665 131009 405 43064.4446664468
25.11.2017 10:40:19 +00.16249E+00  1444 034128 1 00011759 00011665 131009 359 43064.4446706018
25.11.2017 10:40:19 +00.16249E+00  1457 034128 1 00011760 00011665 131009 359 43064.4446747569
25.11.2017 10:40:20 +00.16250E+00  1478 034128 1 00011761 00011665 131009 405 43064.444679456
25.11.2017 10:40:20 +00.16249E+00  1496 034128 1 00011762 00011665 131009 359 43064.4446835995
25.11.2017 10:40:21 +00.16250E+00  1509 034130 1 00011763 00011665 131009 359 43064.4446877546
25.11.2017 10:40:21 +00.16250E+00  1525 034130 1 00011764 00011665 131009 406 43064.4446924537
25.11.2017 10:40:21 +00.16250E+00  1539 034130 1 00011765 00011665 131009 358 43064.4446966088
25.11.2017 10:40:22 +00.16250E+00  1550 034130 1 00011766 00011665 131009 359 43064.4447007523
25.11.2017 10:40:22 +00.16250E+00  1562 034130 1 00011767 00011665 131009 406 43064.4447054514
25.11.2017 10:40:22 +00.16250E+00  1575 034130 1 00011768 00011665 131009 359 43064.4447096065
25.11.2017 10:40:23 +00.16250E+00  1595 034130 1 00011769 00011665 131009 358 43064.4447137616
25.11.2017 10:40:23 +00.16250E+00  1618 034130 1 00011770 00011665 131009 422 43064.4447186343
25.11.2017 10:40:24 +00.16251E+00  1634 034130 1 00011771 00011665 131009 358 43064.4447227894
25.11.2017 10:40:24 +00.16251E+00  1649 034130 1 00011772 00011665 131009 359 43064.4447269329
25.11.2017 10:40:24 +00.16250E+00  1653 034130 1 00011773 00011665 131009 406 43064.4447316319
25.11.2017 10:40:25 +00.16250E+00  1671 034130 1 00011774 00011665 131009 359 43064.444735787
25.11.2017 10:40:25 +00.16250E+00  1693 034130 1 00011775 00011665 131009 358 43064.4447399421
25.11.2017 10:40:25 +00.16250E+00  1705 034130 1 00011776 00011665 131009 406 43064.4447446296
25.11.2017 10:40:26 +00.16250E+00  1720 034130 1 00011777 00011665 131009 359 43064.4447487847
25.11.2017 10:40:26 +00.16250E+00  1737 034130 1 00011778 00011665 131009 359 43064.4447529398
25.11.2017 10:40:27 +00.16250E+00  1749 034130 1 00011779 00011665 131009 405 43064.4447576273
25.11.2017 10:40:27 +00.16250E+00  1768 034130 1 00011780 00011665 131009 359 43064.4447617824
25.11.2017 10:40:27 +00.16250E+00  1781 034130 1 00011781 00011665 131009 359 43064.4447659375
25.11.2017 10:40:28 +00.16251E+00  1800 034130 1 00011782 00011665 131009 405 43064.4447706366
25.11.2017 10:40:28 +00.16251E+00  1812 034130 1 00011783 00011665 131009 359 43064.4447747801
25.11.2017 10:40:28 +00.16250E+00  1824 034130 1 00011784 00011665 131009 359 43064.4447789352
25.11.2017 10:40:29 +00.16250E+00  1837 034130 1 00011785 00011665 131009 406 43064.4447836343
25.11.2017 10:40:29 +00.16250E+00  1858 034130 1 00011786 00011665 131009 358 43064.4447877894
25.11.2017 10:40:30 +00.16250E+00  1871 034130 1 00011787 00011665 131009 359 43064.4447919329
25.11.2017 10:40:30 +00.16250E+00  1884 034130 1 00011788 00011665 131009 406 43064.4447966319
25.11.2017 10:40:30 +00.16251E+00  1906 034130 1 00011789 00011665 131009 359 43064.444800787
25.11.2017 10:40:31 +00.16251E+00  1924 034128 1 00011790 00011665 131009 358 43064.4448049421
25.11.2017 10:40:31 +00.16250E+00  1943 034128 1 00011791 00011665 131009 406 43064.4448096296
25.11.2017 10:40:31 +00.16250E+00  1961 034128 1 00011792 00011665 131009 359 43064.4448137847
25.11.2017 10:40:32 +00.16249E+00  1971 034128 1 00011793 00011665 131009 359 43064.4448179398
25.11.2017 10:40:32 +00.16249E+00  1978 034128 1 00011794 00011665 131009 405 43064.4448226273
25.11.2017 10:40:33 +00.16249E+00  1997 034128 1 00011795 00011665 131009 359 43064.4448267824
25.11.2017 10:40:33 +00.16249E+00  2012 034128 1 00011796 00011665 131009 359 43064.4448309375
25.11.2017 10:40:33 +00.16249E+00  2024 034128 1 00011797 00011665 131009 405 43064.4448356366
25.11.2017 10:40:34 +00.16250E+00  2035 034128 1 00011798 00011665 131009 359 43064.4448397801
25.11.2017 10:40:34 +00.16250E+00  2050 034128 1 00011799 00011665 131009 359 43064.4448439352
25.11.2017 10:40:34 +00.16249E+00  2065 034128 1 00011800 00011665 131009 406 43064.4448486343
25.11.2017 10:40:35 +00.16249E+00  2088 034128 1 00011801 00011665 131009 358 43064.4448527894
25.11.2017 10:40:35 +00.16250E+00  2098 034128 1 00011802 00011665 131009 359 43064.4448569329
25.11.2017 10:40:36 +00.16250E+00  2112 034128 1 00011803 00011665 131009 406 43064.4448616319
25.11.2017 10:40:36 +00.16250E+00  2132 034128 1 00011804 00011665 131009 359 43064.444865787
25.11.2017 10:40:36 +00.16250E+00  2146 034128 1 00011805 00011665 131009 358 43064.4448699421
25.11.2017 10:40:37 +00.16250E+00  2161 034128 1 00011806 00011665 131009 406 43064.4448746296
25.11.2017 10:40:37 +00.16250E+00  2176 034128 1 00011807 00011665 131009 359 43064.4448787847
25.11.2017 10:40:37 +00.16250E+00  2188 034128 1 00011808 00011665 131009 359 43064.4448829398
25.11.2017 10:40:38 +00.16250E+00  2203 034128 1 00011809 00011665 131009 405 43064.4448876273
25.11.2017 10:40:38 +00.16249E+00  2224 034128 1 00011810 00011665 131009 359 43064.4448917824
25.11.2017 10:40:39 +00.16249E+00  2232 034128 1 00011811 00011665 131009 359 43064.4448959375
25.11.2017 10:40:39 +00.16249E+00  2248 034128 1 00011812 00011665 131009 405 43064.4449006366
25.11.2017 10:40:39 +00.16249E+00  2259 034128 1 00011813 00011665 131009 359 43064.4449047801
25.11.2017 10:40:40 +00.16249E+00  2278 034128 1 00011814 00011665 131009 359 43064.4449089352
25.11.2017 10:40:40 +00.16250E+00  2290 034128 1 00011815 00011665 131009 406 43064.4449136343
25.11.2017 10:40:40 +00.16249E+00  2308 034128 1 00011816 00011665 131009 358 43064.4449177894
25.11.2017 10:40:41 +00.16249E+00  2324 034128 1 00011817 00011665 131009 359 43064.4449219329
25.11.2017 10:40:41 +00.16250E+00  2336 034130 1 00011818 00011665 131009 406 43064.4449266319
25.11.2017 10:40:42 +00.16250E+00  2362 034130 1 00011819 00011665 131009 359 43064.444930787
25.11.2017 10:40:42 +00.16250E+00  2383 034130 1 00011820 00011665 131009 358 43064.4449349421
25.11.2017 10:40:42 +00.16250E+00  2395 034130 1 00011821 00011665 131009 406 43064.4449396296
25.11.2017 10:40:43 +00.16250E+00  2415 034130 1 00011822 00011665 131009 359 43064.4449437847
25.11.2017 10:40:43 +00.16250E+00  2434 034130 1 00011823 00011665 131009 359 43064.4449479398
25.11.2017 10:40:43 +00.16250E+00  2446 034130 1 00011824 00011665 131009 405 43064.4449526273
25.11.2017 10:40:44 +00.16250E+00  2462 034130 1 00011825 00011665 131009 359 43064.4449567824
25.11.2017 10:40:44 +00.16250E+00  2475 034130 1 00011826 00011665 131009 359 43064.4449609375