
25.11.2017 09:24:32 +00.16300E+00  0014 034233 1 00001033 00001033 000 377 43064.3920433333
25.11.2017 09:24:32 +00.16300E+00  0029 034233 1 00001034 00001033 000 341 43064.3920472917
25.11.2017 09:24:33 +00.16300E+00  0043 034233 1 00001035 00001033 000 341 43064.3920512384
25.11.2017 09:24:33 +00.16300E+00  0053 034233 1 00001036 00001033 000 342 43064.3920552083
25.11.2017 09:24:33 +00.16299E+00  0071 034233 1 00001037 00001033 000 379 43064.3920595949
25.11.2017 09:24:34 +00.16300E+00  0088 034233 1 00001038 00001033 000 344 43064.392063588
25.11.2017 09:24:34 +00.16299E+00  0100 034233 1 00001039 00001033 000 342 43064.3920675579
25.11.2017 09:24:34 +00.16299E+00  0111 034233 1 00001040 00001033 000 342 43064.3920715278
25.11.2017 09:24:35 +00.16300E+00  0123 034233 1 00001041 00001033 000 373 43064.3920758565
25.11.2017 09:24:35 +00.16300E+00  0140 034233 1 00001042 00001033 000 343 43064.392079838
25.11.2017 09:24:36 +00.16299E+00  0155 034233 1 00001043 00001033 000 343 43064.3920838079
25.11.2017 09:24:36 +00.16299E+00  0165 034233 1 00001044 00001033 000 344 43064.3920877894
25.11.2017 09:24:36 +00.16300E+00  0187 034233 1 00001045 00001033 000 374 43064.3920921181
25.11.2017 09:24:37 +00.16299E+00  0201 034233 1 00001046 00001033 000 343 43064.392096088
25.11.2017 09:24:37 +00.16299E+00  0210 034233 1 00001047 00001033 000 343 43064.3921000579
25.11.2017 09:24:37 +00.16299E+00  0218 034235 1 00001048 00001033 000 343 43064.3921040278
25.11.2017 09:24:38 +00.16300E+00  0229 034235 1 00001049 00001033 000 376 43064.3921083796
25.11.2017 09:24:38 +00.16300E+00  0240 034235 1 00001050 00001033 000 342 43064.392112338
25.11.2017 09:24:38 +00.16300E+00  0256 034235 1 00001051 00001033 000 343 43064.3921163079
25.11.2017 09:24:39 +00.16300E+00  0270 034235 1 00001052 00001033 000 343 43064.3921202778
25.11.2017 09:24:39 +00.16301E+00  0276 034235 1 00001053 00001033 000 377 43064.3921246412
25.11.2017 09:24:39 +00.16300E+00  0295 034235 1 00001054 00001033 000 340 43064.3921285764
25.11.2017 09:24:40 +00.16301E+00  0303 034235 1 00001055 00001033 000 342 43064.3921325463
25.11.2017 09:24:40 +00.16301E+00  0314 034235 1 00001056 00001033 000 343 43064.3921365278
25.11.2017 09:24:40 +00.16300E+00  0333 034235 1 00001057 00001033 000 378 43064.3921409028
25.11.2017 09:24:41 +00.16300E+00  0355 034235 1 00001058 00001033 000 345 43064.3921449074
25.11.2017 09:24:41 +00.16300E+00  0368 034235 1 00001059 00001033 000 343 43064.3921488773
25.11.2017 09:24:42 +00.16300E+00  0378 034235 1 00001060 00001033 000 343 43064.3921528472
25.11.2017 09:24:42 +00.16300E+00  0392 034235 1 00001061 00001033 000 374 43064.3921571759
25.11.2017 09:24:42 +00.16300E+00  0414 034235 1 00001062 00001033 000 343 43064.3921611458
25.11.2017 09:24:43 +00.16300E+00  0428 034235 1 00001063 00001033 000 342 43064.3921651157
25.11.2017 09:24:43 +00.16300E+00  0442 034235 1 00001064 00001033 000 342 43064.3921690857
25.11.2017 09:24:43 +00.16301E+00  0457 034235 1 00001065 00001033 000 375 43064.3921734375
25.11.2017 09:24:44 +00.16300E+00  0474 034235 1 00001066 00001033 000 342 43064.3921773958
25.11.2017 09:24:44 +00.16300E+00  0483 034235 1 00001067 00001033 000 343 43064.3921813657
25.11.2017 09:24:44 +00.16300E+00  0497 034235 1 00001068 00001033 000 342 43064.3921853357
25.11.2017 09:24:45 +00.16300E+00  0503 034235 1 00001069 00001033 000 376 43064.3921896875
25.11.2017 09:24:45 +00.16300E+00  0519 034235 1 00001070 00001033 000 341 43064.3921936458
25.11.2017 09:24:45 +00.16300E+00  0531 034235 1 00001071 00001033 000 343 43064.3921976157
25.11.2017 09:24:46 +00.16301E+00  0547 034235 1 00001072 00001033 000 343 43064.3922015857
25.11.2017 09:24:46 +00.16300E+00  0560 034235 1 00001073 00001033 000 377 43064.3922059491
25.11.2017 09:24:46 +00.16300E+00  0576 034235 1 00001074 00001033 000 341 43064.3922098958
25.11.2017 09:24:47 +00.16300E+00  0584 034235 1 00001075 00001033 000 343 43064.3922138657
25.11.2017 09:24:47 +00.16300E+00  0600 034235 1 00001076 00001033 000 343 43064.3922178357
25.11.2017 09:24:47 +00.16300E+00  0614 034235 1 00001077 00001033 000 378 43064.3922222106
25.11.2017 09:24:48 +00.16300E+00  0636 034235 1 00001078 00001033 000 340 43064.3922261458
25.11.2017 09:24:48 +00.16300E+00  0651 034235 1 00001079 00001033 000 341 43064.3922301042
25.11.2017 09:24:49 +00.16300E+00  0662 034235 1 00001080 00001033 000 343 43064.3922340857
25.11.2017 09:24:49 +00.16300E+00  0679 034235 1 00001081 00001033 000 380 43064.3922384838
25.11.2017 09:24:49 +00.16300E+00  0688 034235 1 00001082 00001033 000 344 43064.3922424653
25.11.2017 09:24:50 +00.16300E+00  0709 034235 1 00001083 00001033 000 343 43064.3922464352
25.11.2017 09:24:50 +00.16300E+00  0723 034235 1 00001084 00001033 000 343 43064.3922504051
25.11.2017 09:24:50 +00.16300E+00  0740 034235 1 00001085 00001033 000 375 43064.3922547454
25.11.2017 09:24:51 +00.16300E+00  0757 034235 1 00001086 00001033 000 342 43064.3922587037
25.11.2017 09:24:51 +00.16300E+00  0776 034235 1 00001087 00001033 000 343 43064.3922626736
25.11.2017 09:24:51 +00.16300E+00  0790 034235 1 00001088 00001033 000 342 43064.3922666435
25.11.2017 09:24:52 +00.16300E+00  0808 034235 1 00001089 00001033 000 376 43064.3922710069
25.11.2017 09:24:52 +00.16300E+00  0819 034235 1 00001090 00001033 000 342 43064.3922749653
25.11.2017 09:24:52 +00.16300E+00  0832 034235 1 00001091 00001033 000 342 43064.3922789236
25.11.2017 09:24:53 +00.16300E+00  0845 034235 1 00001092 00001033 000 343 43064.3922828935
25.11.2017 09:24:53 +00.16300E+00  0860 034235 1 00001093 00001033 000 377 43064.3922872569
25.11.2017 09:24:53 +00.16300E+00  0875 034235 1 00001094 00001033 000 340 43064.3922912037
25.11.2017 09:24:54 +00.16300E+00  0890 034235 1 00001095 00001033 000 342 43064.3922951736
25.11.2017 09:24:54 +00.16300E+00  0907 034235 1 00001096 00001033 000 343 43064.3922991435
25.11.2017 09:24:55 +00.16300E+00  0919 034235 1 00001097 00001033 000 378 43064.3923035185
25.11.2017 09:24:55 +00.16300E+00  0932 034235 1 00001098 00001033 000 340 43064.3923074537
25.11.2017 09:24:55 +00.16300E+00  0949 034235 1 00001099 00001033 000 343 43064.3923114236
25.11.2017 09:24:56 +00.16300E+00  0968 034235 1 00001100 00001033 000 343 43064.3923153935
25.11.2017 09:24:56 +00.16300E+00  0981 034235 1 00001101 00001033 000 380 43064.3923197917
25.11.2017 09:24:56 +00.16301E+00  0998 034235 1 00001102 00001033 000 344 43064.3923237732
25.11.2017 09:24:57 +00.16300E+00  1014 034235 1 00001103 00001033 000 343 43064.3923277431
25.11.2017 09:24:57 +00.16300E+00  1037 034235 1 00001104 00001033 000 343 43064.392331713
25.11.2017 09:24:57 +00.16300E+00  1053 034235 1 00001105 00001033 000 374 43064.3923360417
25.11.2017 09:24:58 +00.16301E+00  1069 034235 1 00001106 00001033 000 344 43064.3923400232
25.11.2017 09:24:58 +00.16300E+00  1083 034235 1 00001107 00001033 000 343 43064.3923439931
25.11.2017 09:24:58 +00.16301E+00  1097 034235 1 00001108 00001033 000 343 43064.392347963
25.11.2017 09:24:59 +00.16300E+00  1115 034235 1 00001109 00001033 000 376 43064.3923523148
25.11.2017 09:24:59 +00.16300E+00  1130 034235 1 00001110 00001033 000 341 43064.3923562616
25.11.2017 09:24:59 +00.16300E+00  1144 034235 1 00001111 00001033 000 343 43064.3923602431
25.11.2017 09:25:00 +00.16300E+00  1159 034235 1 00001112 00001033 000 343 43064.392364213
25.11.2017 09:25:00 +00.16301E+00  1168 034235 1 00001113 00001033 000 377 43064.3923685764
25.11.2017 09:25:00 +00.16300E+00  1187 034235 1 00001114 00001033 000 340 43064.3923725116
25.11.2017 09:25:01 +00.16301E+00  1206 034235 1 00001115 00001033 000 342 43064.3923764815
25.11.2017 09:25:01 +00.16300E+00  1220 034235 1 00001116 00001033 000 342 43064.3923804514
25.11.2017 09:25:02 +00.16300E+00  1235 034235 1 00001117 00001033 000 377 43064.3923848264
25.11.2017 09:25:02 +00.16300E+00  1253 034235 1 00001118 00001033 000 340 43064.3923887732
25.11.2017 09:25:02 +00.16300E+00  1269 034235 1 00001119 00001033 000 341 43064.3923927315
25.11.2017 09:25:03 +00.16301E+00  1283 034235 1 00001120 00001033 000 343 43064.3923967014
25.11.2017 09:25:08 +00.16319E+00  0014 034274 1 00001121 00001121 000 343 43064.3924573148
25.11.2017 09:25:08 +00.16319E+00  0030 034274 1 00001122 00001121 000 343 43064.3924612847
25.11.2017 09:25:09 +00.16319E+00  0046 034274 1 00001123 00001121 000 420 43064.3924661458
25.11.2017 09:25:09 +00.16319E+00  0064 034274 1 00001124 00001121 000 342 43064.3924701042
25.11.2017 09:25:09 +00.16319E+00  0076 034274 1 00001125 00001121 000 343 43064.3924740741
25.11.2017 09:25:10 +00.16319E+00  0085 034274 1 00001126 00001121 000 343 43064.392478044
25.11.2017 09:25:10 +00.16319E+00  0100 034274 1 00001127 00001121 000 377 43064.3924824074
25.11.2017 09:25:10 +00.16319E+00  0115 034274 1 00001128 00001121 000 341 43064.3924863542
25.11.2017 09:25:11 +00.16319E+00  0132 034274 1 00001129 00001121 000 343 43064.3924903241
25.11.2017 09:25:11 +00.16319E+00  0142 034274 1 00001130 00001121 000 343 43064.392494294
25.11.2017 09:25:11 +00.16319E+00  0157 034274 1 00001131 00001121 000 378 43064.392498669
25.11.2017 09:25:12 +00.16319E+00  0176 034274 1 00001132 00001121 000 340 43064.3925026042
25.11.2017 09:25:12 +00.16319E+00  0192 034274 1 00001133 00001121 000 342 43064.3925065625
25.11.2017 09:25:12 +00.16319E+00  0209 034274 1 00001134 00001121 000 342 43064.3925105324
25.11.2017 09:25:13 +00.16319E+00  0226 034274 1 00001135 00001121 000 378 43064.392514919
25.11.2017 09:25:13 +00.16319E+00  0241 034276 1 00001136 00001121 000 344 43064.392518912
25.11.2017 09:25:13 +00.16319E+00  0257 034276 1 00001137 00001121 000 342 43064.3925228819
25.11.2017 09:25:14 +00.16320E+00  0276 034276 1 00001138 00001121 000 342 43064.3925268519
25.11.2017 09:25:14 +00.16320E+00  0293 034276 1 00001139 00001121 000 374 43064.3925311921
25.11.2017 09:25:15 +00.16320E+00  0303 034276 1 00001140 00001121 000 343 43064.392535162
25.11.2017 09:25:15 +00.16320E+00  0311 034276 1 00001141 00001121 000 342 43064.3925391319
25.11.2017 09:25:15 +00.16320E+00  0327 034276 1 00001142 00001121 000 342 43064.3925431019
25.11.2017 09:25:16 +00.16320E+00  0343 034276 1 00001143 00001121 000 374 43064.3925474421
25.11.2017 09:25:16 +00.16320E+00  0360 034276 1 00001144 00001121 000 342 43064.392551412
25.11.2017 09:25:16 +00.16320E+00  0377 034276 1 00001145 00001121 000 343 43064.3925553819
25.11.2017 09:25:17 +00.16320E+00  0390 034276 1 00001146 00001121 000 343 43064.3925593519
25.11.2017 09:25:17 +00.16320E+00  0403 034276 1 00001147 00001121 000 377 43064.3925637153
25.11.2017 09:25:17 +00.16320E+00  0415 034276 1 00001148 00001121 000 340 43064.392567662
25.11.2017 09:25:18 +00.16320E+00  0432 034276 1 00001149 00001121 000 343 43064.3925716319
25.11.2017 09:25:18 +00.16320E+00  0455 034276 1 00001150 00001121 000 343 43064.3925756019
25.11.2017 09:25:18 +00.16320E+00  0467 034276 1 00001151 00001121 000 378 43064.3925799769
25.11.2017 09:25:19 +00.16320E+00  0485 034276 1 00001152 00001121 000 340 43064.392583912
25.11.2017 09:25:19 +00.16320E+00  0498 034276 1 00001153 00001121 000 342 43064.3925878819
25.11.2017 09:25:19 +00.16320E+00  0512 034276 1 00001154 00001121 000 343 43064.3925918519
25.11.2017 09:25:20 +00.16320E+00  0520 034276 1 00001155 00001121 000 379 43064.3925962384
25.11.2017 09:25:20 +00.16320E+00  0535 034276 1 00001156 00001121 000 345 43064.3926002315
25.11.2017 09:25:21 +00.16320E+00  0546 034276 1 00001157 00001121 000 343 43064.3926042014
25.11.2017 09:25:21 +00.16320E+00  0558 034276 1 00001158 00001121 000 343 43064.3926081713
25.11.2017 09:25:21 +00.16320E+00  0570 034276 1 00001159 00001121 000 374 43064.3926125
25.11.2017 09:25:22 +00.16320E+00  0591 034276 1 00001160 00001121 000 344 43064.3926164815
25.11.2017 09:25:22 +00.16320E+00  0620 034276 1 00001161 00001121 000 343 43064.3926204514
25.11.2017 09:25:22 +00.16320E+00  0634 034276 1 00001162 00001121 000 343 43064.3926244213
25.11.2017 09:25:23 +00.16320E+00  0647 034276 1 00001163 00001121 000 375 43064.3926287616
25.11.2017 09:25:23 +00.16320E+00  0661 034276 1 00001164 00001121 000 342 43064.3926327199
25.11.2017 09:25:23 +00.16320E+00  0682 034276 1 00001165 00001121 000 342 43064.3926366898
25.11.2017 09:25:24 +00.16320E+00  0697 034276 1 00001166 00001121 000 342 43064.3926406597
25.11.2017 09:25:24 +00.16320E+00  0709 034276 1 00001167 00001121 000 376 43064.3926450231
25.11.2017 09:25:24 +00.16320E+00  0729 034276 1 00001168 00001121 000 340 43064.3926489699
25.11.2017 09:25:25 +00.16320E+00  0744 034276 1 00001169 00001121 000 342 43064.3926529398
25.11.2017 09:25:25 +00.16320E+00  0753 034276 1 00001170 00001121 000 343 43064.3926569097
25.11.2017 09:25:25 +00.16320E+00  0768 034276 1 00001171 00001121 000 378 43064.3926612847
25.11.2017 09:25:26 +00.16320E+00  0784 034276 1 00001172 00001121 000 340 43064.3926652315
25.11.2017 09:25:26 +00.16320E+00  0798 034276 1 00001173 00001121 000 341 43064.3926691898
25.11.2017 09:25:26 +00.16320E+00  0815 034276 1 00001174 00001121 000 343 43064.3926731597
25.11.2017 09:25:27 +00.16320E+00  0826 034276 1 00001175 00001121 000 379 43064.3926775463
25.11.2017 09:25:27 +00.16320E+00  0844 034276 1 00001176 00001121 000 340 43064.3926814815
25.11.2017 09:25:28 +00.16320E+00  0854 034276 1 00001177 00001121 000 341 43064.3926854398
25.11.2017 09:25:28 +00.16320E+00  0864 034276 1 00001178 00001121 000 343 43064.3926894097
25.11.2017 09:25:28 +00.16320E+00  0882 034276 1 00001179 00001121 000 380 43064.3926938079
25.11.2017 09:25:29 +00.16320E+00  0906 034276 1 00001180 00001121 000 344 43064.3926977893
25.11.2017 09:25:29 +00.16320E+00  0917 034276 1 00001181 00001121 000 343 43064.3927017593
25.11.2017 09:25:29 +00.16320E+00  0934 034276 1 00001182 00001121 000 343 43064.3927057292
25.11.2017 09:25:30 +00.16320E+00  0950 034276 1 00001183 00001121 000 375 43064.3927100694
25.11.2017 09:25:30 +00.16320E+00  0963 034276 1 00001184 00001121 000 343 43064.3927140393
25.11.2017 09:25:30 +00.16320E+00  0980 034276 1 00001185 00001121 000 343 43064.3927180093
25.11.2017 09:25:31 +00.16320E+00  0996 034276 1 00001186 00001121 000 343 43064.3927219792
25.11.2017 09:25:31 +00.16320E+00  1006 034276 1 00001187 00001121 000 376 43064.392726331
25.11.2017 09:25:31 +00.16320E+00  1020 034276 1 00001188 00001121 000 341 43064.3927302778
25.11.2017 09:25:32 +00.16320E+00  1039 034276 1 00001189 00001121 000 342 43064.3927342477
25.11.2017 09:25:32 +00.16320E+00  1055 034276 1 00001190 00001121 000 342 43064.3927382176
25.11.2017 09:25:32 +00.16320E+00  1067 034276 1 00001191 00001121 000 377 43064.3927425926
25.11.2017 09:25:33 +00.16320E+00  1083 034276 1 00001192 00001121 000 340 43064.3927465393
25.11.2017 09:25:33 +00.16320E+00  1106 034276 1 00001193 00001121 000 342 43064.3927505093
25.11.2017 09:25:33 +00.16320E+00  1123 034276 1 00001194 00001121 000 342 43064.3927544676
25.11.2017 09:25:34 +00.16320E+00  1135 034276 1 00001195 00001121 000 378 43064.3927588542
25.11.2017 09:25:34 +00.16320E+00  1158 034276 1 00001196 00001121 000 344 43064.3927628472
25.11.2017 09:25:35 +00.16320E+00  1176 034276 1 00001197 00001121 000 342 43064.3927668171
25.11.2017 09:25:35 +00.16320E+00  1201 034276 1 00001198 00001121 000 342 43064.392770787
25.11.2017 09:25:35 +00.16320E+00  1222 034276 1 00001199 00001121 000 373 43064.3927751157
25.11.2017 09:25:36 +00.16320E+00  1239 034276 1 00001200 00001121 000 343 43064.3927790972
25.11.2017 09:25:36 +00.16320E+00  1253 034276 1 00001201 00001121 000 343 43064.3927830671
25.11.2017 09:25:36 +00.16320E+00  1271 034276 1 00001202 00001121 000 344 43064.3927870486
25.11.2017 09:25:37 +00.16320E+00  1286 034276 1 00001203 00001121 000 374 43064.3927913773
25.11.2017 09:25:37 +00.16320E+00  1304 034276 1 00001204 00001121 000 343 43064.3927953472
25.11.2017 09:25:37 +00.16320E+00  1319 034276 1 00001205 00001121 000 343 43064.3927993171
25.11.2017 09:25:38 +00.16320E+00  1332 034276 1 00001206 00001121 000 343 43064.392803287
25.11.2017 09:25:38 +00.16320E+00  1345 034276 1 00001207 00001121 000 376 43064.3928076389
25.11.2017 09:25:38 +00.16320E+00  1363 034276 1 00001208 00001121 000 342 43064.3928115972
25.11.2017 09:25:44 +00.16339E+00  0010 034315 1 00001209 00001209 000 378 43064.3928726852
25.11.2017 09:25:44 +00.16339E+00  0024 034315 1 00001210 00001209 000 340 43064.3928766204
25.11.2017 09:25:44 +00.16339E+00  0038 034315 1 00001211 00001209 000 343 43064.3928805903
25.11.2017 09:25:45 +00.16339E+00  0050 034315 1 00001212 00001209 000 343 43064.3928845602
25.11.2017 09:25:45 +00.16339E+00  0066 034315 1 00001213 00001209 000 379 43064.3928889468
25.11.2017 09:25:45 +00.16339E+00  0087 034315 1 00001214 00001209 000 343 43064.3928929282
25.11.2017 09:25:46 +00.16339E+00  0102 034315 1 00001215 00001209 000 342 43064.3928968981
25.11.2017 09:25:46 +00.16339E+00  0118 034315 1 00001216 00001209 000 342 43064.3929008681
25.11.2017 09:25:47 +00.16339E+00  0133 034315 1 00001217 00001209 000 374 43064.3929052083
25.11.2017 09:25:47 +00.16339E+00  0155 034315 1 00001218 00001209 000 342 43064.3929091782
25.11.2017 09:25:47 +00.16339E+00  0175 034315 1 00001219 00001209 000 343 43064.3929131481
25.11.2017 09:25:48 +00.16339E+00  0182 034315 1 00001220 00001209 000 343 43064.3929171181
25.11.2017 09:25:48 +00.16339E+00  0195 034315 1 00001221 00001209 000 375 43064.3929214699
25.11.2017 09:25:48 +00.16339E+00  0215 034315 1 00001222 00001209 000 341 43064.3929254282
25.11.2017 09:25:49 +00.16339E+00  0228 034315 1 00001223 00001209 000 344 43064.3929294097
25.11.2017 09:25:49 +00.16339E+00  0243 034317 1 00001224 00001209 000 342 43064.3929333681
25.11.2017 09:25:49 +00.16340E+00  0253 034317 1 00001225 00001209 000 377 43064.3929377315
25.11.2017 09:25:50 +00.16339E+00  0267 034317 1 00001226 00001209 000 341 43064.3929416782
25.11.2017 09:25:50 +00.16339E+00  0288 034317 1 00001227 00001209 000 343 43064.3929456481
25.11.2017 09:25:50 +00.16340E+00  0298 034317 1 00001228 00001209 000 343 43064.3929496181
25.11.2017 09:25:51 +00.16340E+00  0316 034317 1 00001229 00001209 000 379 43064.3929540046
25.11.2017 09:25:51 +00.16340E+00  0330 034317 1 00001230 00001209 000 340 43064.3929579398
25.11.2017 09:25:51 +00.16340E+00  0346 034317 1 00001231 00001209 000 341 43064.3929618981
25.11.2017 09:25:52 +00.16340E+00  0360 034317 1 00001232 00001209 000 343 43064.3929658681
25.11.2017 09:25:52 +00.16340E+00  0369 034317 1 00001233 00001209 000 380 43064.3929702662
25.11.2017 09:25:52 +00.16340E+00  0384 034317 1 00001234 00001209 000 344 43064.3929742477
25.11.2017 09:25:53 +00.16339E+00  0404 034317 1 00001235 00001209 000 343 43064.3929782176
25.11.2017 09:25:53 +00.16340E+00  0421 034317 1 00001236 00001209 000 343 43064.3929821875
25.11.2017 09:25:54 +00.16340E+00  0432 034317 1 00001237 00001209 000 375 43064.3929865278
25.11.2017 09:25:54 +00.16340E+00  0444 034317 1 00001238 00001209 000 342 43064.3929904861
25.11.2017 09:25:54 +00.16340E+00  0455 034317 1 00001239 00001209 000 342 43064.392994456
25.11.2017 09:25:55 +00.16340E+00  0474 034317 1 00001240 00001209 000 343 43064.3929984375
25.11.2017 09:25:55 +00.16340E+00  0483 034317 1 00001241 00001209 000 376 43064.3930027894
25.11.2017 09:25:55 +00.16340E+00  0497 034317 1 00001242 00001209 000 341 43064.3930067361
25.11.2017 09:25:56 +00.16339E+00  0514 034317 1 00001243 00001209 000 342 43064.393010706
25.11.2017 09:25:56 +00.16340E+00  0526 034317 1 00001244 00001209 000 342 43064.3930146759
25.11.2017 09:25:56 +00.16340E+00  0545 034317 1 00001245 00001209 000 376 43064.3930190394
25.11.2017 09:25:57 +00.16340E+00  0562 034317 1 00001246 00001209 000 340 43064.3930229861
25.11.2017 09:25:57 +00.16340E+00  0567 034317 1 00001247 00001209 000 343 43064.3930269676
25.11.2017 09:25:57 +00.16340E+00  0581 034317 1 00001248 00001209 000 342 43064.3930309259
25.11.2017 09:25:58 +00.16340E+00  0602 034317 1 00001249 00001209 000 378 43064.3930353009
25.11.2017 09:25:58 +00.16340E+00  0622 034317 1 00001250 00001209 000 340 43064.3930392477
25.11.2017 09:25:58 +00.16340E+00  0642 034317 1 00001251 00001209 000 342 43064.393043206
25.11.2017 09:25:59 +00.16340E+00  0651 034317 1 00001252 00001209 000 343 43064.3930471759
25.11.2017 09:25:59 +00.16340E+00  0662 034317 1 00001253 00001209 000 380 43064.3930515741
25.11.2017 09:26:00 +00.16340E+00  0673 034317 1 00001254 00001209 000 344 43064.3930555556
25.11.2017 09:26:00 +00.16340E+00  0687 034317 1 00001255 00001209 000 343 43064.3930595255
25.11.2017 09:26:00 +00.16339E+00  0698 034317 1 00001256 00001209 000 343 43064.3930634954
25.11.2017 09:26:01 +00.16340E+00  0713 034317 1 00001257 00001209 000 375 43064.3930678356
25.11.2017 09:26:01 +00.16340E+00  0731 034317 1 00001258 00001209 000 343 43064.3930718056
25.11.2017 09:26:01 +00.16340E+00  0746 034317 1 00001259 00001209 000 343 43064.3930757755
25.11.2017 09:26:02 +00.16340E+00  0761 034317 1 00001260 00001209 000 343 43064.3930797454
25.11.2017 09:26:02 +00.16340E+00  0775 034317 1 00001261 00001209 000 376 43064.3930840972
25.11.2017 09:26:02 +00.16340E+00  0786 034317 1 00001262 00001209 000 341 43064.393088044
25.11.2017 09:26:03 +00.16340E+00  0802 034317 1 00001263 00001209 000 343 43064.3930920255
25.11.2017 09:26:03 +00.16340E+00  0822 034317 1 00001264 00001209 000 343 43064.3930959954
25.11.2017 09:26:03 +00.16340E+00  0832 034317 1 00001265 00001209 000 377 43064.3931003588
25.11.2017 09:26:04 +00.16340E+00  0846 034317 1 00001266 00001209 000 340 43064.393104294
25.11.2017 09:26:04 +00.16340E+00  0862 034317 1 00001267 00001209 000 342 43064.3931082639
25.11.2017 09:26:04 +00.16339E+00  0872 034317 1 00001268 00001209 000 343 43064.3931122454
25.11.2017 09:26:05 +00.16340E+00  0885 034317 1 00001269 00001209 000 377 43064.3931166088
25.11.2017 09:26:05 +00.16339E+00  0897 034317 1 00001270 00001209 000 340 43064.3931205556
25.11.2017 09:26:05 +00.16340E+00  0913 034317 1 00001271 00001209 000 341 43064.3931245139
25.11.2017 09:26:06 +00.16340E+00  0926 034317 1 00001272 00001209 000 342 43064.3931284838
25.11.2017 09:26:06 +00.16340E+00  0942 034317 1 00001273 00001209 000 380 43064.3931328819
25.11.2017 09:26:07 +00.16339E+00  0952 034317 1 00001274 00001209 000 344 43064.3931368634
25.11.2017 09:26:07 +00.16340E+00  0969 034317 1 00001275 00001209 000 342 43064.3931408333
25.11.2017 09:26:07 +00.16340E+00  0983 034317 1 00001276 00001209 000 342 43064.3931448032
25.11.2017 09:26:08 +00.16340E+00  0997 034317 1 00001277 00001209 000 374 43064.3931491319
25.11.2017 09:26:08 +00.16340E+00  1009 034317 1 00001278 00001209 000 343 43064.3931531134
25.11.2017 09:26:08 +00.16340E+00  1030 034317 1 00001279 00001209 000 343 43064.3931570833
25.11.2017 09:26:09 +00.16340E+00  1041 034317 1 00001280 00001209 000 343 43064.3931610532
25.11.2017 09:26:09 +00.16340E+00  1048 034317 1 00001281 00001209 000 376 43064.3931654051
25.11.2017 09:26:09 +00.16340E+00  1064 034317 1 00001282 00001209 000 342 43064.3931693634
25.11.2017 09:26:10 +00.16340E+00  1082 034317 1 00001283 00001209 000 343 43064.3931733333
25.11.2017 09:26:10 +00.16340E+00  1098 034317 1 00001284 00001209 000 343 43064.3931773032
25.11.2017 09:26:10 +00.16340E+00  1109 034317 1 00001285 00001209 000 377 43064.3931816667
25.11.2017 09:26:11 +00.16340E+00  1124 034317 1 00001286 00001209 000 341 43064.3931856134
25.11.2017 09:26:11 +00.16340E+00  1144 034317 1 00001287 00001209 000 343 43064.3931895833
25.11.2017 09:26:11 +00.16340E+00  1154 034317 1 00001288 00001209 000 343 43064.3931935532
25.11.2017 09:26:12 +00.16340E+00  1163 034317 1 00001289 00001209 000 378 43064.3931979282
25.11.2017 09:26:12 +00.16339E+00  1177 034317 1 00001290 00001209 000 340 43064.3932018634
25.11.2017 09:26:12 +00.16340E+00  1188 034317 1 00001291 00001209 000 341 43064.3932058218
25.11.2017 09:26:13 +00.16340E+00  1206 034317 1 00001292 00001209 000 343 43064.3932098032
25.11.2017 09:26:13 +00.16340E+00  1226 034317 1 00001293 00001209 000 378 43064.3932141782
25.11.2017 09:26:14 +00.16339E+00  1243 034317 1 00001294 00001209 000 344 43064.3932181713
25.11.2017 09:26:14 +00.16340E+00  1256 034317 1 00001295 00001209 000 343 43064.3932221528
25.11.2017 09:26:14 +00.16340E+00  1267 034317 1 00001296 00001209 000 343 43064.3932261227
25.11.2017 09:26:19 +00.16359E+00  0019 034358 1 00001297 00001297 000 343 43064.3932866551
25.11.2017 09:26:20 +00.16359E+00  0035 034358 1 00001298 00001297 000 343 43064.393290625
25.11.2017 09:26:20 +00.16359E+00  0050 034358 1 00001299 00001297 000 421 43064.3932954977
25.11.2017 09:26:21 +00.16359E+00  0066 034358 1 00001300 00001297 000 341 43064.3932994444
25.11.2017 09:26:21 +00.16359E+00  0078 034358 1 00001301 00001297 000 343 43064.3933034143
25.11.2017 09:26:21 +00.16359E+00  0094 034358 1 00001302 00001297 000 343 43064.3933073843
25.11.2017 09:26:22 +00.16359E+00  0110 034358 1 00001303 00001297 000 378 43064.3933117593
25.11.2017 09:26:22 +00.16359E+00  0124 034358 1 00001304 00001297 000 340 43064.3933156944
25.11.2017 09:26:22 +00.16359E+00  0142 034358 1 00001305 00001297 000 342 43064.3933196643
25.11.2017 09:26:23 +00.16359E+00  0157 034358 1 00001306 00001297 000 343 43064.3933236343
25.11.2017 09:26:23 +00.16359E+00  0170 034358 1 00001307 00001297 000 379 43064.3933280208
25.11.2017 09:26:23 +00.16359E+00  0180 034358 1 00001308 00001297 000 346 43064.3933320255
25.11.2017 09:26:24 +00.16359E+00  0188 034358 1 00001309 00001297 000 342 43064.3933359838
25.11.2017 09:26:24 +00.16359E+00  0205 034358 1 00001310 00001297 000 343 43064.3933399537
25.11.2017 09:26:24 +00.16359E+00  0219 034360 1 00001311 00001297 000 375 43064.393344294
25.11.2017 09:26:25 +00.16359E+00  0233 034360 1 00001312 00001297 000 342 43064.3933482639
25.11.2017 09:26:25 +00.16360E+00  0246 034360 1 00001313 00001297 000 343 43064.3933522338
25.11.2017 09:26:25 +00.16360E+00  0257 034360 1 00001314 00001297 000 343 43064.3933562037
25.11.2017 09:26:26 +00.16360E+00  0262 034360 1 00001315 00001297 000 375 43064.393360544
25.11.2017 09:26:26 +00.16360E+00  0272 034360 1 00001316 00001297 000 342 43064.3933645023
25.11.2017 09:26:27 +00.16360E+00  0283 034360 1 00001317 00001297 000 343 43064.3933684838
25.11.2017 09:26:27 +00.16360E+00  0301 034360 1 00001318 00001297 000 342 43064.3933724421
25.11.2017 09:26:27 +00.16360E+00  0318 034360 1 00001319 00001297 000 375 43064.393376794
25.11.2017 09:26:28 +00.16360E+00  0339 034360 1 00001320 00001297 000 341 43064.3933807523
25.11.2017 09:26:28 +00.16360E+00  0350 034360 1 00001321 00001297 000 342 43064.3933847222
25.11.2017 09:26:28 +00.16360E+00  0366 034360 1 00001322 00001297 000 342 43064.3933886921
25.11.2017 09:26:29 +00.16360E+00  0378 034360 1 00001323 00001297 000 377 43064.3933930671
25.11.2017 09:26:29 +00.16360E+00  0396 034360 1 00001324 00001297 000 340 43064.3933970139
25.11.2017 09:26:29 +00.16360E+00  0411 034360 1 00001325 00001297 000 342 43064.3934009838
25.11.2017 09:26:30 +00.16360E+00  0428 034360 1 00001326 00001297 000 342 43064.3934049421
25.11.2017 09:26:30 +00.16360E+00  0442 034360 1 00001327 00001297 000 379 43064.3934093287
25.11.2017 09:26:30 +00.16361E+00  0459 034360 1 00001328 00001297 000 340 43064.3934132639
25.11.2017 09:26:31 +00.16360E+00  0477 034360 1 00001329 00001297 000 341 43064.3934172222
25.11.2017 09:26:31 +00.16360E+00  0494 034360 1 00001330 00001297 000 343 43064.3934211921
25.11.2017 09:26:31 +00.16360E+00  0522 034360 1 00001331 00001297 000 380 43064.3934255903
25.11.2017 09:26:32 +00.16360E+00  0545 034360 1 00001332 00001297 000 344 43064.3934295718
25.11.2017 09:26:32 +00.16360E+00  0559 034360 1 00001333 00001297 000 343 43064.3934335417
25.11.2017 09:26:33 +00.16360E+00  0579 034360 1 00001334 00001297 000 343 43064.3934375116
25.11.2017 09:26:33 +00.16360E+00  0595 034360 1 00001335 00001297 000 375 43064.3934418519
25.11.2017 09:26:33 +00.16360E+00  0616 034360 1 00001336 00001297 000 343 43064.3934458218
25.11.2017 09:26:34 +00.16360E+00  0627 034360 1 00001337 00001297 000 343 43064.3934497917
25.11.2017 09:26:34 +00.16360E+00  0643 034360 1 00001338 00001297 000 343 43064.3934537616
25.11.2017 09:26:34 +00.16360E+00  0657 034360 1 00001339 00001297 000 376 43064.3934581134
25.11.2017 09:26:35 +00.16360E+00  0679 034360 1 00001340 00001297 000 342 43064.3934620718
25.11.2017 09:26:35 +00.16360E+00  0700 034360 1 00001341 00001297 000 342 43064.3934660301
25.11.2017 09:26:35 +00.16360E+00  0713 034360 1 00001342 00001297 000 342 43064.39347
25.11.2017 09:26:36 +00.16360E+00  0733 034360 1 00001343 00001297 000 377 43064.393474375
25.11.2017 09:26:36 +00.16360E+00  0751 034360 1 00001344 00001297 000 340 43064.3934783102
25.11.2017 09:26:36 +00.16360E+00  0761 034360 1 00001345 00001297 000 342 43064.3934822801
25.11.2017 09:26:37 +00.16360E+00  0775 034360 1 00001346 00001297 000 343 43064.39348625
25.11.2017 09:26:37 +00.16360E+00  0790 034360 1 00001347 00001297 000 378 43064.3934906366
25.11.2017 09:26:37 +00.16360E+00  0811 034360 1 00001348 00001297 000 344 43064.3934946296
25.11.2017 09:26:38 +00.16360E+00  0820 034360 1 00001349 00001297 000 343 43064.3934985995
25.11.2017 09:26:38 +00.16360E+00  0838 034360 1 00001350 00001297 000 342 43064.3935025694
25.11.2017 09:26:38 +00.16360E+00  0853 034360 1 00001351 00001297 000 373 43064.3935068981
25.11.2017 09:26:39 +00.16360E+00  0866 034360 1 00001352 00001297 000 343 43064.3935108796
25.11.2017 09:26:39 +00.16361E+00  0878 034360 1 00001353 00001297 000 343 43064.3935148495
25.11.2017 09:26:40 +00.16360E+00  0897 034360 1 00001354 00001297 000 343 43064.3935188194
25.11.2017 09:26:40 +00.16360E+00  0909 034360 1 00001355 00001297 000 374 43064.3935231597
25.11.2017 09:26:40 +00.16360E+00  0916 034360 1 00001356 00001297 000 343 43064.3935271296
25.11.2017 09:26:41 +00.16360E+00  0925 034360 1 00001357 00001297 000 343 43064.3935310995
25.11.2017 09:26:41 +00.16360E+00  0934 034360 1 00001358 00001297 000 343 43064.3935350694
25.11.2017 09:26:41 +00.16360E+00  0954 034360 1 00001359 00001297 000 376 43064.3935394213
25.11.2017 09:26:42 +00.16360E+00  0970 034360 1 00001360 00001297 000 342 43064.3935433796
25.11.2017 09:26:42 +00.16360E+00  0983 034360 1 00001361 00001297 000 343 43064.3935473495
25.11.2017 09:26:42 +00.16360E+00  0993 034360 1 00001362 00001297 000 343 43064.3935513194
25.11.2017 09:26:43 +00.16360E+00  1006 034360 1 00001363 00001297 000 377 43064.3935556829
25.11.2017 09:26:43 +00.16360E+00  1021 034360 1 00001364 00001297 000 341 43064.3935596296
25.11.2017 09:26:43 +00.16360E+00  1038 034360 1 00001365 00001297 000 342 43064.393563588
25.11.2017 09:26:44 +00.16360E+00  1048 034360 1 00001366 00001297 000 342 43064.3935675579
25.11.2017 09:26:44 +00.16360E+00  1061 034360 1 00001367 00001297 000 378 43064.3935719444
25.11.2017 09:26:44 +00.16360E+00  1074 034360 1 00001368 00001297 000 340 43064.3935758796
25.11.2017 09:26:45 +00.16360E+00  1088 034360 1 00001369 00001297 000 342 43064.393579838
25.11.2017 09:26:45 +00.16360E+00  1106 034360 1 00001370 00001297 000 342 43064.3935838079
25.11.2017 09:26:46 +00.16360E+00  1119 034360 1 00001371 00001297 000 379 43064.393588206
25.11.2017 09:26:46 +00.16360E+00  1131 034360 1 00001372 00001297 000 343 43064.3935921875
25.11.2017 09:26:46 +00.16360E+00  1147 034360 1 00001373 00001297 000 342 43064.3935961574
25.11.2017 09:26:47 +00.16360E+00  1165 034360 1 00001374 00001297 000 342 43064.3936001273
25.11.2017 09:26:47 +00.16360E+00  1177 034360 1 00001375 00001297 000 375 43064.3936044792
25.11.2017 09:26:47 +00.16360E+00  1191 034360 1 00001376 00001297 000 342 43064.3936084375
25.11.2017 09:26:48 +00.16360E+00  1205 034360 1 00001377 00001297 000 343 43064.3936124074
25.11.2017 09:26:48 +00.16360E+00  1225 034360 1 00001378 00001297 000 343 43064.3936163889
25.11.2017 09:26:48 +00.16360E+00  1242 034360 1 00001379 00001297 000 375 43064.3936207292
25.11.2017 09:26:49 +00.16360E+00  1258 034360 1 00001380 00001297 000 341 43064.3936246875
25.11.2017 09:26:49 +00.16360E+00  1275 034360 1 00001381 00001297 000 343 43064.3936286574
25.11.2017 09:26:49 +00.16360E+00  1288 034360 1 00001382 00001297 000 343 43064.3936326273
25.11.2017 09:26:50 +00.16360E+00  1301 034360 1 00001383 00001297 000 377 43064.3936369907
25.11.2017 09:26:50 +00.16360E+00  1321 034360 1 00001384 00001297 000 341 43064.3936409375