
25.11.2017 10:40:49 +00.16298E+00  0011 034230 1 00011827 00011827 131009 421 43064.4450145602
25.11.2017 10:40:49 +00.16298E+00  0026 034230 1 00011828 00011827 131009 359 43064.4450187153
25.11.2017 10:40:49 +00.16298E+00  0038 034230 1 00011829 00011827 131009 359 43064.4450228704
25.11.2017 10:40:50 +00.16298E+00  0046 034230 1 00011830 00011827 131009 405 43064.4450275579
25.11.2017 10:40:50 +00.16298E+00  0060 034230 1 00011831 00011827 131009 359 43064.445031713
25.11.2017 10:40:51 +00.16298E+00  0078 034230 1 00011832 00011827 131009 359 43064.4450358681
25.11.2017 10:40:51 +00.16298E+00  0098 034230 1 00011833 00011827 131009 405 43064.4450405671
25.11.2017 10:40:51 +00.16298E+00  0115 034230 1 00011834 00011827 131009 359 43064.4450447107
25.11.2017 10:40:52 +00.16298E+00  0122 034230 1 00011835 00011827 131009 359 43064.4450488657
25.11.2017 10:40:52 +00.16298E+00  0136 034230 1 00011836 00011827 131009 406 43064.4450535648
25.11.2017 10:40:52 +00.16298E+00  0159 034230 1 00011837 00011827 131009 358 43064.4450577199
25.11.2017 10:40:53 +00.16298E+00  0177 034230 1 00011838 00011827 131009 359 43064.4450618634
25.11.2017 10:40:53 +00.16298E+00  0189 034230 1 00011839 00011827 131009 406 43064.4450665625
25.11.2017 10:40:54 +00.16298E+00  0200 034234 1 00011840 00011827 131009 359 43064.4450707176
25.11.2017 10:40:54 +00.16299E+00  0214 034234 1 00011841 00011827 131009 358 43064.4450748727
25.11.2017 10:40:54 +00.16299E+00  0233 034234 1 00011842 00011827 131009 406 43064.4450795602
25.11.2017 10:40:55 +00.16300E+00  0255 034234 1 00011843 00011827 131009 359 43064.4450837153
25.11.2017 10:40:55 +00.16300E+00  0268 034234 1 00011844 00011827 131009 359 43064.4450878704
25.11.2017 10:40:55 +00.16300E+00  0293 034234 1 00011845 00011827 131009 405 43064.4450925579
25.11.2017 10:40:56 +00.16300E+00  0312 034234 1 00011846 00011827 131009 359 43064.445096713
25.11.2017 10:40:56 +00.16300E+00  0325 034234 1 00011847 00011827 131009 359 43064.4451008681
25.11.2017 10:40:57 +00.16300E+00  0336 034234 1 00011848 00011827 131009 405 43064.4451055671
25.11.2017 10:40:57 +00.16300E+00  0360 034234 1 00011849 00011827 131009 359 43064.4451097107
25.11.2017 10:40:57 +00.16300E+00  0378 034234 1 00011850 00011827 131009 359 43064.4451138657
25.11.2017 10:40:58 +00.16300E+00  0397 034234 1 00011851 00011827 131009 406 43064.4451185648
25.11.2017 10:40:58 +00.16300E+00  0404 034234 1 00011852 00011827 131009 358 43064.4451227199
25.11.2017 10:40:58 +00.16300E+00  0415 034234 1 00011853 00011827 131009 359 43064.4451268634
25.11.2017 10:40:59 +00.16300E+00  0428 034234 1 00011854 00011827 131009 406 43064.4451315625
25.11.2017 10:40:59 +00.16300E+00  0445 034234 1 00011855 00011827 131009 359 43064.4451357176
25.11.2017 10:41:00 +00.16300E+00  0461 034234 1 00011856 00011827 131009 358 43064.4451398727
25.11.2017 10:41:00 +00.16300E+00  0472 034234 1 00011857 00011827 131009 406 43064.4451445602
25.11.2017 10:41:00 +00.16300E+00  0486 034234 1 00011858 00011827 131009 359 43064.4451487153
25.11.2017 10:41:01 +00.16300E+00  0502 034234 1 00011859 00011827 131009 359 43064.4451528704
25.11.2017 10:41:01 +00.16300E+00  0513 034234 1 00011860 00011827 131009 405 43064.4451575579
25.11.2017 10:41:01 +00.16300E+00  0530 034234 1 00011861 00011827 131009 359 43064.445161713
25.11.2017 10:41:02 +00.16300E+00  0547 034234 1 00011862 00011827 131009 359 43064.4451658681
25.11.2017 10:41:02 +00.16300E+00  0560 034234 1 00011863 00011827 131009 405 43064.4451705671
25.11.2017 10:41:03 +00.16300E+00  0572 034234 1 00011864 00011827 131009 359 43064.4451747107
25.11.2017 10:41:03 +00.16300E+00  0587 034234 1 00011865 00011827 131009 359 43064.4451788657
25.11.2017 10:41:03 +00.16300E+00  0612 034234 1 00011866 00011827 131009 406 43064.4451835648
25.11.2017 10:41:04 +00.16300E+00  0628 034234 1 00011867 00011827 131009 358 43064.4451877199
25.11.2017 10:41:04 +00.16300E+00  0646 034234 1 00011868 00011827 131009 359 43064.4451918634
25.11.2017 10:41:04 +00.16300E+00  0655 034234 1 00011869 00011827 131009 406 43064.4451965625
25.11.2017 10:41:05 +00.16300E+00  0665 034234 1 00011870 00011827 131009 359 43064.4452007176
25.11.2017 10:41:05 +00.16300E+00  0677 034234 1 00011871 00011827 131009 358 43064.4452048727
25.11.2017 10:41:06 +00.16300E+00  0693 034234 1 00011872 00011827 131009 422 43064.4452097454
25.11.2017 10:41:06 +00.16300E+00  0707 034234 1 00011873 00011827 131009 358 43064.4452139005
25.11.2017 10:41:06 +00.16300E+00  0723 034234 1 00011874 00011827 131009 359 43064.445218044
25.11.2017 10:41:07 +00.16300E+00  0731 034234 1 00011875 00011827 131009 406 43064.4452227431
25.11.2017 10:41:07 +00.16300E+00  0754 034234 1 00011876 00011827 131009 359 43064.4452268981
25.11.2017 10:41:07 +00.16300E+00  0770 034234 1 00011877 00011827 131009 358 43064.4452310532
25.11.2017 10:41:08 +00.16300E+00  0778 034234 1 00011878 00011827 131009 406 43064.4452357407
25.11.2017 10:41:08 +00.16300E+00  0798 034234 1 00011879 00011827 131009 359 43064.4452398958
25.11.2017 10:41:09 +00.16300E+00  0808 034234 1 00011880 00011827 131009 359 43064.4452440509
25.11.2017 10:41:09 +00.16300E+00  0819 034234 1 00011881 00011827 131009 405 43064.4452487384
25.11.2017 10:41:09 +00.16300E+00  0842 034234 1 00011882 00011827 131009 359 43064.4452528935
25.11.2017 10:41:10 +00.16300E+00  0855 034234 1 00011883 00011827 131009 359 43064.4452570486
25.11.2017 10:41:10 +00.16300E+00  0866 034234 1 00011884 00011827 131009 405 43064.4452617477
25.11.2017 10:41:10 +00.16300E+00  0890 034234 1 00011885 00011827 131009 359 43064.4452658912
25.11.2017 10:41:11 +00.16300E+00  0906 034234 1 00011886 00011827 131009 359 43064.4452700463
25.11.2017 10:41:11 +00.16300E+00  0916 034234 1 00011887 00011827 131009 406 43064.4452747454
25.11.2017 10:41:12 +00.16300E+00  0930 034234 1 00011888 00011827 131009 358 43064.4452789005
25.11.2017 10:41:12 +00.16300E+00  0949 034234 1 00011889 00011827 131009 359 43064.445283044
25.11.2017 10:41:12 +00.16300E+00  0961 034234 1 00011890 00011827 131009 406 43064.4452877431
25.11.2017 10:41:13 +00.16300E+00  0974 034234 1 00011891 00011827 131009 359 43064.4452918981
25.11.2017 10:41:13 +00.16300E+00  0986 034234 1 00011892 00011827 131009 358 43064.4452960532
25.11.2017 10:41:13 +00.16300E+00  0998 034234 1 00011893 00011827 131009 406 43064.4453007407
25.11.2017 10:41:14 +00.16300E+00  1016 034234 1 00011894 00011827 131009 359 43064.4453048958
25.11.2017 10:41:14 +00.16300E+00  1032 034234 1 00011895 00011827 131009 359 43064.4453090509
25.11.2017 10:41:15 +00.16300E+00  1046 034234 1 00011896 00011827 131009 405 43064.4453137384
25.11.2017 10:41:15 +00.16300E+00  1067 034234 1 00011897 00011827 131009 359 43064.4453178935
25.11.2017 10:41:15 +00.16300E+00  1085 034234 1 00011898 00011827 131009 359 43064.4453220486
25.11.2017 10:41:16 +00.16300E+00  1103 034234 1 00011899 00011827 131009 405 43064.4453267477
25.11.2017 10:41:16 +00.16300E+00  1127 034234 1 00011900 00011827 131009 359 43064.4453308912
25.11.2017 10:41:16 +00.16300E+00  1142 034234 1 00011901 00011827 131009 359 43064.4453350463
25.11.2017 10:41:17 +00.16300E+00  1161 034234 1 00011902 00011827 131009 406 43064.4453397454
25.11.2017 10:41:17 +00.16300E+00  1176 034234 1 00011903 00011827 131009 358 43064.4453439005
25.11.2017 10:41:18 +00.16300E+00  1184 034234 1 00011904 00011827 131009 359 43064.445348044
25.11.2017 10:41:18 +00.16300E+00  1194 034234 1 00011905 00011827 131009 406 43064.4453527431
25.11.2017 10:41:18 +00.16300E+00  1212 034234 1 00011906 00011827 131009 359 43064.4453568981
25.11.2017 10:41:24 +00.16320E+00  0019 034275 1 00011907 00011907 131009 359 43064.4454190046
25.11.2017 10:41:24 +00.16320E+00  0038 034275 1 00011908 00011907 131009 359 43064.4454231597
25.11.2017 10:41:24 +00.16319E+00  0050 034275 1 00011909 00011907 131009 374 43064.4454274884
25.11.2017 10:41:25 +00.16319E+00  0065 034275 1 00011910 00011907 131009 359 43064.4454316435
25.11.2017 10:41:25 +00.16319E+00  0080 034275 1 00011911 00011907 131009 359 43064.4454357986
25.11.2017 10:41:26 +00.16319E+00  0093 034275 1 00011912 00011907 131009 405 43064.4454404977
25.11.2017 10:41:26 +00.16319E+00  0108 034275 1 00011913 00011907 131009 359 43064.4454446412
25.11.2017 10:41:26 +00.16319E+00  0124 034275 1 00011914 00011907 131009 359 43064.4454487963
25.11.2017 10:41:27 +00.16319E+00  0135 034275 1 00011915 00011907 131009 421 43064.445453669
25.11.2017 10:41:27 +00.16319E+00  0150 034275 1 00011916 00011907 131009 359 43064.4454578241
25.11.2017 10:41:27 +00.16320E+00  0160 034275 1 00011917 00011907 131009 359 43064.4454619792
25.11.2017 10:41:28 +00.16320E+00  0176 034275 1 00011918 00011907 131009 405 43064.4454666782
25.11.2017 10:41:28 +00.16319E+00  0192 034275 1 00011919 00011907 131009 359 43064.4454708218
25.11.2017 10:41:29 +00.16320E+00  0203 034275 1 00011920 00011907 131009 359 43064.4454749768
25.11.2017 10:41:29 +00.16319E+00  0220 034275 1 00011921 00011907 131009 406 43064.4454796759
25.11.2017 10:41:29 +00.16319E+00  0245 034275 1 00011922 00011907 131009 358 43064.445483831
25.11.2017 10:41:30 +00.16319E+00  0261 034275 1 00011923 00011907 131009 359 43064.4454879745
25.11.2017 10:41:30 +00.16319E+00  0278 034275 1 00011924 00011907 131009 406 43064.4454926736
25.11.2017 10:41:30 +00.16320E+00  0299 034275 1 00011925 00011907 131009 359 43064.4454968287
25.11.2017 10:41:31 +00.16319E+00  0320 034275 1 00011926 00011907 131009 358 43064.4455009838
25.11.2017 10:41:31 +00.16319E+00  0334 034275 1 00011927 00011907 131009 406 43064.4455056713
25.11.2017 10:41:32 +00.16319E+00  0352 034275 1 00011928 00011907 131009 359 43064.4455098264
25.11.2017 10:41:32 +00.16319E+00  0367 034275 1 00011929 00011907 131009 359 43064.4455139815
25.11.2017 10:41:32 +00.16319E+00  0381 034275 1 00011930 00011907 131009 405 43064.445518669
25.11.2017 10:41:33 +00.16319E+00  0399 034275 1 00011931 00011907 131009 359 43064.4455228241
25.11.2017 10:41:33 +00.16319E+00  0413 034275 1 00011932 00011907 131009 359 43064.4455269792
25.11.2017 10:41:33 +00.16319E+00  0424 034275 1 00011933 00011907 131009 405 43064.4455316782
25.11.2017 10:41:34 +00.16319E+00  0446 034275 1 00011934 00011907 131009 359 43064.4455358218
25.11.2017 10:41:34 +00.16320E+00  0467 034277 1 00011935 00011907 131009 359 43064.4455399768
25.11.2017 10:41:35 +00.16320E+00  0479 034277 1 00011936 00011907 131009 406 43064.4455446759
25.11.2017 10:41:35 +00.16320E+00  0494 034277 1 00011937 00011907 131009 358 43064.445548831
25.11.2017 10:41:35 +00.16320E+00  0501 034277 1 00011938 00011907 131009 359 43064.4455529745
25.11.2017 10:41:36 +00.16320E+00  0516 034277 1 00011939 00011907 131009 406 43064.4455576736
25.11.2017 10:41:36 +00.16320E+00  0536 034277 1 00011940 00011907 131009 359 43064.4455618287
25.11.2017 10:41:36 +00.16320E+00  0552 034277 1 00011941 00011907 131009 358 43064.4455659838
25.11.2017 10:41:37 +00.16320E+00  0570 034277 1 00011942 00011907 131009 406 43064.4455706713
25.11.2017 10:41:37 +00.16320E+00  0581 034277 1 00011943 00011907 131009 359 43064.4455748264
25.11.2017 10:41:38 +00.16321E+00  0598 034277 1 00011944 00011907 131009 359 43064.4455789815
25.11.2017 10:41:38 +00.16320E+00  0612 034277 1 00011945 00011907 131009 405 43064.445583669
25.11.2017 10:41:38 +00.16320E+00  0624 034277 1 00011946 00011907 131009 359 43064.4455878241
25.11.2017 10:41:39 +00.16320E+00  0634 034277 1 00011947 00011907 131009 359 43064.4455919792
25.11.2017 10:41:39 +00.16320E+00  0644 034277 1 00011948 00011907 131009 405 43064.4455966782
25.11.2017 10:41:39 +00.16320E+00  0659 034277 1 00011949 00011907 131009 359 43064.4456008218
25.11.2017 10:41:40 +00.16320E+00  0668 034277 1 00011950 00011907 131009 359 43064.4456049768
25.11.2017 10:41:40 +00.16320E+00  0680 034277 1 00011951 00011907 131009 406 43064.4456096759
25.11.2017 10:41:41 +00.16320E+00  0697 034277 1 00011952 00011907 131009 358 43064.445613831
25.11.2017 10:41:41 +00.16320E+00  0712 034277 1 00011953 00011907 131009 359 43064.4456179745
25.11.2017 10:41:41 +00.16320E+00  0731 034277 1 00011954 00011907 131009 406 43064.4456226736
25.11.2017 10:41:42 +00.16320E+00  0748 034277 1 00011955 00011907 131009 359 43064.4456268287
25.11.2017 10:41:42 +00.16320E+00  0764 034277 1 00011956 00011907 131009 358 43064.4456309838
25.11.2017 10:41:42 +00.16320E+00  0780 034277 1 00011957 00011907 131009 406 43064.4456356713
25.11.2017 10:41:43 +00.16320E+00  0793 034277 1 00011958 00011907 131009 359 43064.4456398264
25.11.2017 10:41:43 +00.16320E+00  0807 034277 1 00011959 00011907 131009 359 43064.4456439815
25.11.2017 10:41:44 +00.16320E+00  0825 034277 1 00011960 00011907 131009 405 43064.445648669
25.11.2017 10:41:44 +00.16320E+00  0835 034277 1 00011961 00011907 131009 359 43064.4456528241
25.11.2017 10:41:44 +00.16320E+00  0847 034277 1 00011962 00011907 131009 359 43064.4456569792
25.11.2017 10:41:45 +00.16320E+00  0864 034277 1 00011963 00011907 131009 405 43064.4456616782
25.11.2017 10:41:45 +00.16320E+00  0883 034277 1 00011964 00011907 131009 359 43064.4456658218
25.11.2017 10:41:45 +00.16321E+00  0899 034277 1 00011965 00011907 131009 359 43064.4456699768
25.11.2017 10:41:46 +00.16320E+00  0918 034277 1 00011966 00011907 131009 406 43064.4456746759
25.11.2017 10:41:46 +00.16320E+00  0936 034277 1 00011967 00011907 131009 358 43064.445678831
25.11.2017 10:41:47 +00.16320E+00  0947 034277 1 00011968 00011907 131009 359 43064.4456829745
25.11.2017 10:41:47 +00.16320E+00  0965 034277 1 00011969 00011907 131009 406 43064.4456876736
25.11.2017 10:41:47 +00.16320E+00  0988 034277 1 00011970 00011907 131009 359 43064.4456918287
25.11.2017 10:41:48 +00.16320E+00  0999 034277 1 00011971 00011907 131009 358 43064.4456959838
25.11.2017 10:41:48 +00.16320E+00  1010 034277 1 00011972 00011907 131009 422 43064.4457008565
25.11.2017 10:41:48 +00.16320E+00  1022 034277 1 00011973 00011907 131009 358 43064.4457050116
25.11.2017 10:41:49 +00.16321E+00  1032 034277 1 00011974 00011907 131009 359 43064.4457091551
25.11.2017 10:41:49 +00.16320E+00  1056 034277 1 00011975 00011907 131009 406 43064.4457138542
25.11.2017 10:41:50 +00.16320E+00  1074 034277 1 00011976 00011907 131009 359 43064.4457180093
25.11.2017 10:41:50 +00.16320E+00  1093 034277 1 00011977 00011907 131009 358 43064.4457221644
25.11.2017 10:41:50 +00.16320E+00  1112 034277 1 00011978 00011907 131009 406 43064.4457268519
25.11.2017 10:41:51 +00.16320E+00  1123 034277 1 00011979 00011907 131009 359 43064.4457310069
25.11.2017 10:41:51 +00.16320E+00  1134 034277 1 00011980 00011907 131009 359 43064.445735162
25.11.2017 10:41:51 +00.16320E+00  1151 034277 1 00011981 00011907 131009 405 43064.4457398495
25.11.2017 10:41:52 +00.16320E+00  1167 034277 1 00011982 00011907 131009 359 43064.4457440046
25.11.2017 10:41:52 +00.16320E+00  1187 034277 1 00011983 00011907 131009 359 43064.4457481597
25.11.2017 10:41:53 +00.16320E+00  1203 034277 1 00011984 00011907 131009 405 43064.4457528588
25.11.2017 10:41:53 +00.16320E+00  1219 034277 1 00011985 00011907 131009 359 43064.4457570023
25.11.2017 10:41:53 +00.16320E+00  1233 034277 1 00011986 00011907 131009 359 43064.4457611574
25.11.2017 10:41:59 +00.16340E+00  0009 034318 1 00011987 00011987 131009 359 43064.4458288657
25.11.2017 10:41:59 +00.16340E+00  0027 034318 1 00011988 00011987 131009 359 43064.4458330208
25.11.2017 10:42:00 +00.16340E+00  0046 034318 1 00011989 00011987 131009 374 43064.4458373495
25.11.2017 10:42:00 +00.16340E+00  0060 034318 1 00011990 00011987 131009 359 43064.4458415046
25.11.2017 10:42:01 +00.16340E+00  0072 034318 1 00011991 00011987 131009 359 43064.4458456597
25.11.2017 10:42:01 +00.16340E+00  0089 034318 1 00011992 00011987 131009 405 43064.4458503588
25.11.2017 10:42:01 +00.16340E+00  0103 034318 1 00011993 00011987 131009 359 43064.4458545023
25.11.2017 10:42:02 +00.16340E+00  0114 034318 1 00011994 00011987 131009 359 43064.4458586574
25.11.2017 10:42:02 +00.16340E+00  0130 034318 1 00011995 00011987 131009 406 43064.4458633565
25.11.2017 10:42:02 +00.16340E+00  0147 034318 1 00011996 00011987 131009 358 43064.4458675116
25.11.2017 10:42:03 +00.16340E+00  0159 034318 1 00011997 00011987 131009 359 43064.4458716551
25.11.2017 10:42:03 +00.16340E+00  0173 034318 1 00011998 00011987 131009 406 43064.4458763542
25.11.2017 10:42:04 +00.16340E+00  0184 034318 1 00011999 00011987 131009 359 43064.4458805093
25.11.2017 10:42:04 +00.16340E+00  0195 034318 1 00012000 00011987 131009 358 43064.4458846644
25.11.2017 10:42:04 +00.16340E+00  0203 034318 1 00012001 00011987 131009 406 43064.4458893519
25.11.2017 10:42:05 +00.16340E+00  0218 034318 1 00012002 00011987 131009 359 43064.4458935069
25.11.2017 10:42:05 +00.16340E+00  0234 034318 1 00012003 00011987 131009 359 43064.445897662
25.11.2017 10:42:05 +00.16340E+00  0250 034318 1 00012004 00011987 131009 405 43064.4459023495
25.11.2017 10:42:06 +00.16340E+00  0260 034318 1 00012005 00011987 131009 359 43064.4459065046
25.11.2017 10:42:06 +00.16340E+00  0270 034318 1 00012006 00011987 131009 359 43064.4459106597
25.11.2017 10:42:07 +00.16340E+00  0284 034318 1 00012007 00011987 131009 405 43064.4459153588
25.11.2017 10:42:07 +00.16340E+00  0303 034318 1 00012008 00011987 131009 359 43064.4459195023
25.11.2017 10:42:07 +00.16340E+00  0316 034318 1 00012009 00011987 131009 359 43064.4459236574
25.11.2017 10:42:08 +00.16340E+00  0325 034318 1 00012010 00011987 131009 406 43064.4459283565
25.11.2017 10:42:08 +00.16340E+00  0347 034318 1 00012011 00011987 131009 358 43064.4459325116
25.11.2017 10:42:08 +00.16340E+00  0361 034318 1 00012012 00011987 131009 359 43064.4459366551
25.11.2017 10:42:09 +00.16340E+00  0374 034318 1 00012013 00011987 131009 406 43064.4459413542
25.11.2017 10:42:09 +00.16340E+00  0394 034318 1 00012014 00011987 131009 359 43064.4459455093
25.11.2017 10:42:10 +00.16340E+00  0411 034318 1 00012015 00011987 131009 358 43064.4459496644
25.11.2017 10:42:10 +00.16340E+00  0425 034318 1 00012016 00011987 131009 422 43064.445954537
25.11.2017 10:42:10 +00.16340E+00  0441 034318 1 00012017 00011987 131009 358 43064.4459586921
25.11.2017 10:42:11 +00.16340E+00  0461 034318 1 00012018 00011987 131009 359 43064.4459628356
25.11.2017 10:42:11 +00.16340E+00  0470 034318 1 00012019 00011987 131009 406 43064.4459675347
25.11.2017 10:42:11 +00.16340E+00  0479 034318 1 00012020 00011987 131009 359 43064.4459716898
25.11.2017 10:42:12 +00.16340E+00  0499 034318 1 00012021 00011987 131009 358 43064.4459758449
25.11.2017 10:42:12 +00.16340E+00  0505 034318 1 00012022 00011987 131009 406 43064.4459805324
25.11.2017 10:42:13 +00.16340E+00  0520 034318 1 00012023 00011987 131009 359 43064.4459846875
25.11.2017 10:42:13 +00.16340E+00  0527 034318 1 00012024 00011987 131009 359 43064.4459888426
25.11.2017 10:42:13 +00.16340E+00  0538 034318 1 00012025 00011987 131009 405 43064.4459935301
25.11.2017 10:42:14 +00.16340E+00  0550 034318 1 00012026 00011987 131009 359 43064.4459976852
25.11.2017 10:42:14 +00.16340E+00  0568 034318 1 00012027 00011987 131009 359 43064.4460018403
25.11.2017 10:42:14 +00.16340E+00  0587 034318 1 00012028 00011987 131009 405 43064.4460065394
25.11.2017 10:42:15 +00.16340E+00  0604 034318 1 00012029 00011987 131009 359 43064.4460106829
25.11.2017 10:42:15 +00.16340E+00  0617 034318 1 00012030 00011987 131009 359 43064.446014838
25.11.2017 10:42:16 +00.16340E+00  0638 034318 1 00012031 00011987 131009 406 43064.446019537
25.11.2017 10:42:16 +00.16340E+00  0652 034318 1 00012032 00011987 131009 358 43064.4460236921
25.11.2017 10:42:16 +00.16340E+00  0669 034318 1 00012033 00011987 131009 359 43064.4460278356
25.11.2017 10:42:17 +00.16340E+00  0686 034318 1 00012034 00011987 131009 406 43064.4460325347
25.11.2017 10:42:17 +00.16340E+00  0707 034318 1 00012035 00011987 131009 359 43064.4460366898
25.11.2017 10:42:17 +00.16340E+00  0722 034318 1 00012036 00011987 131009 358 43064.4460408449
25.11.2017 10:42:18 +00.16340E+00  0736 034318 1 00012037 00011987 131009 406 43064.4460455324
25.11.2017 10:42:18 +00.16340E+00  0753 034318 1 00012038 00011987 131009 359 43064.4460496875
25.11.2017 10:42:19 +00.16340E+00  0767 034318 1 00012039 00011987 131009 359 43064.4460538426
25.11.2017 10:42:19 +00.16340E+00  0782 034318 1 00012040 00011987 131009 405 43064.4460585301
25.11.2017 10:42:19 +00.16340E+00  0792 034318 1 00012041 00011987 131009 359 43064.4460626852
25.11.2017 10:42:20 +00.16340E+00  0811 034318 1 00012042 00011987 131009 359 43064.4460668403
25.11.2017 10:42:20 +00.16340E+00  0822 034318 1 00012043 00011987 131009 405 43064.4460715394
25.11.2017 10:42:20 +00.16340E+00  0835 034318 1 00012044 00011987 131009 359 43064.4460756829
25.11.2017 10:42:21 +00.16340E+00  0849 034318 1 00012045 00011987 131009 359 43064.446079838
25.11.2017 10:42:21 +00.16340E+00  0864 034318 1 00012046 00011987 131009 406 43064.446084537
25.11.2017 10:42:22 +00.16340E+00  0889 034318 1 00012047 00011987 131009 358 43064.4460886921
25.11.2017 10:42:22 +00.16340E+00  0899 034318 1 00012048 00011987 131009 359 43064.4460928356
25.11.2017 10:42:22 +00.16340E+00  0922 034318 1 00012049 00011987 131009 406 43064.4460975347
25.11.2017 10:42:23 +00.16340E+00  0933 034318 1 00012050 00011987 131009 359 43064.4461016898
25.11.2017 10:42:23 +00.16340E+00  0947 034318 1 00012051 00011987 131009 358 43064.4461058449
25.11.2017 10:42:23 +00.16340E+00  0960 034318 1 00012052 00011987 131009 406 43064.4461105324
25.11.2017 10:42:24 +00.16340E+00  0971 034318 1 00012053 00011987 131009 359 43064.4461146875
25.11.2017 10:42:24 +00.16340E+00  0982 034318 1 00012054 00011987 131009 359 43064.4461188426
25.11.2017 10:42:25 +00.16340E+00  0998 034318 1 00012055 00011987 131009 405 43064.4461235301
25.11.2017 10:42:25 +00.16340E+00  1017 034318 1 00012056 00011987 131009 359 43064.4461276852
25.11.2017 10:42:25 +00.16340E+00  1031 034318 1 00012057 00011987 131009 359 43064.4461318403
25.11.2017 10:42:26 +00.16340E+00  1052 034318 1 00012058 00011987 131009 405 43064.4461365394
25.11.2017 10:42:26 +00.16340E+00  1066 034318 1 00012059 00011987 131009 359 43064.4461406829
25.11.2017 10:42:26 +00.16340E+00  1088 034318 1 00012060 00011987 131009 359 43064.446144838
25.11.2017 10:42:27 +00.16340E+00  1104 034318 1 00012061 00011987 131009 406 43064.446149537
25.11.2017 10:42:27 +00.16340E+00  1117 034318 1 00012062 00011987 131009 358 43064.4461536921
25.11.2017 10:42:28 +00.16341E+00  1128 034318 1 00012063 00011987 131009 359 43064.4461578356
25.11.2017 10:42:28 +00.16340E+00  1143 034318 1 00012064 00011987 131009 406 43064.4461625347
25.11.2017 10:42:28 +00.16340E+00  1158 034318 1 00012065 00011987 131009 359 43064.4461666898
25.11.2017 10:42:29 +00.16340E+00  1173 034318 1 00012066 00011987 131009 358 43064.4461708449
25.11.2017 10:42:34 +00.16360E+00  0010 034359 1 00012067 00012067 131009 421 43064.446234213
25.11.2017 10:42:34 +00.16360E+00  0025 034359 1 00012068 00012067 131009 359 43064.4462383681
25.11.2017 10:42:35 +00.16360E+00  0042 034359 1 00012069 00012067 131009 359 43064.4462425231
25.11.2017 10:42:35 +00.16360E+00  0059 034359 1 00012070 00012067 131009 405 43064.4462472106
25.11.2017 10:42:36 +00.16360E+00  0075 034359 1 00012071 00012067 131009 359 43064.4462513657
25.11.2017 10:42:36 +00.16360E+00  0088 034359 1 00012072 00012067 131009 359 43064.4462555208
25.11.2017 10:42:36 +00.16360E+00  0101 034359 1 00012073 00012067 131009 405 43064.4462602199
25.11.2017 10:42:37 +00.16360E+00  0118 034359 1 00012074 00012067 131009 359 43064.4462643634
25.11.2017 10:42:37 +00.16360E+00  0135 034359 1 00012075 00012067 131009 359 43064.4462685185
25.11.2017 10:42:38 +00.16360E+00  0147 034359 1 00012076 00012067 131009 406 43064.4462732176
25.11.2017 10:42:38 +00.16360E+00  0167 034359 1 00012077 00012067 131009 358 43064.4462773727
25.11.2017 10:42:38 +00.16360E+00  0180 034359 1 00012078 00012067 131009 359 43064.4462815162
25.11.2017 10:42:39 +00.16360E+00  0194 034359 1 00012079 00012067 131009 406 43064.4462862153
25.11.2017 10:42:39 +00.16360E+00  0207 034359 1 00012080 00012067 131009 359 43064.4462903704
25.11.2017 10:42:39 +00.16360E+00  0222 034359 1 00012081 00012067 131009 358 43064.4462945255
25.11.2017 10:42:40 +00.16360E+00  0239 034359 1 00012082 00012067 131009 406 43064.446299213
25.11.2017 10:42:40 +00.16360E+00  0259 034359 1 00012083 00012067 131009 359 43064.4463033681
25.11.2017 10:42:40 +00.16360E+00  0272 034359 1 00012084 00012067 131009 359 43064.4463075231
25.11.2017 10:42:41 +00.16360E+00  0291 034359 1 00012085 00012067 131009 405 43064.4463122106
25.11.2017 10:42:41 +00.16360E+00  0310 034359 1 00012086 00012067 131009 359 43064.4463163657
25.11.2017 10:42:42 +00.16360E+00  0325 034359 1 00012087 00012067 131009 359 43064.4463205208
25.11.2017 10:42:42 +00.16360E+00  0346 034359 1 00012088 00012067 131009 405 43064.4463252199
25.11.2017 10:42:42 +00.16360E+00  0363 034359 1 00012089 00012067 131009 359 43064.4463293634
25.11.2017 10:42:43 +00.16360E+00  0373 034359 1 00012090 00012067 131009 359 43064.4463335185
25.11.2017 10:42:43 +00.16360E+00  0383 034359 1 00012091 00012067 131009 406 43064.4463382176
25.11.2017 10:42:43 +00.16360E+00  0400 034359 1 00012092 00012067 131009 358 43064.4463423727
25.11.2017 10:42:44 +00.16360E+00  0415 034359 1 00012093 00012067 131009 359 43064.4463465162
25.11.2017 10:42:44 +00.16360E+00  0429 034359 1 00012094 00012067 131009 406 43064.4463512153
25.11.2017 10:42:45 +00.16360E+00  0443 034359 1 00012095 00012067 131009 359 43064.4463553704
25.11.2017 10:42:45 +00.16360E+00  0456 034359 1 00012096 00012067 131009 358 43064.4463595255
25.11.2017 10:42:45 +00.16360E+00  0469 034359 1 00012097 00012067 131009 406 43064.446364213
25.11.2017 10:42:46 +00.16360E+00  0483 034359 1 00012098 00012067 131009 359 43064.4463683681
25.11.2017 10:42:46 +00.16360E+00  0497 034359 1 00012099 00012067 131009 359 43064.4463725231
25.11.2017 10:42:46 +00.16360E+00  0517 034359 1 00012100 00012067 131009 405 43064.4463772106
25.11.2017 10:42:47 +00.16360E+00  0535 034359 1 00012101 00012067 131009 359 43064.4463813657
25.11.2017 10:42:47 +00.16360E+00  0556 034359 1 00012102 00012067 131009 359 43064.4463855208
25.11.2017 10:42:48 +00.16360E+00  0562 034359 1 00012103 00012067 131009 405 43064.4463902199
25.11.2017 10:42:48 +00.16360E+00  0578 034359 1 00012104 00012067 131009 359 43064.4463943634
25.11.2017 10:42:48 +00.16360E+00  0594 034359 1 00012105 00012067 131009 359 43064.4463985185
25.11.2017 10:42:49 +00.16360E+00  0611 034359 1 00012106 00012067 131009 406 43064.4464032176
25.11.2017 10:42:49 +00.16360E+00  0624 034359 1 00012107 00012067 131009 358 43064.4464073727
25.11.2017 10:42:49 +00.16360E+00  0647 034359 1 00012108 00012067 131009 359 43064.4464115162
25.11.2017 10:42:50 +00.16360E+00  0661 034359 1 00012109 00012067 131009 406 43064.4464162153
25.11.2017 10:42:50 +00.16360E+00  0674 034359 1 00012110 00012067 131009 359 43064.4464203704
25.11.2017 10:42:51 +00.16360E+00  0690 034359 1 00012111 00012067 131009 358 43064.4464245255
25.11.2017 10:42:51 +00.16360E+00  0705 034359 1 00012112 00012067 131009 406 43064.446429213
25.11.2017 10:42:51 +00.16360E+00  0724 034359 1 00012113 00012067 131009 359 43064.4464333681
25.11.2017 10:42:52 +00.16360E+00  0734 034359 1 00012114 00012067 131009 359 43064.4464375231
25.11.2017 10:42:52 +00.16360E+00  0748 034359 1 00012115 00012067 131009 405 43064.4464422106
25.11.2017 10:42:52 +00.16360E+00  0764 034359 1 00012116 00012067 131009 359 43064.4464463657
25.11.2017 10:42:53 +00.16360E+00  0774 034359 1 00012117 00012067 131009 359 43064.4464505208
25.11.2017 10:42:53 +00.16360E+00  0785 034359 1 00012118 00012067 131009 421 43064.4464553935
25.11.2017 10:42:54 +00.16360E+00  0799 034359 1 00012119 00012067 131009 359 43064.4464595486
25.11.2017 10:42:54 +00.16360E+00  0808 034359 1 00012120 00012067 131009 359 43064.4464637037
25.11.2017 10:42:54 +00.16360E+00  0823 034359 1 00012121 00012067 131009 405 43064.4464683912
25.11.2017 10:42:55 +00.16360E+00  0838 034359 1 00012122 00012067 131009 359 43064.4464725463
25.11.2017 10:42:55 +00.16360E+00  0852 034359 1 00012123 00012067 131009 359 43064.4464767014
25.11.2017 10:42:55 +00.16360E+00  0872 034359 1 00012124 00012067 131009 405 43064.4464814005
25.11.2017 10:42:56 +00.16360E+00  0888 034359 1 00012125 00012067 131009 359 43064.446485544
25.11.2017 10:42:56 +00.16360E+00  0897 034359 1 00012126 00012067 131009 359 43064.4464896991
25.11.2017 10:42:57 +00.16360E+00  0909 034359 1 00012127 00012067 131009 406 43064.4464943982
25.11.2017 10:42:57 +00.16360E+00  0920 034359 1 00012128 00012067 131009 358 43064.4464985532
25.11.2017 10:42:57 +00.16360E+00  0933 034359 1 00012129 00012067 131009 359 43064.4465026968
25.11.2017 10:42:58 +00.16360E+00  0949 034359 1 00012130 00012067 131009 406 43064.4465073958
25.11.2017 10:42:58 +00.16360E+00  0965 034359 1 00012131 00012067 131009 359 43064.4465115509
25.11.2017 10:42:58 +00.16360E+00  0982 034359 1 00012132 00012067 131009 358 43064.446515706
25.11.2017 10:42:59 +00.16360E+00  0999 034359 1 00012133 00012067 131009 406 43064.4465203935
25.11.2017 10:42:59 +00.16360E+00  1015 034359 1 00012134 00012067 131009 359 43064.4465245486
25.11.2017 10:43:00 +00.16360E+00  1032 034359 1 00012135 00012067 131009 359 43064.4465287037
25.11.2017 10:43:00 +00.16360E+00  1048 034359 1 00012136 00012067 131009 405 43064.4465333912
25.11.2017 10:43:00 +00.16360E+00  1074 034359 1 00012137 00012067 131009 359 43064.4465375463
25.11.2017 10:43:01 +00.16360E+00  1091 034359 1 00012138 00012067 131009 359 43064.4465417014
25.11.2017 10:43:01 +00.16360E+00  1098 034359 1 00012139 00012067 131009 405 43064.4465464005
25.11.2017 10:43:01 +00.16360E+00  1112 034359 1 00012140 00012067 131009 359 43064.446550544
25.11.2017 10:43:02 +00.16360E+00  1125 034359 1 00012141 00012067 131009 359 43064.4465546991
25.11.2017 10:43:02 +00.16360E+00  1138 034359 1 00012142 00012067 131009 406 43064.4465593982
25.11.2017 10:43:03 +00.16360E+00  1155 034359 1 00012143 00012067 131009 358 43064.4465635532
25.11.2017 10:43:03 +00.16360E+00  1172 034359 1 00012144 00012067 131009 359 43064.4465676968
25.11.2017 10:43:03 +00.16360E+00  1184 034359 1 00012145 00012067 131009 406 43064.4465723958
25.11.2017 10:43:04 +00.16360E+00  1203 034359 1 00012146 00012067 131009 359 43064.4465765509
25.11.2017 10:43:04 +00.16360E+00  1215 034359 1 00012147 00012067 131009 358 43064.446580706