
25.11.2017 10:43:09 +00.16399E+00  0017 034441 1 00012148 00012148 131009 421 43064.4466341435
25.11.2017 10:43:09 +00.16399E+00  0042 034441 1 00012149 00012148 131009 359 43064.4466382986
25.11.2017 10:43:09 +00.16399E+00  0058 034441 1 00012150 00012148 131009 359 43064.4466424537
25.11.2017 10:43:10 +00.16399E+00  0073 034441 1 00012151 00012148 131009 405 43064.4466471412
25.11.2017 10:43:10 +00.16399E+00  0098 034441 1 00012152 00012148 131009 359 43064.4466512963
25.11.2017 10:43:11 +00.16399E+00  0114 034441 1 00012153 00012148 131009 359 43064.4466554514
25.11.2017 10:43:11 +00.16399E+00  0133 034441 1 00012154 00012148 131009 405 43064.4466601505
25.11.2017 10:43:11 +00.16399E+00  0151 034441 1 00012155 00012148 131009 359 43064.446664294
25.11.2017 10:43:12 +00.16399E+00  0167 034441 1 00012156 00012148 131009 359 43064.4466684491
25.11.2017 10:43:12 +00.16399E+00  0189 034441 1 00012157 00012148 131009 406 43064.4466731482
25.11.2017 10:43:12 +00.16399E+00  0204 034441 1 00012158 00012148 131009 358 43064.4466773032
25.11.2017 10:43:13 +00.16399E+00  0218 034441 1 00012159 00012148 131009 359 43064.4466814468
25.11.2017 10:43:13 +00.16399E+00  0234 034441 1 00012160 00012148 131009 406 43064.4466861458
25.11.2017 10:43:14 +00.16399E+00  0251 034441 1 00012161 00012148 131009 359 43064.4466903009
25.11.2017 10:43:14 +00.16399E+00  0262 034443 1 00012162 00012148 131009 358 43064.446694456
25.11.2017 10:43:14 +00.16399E+00  0272 034443 1 00012163 00012148 131009 422 43064.4466993287
25.11.2017 10:43:15 +00.16399E+00  0288 034443 1 00012164 00012148 131009 358 43064.4467034838
25.11.2017 10:43:15 +00.16400E+00  0299 034443 1 00012165 00012148 131009 359 43064.4467076273
25.11.2017 10:43:15 +00.16400E+00  0314 034443 1 00012166 00012148 131009 406 43064.4467123264
25.11.2017 10:43:16 +00.16400E+00  0334 034443 1 00012167 00012148 131009 359 43064.4467164815
25.11.2017 10:43:16 +00.16400E+00  0347 034443 1 00012168 00012148 131009 358 43064.4467206366
25.11.2017 10:43:17 +00.16400E+00  0363 034443 1 00012169 00012148 131009 406 43064.4467253241
25.11.2017 10:43:17 +00.16400E+00  0377 034443 1 00012170 00012148 131009 359 43064.4467294792
25.11.2017 10:43:17 +00.16400E+00  0392 034443 1 00012171 00012148 131009 359 43064.4467336343
25.11.2017 10:43:18 +00.16400E+00  0410 034443 1 00012172 00012148 131009 405 43064.4467383218
25.11.2017 10:43:18 +00.16400E+00  0428 034443 1 00012173 00012148 131009 359 43064.4467424769
25.11.2017 10:43:18 +00.16400E+00  0435 034443 1 00012174 00012148 131009 359 43064.4467466319
25.11.2017 10:43:19 +00.16399E+00  0456 034443 1 00012175 00012148 131009 405 43064.446751331
25.11.2017 10:43:19 +00.16400E+00  0471 034443 1 00012176 00012148 131009 359 43064.4467554745
25.11.2017 10:43:20 +00.16400E+00  0481 034443 1 00012177 00012148 131009 359 43064.4467596296
25.11.2017 10:43:20 +00.16400E+00  0504 034443 1 00012178 00012148 131009 406 43064.4467643287
25.11.2017 10:43:20 +00.16400E+00  0519 034443 1 00012179 00012148 131009 358 43064.4467684838
25.11.2017 10:43:21 +00.16400E+00  0530 034443 1 00012180 00012148 131009 359 43064.4467726273
25.11.2017 10:43:21 +00.16400E+00  0544 034443 1 00012181 00012148 131009 406 43064.4467773264
25.11.2017 10:43:21 +00.16400E+00  0556 034443 1 00012182 00012148 131009 359 43064.4467814815
25.11.2017 10:43:22 +00.16400E+00  0570 034443 1 00012183 00012148 131009 358 43064.4467856366
25.11.2017 10:43:22 +00.16400E+00  0582 034443 1 00012184 00012148 131009 406 43064.4467903241
25.11.2017 10:43:23 +00.16400E+00  0596 034443 1 00012185 00012148 131009 359 43064.4467944792
25.11.2017 10:43:23 +00.16400E+00  0615 034443 1 00012186 00012148 131009 359 43064.4467986343
25.11.2017 10:43:23 +00.16400E+00  0628 034443 1 00012187 00012148 131009 405 43064.4468033218
25.11.2017 10:43:24 +00.16400E+00  0651 034443 1 00012188 00012148 131009 359 43064.4468074769
25.11.2017 10:43:29 +00.16429E+00  0006 034505 1 00012189 00012189 131009 421 43064.4468748264
25.11.2017 10:43:30 +00.16429E+00  0027 034505 1 00012190 00012189 131009 359 43064.4468789815
25.11.2017 10:43:30 +00.16429E+00  0037 034505 1 00012191 00012189 131009 358 43064.4468831366
25.11.2017 10:43:31 +00.16429E+00  0051 034505 1 00012192 00012189 131009 406 43064.4468878241
25.11.2017 10:43:31 +00.16429E+00  0072 034505 1 00012193 00012189 131009 359 43064.4468919792
25.11.2017 10:43:31 +00.16429E+00  0091 034505 1 00012194 00012189 131009 359 43064.4468961343
25.11.2017 10:43:32 +00.16429E+00  0103 034505 1 00012195 00012189 131009 405 43064.4469008218
25.11.2017 10:43:32 +00.16429E+00  0118 034505 1 00012196 00012189 131009 359 43064.4469049769
25.11.2017 10:43:32 +00.16429E+00  0137 034505 1 00012197 00012189 131009 359 43064.4469091319
25.11.2017 10:43:33 +00.16429E+00  0144 034505 1 00012198 00012189 131009 405 43064.446913831
25.11.2017 10:43:33 +00.16429E+00  0162 034505 1 00012199 00012189 131009 359 43064.4469179745
25.11.2017 10:43:34 +00.16429E+00  0178 034505 1 00012200 00012189 131009 359 43064.4469221296
25.11.2017 10:43:34 +00.16429E+00  0190 034505 1 00012201 00012189 131009 406 43064.4469268287
25.11.2017 10:43:34 +00.16429E+00  0208 034507 1 00012202 00012189 131009 358 43064.4469309838
25.11.2017 10:43:35 +00.16429E+00  0215 034507 1 00012203 00012189 131009 359 43064.4469351273
25.11.2017 10:43:35 +00.16430E+00  0230 034507 1 00012204 00012189 131009 406 43064.4469398264
25.11.2017 10:43:35 +00.16430E+00  0244 034507 1 00012205 00012189 131009 359 43064.4469439815
25.11.2017 10:43:36 +00.16430E+00  0252 034507 1 00012206 00012189 131009 358 43064.4469481366
25.11.2017 10:43:36 +00.16430E+00  0271 034507 1 00012207 00012189 131009 422 43064.4469530093
25.11.2017 10:43:37 +00.16430E+00  0283 034507 1 00012208 00012189 131009 358 43064.4469571643
25.11.2017 10:43:37 +00.16430E+00  0300 034507 1 00012209 00012189 131009 359 43064.4469613079
25.11.2017 10:43:37 +00.16430E+00  0311 034507 1 00012210 00012189 131009 406 43064.4469660069
25.11.2017 10:43:38 +00.16430E+00  0327 034507 1 00012211 00012189 131009 359 43064.446970162
25.11.2017 10:43:38 +00.16430E+00  0340 034507 1 00012212 00012189 131009 358 43064.4469743171
25.11.2017 10:43:38 +00.16430E+00  0354 034507 1 00012213 00012189 131009 406 43064.4469790046
25.11.2017 10:43:39 +00.16430E+00  0365 034507 1 00012214 00012189 131009 359 43064.4469831597
25.11.2017 10:43:39 +00.16430E+00  0375 034507 1 00012215 00012189 131009 359 43064.4469873148
25.11.2017 10:43:40 +00.16430E+00  0387 034507 1 00012216 00012189 131009 405 43064.4469920023
25.11.2017 10:43:40 +00.16431E+00  0397 034507 1 00012217 00012189 131009 359 43064.4469961574
25.11.2017 10:43:40 +00.16430E+00  0414 034507 1 00012218 00012189 131009 359 43064.4470003125
25.11.2017 10:43:41 +00.16430E+00  0430 034507 1 00012219 00012189 131009 405 43064.4470050116
25.11.2017 10:43:41 +00.16430E+00  0445 034507 1 00012220 00012189 131009 359 43064.4470091551
25.11.2017 10:43:41 +00.16430E+00  0463 034507 1 00012221 00012189 131009 359 43064.4470133102
25.11.2017 10:43:42 +00.16430E+00  0474 034507 1 00012222 00012189 131009 406 43064.4470180093
25.11.2017 10:43:42 +00.16430E+00  0491 034507 1 00012223 00012189 131009 358 43064.4470221643
25.11.2017 10:43:43 +00.16430E+00  0510 034507 1 00012224 00012189 131009 359 43064.4470263079
25.11.2017 10:43:43 +00.16430E+00  0521 034507 1 00012225 00012189 131009 406 43064.4470310069
25.11.2017 10:43:43 +00.16430E+00  0547 034507 1 00012226 00012189 131009 359 43064.447035162
25.11.2017 10:43:44 +00.16430E+00  0563 034507 1 00012227 00012189 131009 358 43064.4470393171
25.11.2017 10:43:44 +00.16430E+00  0574 034507 1 00012228 00012189 131009 406 43064.4470440046
25.11.2017 10:43:44 +00.16430E+00  0587 034507 1 00012229 00012189 131009 359 43064.4470481597
25.11.2017 10:43:50 +00.16460E+00  0015 034569 1 00012230 00012230 131009 422 43064.4471155093
25.11.2017 10:43:51 +00.16460E+00  0043 034569 1 00012231 00012230 131009 358 43064.4471196643
25.11.2017 10:43:51 +00.16460E+00  0056 034569 1 00012232 00012230 131009 359 43064.4471238079
25.11.2017 10:43:51 +00.16460E+00  0075 034569 1 00012233 00012230 131009 406 43064.4471285069
25.11.2017 10:43:52 +00.16460E+00  0089 034569 1 00012234 00012230 131009 359 43064.447132662
25.11.2017 10:43:52 +00.16459E+00  0108 034569 1 00012235 00012230 131009 358 43064.4471368171
25.11.2017 10:43:53 +00.16460E+00  0126 034569 1 00012236 00012230 131009 406 43064.4471415046
25.11.2017 10:43:53 +00.16460E+00  0150 034569 1 00012237 00012230 131009 359 43064.4471456597
25.11.2017 10:43:53 +00.16460E+00  0161 034569 1 00012238 00012230 131009 359 43064.4471498148
25.11.2017 10:43:54 +00.16460E+00  0174 034569 1 00012239 00012230 131009 405 43064.4471545023
25.11.2017 10:43:54 +00.16460E+00  0191 034569 1 00012240 00012230 131009 359 43064.4471586574
25.11.2017 10:43:54 +00.16460E+00  0211 034569 1 00012241 00012230 131009 359 43064.4471628125
25.11.2017 10:43:55 +00.16460E+00  0226 034569 1 00012242 00012230 131009 405 43064.4471675116
25.11.2017 10:43:55 +00.16460E+00  0246 034569 1 00012243 00012230 131009 359 43064.4471716551
25.11.2017 10:43:55 +00.16460E+00  0257 034569 1 00012244 00012230 131009 359 43064.4471758102
25.11.2017 10:43:56 +00.16460E+00  0268 034569 1 00012245 00012230 131009 406 43064.4471805093
25.11.2017 10:43:56 +00.16460E+00  0283 034569 1 00012246 00012230 131009 358 43064.4471846644
25.11.2017 10:43:57 +00.16460E+00  0304 034569 1 00012247 00012230 131009 359 43064.4471888079
25.11.2017 10:43:57 +00.16460E+00  0319 034569 1 00012248 00012230 131009 421 43064.4471936921
25.11.2017 10:43:57 +00.16460E+00  0337 034569 1 00012249 00012230 131009 359 43064.4471978356
25.11.2017 10:43:58 +00.16460E+00  0355 034569 1 00012250 00012230 131009 359 43064.4472019907
25.11.2017 10:43:58 +00.16460E+00  0367 034569 1 00012251 00012230 131009 406 43064.4472066898
25.11.2017 10:43:59 +00.16459E+00  0381 034569 1 00012252 00012230 131009 358 43064.4472108449
25.11.2017 10:43:59 +00.16460E+00  0399 034569 1 00012253 00012230 131009 359 43064.4472149884
25.11.2017 10:43:59 +00.16460E+00  0416 034569 1 00012254 00012230 131009 406 43064.4472196875
25.11.2017 10:44:00 +00.16460E+00  0427 034569 1 00012255 00012230 131009 359 43064.4472238426
25.11.2017 10:44:00 +00.16460E+00  0445 034569 1 00012256 00012230 131009 358 43064.4472279977
25.11.2017 10:44:00 +00.16460E+00  0464 034569 1 00012257 00012230 131009 406 43064.4472326852
25.11.2017 10:44:01 +00.16460E+00  0479 034569 1 00012258 00012230 131009 359 43064.4472368403
25.11.2017 10:44:01 +00.16460E+00  0502 034569 1 00012259 00012230 131009 359 43064.4472409954
25.11.2017 10:44:02 +00.16459E+00  0518 034569 1 00012260 00012230 131009 405 43064.4472456829
25.11.2017 10:44:02 +00.16460E+00  0539 034569 1 00012261 00012230 131009 359 43064.447249838
25.11.2017 10:44:02 +00.16460E+00  0561 034569 1 00012262 00012230 131009 359 43064.4472539931
25.11.2017 10:44:03 +00.16460E+00  0571 034569 1 00012263 00012230 131009 405 43064.4472586921
25.11.2017 10:44:03 +00.16460E+00  0582 034569 1 00012264 00012230 131009 359 43064.4472628356
25.11.2017 10:44:03 +00.16460E+00  0588 034569 1 00012265 00012230 131009 359 43064.4472669907
25.11.2017 10:44:04 +00.16460E+00  0600 034569 1 00012266 00012230 131009 406 43064.4472716898
25.11.2017 10:44:04 +00.16460E+00  0615 034569 1 00012267 00012230 131009 358 43064.4472758449
25.11.2017 10:44:04 +00.16460E+00  0628 034569 1 00012268 00012230 131009 359 43064.4472799884
25.11.2017 10:44:05 +00.16460E+00  0646 034569 1 00012269 00012230 131009 406 43064.4472846875
25.11.2017 10:44:05 +00.16460E+00  0663 034569 1 00012270 00012230 131009 359 43064.4472888426
25.11.2017 10:44:11 +00.16489E+00  0014 034631 1 00012271 00012271 131009 359 43064.4473509491
25.11.2017 10:44:11 +00.16489E+00  0035 034631 1 00012272 00012271 131009 359 43064.4473551042
25.11.2017 10:44:11 +00.16490E+00  0052 034631 1 00012273 00012271 131009 374 43064.4473594329
25.11.2017 10:44:12 +00.16489E+00  0067 034631 1 00012274 00012271 131009 359 43064.447363588
25.11.2017 10:44:12 +00.16490E+00  0085 034631 1 00012275 00012271 131009 359 43064.4473677431
25.11.2017 10:44:12 +00.16489E+00  0103 034631 1 00012276 00012271 131009 405 43064.4473724421
25.11.2017 10:44:13 +00.16489E+00  0123 034631 1 00012277 00012271 131009 359 43064.4473765856
25.11.2017 10:44:13 +00.16489E+00  0132 034631 1 00012278 00012271 131009 359 43064.4473807407
25.11.2017 10:44:14 +00.16489E+00  0149 034631 1 00012279 00012271 131009 406 43064.4473854398
25.11.2017 10:44:14 +00.16489E+00  0165 034631 1 00012280 00012271 131009 358 43064.4473895949
25.11.2017 10:44:14 +00.16489E+00  0177 034631 1 00012281 00012271 131009 359 43064.4473937384
25.11.2017 10:44:15 +00.16489E+00  0188 034631 1 00012282 00012271 131009 406 43064.4473984375
25.11.2017 10:44:15 +00.16489E+00  0207 034631 1 00012283 00012271 131009 359 43064.4474025926
25.11.2017 10:44:15 +00.16489E+00  0216 034631 1 00012284 00012271 131009 358 43064.4474067477
25.11.2017 10:44:16 +00.16489E+00  0230 034633 1 00012285 00012271 131009 406 43064.4474114352
25.11.2017 10:44:16 +00.16490E+00  0246 034633 1 00012286 00012271 131009 359 43064.4474155903
25.11.2017 10:44:17 +00.16490E+00  0258 034633 1 00012287 00012271 131009 359 43064.4474197454
25.11.2017 10:44:17 +00.16490E+00  0269 034633 1 00012288 00012271 131009 405 43064.4474244329
25.11.2017 10:44:17 +00.16490E+00  0283 034633 1 00012289 00012271 131009 359 43064.447428588
25.11.2017 10:44:18 +00.16490E+00  0294 034633 1 00012290 00012271 131009 359 43064.4474327431
25.11.2017 10:44:18 +00.16490E+00  0309 034633 1 00012291 00012271 131009 405 43064.4474374421
25.11.2017 10:44:18 +00.16490E+00  0326 034633 1 00012292 00012271 131009 359 43064.4474415856
25.11.2017 10:44:19 +00.16490E+00  0338 034633 1 00012293 00012271 131009 359 43064.4474457407
25.11.2017 10:44:19 +00.16490E+00  0347 034633 1 00012294 00012271 131009 421 43064.4474506134
25.11.2017 10:44:20 +00.16490E+00  0374 034633 1 00012295 00012271 131009 359 43064.4474547685
25.11.2017 10:44:20 +00.16490E+00  0387 034633 1 00012296 00012271 131009 359 43064.4474589236
25.11.2017 10:44:20 +00.16490E+00  0403 034633 1 00012297 00012271 131009 405 43064.4474636227
25.11.2017 10:44:21 +00.16490E+00  0423 034633 1 00012298 00012271 131009 359 43064.4474677662
25.11.2017 10:44:21 +00.16490E+00  0441 034633 1 00012299 00012271 131009 359 43064.4474719213
25.11.2017 10:44:21 +00.16490E+00  0453 034633 1 00012300 00012271 131009 406 43064.4474766204
25.11.2017 10:44:22 +00.16490E+00  0478 034633 1 00012301 00012271 131009 358 43064.4474807755
25.11.2017 10:44:22 +00.16490E+00  0491 034633 1 00012302 00012271 131009 359 43064.447484919
25.11.2017 10:44:23 +00.16490E+00  0503 034633 1 00012303 00012271 131009 406 43064.4474896181
25.11.2017 10:44:23 +00.16490E+00  0517 034633 1 00012304 00012271 131009 359 43064.4474937732
25.11.2017 10:44:23 +00.16490E+00  0530 034633 1 00012305 00012271 131009 358 43064.4474979282
25.11.2017 10:44:24 +00.16490E+00  0546 034633 1 00012306 00012271 131009 406 43064.4475026157
25.11.2017 10:44:24 +00.16490E+00  0567 034633 1 00012307 00012271 131009 359 43064.4475067708
25.11.2017 10:44:24 +00.16490E+00  0583 034633 1 00012308 00012271 131009 359 43064.4475109259
25.11.2017 10:44:25 +00.16490E+00  0596 034633 1 00012309 00012271 131009 405 43064.4475156134
25.11.2017 10:44:25 +00.16490E+00  0622 034633 1 00012310 00012271 131009 359 43064.4475197685
25.11.2017 10:44:26 +00.16490E+00  0634 034633 1 00012311 00012271 131009 359 43064.4475239236
25.11.2017 10:44:26 +00.16490E+00  0648 034633 1 00012312 00012271 131009 405 43064.4475286227
25.11.2017 10:44:32 +00.16519E+00  0015 034693 1 00012313 00012313 131009 359 43064.4475948843
25.11.2017 10:44:32 +00.16519E+00  0029 034693 1 00012314 00012313 131009 358 43064.4475990394
25.11.2017 10:44:32 +00.16519E+00  0043 034693 1 00012315 00012313 131009 375 43064.4476033681
25.11.2017 10:44:33 +00.16519E+00  0053 034693 1 00012316 00012313 131009 359 43064.4476075232
25.11.2017 10:44:33 +00.16519E+00  0065 034693 1 00012317 00012313 131009 358 43064.4476116782
25.11.2017 10:44:34 +00.16519E+00  0078 034693 1 00012318 00012313 131009 406 43064.4476163657
25.11.2017 10:44:34 +00.16519E+00  0095 034693 1 00012319 00012313 131009 359 43064.4476205208
25.11.2017 10:44:34 +00.16519E+00  0105 034693 1 00012320 00012313 131009 359 43064.4476246759
25.11.2017 10:44:35 +00.16519E+00  0115 034693 1 00012321 00012313 131009 405 43064.4476293634
25.11.2017 10:44:35 +00.16519E+00  0128 034693 1 00012322 00012313 131009 359 43064.4476335185
25.11.2017 10:44:35 +00.16519E+00  0145 034693 1 00012323 00012313 131009 359 43064.4476376736
25.11.2017 10:44:36 +00.16519E+00  0163 034693 1 00012324 00012313 131009 405 43064.4476423727
25.11.2017 10:44:36 +00.16519E+00  0182 034693 1 00012325 00012313 131009 359 43064.4476465162
25.11.2017 10:44:37 +00.16519E+00  0203 034693 1 00012326 00012313 131009 359 43064.4476506713
25.11.2017 10:44:37 +00.16519E+00  0217 034695 1 00012327 00012313 131009 406 43064.4476553704
25.11.2017 10:44:37 +00.16519E+00  0233 034695 1 00012328 00012313 131009 358 43064.4476595255
25.11.2017 10:44:38 +00.16520E+00  0248 034695 1 00012329 00012313 131009 359 43064.447663669
25.11.2017 10:44:38 +00.16520E+00  0269 034695 1 00012330 00012313 131009 406 43064.4476683681
25.11.2017 10:44:38 +00.16520E+00  0284 034695 1 00012331 00012313 131009 359 43064.4476725232
25.11.2017 10:44:39 +00.16520E+00  0302 034695 1 00012332 00012313 131009 358 43064.4476766782
25.11.2017 10:44:39 +00.16520E+00  0316 034695 1 00012333 00012313 131009 406 43064.4476813657
25.11.2017 10:44:40 +00.16519E+00  0328 034695 1 00012334 00012313 131009 359 43064.4476855208
25.11.2017 10:44:40 +00.16519E+00  0340 034695 1 00012335 00012313 131009 359 43064.4476896759
25.11.2017 10:44:40 +00.16520E+00  0357 034695 1 00012336 00012313 131009 421 43064.4476945486
25.11.2017 10:44:41 +00.16520E+00  0377 034695 1 00012337 00012313 131009 359 43064.4476987037
25.11.2017 10:44:41 +00.16520E+00  0388 034695 1 00012338 00012313 131009 358 43064.4477028588
25.11.2017 10:44:41 +00.16520E+00  0394 034695 1 00012339 00012313 131009 406 43064.4477075463
25.11.2017 10:44:42 +00.16520E+00  0408 034695 1 00012340 00012313 131009 359 43064.4477117014
25.11.2017 10:44:42 +00.16520E+00  0430 034695 1 00012341 00012313 131009 359 43064.4477158565
25.11.2017 10:44:43 +00.16520E+00  0439 034695 1 00012342 00012313 131009 405 43064.447720544
25.11.2017 10:44:43 +00.16520E+00  0449 034695 1 00012343 00012313 131009 359 43064.4477246991
25.11.2017 10:44:43 +00.16520E+00  0468 034695 1 00012344 00012313 131009 359 43064.4477288542
25.11.2017 10:44:44 +00.16520E+00  0481 034695 1 00012345 00012313 131009 405 43064.4477335532
25.11.2017 10:44:44 +00.16520E+00  0499 034695 1 00012346 00012313 131009 359 43064.4477376968
25.11.2017 10:44:44 +00.16520E+00  0518 034695 1 00012347 00012313 131009 359 43064.4477418519
25.11.2017 10:44:45 +00.16520E+00  0534 034695 1 00012348 00012313 131009 406 43064.4477465509
25.11.2017 10:44:45 +00.16520E+00  0554 034695 1 00012349 00012313 131009 358 43064.447750706
25.11.2017 10:44:46 +00.16520E+00  0572 034695 1 00012350 00012313 131009 359 43064.4477548495
25.11.2017 10:44:46 +00.16520E+00  0585 034695 1 00012351 00012313 131009 406 43064.4477595486
25.11.2017 10:44:46 +00.16520E+00  0602 034695 1 00012352 00012313 131009 359 43064.4477637037
25.11.2017 10:44:47 +00.16520E+00  0618 034695 1 00012353 00012313 131009 358 43064.4477678588
25.11.2017 10:44:52 +00.16549E+00  0017 034757 1 00012354 00012354 131009 358 43064.4478355671
25.11.2017 10:44:53 +00.16549E+00  0036 034757 1 00012355 00012354 131009 359 43064.4478397107
25.11.2017 10:44:53 +00.16549E+00  0045 034757 1 00012356 00012354 131009 375 43064.4478440509
25.11.2017 10:44:54 +00.16549E+00  0058 034757 1 00012357 00012354 131009 358 43064.447848206
25.11.2017 10:44:54 +00.16550E+00  0073 034757 1 00012358 00012354 131009 359 43064.4478523495
25.11.2017 10:44:54 +00.16549E+00  0087 034757 1 00012359 00012354 131009 406 43064.4478570486
25.11.2017 10:44:55 +00.16549E+00  0114 034757 1 00012360 00012354 131009 359 43064.4478612037
25.11.2017 10:44:55 +00.16549E+00  0130 034757 1 00012361 00012354 131009 358 43064.4478653588
25.11.2017 10:44:55 +00.16549E+00  0146 034757 1 00012362 00012354 131009 406 43064.4478700463
25.11.2017 10:44:56 +00.16549E+00  0163 034757 1 00012363 00012354 131009 359 43064.4478742014
25.11.2017 10:44:56 +00.16549E+00  0175 034757 1 00012364 00012354 131009 359 43064.4478783565
25.11.2017 10:44:57 +00.16549E+00  0186 034757 1 00012365 00012354 131009 405 43064.447883044
25.11.2017 10:44:57 +00.16549E+00  0203 034757 1 00012366 00012354 131009 359 43064.4478871991
25.11.2017 10:44:57 +00.16549E+00  0217 034757 1 00012367 00012354 131009 359 43064.4478913542
25.11.2017 10:44:58 +00.16550E+00  0234 034759 1 00012368 00012354 131009 405 43064.4478960532
25.11.2017 10:44:58 +00.16550E+00  0251 034759 1 00012369 00012354 131009 359 43064.4479001968
25.11.2017 10:44:58 +00.16550E+00  0259 034759 1 00012370 00012354 131009 359 43064.4479043519
25.11.2017 10:44:59 +00.16550E+00  0280 034759 1 00012371 00012354 131009 406 43064.4479090509
25.11.2017 10:44:59 +00.16550E+00  0298 034759 1 00012372 00012354 131009 358 43064.447913206
25.11.2017 10:45:00 +00.16550E+00  0310 034759 1 00012373 00012354 131009 359 43064.4479173495
25.11.2017 10:45:00 +00.16550E+00  0329 034759 1 00012374 00012354 131009 406 43064.4479220486
25.11.2017 10:45:00 +00.16550E+00  0341 034759 1 00012375 00012354 131009 359 43064.4479262037
25.11.2017 10:45:01 +00.16550E+00  0356 034759 1 00012376 00012354 131009 358 43064.4479303588
25.11.2017 10:45:01 +00.16550E+00  0372 034759 1 00012377 00012354 131009 422 43064.4479352315
25.11.2017 10:45:01 +00.16550E+00  0386 034759 1 00012378 00012354 131009 358 43064.4479393866
25.11.2017 10:45:02 +00.16550E+00  0397 034759 1 00012379 00012354 131009 359 43064.4479435301
25.11.2017 10:45:02 +00.16550E+00  0416 034759 1 00012380 00012354 131009 406 43064.4479482292
25.11.2017 10:45:03 +00.16550E+00  0434 034759 1 00012381 00012354 131009 359 43064.4479523843
25.11.2017 10:45:03 +00.16550E+00  0449 034759 1 00012382 00012354 131009 358 43064.4479565393
25.11.2017 10:45:03 +00.16550E+00  0463 034759 1 00012383 00012354 131009 406 43064.4479612269
25.11.2017 10:45:04 +00.16550E+00  0482 034759 1 00012384 00012354 131009 359 43064.4479653819
25.11.2017 10:45:04 +00.16550E+00  0498 034759 1 00012385 00012354 131009 359 43064.447969537
25.11.2017 10:45:04 +00.16550E+00  0508 034759 1 00012386 00012354 131009 405 43064.4479742245
25.11.2017 10:45:05 +00.16550E+00  0525 034759 1 00012387 00012354 131009 359 43064.4479783796
25.11.2017 10:45:05 +00.16550E+00  0539 034759 1 00012388 00012354 131009 359 43064.4479825347
25.11.2017 10:45:06 +00.16550E+00  0554 034759 1 00012389 00012354 131009 405 43064.4479872338
25.11.2017 10:45:06 +00.16550E+00  0569 034759 1 00012390 00012354 131009 359 43064.4479913773
25.11.2017 10:45:06 +00.16550E+00  0588 034759 1 00012391 00012354 131009 359 43064.4479955324
25.11.2017 10:45:07 +00.16550E+00  0597 034759 1 00012392 00012354 131009 406 43064.4480002315
25.11.2017 10:45:07 +00.16550E+00  0615 034759 1 00012393 00012354 131009 358 43064.4480043866
25.11.2017 10:45:07 +00.16550E+00  0633 034759 1 00012394 00012354 131009 359 43064.4480085301
25.11.2017 10:45:13 +00.16580E+00  0017 034821 1 00012395 00012395 131009 421 43064.4480717245
25.11.2017 10:45:13 +00.16580E+00  0035 034821 1 00012396 00012395 131009 359 43064.4480758796
25.11.2017 10:45:14 +00.16580E+00  0053 034821 1 00012397 00012395 131009 359 43064.4480800347
25.11.2017 10:45:14 +00.16580E+00  0067 034821 1 00012398 00012395 131009 405 43064.4480847338
25.11.2017 10:45:14 +00.16580E+00  0082 034821 1 00012399 00012395 131009 359 43064.4480888773
25.11.2017 10:45:15 +00.16580E+00  0099 034821 1 00012400 00012395 131009 359 43064.4480930324
25.11.2017 10:45:15 +00.16580E+00  0112 034821 1 00012401 00012395 131009 406 43064.4480977315
25.11.2017 10:45:16 +00.16580E+00  0125 034821 1 00012402 00012395 131009 358 43064.4481018866
25.11.2017 10:45:16 +00.16580E+00  0141 034821 1 00012403 00012395 131009 359 43064.4481060301
25.11.2017 10:45:16 +00.16580E+00  0154 034821 1 00012404 00012395 131009 406 43064.4481107292
25.11.2017 10:45:17 +00.16580E+00  0174 034821 1 00012405 00012395 131009 359 43064.4481148843
25.11.2017 10:45:17 +00.16580E+00  0187 034821 1 00012406 00012395 131009 358 43064.4481190393
25.11.2017 10:45:17 +00.16580E+00  0201 034821 1 00012407 00012395 131009 406 43064.4481237268
25.11.2017 10:45:18 +00.16580E+00  0221 034821 1 00012408 00012395 131009 359 43064.4481278819
25.11.2017 10:45:18 +00.16580E+00  0239 034821 1 00012409 00012395 131009 359 43064.448132037
25.11.2017 10:45:19 +00.16580E+00  0254 034821 1 00012410 00012395 131009 405 43064.4481367245
25.11.2017 10:45:19 +00.16580E+00  0272 034821 1 00012411 00012395 131009 359 43064.4481408796
25.11.2017 10:45:19 +00.16580E+00  0293 034821 1 00012412 00012395 131009 359 43064.4481450347
25.11.2017 10:45:20 +00.16580E+00  0307 034821 1 00012413 00012395 131009 405 43064.4481497338
25.11.2017 10:45:20 +00.16580E+00  0316 034821 1 00012414 00012395 131009 359 43064.4481538773
25.11.2017 10:45:20 +00.16580E+00  0329 034821 1 00012415 00012395 131009 359 43064.4481580324
25.11.2017 10:45:21 +00.16580E+00  0341 034821 1 00012416 00012395 131009 406 43064.4481627315
25.11.2017 10:45:21 +00.16580E+00  0358 034821 1 00012417 00012395 131009 358 43064.4481668866
25.11.2017 10:45:21 +00.16580E+00  0375 034821 1 00012418 00012395 131009 359 43064.4481710301
25.11.2017 10:45:22 +00.16580E+00  0393 034821 1 00012419 00012395 131009 406 43064.4481757292
25.11.2017 10:45:22 +00.16580E+00  0408 034821 1 00012420 00012395 131009 359 43064.4481798843
25.11.2017 10:45:23 +00.16580E+00  0419 034821 1 00012421 00012395 131009 358 43064.4481840393
25.11.2017 10:45:23 +00.16580E+00  0428 034821 1 00012422 00012395 131009 422 43064.448188912
25.11.2017 10:45:23 +00.16580E+00  0439 034821 1 00012423 00012395 131009 358 43064.4481930671
25.11.2017 10:45:24 +00.16580E+00  0462 034821 1 00012424 00012395 131009 359 43064.4481972107
25.11.2017 10:45:24 +00.16580E+00  0476 034821 1 00012425 00012395 131009 406 43064.4482019097
25.11.2017 10:45:25 +00.16580E+00  0492 034821 1 00012426 00012395 131009 359 43064.4482060648
25.11.2017 10:45:25 +00.16580E+00  0506 034821 1 00012427 00012395 131009 358 43064.4482102199
25.11.2017 10:45:25 +00.16580E+00  0522 034821 1 00012428 00012395 131009 406 43064.4482149074
25.11.2017 10:45:26 +00.16580E+00  0539 034821 1 00012429 00012395 131009 359 43064.4482190625
25.11.2017 10:45:26 +00.16580E+00  0556 034821 1 00012430 00012395 131009 359 43064.4482232176
25.11.2017 10:45:26 +00.16580E+00  0571 034821 1 00012431 00012395 131009 405 43064.4482279051
25.11.2017 10:45:27 +00.16580E+00  0579 034821 1 00012432 00012395 131009 359 43064.4482320602
25.11.2017 10:45:27 +00.16580E+00  0590 034821 1 00012433 00012395 131009 359 43064.4482362153
25.11.2017 10:45:28 +00.16580E+00  0603 034821 1 00012434 00012395 131009 405 43064.4482409144
25.11.2017 10:45:28 +00.16580E+00  0619 034821 1 00012435 00012395 131009 359 43064.4482450579
25.11.2017 10:45:28 +00.16580E+00  0630 034821 1 00012436 00012395 131009 359 43064.448249213
25.11.2017 10:45:34 +00.16609E+00  0008 034883 1 00012437 00012437 131009 421 43064.4483124074
25.11.2017 10:45:34 +00.16609E+00  0039 034883 1 00012438 00012437 131009 359 43064.4483165625
25.11.2017 10:45:34 +00.16609E+00  0051 034883 1 00012439 00012437 131009 359 43064.4483207176
25.11.2017 10:45:35 +00.16609E+00  0068 034883 1 00012440 00012437 131009 405 43064.4483254051
25.11.2017 10:45:35 +00.16609E+00  0087 034883 1 00012441 00012437 131009 359 43064.4483295602
25.11.2017 10:45:36 +00.16610E+00  0104 034883 1 00012442 00012437 131009 359 43064.4483337153
25.11.2017 10:45:36 +00.16609E+00  0124 034883 1 00012443 00012437 131009 405 43064.4483384144
25.11.2017 10:45:36 +00.16609E+00  0145 034883 1 00012444 00012437 131009 359 43064.4483425579
25.11.2017 10:45:37 +00.16609E+00  0157 034883 1 00012445 00012437 131009 359 43064.448346713
25.11.2017 10:45:37 +00.16609E+00  0173 034883 1 00012446 00012437 131009 406 43064.448351412
25.11.2017 10:45:37 +00.16609E+00  0189 034883 1 00012447 00012437 131009 358 43064.4483555671
25.11.2017 10:45:38 +00.16609E+00  0200 034883 1 00012448 00012437 131009 359 43064.4483597106
25.11.2017 10:45:38 +00.16609E+00  0214 034883 1 00012449 00012437 131009 406 43064.4483644097
25.11.2017 10:45:39 +00.16609E+00  0229 034883 1 00012450 00012437 131009 359 43064.4483685648
25.11.2017 10:45:39 +00.16610E+00  0240 034885 1 00012451 00012437 131009 358 43064.4483727199
25.11.2017 10:45:39 +00.16610E+00  0252 034885 1 00012452 00012437 131009 406 43064.4483774074
25.11.2017 10:45:40 +00.16610E+00  0267 034885 1 00012453 00012437 131009 359 43064.4483815625
25.11.2017 10:45:40 +00.16610E+00  0281 034885 1 00012454 00012437 131009 359 43064.4483857176
25.11.2017 10:45:40 +00.16610E+00  0298 034885 1 00012455 00012437 131009 405 43064.4483904051
25.11.2017 10:45:41 +00.16610E+00  0310 034885 1 00012456 00012437 131009 359 43064.4483945602
25.11.2017 10:45:41 +00.16610E+00  0322 034885 1 00012457 00012437 131009 359 43064.4483987153
25.11.2017 10:45:42 +00.16610E+00  0346 034885 1 00012458 00012437 131009 405 43064.4484034144
25.11.2017 10:45:42 +00.16610E+00  0362 034885 1 00012459 00012437 131009 359 43064.4484075579
25.11.2017 10:45:42 +00.16610E+00  0379 034885 1 00012460 00012437 131009 359 43064.448411713
25.11.2017 10:45:43 +00.16610E+00  0390 034885 1 00012461 00012437 131009 406 43064.448416412
25.11.2017 10:45:43 +00.16611E+00  0414 034885 1 00012462 00012437 131009 358 43064.4484205671
25.11.2017 10:45:43 +00.16610E+00  0426 034885 1 00012463 00012437 131009 359 43064.4484247106
25.11.2017 10:45:44 +00.16610E+00  0444 034885 1 00012464 00012437 131009 406 43064.4484294097
25.11.2017 10:45:44 +00.16610E+00  0464 034885 1 00012465 00012437 131009 359 43064.4484335648
25.11.2017 10:45:45 +00.16610E+00  0483 034885 1 00012466 00012437 131009 358 43064.4484377199
25.11.2017 10:45:45 +00.16610E+00  0499 034885 1 00012467 00012437 131009 422 43064.4484425926
25.11.2017 10:45:45 +00.16610E+00  0515 034885 1 00012468 00012437 131009 358 43064.4484467477
25.11.2017 10:45:46 +00.16610E+00  0527 034885 1 00012469 00012437 131009 359 43064.4484508912
25.11.2017 10:45:46 +00.16610E+00  0544 034885 1 00012470 00012437 131009 406 43064.4484555903
25.11.2017 10:45:46 +00.16610E+00  0559 034885 1 00012471 00012437 131009 359 43064.4484597454
25.11.2017 10:45:47 +00.16610E+00  0576 034885 1 00012472 00012437 131009 358 43064.4484639005
25.11.2017 10:45:47 +00.16610E+00  0586 034885 1 00012473 00012437 131009 406 43064.448468588
25.11.2017 10:45:48 +00.16610E+00  0602 034885 1 00012474 00012437 131009 359 43064.4484727431
25.11.2017 10:45:48 +00.16610E+00  0625 034885 1 00012475 00012437 131009 359 43064.4484768981
25.11.2017 10:45:48 +00.16610E+00  0636 034885 1 00012476 00012437 131009 405 43064.4484815856
25.11.2017 10:45:49 +00.16610E+00  0653 034885 1 00012477 00012437 131009 359 43064.4484857407
25.11.2017 10:45:49 +00.16610E+00  0666 034885 1 00012478 00012437 131009 359 43064.4484898958
25.11.2017 10:45:54 +00.16640E+00  0015 034947 1 00012479 00012479 131009 421 43064.4485530903
25.11.2017 10:45:55 +00.16640E+00  0031 034947 1 00012480 00012479 131009 359 43064.4485572454
25.11.2017 10:45:55 +00.16640E+00  0043 034947 1 00012481 00012479 131009 358 43064.4485614005
25.11.2017 10:45:56 +00.16640E+00  0051 034947 1 00012482 00012479 131009 406 43064.448566088
25.11.2017 10:45:56 +00.16640E+00  0073 034947 1 00012483 00012479 131009 359 43064.4485702431
25.11.2017 10:45:56 +00.16640E+00  0085 034947 1 00012484 00012479 131009 359 43064.4485743981
25.11.2017 10:45:57 +00.16640E+00  0097 034947 1 00012485 00012479 131009 405 43064.4485790856
25.11.2017 10:45:57 +00.16640E+00  0112 034947 1 00012486 00012479 131009 359 43064.4485832407
25.11.2017 10:45:57 +00.16640E+00  0130 034947 1 00012487 00012479 131009 359 43064.4485873958
25.11.2017 10:45:58 +00.16640E+00  0143 034947 1 00012488 00012479 131009 405 43064.4485920949
25.11.2017 10:45:58 +00.16640E+00  0158 034947 1 00012489 00012479 131009 359 43064.4485962384
25.11.2017 10:45:59 +00.16640E+00  0183 034947 1 00012490 00012479 131009 359 43064.4486003935
25.11.2017 10:45:59 +00.16640E+00  0198 034947 1 00012491 00012479 131009 406 43064.4486050926
25.11.2017 10:45:59 +00.16640E+00  0216 034947 1 00012492 00012479 131009 358 43064.4486092477
25.11.2017 10:46:00 +00.16640E+00  0227 034947 1 00012493 00012479 131009 359 43064.4486133912
25.11.2017 10:46:00 +00.16640E+00  0237 034947 1 00012494 00012479 131009 406 43064.4486180903
25.11.2017 10:46:00 +00.16640E+00  0258 034947 1 00012495 00012479 131009 359 43064.4486222454
25.11.2017 10:46:01 +00.16640E+00  0275 034947 1 00012496 00012479 131009 358 43064.4486264005
25.11.2017 10:46:01 +00.16640E+00  0291 034947 1 00012497 00012479 131009 406 43064.448631088
25.11.2017 10:46:02 +00.16640E+00  0312 034947 1 00012498 00012479 131009 359 43064.4486352431
25.11.2017 10:46:02 +00.16640E+00  0328 034947 1 00012499 00012479 131009 359 43064.4486393981
25.11.2017 10:46:02 +00.16640E+00  0343 034947 1 00012500 00012479 131009 405 43064.4486440856
25.11.2017 10:46:03 +00.16640E+00  0360 034947 1 00012501 00012479 131009 359 43064.4486482407
25.11.2017 10:46:03 +00.16640E+00  0374 034947 1 00012502 00012479 131009 359 43064.4486523958
25.11.2017 10:46:03 +00.16640E+00  0395 034947 1 00012503 00012479 131009 405 43064.4486570949
25.11.2017 10:46:04 +00.16640E+00  0412 034947 1 00012504 00012479 131009 359 43064.4486612384
25.11.2017 10:46:04 +00.16640E+00  0427 034947 1 00012505 00012479 131009 359 43064.4486653935
25.11.2017 10:46:05 +00.16640E+00  0441 034947 1 00012506 00012479 131009 406 43064.4486700926
25.11.2017 10:46:05 +00.16640E+00  0450 034947 1 00012507 00012479 131009 358 43064.4486742477
25.11.2017 10:46:05 +00.16640E+00  0468 034947 1 00012508 00012479 131009 359 43064.4486783912
25.11.2017 10:46:06 +00.16640E+00  0481 034947 1 00012509 00012479 131009 421 43064.4486832755
25.11.2017 10:46:06 +00.16640E+00  0494 034947 1 00012510 00012479 131009 359 43064.448687419
25.11.2017 10:46:06 +00.16640E+00  0510 034947 1 00012511 00012479 131009 359 43064.4486915741
25.11.2017 10:46:07 +00.16640E+00  0524 034947 1 00012512 00012479 131009 406 43064.4486962731
25.11.2017 10:46:07 +00.16640E+00  0539 034947 1 00012513 00012479 131009 358 43064.4487004282
25.11.2017 10:46:08 +00.16640E+00  0559 034947 1 00012514 00012479 131009 359 43064.4487045718
25.11.2017 10:46:08 +00.16640E+00  0571 034947 1 00012515 00012479 131009 406 43064.4487092708
25.11.2017 10:46:08 +00.16640E+00  0587 034947 1 00012516 00012479 131009 359 43064.4487134259
25.11.2017 10:46:09 +00.16640E+00  0600 034947 1 00012517 00012479 131009 358 43064.448717581
25.11.2017 10:46:09 +00.16640E+00  0610 034947 1 00012518 00012479 131009 406 43064.4487222685
25.11.2017 10:46:09 +00.16640E+00  0625 034947 1 00012519 00012479 131009 359 43064.4487264236
25.11.2017 10:46:10 +00.16640E+00  0656 034947 1 00012520 00012479 131009 359 43064.4487305787
25.11.2017 10:46:15 +00.16669E+00  0020 035009 1 00012521 00012521 131009 422 43064.4487937731
25.11.2017 10:46:16 +00.16669E+00  0033 035009 1 00012522 00012521 131009 358 43064.4487979282
25.11.2017 10:46:16 +00.16669E+00  0053 035009 1 00012523 00012521 131009 359 43064.4488020718
25.11.2017 10:46:16 +00.16669E+00  0070 035009 1 00012524 00012521 131009 406 43064.4488067708
25.11.2017 10:46:17 +00.16669E+00  0082 035009 1 00012525 00012521 131009 359 43064.4488109259
25.11.2017 10:46:17 +00.16669E+00  0098 035009 1 00012526 00012521 131009 358 43064.448815081
25.11.2017 10:46:18 +00.16669E+00  0114 035009 1 00012527 00012521 131009 406 43064.4488197685
25.11.2017 10:46:18 +00.16669E+00  0135 035009 1 00012528 00012521 131009 359 43064.4488239236
25.11.2017 10:46:18 +00.16669E+00  0145 035009 1 00012529 00012521 131009 359 43064.4488280787
25.11.2017 10:46:19 +00.16669E+00  0159 035009 1 00012530 00012521 131009 405 43064.4488327662
25.11.2017 10:46:19 +00.16669E+00  0174 035009 1 00012531 00012521 131009 359 43064.4488369213
25.11.2017 10:46:19 +00.16669E+00  0186 035009 1 00012532 00012521 131009 359 43064.4488410764
25.11.2017 10:46:20 +00.16669E+00  0203 035009 1 00012533 00012521 131009 405 43064.4488457755
25.11.2017 10:46:20 +00.16669E+00  0222 035009 1 00012534 00012521 131009 359 43064.448849919
25.11.2017 10:46:20 +00.16669E+00  0233 035011 1 00012535 00012521 131009 359 43064.4488540741
25.11.2017 10:46:21 +00.16670E+00  0252 035011 1 00012536 00012521 131009 406 43064.4488587731
25.11.2017 10:46:21 +00.16670E+00  0266 035011 1 00012537 00012521 131009 358 43064.4488629282
25.11.2017 10:46:22 +00.16670E+00  0277 035011 1 00012538 00012521 131009 359 43064.4488670718
25.11.2017 10:46:22 +00.16670E+00  0292 035011 1 00012539 00012521 131009 406 43064.4488717708
25.11.2017 10:46:22 +00.16670E+00  0309 035011 1 00012540 00012521 131009 359 43064.4488759259
25.11.2017 10:46:23 +00.16670E+00  0324 035011 1 00012541 00012521 131009 358 43064.448880081
25.11.2017 10:46:23 +00.16670E+00  0336 035011 1 00012542 00012521 131009 406 43064.4488847685
25.11.2017 10:46:24 +00.16670E+00  0349 035011 1 00012543 00012521 131009 359 43064.4488889236
25.11.2017 10:46:24 +00.16670E+00  0358 035011 1 00012544 00012521 131009 359 43064.4488930787
25.11.2017 10:46:24 +00.16670E+00  0374 035011 1 00012545 00012521 131009 405 43064.4488977662
25.11.2017 10:46:25 +00.16670E+00  0392 035011 1 00012546 00012521 131009 359 43064.4489019213
25.11.2017 10:46:25 +00.16671E+00  0409 035011 1 00012547 00012521 131009 359 43064.4489060764
25.11.2017 10:46:25 +00.16670E+00  0424 035011 1 00012548 00012521 131009 405 43064.4489107755
25.11.2017 10:46:26 +00.16670E+00  0447 035011 1 00012549 00012521 131009 359 43064.448914919
25.11.2017 10:46:26 +00.16670E+00  0458 035011 1 00012550 00012521 131009 359 43064.4489190741
25.11.2017 10:46:27 +00.16670E+00  0473 035011 1 00012551 00012521 131009 406 43064.4489237731
25.11.2017 10:46:27 +00.16670E+00  0490 035011 1 00012552 00012521 131009 358 43064.4489279282
25.11.2017 10:46:27 +00.16670E+00  0510 035011 1 00012553 00012521 131009 359 43064.4489320718
25.11.2017 10:46:28 +00.16670E+00  0523 035011 1 00012554 00012521 131009 421 43064.448936956
25.11.2017 10:46:28 +00.16670E+00  0543 035011 1 00012555 00012521 131009 359 43064.4489410995
25.11.2017 10:46:28 +00.16670E+00  0555 035011 1 00012556 00012521 131009 359 43064.4489452546
25.11.2017 10:46:29 +00.16670E+00  0567 035011 1 00012557 00012521 131009 406 43064.4489499537
25.11.2017 10:46:29 +00.16670E+00  0589 035011 1 00012558 00012521 131009 358 43064.4489541088
25.11.2017 10:46:29 +00.16670E+00  0603 035011 1 00012559 00012521 131009 359 43064.4489582523
25.11.2017 10:46:30 +00.16670E+00  0624 035011 1 00012560 00012521 131009 406 43064.4489629514
25.11.2017 10:46:30 +00.16670E+00  0643 035011 1 00012561 00012521 131009 359 43064.4489671065
25.11.2017 10:46:31 +00.16670E+00  0651 035011 1 00012562 00012521 131009 358 43064.4489712616
25.11.2017 10:46:36 +00.16700E+00  0015 035073 1 00012563 00012563 131009 421 43064.449034456
25.11.2017 10:46:36 +00.16700E+00  0032 035073 1 00012564 00012563 131009 359 43064.4490385995
25.11.2017 10:46:37 +00.16700E+00  0045 035073 1 00012565 00012563 131009 359 43064.4490427546
25.11.2017 10:46:37 +00.16700E+00  0062 035073 1 00012566 00012563 131009 406 43064.4490474537
25.11.2017 10:46:38 +00.16700E+00  0076 035073 1 00012567 00012563 131009 358 43064.4490516088
25.11.2017 10:46:38 +00.16700E+00  0089 035073 1 00012568 00012563 131009 359 43064.4490557523
25.11.2017 10:46:38 +00.16700E+00  0102 035073 1 00012569 00012563 131009 406 43064.4490604514
25.11.2017 10:46:39 +00.16700E+00  0118 035073 1 00012570 00012563 131009 359 43064.4490646065
25.11.2017 10:46:39 +00.16700E+00  0129 035073 1 00012571 00012563 131009 358 43064.4490687616
25.11.2017 10:46:39 +00.16700E+00  0140 035073 1 00012572 00012563 131009 406 43064.4490734491
25.11.2017 10:46:40 +00.16700E+00  0158 035073 1 00012573 00012563 131009 359 43064.4490776042
25.11.2017 10:46:40 +00.16700E+00  0173 035073 1 00012574 00012563 131009 359 43064.4490817593
25.11.2017 10:46:41 +00.16700E+00  0186 035073 1 00012575 00012563 131009 405 43064.4490864468
25.11.2017 10:46:41 +00.16700E+00  0209 035073 1 00012576 00012563 131009 359 43064.4490906019
25.11.2017 10:46:41 +00.16700E+00  0229 035073 1 00012577 00012563 131009 359 43064.4490947569
25.11.2017 10:46:42 +00.16700E+00  0243 035073 1 00012578 00012563 131009 405 43064.449099456
25.11.2017 10:46:42 +00.16700E+00  0257 035073 1 00012579 00012563 131009 359 43064.4491035995
25.11.2017 10:46:42 +00.16700E+00  0273 035073 1 00012580 00012563 131009 359 43064.4491077546
25.11.2017 10:46:43 +00.16700E+00  0292 035073 1 00012581 00012563 131009 406 43064.4491124537
25.11.2017 10:46:43 +00.16700E+00  0302 035073 1 00012582 00012563 131009 358 43064.4491166088
25.11.2017 10:46:44 +00.16700E+00  0313 035073 1 00012583 00012563 131009 359 43064.4491207523
25.11.2017 10:46:44 +00.16699E+00  0328 035073 1 00012584 00012563 131009 406 43064.4491254514
25.11.2017 10:46:44 +00.16700E+00  0340 035073 1 00012585 00012563 131009 359 43064.4491296065
25.11.2017 10:46:45 +00.16700E+00  0350 035073 1 00012586 00012563 131009 358 43064.4491337616
25.11.2017 10:46:45 +00.16700E+00  0365 035073 1 00012587 00012563 131009 406 43064.4491384491
25.11.2017 10:46:45 +00.16700E+00  0384 035073 1 00012588 00012563 131009 359 43064.4491426042
25.11.2017 10:46:46 +00.16700E+00  0393 035073 1 00012589 00012563 131009 359 43064.4491467593
25.11.2017 10:46:46 +00.16700E+00  0407 035073 1 00012590 00012563 131009 405 43064.4491514468
25.11.2017 10:46:47 +00.16700E+00  0425 035073 1 00012591 00012563 131009 359 43064.4491556019
25.11.2017 10:46:47 +00.16700E+00  0441 035073 1 00012592 00012563 131009 359 43064.4491597569
25.11.2017 10:46:47 +00.16700E+00  0452 035073 1 00012593 00012563 131009 405 43064.449164456
25.11.2017 10:46:48 +00.16700E+00  0465 035073 1 00012594 00012563 131009 359 43064.4491685995
25.11.2017 10:46:48 +00.16700E+00  0479 035073 1 00012595 00012563 131009 359 43064.4491727546
25.11.2017 10:46:48 +00.16700E+00  0496 035073 1 00012596 00012563 131009 421 43064.4491776273
25.11.2017 10:46:49 +00.16700E+00  0517 035073 1 00012597 00012563 131009 359 43064.4491817824
25.11.2017 10:46:49 +00.16700E+00  0532 035073 1 00012598 00012563 131009 359 43064.4491859375
25.11.2017 10:46:50 +00.16700E+00  0547 035073 1 00012599 00012563 131009 405 43064.4491906366
25.11.2017 10:46:50 +00.16700E+00  0562 035073 1 00012600 00012563 131009 359 43064.4491947801
25.11.2017 10:46:50 +00.16700E+00  0572 035073 1 00012601 00012563 131009 359 43064.4491989352
25.11.2017 10:46:51 +00.16700E+00  0587 035073 1 00012602 00012563 131009 406 43064.4492036343
25.11.2017 10:46:51 +00.16700E+00  0610 035073 1 00012603 00012563 131009 358 43064.4492077894
25.11.2017 10:46:51 +00.16700E+00  0622 035073 1 00012604 00012563 131009 359 43064.4492119329