
25.11.2017 10:46:59 +00.16200E+00  0014 034023 1 00012605 00012605 131009 359 43064.4492991435
25.11.2017 10:46:59 +00.16200E+00  0031 034023 1 00012606 00012605 131009 359 43064.4493032986
25.11.2017 10:47:00 +00.16200E+00  0046 034023 1 00012607 00012605 131009 374 43064.4493076273
25.11.2017 10:47:00 +00.16200E+00  0067 034023 1 00012608 00012605 131009 359 43064.4493117824
25.11.2017 10:47:00 +00.16200E+00  0080 034023 1 00012609 00012605 131009 359 43064.4493159375
25.11.2017 10:47:01 +00.16200E+00  0106 034023 1 00012610 00012605 131009 405 43064.4493206366
25.11.2017 10:47:01 +00.16200E+00  0121 034023 1 00012611 00012605 131009 359 43064.4493247801
25.11.2017 10:47:02 +00.16199E+00  0134 034023 1 00012612 00012605 131009 359 43064.4493289352
25.11.2017 10:47:02 +00.16200E+00  0151 034023 1 00012613 00012605 131009 406 43064.4493336343
25.11.2017 10:47:02 +00.16200E+00  0171 034023 1 00012614 00012605 131009 358 43064.4493377894
25.11.2017 10:47:03 +00.16200E+00  0186 034023 1 00012615 00012605 131009 359 43064.4493419329
25.11.2017 10:47:03 +00.16199E+00  0207 034023 1 00012616 00012605 131009 406 43064.4493466319
25.11.2017 10:47:03 +00.16199E+00  0231 034023 1 00012617 00012605 131009 359 43064.449350787
25.11.2017 10:47:04 +00.16199E+00  0247 034023 1 00012618 00012605 131009 358 43064.4493549421
25.11.2017 10:47:04 +00.16199E+00  0255 034025 1 00012619 00012605 131009 406 43064.4493596296
25.11.2017 10:47:05 +00.16200E+00  0272 034025 1 00012620 00012605 131009 359 43064.4493637847
25.11.2017 10:47:05 +00.16200E+00  0286 034025 1 00012621 00012605 131009 359 43064.4493679398
25.11.2017 10:47:05 +00.16201E+00  0301 034025 1 00012622 00012605 131009 405 43064.4493726273
25.11.2017 10:47:06 +00.16200E+00  0328 034025 1 00012623 00012605 131009 359 43064.4493767824
25.11.2017 10:47:06 +00.16200E+00  0336 034025 1 00012624 00012605 131009 359 43064.4493809375
25.11.2017 10:47:06 +00.16200E+00  0345 034025 1 00012625 00012605 131009 405 43064.4493856366
25.11.2017 10:47:07 +00.16200E+00  0364 034025 1 00012626 00012605 131009 359 43064.4493897801
25.11.2017 10:47:07 +00.16201E+00  0383 034025 1 00012627 00012605 131009 359 43064.4493939352
25.11.2017 10:47:08 +00.16201E+00  0399 034025 1 00012628 00012605 131009 406 43064.4493986343
25.11.2017 10:47:08 +00.16201E+00  0414 034025 1 00012629 00012605 131009 358 43064.4494027894
25.11.2017 10:47:08 +00.16201E+00  0428 034025 1 00012630 00012605 131009 359 43064.4494069329
25.11.2017 10:47:09 +00.16201E+00  0444 034025 1 00012631 00012605 131009 406 43064.4494116319
25.11.2017 10:47:09 +00.16200E+00  0463 034025 1 00012632 00012605 131009 359 43064.449415787
25.11.2017 10:47:09 +00.16201E+00  0486 034025 1 00012633 00012605 131009 358 43064.4494199421
25.11.2017 10:47:10 +00.16201E+00  0500 034025 1 00012634 00012605 131009 422 43064.4494248148
25.11.2017 10:47:10 +00.16201E+00  0516 034025 1 00012635 00012605 131009 358 43064.4494289699
25.11.2017 10:47:11 +00.16201E+00  0526 034025 1 00012636 00012605 131009 359 43064.4494331134
25.11.2017 10:47:11 +00.16200E+00  0541 034025 1 00012637 00012605 131009 406 43064.4494378125
25.11.2017 10:47:11 +00.16201E+00  0560 034025 1 00012638 00012605 131009 359 43064.4494419676
25.11.2017 10:47:12 +00.16201E+00  0569 034025 1 00012639 00012605 131009 358 43064.4494461227
25.11.2017 10:47:12 +00.16201E+00  0583 034025 1 00012640 00012605 131009 406 43064.4494508102
25.11.2017 10:47:12 +00.16201E+00  0594 034025 1 00012641 00012605 131009 359 43064.4494549653
25.11.2017 10:47:13 +00.16201E+00  0610 034025 1 00012642 00012605 131009 359 43064.4494591204
25.11.2017 10:47:13 +00.16201E+00  0628 034025 1 00012643 00012605 131009 405 43064.4494638079
25.11.2017 10:47:14 +00.16201E+00  0638 034025 1 00012644 00012605 131009 359 43064.449467963
25.11.2017 10:47:14 +00.16201E+00  0649 034025 1 00012645 00012605 131009 359 43064.4494721181
25.11.2017 10:47:14 +00.16201E+00  0666 034025 1 00012646 00012605 131009 405 43064.4494768171
25.11.2017 10:47:15 +00.16201E+00  0685 034023 1 00012647 00012605 131009 359 43064.4494809606
25.11.2017 10:47:15 +00.16200E+00  0697 034023 1 00012648 00012605 131009 359 43064.4494851157
25.11.2017 10:47:15 +00.16200E+00  0714 034023 1 00012649 00012605 131009 406 43064.4494898148
25.11.2017 10:47:16 +00.16200E+00  0727 034023 1 00012650 00012605 131009 358 43064.4494939699
25.11.2017 10:47:16 +00.16200E+00  0745 034023 1 00012651 00012605 131009 359 43064.4494981134
25.11.2017 10:47:17 +00.16200E+00  0757 034023 1 00012652 00012605 131009 406 43064.4495028125
25.11.2017 10:47:17 +00.16199E+00  0776 034023 1 00012653 00012605 131009 359 43064.4495069676
25.11.2017 10:47:17 +00.16199E+00  0788 034023 1 00012654 00012605 131009 358 43064.4495111227
25.11.2017 10:47:18 +00.16199E+00  0805 034023 1 00012655 00012605 131009 406 43064.4495158102
25.11.2017 10:47:18 +00.16199E+00  0826 034023 1 00012656 00012605 131009 359 43064.4495199653
25.11.2017 10:47:18 +00.16199E+00  0835 034023 1 00012657 00012605 131009 359 43064.4495241204
25.11.2017 10:47:19 +00.16199E+00  0847 034023 1 00012658 00012605 131009 405 43064.4495288079
25.11.2017 10:47:19 +00.16200E+00  0864 034023 1 00012659 00012605 131009 359 43064.449532963
25.11.2017 10:47:20 +00.16200E+00  0875 034023 1 00012660 00012605 131009 359 43064.4495371181
25.11.2017 10:47:20 +00.16199E+00  0885 034023 1 00012661 00012605 131009 405 43064.4495418171
25.11.2017 10:47:20 +00.16200E+00  0907 034023 1 00012662 00012605 131009 359 43064.4495459606
25.11.2017 10:47:21 +00.16199E+00  0921 034023 1 00012663 00012605 131009 359 43064.4495501157
25.11.2017 10:47:21 +00.16199E+00  0943 034023 1 00012664 00012605 131009 406 43064.4495548148
25.11.2017 10:47:21 +00.16200E+00  0960 034023 1 00012665 00012605 131009 358 43064.4495589699
25.11.2017 10:47:22 +00.16200E+00  0977 034023 1 00012666 00012605 131009 359 43064.4495631134
25.11.2017 10:47:22 +00.16200E+00  0991 034023 1 00012667 00012605 131009 406 43064.4495678125
25.11.2017 10:47:23 +00.16200E+00  1004 034023 1 00012668 00012605 131009 359 43064.4495719676
25.11.2017 10:47:23 +00.16199E+00  1023 034023 1 00012669 00012605 131009 358 43064.4495761227
25.11.2017 10:47:23 +00.16199E+00  1041 034023 1 00012670 00012605 131009 406 43064.4495808102
25.11.2017 10:47:24 +00.16199E+00  1058 034023 1 00012671 00012605 131009 359 43064.4495849653
25.11.2017 10:47:24 +00.16199E+00  1079 034023 1 00012672 00012605 131009 359 43064.4495891204
25.11.2017 10:47:24 +00.16199E+00  1094 034023 1 00012673 00012605 131009 405 43064.4495938079
25.11.2017 10:47:25 +00.16199E+00  1109 034023 1 00012674 00012605 131009 359 43064.449597963
25.11.2017 10:47:25 +00.16199E+00  1123 034025 1 00012675 00012605 131009 359 43064.4496021181
25.11.2017 10:47:26 +00.16200E+00  1136 034025 1 00012676 00012605 131009 405 43064.4496068171
25.11.2017 10:47:26 +00.16201E+00  1158 034025 1 00012677 00012605 131009 359 43064.4496109606
25.11.2017 10:47:26 +00.16201E+00  1173 034025 1 00012678 00012605 131009 359 43064.4496151157
25.11.2017 10:47:27 +00.16200E+00  1187 034025 1 00012679 00012605 131009 406 43064.4496198148
25.11.2017 10:47:27 +00.16200E+00  1206 034025 1 00012680 00012605 131009 358 43064.4496239699
25.11.2017 10:47:27 +00.16200E+00  1220 034025 1 00012681 00012605 131009 359 43064.4496281134
25.11.2017 10:47:28 +00.16201E+00  1238 034025 1 00012682 00012605 131009 406 43064.4496328125
25.11.2017 10:47:28 +00.16201E+00  1249 034025 1 00012683 00012605 131009 359 43064.4496369676
25.11.2017 10:47:28 +00.16201E+00  1260 034025 1 00012684 00012605 131009 358 43064.4496411227
25.11.2017 10:47:29 +00.16200E+00  1272 034025 1 00012685 00012605 131009 406 43064.4496458102
25.11.2017 10:47:29 +00.16200E+00  1288 034025 1 00012686 00012605 131009 359 43064.4496499653
25.11.2017 10:47:30 +00.16201E+00  1300 034025 1 00012687 00012605 131009 359 43064.4496541204
25.11.2017 10:47:30 +00.16201E+00  1314 034025 1 00012688 00012605 131009 405 43064.4496588079
25.11.2017 10:47:30 +00.16200E+00  1338 034023 1 00012689 00012605 131009 359 43064.449662963
25.11.2017 10:47:31 +00.16200E+00  1348 034023 1 00012690 00012605 131009 359 43064.4496671181
25.11.2017 10:47:31 +00.16200E+00  1365 034023 1 00012691 00012605 131009 405 43064.4496718171
25.11.2017 10:47:32 +00.16200E+00  1385 034023 1 00012692 00012605 131009 375 43064.4496761458
25.11.2017 10:47:32 +00.16200E+00  1395 034023 1 00012693 00012605 131009 359 43064.4496803009
25.11.2017 10:47:32 +00.16199E+00  1416 034023 1 00012694 00012605 131009 405 43064.4496849884
25.11.2017 10:47:33 +00.16200E+00  1432 034023 1 00012695 00012605 131009 359 43064.4496891435
25.11.2017 10:47:33 +00.16200E+00  1448 034023 1 00012696 00012605 131009 359 43064.4496932986
25.11.2017 10:47:33 +00.16199E+00  1463 034023 1 00012697 00012605 131009 405 43064.4496979977
25.11.2017 10:47:34 +00.16199E+00  1488 034023 1 00012698 00012605 131009 359 43064.4497021412
25.11.2017 10:47:34 +00.16200E+00  1504 034023 1 00012699 00012605 131009 359 43064.4497062963
25.11.2017 10:47:35 +00.16200E+00  1517 034023 1 00012700 00012605 131009 406 43064.4497109954
25.11.2017 10:47:35 +00.16200E+00  1536 034023 1 00012701 00012605 131009 358 43064.4497151505
25.11.2017 10:47:35 +00.16200E+00  1552 034023 1 00012702 00012605 131009 359 43064.449719294
25.11.2017 10:47:36 +00.16199E+00  1565 034023 1 00012703 00012605 131009 406 43064.4497239931
25.11.2017 10:47:36 +00.16199E+00  1578 034023 1 00012704 00012605 131009 359 43064.4497281481
25.11.2017 10:47:36 +00.16199E+00  1598 034023 1 00012705 00012605 131009 358 43064.4497323032
25.11.2017 10:47:37 +00.16200E+00  1607 034023 1 00012706 00012605 131009 406 43064.4497369907
25.11.2017 10:47:37 +00.16200E+00  1629 034023 1 00012707 00012605 131009 359 43064.4497411458
25.11.2017 10:47:37 +00.16200E+00  1643 034023 1 00012708 00012605 131009 359 43064.4497453009
25.11.2017 10:47:38 +00.16200E+00  1655 034023 1 00012709 00012605 131009 405 43064.4497499884
25.11.2017 10:47:38 +00.16200E+00  1669 034023 1 00012710 00012605 131009 359 43064.4497541435
25.11.2017 10:47:39 +00.16200E+00  1682 034023 1 00012711 00012605 131009 359 43064.4497582986
25.11.2017 10:47:39 +00.16200E+00  1699 034023 1 00012712 00012605 131009 405 43064.4497629977
25.11.2017 10:47:39 +00.16200E+00  1717 034023 1 00012713 00012605 131009 359 43064.4497671412
25.11.2017 10:47:40 +00.16200E+00  1737 034023 1 00012714 00012605 131009 359 43064.4497712963
25.11.2017 10:47:40 +00.16199E+00  1752 034023 1 00012715 00012605 131009 406 43064.4497759954
25.11.2017 10:47:41 +00.16199E+00  1772 034025 1 00012716 00012605 131009 358 43064.4497801505
25.11.2017 10:47:41 +00.16200E+00  1786 034025 1 00012717 00012605 131009 359 43064.449784294
25.11.2017 10:47:41 +00.16201E+00  1800 034025 1 00012718 00012605 131009 406 43064.4497889931
25.11.2017 10:47:42 +00.16200E+00  1815 034025 1 00012719 00012605 131009 359 43064.4497931481
25.11.2017 10:47:42 +00.16200E+00  1829 034025 1 00012720 00012605 131009 358 43064.4497973032
25.11.2017 10:47:42 +00.16200E+00  1847 034025 1 00012721 00012605 131009 406 43064.4498019907
25.11.2017 10:47:43 +00.16200E+00  1873 034025 1 00012722 00012605 131009 359 43064.4498061458
25.11.2017 10:47:43 +00.16201E+00  1888 034025 1 00012723 00012605 131009 359 43064.4498103009
25.11.2017 10:47:44 +00.16200E+00  1899 034025 1 00012724 00012605 131009 405 43064.4498149884
25.11.2017 10:47:44 +00.16200E+00  1918 034025 1 00012725 00012605 131009 359 43064.4498191435
25.11.2017 10:47:44 +00.16201E+00  1931 034025 1 00012726 00012605 131009 359 43064.4498232986
25.11.2017 10:47:45 +00.16201E+00  1944 034025 1 00012727 00012605 131009 405 43064.4498279977
25.11.2017 10:47:45 +00.16201E+00  1963 034025 1 00012728 00012605 131009 359 43064.4498321412
25.11.2017 10:47:45 +00.16201E+00  1977 034025 1 00012729 00012605 131009 359 43064.4498362963
25.11.2017 10:47:46 +00.16200E+00  1989 034023 1 00012730 00012605 131009 406 43064.4498409954
25.11.2017 10:47:46 +00.16200E+00  2008 034023 1 00012731 00012605 131009 358 43064.4498451505
25.11.2017 10:47:46 +00.16200E+00  2028 034023 1 00012732 00012605 131009 359 43064.449849294
25.11.2017 10:47:47 +00.16199E+00  2044 034023 1 00012733 00012605 131009 406 43064.4498539931
25.11.2017 10:47:47 +00.16200E+00  2060 034023 1 00012734 00012605 131009 359 43064.4498581481
25.11.2017 10:47:48 +00.16200E+00  2076 034023 1 00012735 00012605 131009 358 43064.4498623032
25.11.2017 10:47:48 +00.16200E+00  2089 034023 1 00012736 00012605 131009 406 43064.4498669907
25.11.2017 10:47:48 +00.16200E+00  2102 034023 1 00012737 00012605 131009 359 43064.4498711458
25.11.2017 10:47:49 +00.16200E+00  2109 034023 1 00012738 00012605 131009 359 43064.4498753009
25.11.2017 10:47:49 +00.16200E+00  2124 034023 1 00012739 00012605 131009 405 43064.4498799884
25.11.2017 10:47:49 +00.16200E+00  2132 034023 1 00012740 00012605 131009 359 43064.4498841435
25.11.2017 10:47:50 +00.16200E+00  2150 034023 1 00012741 00012605 131009 359 43064.4498882986
25.11.2017 10:47:50 +00.16200E+00  2166 034023 1 00012742 00012605 131009 405 43064.4498929977
25.11.2017 10:47:51 +00.16200E+00  2184 034023 1 00012743 00012605 131009 359 43064.4498971412
25.11.2017 10:47:51 +00.16199E+00  2203 034023 1 00012744 00012605 131009 359 43064.4499012963
25.11.2017 10:47:51 +00.16200E+00  2217 034023 1 00012745 00012605 131009 406 43064.4499059954
25.11.2017 10:47:52 +00.16199E+00  2233 034023 1 00012746 00012605 131009 358 43064.4499101505
25.11.2017 10:47:52 +00.16199E+00  2246 034023 1 00012747 00012605 131009 359 43064.449914294
25.11.2017 10:47:53 +00.16200E+00  2260 034023 1 00012748 00012605 131009 406 43064.4499189931
25.11.2017 10:47:53 +00.16199E+00  2278 034023 1 00012749 00012605 131009 359 43064.4499231481
25.11.2017 10:47:53 +00.16200E+00  2296 034023 1 00012750 00012605 131009 358 43064.4499273032
25.11.2017 10:47:54 +00.16199E+00  2304 034023 1 00012751 00012605 131009 422 43064.4499321759
25.11.2017 10:47:54 +00.16200E+00  2328 034023 1 00012752 00012605 131009 358 43064.449936331
25.11.2017 10:47:54 +00.16200E+00  2348 034023 1 00012753 00012605 131009 359 43064.4499404745
25.11.2017 10:47:55 +00.16199E+00  2368 034023 1 00012754 00012605 131009 406 43064.4499451736
25.11.2017 10:47:55 +00.16200E+00  2386 034023 1 00012755 00012605 131009 359 43064.4499493287
25.11.2017 10:47:55 +00.16199E+00  2397 034023 1 00012756 00012605 131009 358 43064.4499534838
25.11.2017 10:47:56 +00.16199E+00  2408 034023 1 00012757 00012605 131009 406 43064.4499581713
25.11.2017 10:47:56 +00.16200E+00  2428 034025 1 00012758 00012605 131009 359 43064.4499623264
25.11.2017 10:47:57 +00.16200E+00  2446 034025 1 00012759 00012605 131009 359 43064.4499664815
25.11.2017 10:47:57 +00.16201E+00  2457 034025 1 00012760 00012605 131009 405 43064.449971169
25.11.2017 10:47:57 +00.16201E+00  2470 034025 1 00012761 00012605 131009 359 43064.4499753241
25.11.2017 10:47:58 +00.16200E+00  2486 034025 1 00012762 00012605 131009 359 43064.4499794792
25.11.2017 10:47:58 +00.16200E+00  2501 034025 1 00012763 00012605 131009 405 43064.4499841782
25.11.2017 10:47:58 +00.16200E+00  2511 034025 1 00012764 00012605 131009 359 43064.4499883218
25.11.2017 10:47:59 +00.16201E+00  2530 034025 1 00012765 00012605 131009 359 43064.4499924769
25.11.2017 10:48:05 +00.16210E+00  0009 034045 1 00012766 00012766 131009 359 43064.4500601852
25.11.2017 10:48:05 +00.16210E+00  0027 034045 1 00012767 00012766 131009 359 43064.4500643403
25.11.2017 10:48:05 +00.16210E+00  0045 034045 1 00012768 00012766 131009 374 43064.450068669
25.11.2017 10:48:06 +00.16210E+00  0061 034045 1 00012769 00012766 131009 359 43064.4500728241
25.11.2017 10:48:06 +00.16210E+00  0076 034045 1 00012770 00012766 131009 359 43064.4500769792
25.11.2017 10:48:07 +00.16210E+00  0090 034045 1 00012771 00012766 131009 405 43064.4500816782
25.11.2017 10:48:07 +00.16210E+00  0104 034045 1 00012772 00012766 131009 359 43064.4500858218
25.11.2017 10:48:07 +00.16210E+00  0116 034045 1 00012773 00012766 131009 359 43064.4500899769
25.11.2017 10:48:08 +00.16210E+00  0128 034045 1 00012774 00012766 131009 406 43064.4500946759
25.11.2017 10:48:08 +00.16210E+00  0151 034045 1 00012775 00012766 131009 358 43064.450098831
25.11.2017 10:48:08 +00.16210E+00  0159 034045 1 00012776 00012766 131009 359 43064.4501029745
25.11.2017 10:48:09 +00.16210E+00  0170 034045 1 00012777 00012766 131009 406 43064.4501076736
25.11.2017 10:48:09 +00.16210E+00  0189 034045 1 00012778 00012766 131009 359 43064.4501118287
25.11.2017 10:48:10 +00.16210E+00  0204 034045 1 00012779 00012766 131009 358 43064.4501159838
25.11.2017 10:48:10 +00.16210E+00  0217 034045 1 00012780 00012766 131009 406 43064.4501206713
25.11.2017 10:48:10 +00.16210E+00  0236 034045 1 00012781 00012766 131009 359 43064.4501248264
25.11.2017 10:48:11 +00.16210E+00  0253 034045 1 00012782 00012766 131009 359 43064.4501289815
25.11.2017 10:48:11 +00.16210E+00  0266 034045 1 00012783 00012766 131009 405 43064.450133669
25.11.2017 10:48:11 +00.16210E+00  0286 034045 1 00012784 00012766 131009 359 43064.4501378241
25.11.2017 10:48:12 +00.16210E+00  0299 034045 1 00012785 00012766 131009 359 43064.4501419792
25.11.2017 10:48:12 +00.16210E+00  0313 034045 1 00012786 00012766 131009 405 43064.4501466782
25.11.2017 10:48:13 +00.16210E+00  0335 034045 1 00012787 00012766 131009 359 43064.4501508218
25.11.2017 10:48:13 +00.16210E+00  0352 034045 1 00012788 00012766 131009 359 43064.4501549769
25.11.2017 10:48:13 +00.16210E+00  0372 034045 1 00012789 00012766 131009 406 43064.4501596759
25.11.2017 10:48:14 +00.16210E+00  0382 034045 1 00012790 00012766 131009 358 43064.450163831
25.11.2017 10:48:14 +00.16210E+00  0397 034045 1 00012791 00012766 131009 359 43064.4501679745
25.11.2017 10:48:14 +00.16210E+00  0414 034045 1 00012792 00012766 131009 421 43064.4501728588
25.11.2017 10:48:15 +00.16210E+00  0432 034045 1 00012793 00012766 131009 359 43064.4501770023
25.11.2017 10:48:15 +00.16210E+00  0438 034045 1 00012794 00012766 131009 359 43064.4501811574
25.11.2017 10:48:16 +00.16210E+00  0454 034045 1 00012795 00012766 131009 406 43064.4501858565
25.11.2017 10:48:16 +00.16210E+00  0470 034045 1 00012796 00012766 131009 358 43064.4501900116
25.11.2017 10:48:16 +00.16210E+00  0482 034045 1 00012797 00012766 131009 359 43064.4501941551
25.11.2017 10:48:17 +00.16210E+00  0497 034045 1 00012798 00012766 131009 406 43064.4501988542
25.11.2017 10:48:17 +00.16210E+00  0518 034045 1 00012799 00012766 131009 359 43064.4502030093
25.11.2017 10:48:17 +00.16210E+00  0529 034045 1 00012800 00012766 131009 358 43064.4502071644
25.11.2017 10:48:18 +00.16210E+00  0544 034045 1 00012801 00012766 131009 406 43064.4502118519
25.11.2017 10:48:18 +00.16210E+00  0560 034045 1 00012802 00012766 131009 359 43064.4502160069
25.11.2017 10:48:19 +00.16210E+00  0582 034045 1 00012803 00012766 131009 359 43064.450220162
25.11.2017 10:48:19 +00.16210E+00  0598 034045 1 00012804 00012766 131009 405 43064.4502248495
25.11.2017 10:48:19 +00.16210E+00  0616 034045 1 00012805 00012766 131009 359 43064.4502290046
25.11.2017 10:48:20 +00.16210E+00  0633 034045 1 00012806 00012766 131009 359 43064.4502331597
25.11.2017 10:48:20 +00.16210E+00  0646 034045 1 00012807 00012766 131009 405 43064.4502378588
25.11.2017 10:48:20 +00.16210E+00  0661 034045 1 00012808 00012766 131009 359 43064.4502420023
25.11.2017 10:48:21 +00.16210E+00  0681 034045 1 00012809 00012766 131009 359 43064.4502461574
25.11.2017 10:48:21 +00.16210E+00  0691 034045 1 00012810 00012766 131009 406 43064.4502508565
25.11.2017 10:48:22 +00.16210E+00  0703 034045 1 00012811 00012766 131009 358 43064.4502550116
25.11.2017 10:48:22 +00.16210E+00  0724 034045 1 00012812 00012766 131009 359 43064.4502591551
25.11.2017 10:48:22 +00.16210E+00  0737 034045 1 00012813 00012766 131009 406 43064.4502638542
25.11.2017 10:48:23 +00.16210E+00  0751 034045 1 00012814 00012766 131009 359 43064.4502680093
25.11.2017 10:48:23 +00.16210E+00  0765 034045 1 00012815 00012766 131009 358 43064.4502721644
25.11.2017 10:48:23 +00.16210E+00  0781 034045 1 00012816 00012766 131009 406 43064.4502768519
25.11.2017 10:48:24 +00.16210E+00  0795 034045 1 00012817 00012766 131009 359 43064.4502810069
25.11.2017 10:48:24 +00.16210E+00  0808 034045 1 00012818 00012766 131009 359 43064.450285162
25.11.2017 10:48:25 +00.16210E+00  0826 034045 1 00012819 00012766 131009 405 43064.4502898495
25.11.2017 10:48:25 +00.16210E+00  0839 034045 1 00012820 00012766 131009 359 43064.4502940046
25.11.2017 10:48:25 +00.16210E+00  0851 034045 1 00012821 00012766 131009 359 43064.4502981597
25.11.2017 10:48:26 +00.16210E+00  0864 034045 1 00012822 00012766 131009 405 43064.4503028588
25.11.2017 10:48:26 +00.16210E+00  0882 034045 1 00012823 00012766 131009 359 43064.4503070023
25.11.2017 10:48:26 +00.16210E+00  0900 034045 1 00012824 00012766 131009 359 43064.4503111574
25.11.2017 10:48:27 +00.16210E+00  0914 034045 1 00012825 00012766 131009 406 43064.4503158565
25.11.2017 10:48:27 +00.16210E+00  0925 034045 1 00012826 00012766 131009 358 43064.4503200116
25.11.2017 10:48:28 +00.16210E+00  0944 034045 1 00012827 00012766 131009 359 43064.4503241551
25.11.2017 10:48:28 +00.16210E+00  0953 034045 1 00012828 00012766 131009 406 43064.4503288542
25.11.2017 10:48:28 +00.16210E+00  0968 034045 1 00012829 00012766 131009 359 43064.4503330093
25.11.2017 10:48:29 +00.16210E+00  0987 034045 1 00012830 00012766 131009 358 43064.4503371644
25.11.2017 10:48:29 +00.16210E+00  1002 034045 1 00012831 00012766 131009 406 43064.4503418519
25.11.2017 10:48:29 +00.16210E+00  1016 034045 1 00012832 00012766 131009 359 43064.4503460069
25.11.2017 10:48:30 +00.16210E+00  1029 034045 1 00012833 00012766 131009 359 43064.450350162
25.11.2017 10:48:30 +00.16210E+00  1042 034045 1 00012834 00012766 131009 405 43064.4503548495
25.11.2017 10:48:31 +00.16210E+00  1060 034045 1 00012835 00012766 131009 359 43064.4503590046
25.11.2017 10:48:31 +00.16210E+00  1077 034045 1 00012836 00012766 131009 359 43064.4503631597
25.11.2017 10:48:31 +00.16210E+00  1094 034045 1 00012837 00012766 131009 405 43064.4503678588
25.11.2017 10:48:32 +00.16210E+00  1113 034045 1 00012838 00012766 131009 359 43064.4503720023
25.11.2017 10:48:32 +00.16210E+00  1134 034045 1 00012839 00012766 131009 359 43064.4503761574
25.11.2017 10:48:32 +00.16210E+00  1160 034045 1 00012840 00012766 131009 406 43064.4503808565
25.11.2017 10:48:33 +00.16210E+00  1179 034045 1 00012841 00012766 131009 358 43064.4503850116
25.11.2017 10:48:33 +00.16210E+00  1184 034045 1 00012842 00012766 131009 359 43064.4503891551
25.11.2017 10:48:34 +00.16210E+00  1197 034045 1 00012843 00012766 131009 406 43064.4503938542
25.11.2017 10:48:34 +00.16210E+00  1213 034045 1 00012844 00012766 131009 359 43064.4503980093
25.11.2017 10:48:34 +00.16210E+00  1219 034045 1 00012845 00012766 131009 358 43064.4504021644
25.11.2017 10:48:35 +00.16210E+00  1236 034045 1 00012846 00012766 131009 406 43064.4504068519
25.11.2017 10:48:35 +00.16210E+00  1249 034045 1 00012847 00012766 131009 359 43064.4504110069
25.11.2017 10:48:35 +00.16210E+00  1267 034045 1 00012848 00012766 131009 359 43064.450415162
25.11.2017 10:48:36 +00.16210E+00  1280 034045 1 00012849 00012766 131009 421 43064.4504200347
25.11.2017 10:48:36 +00.16210E+00  1293 034045 1 00012850 00012766 131009 359 43064.4504241898
25.11.2017 10:48:37 +00.16210E+00  1311 034045 1 00012851 00012766 131009 358 43064.4504283449
25.11.2017 10:48:37 +00.16210E+00  1326 034045 1 00012852 00012766 131009 406 43064.4504330324
25.11.2017 10:48:37 +00.16210E+00  1339 034045 1 00012853 00012766 131009 359 43064.4504371875
25.11.2017 10:48:38 +00.16210E+00  1360 034045 1 00012854 00012766 131009 359 43064.4504413426
25.11.2017 10:48:38 +00.16210E+00  1375 034045 1 00012855 00012766 131009 405 43064.4504460301
25.11.2017 10:48:38 +00.16210E+00  1386 034045 1 00012856 00012766 131009 359 43064.4504501852
25.11.2017 10:48:39 +00.16210E+00  1403 034045 1 00012857 00012766 131009 359 43064.4504543403
25.11.2017 10:48:39 +00.16210E+00  1421 034045 1 00012858 00012766 131009 405 43064.4504590394
25.11.2017 10:48:40 +00.16210E+00  1430 034045 1 00012859 00012766 131009 359 43064.4504631829
25.11.2017 10:48:40 +00.16210E+00  1448 034045 1 00012860 00012766 131009 359 43064.450467338
25.11.2017 10:48:40 +00.16210E+00  1466 034045 1 00012861 00012766 131009 406 43064.450472037
25.11.2017 10:48:41 +00.16210E+00  1487 034045 1 00012862 00012766 131009 358 43064.4504761921
25.11.2017 10:48:41 +00.16210E+00  1501 034045 1 00012863 00012766 131009 359 43064.4504803356
25.11.2017 10:48:41 +00.16210E+00  1509 034045 1 00012864 00012766 131009 406 43064.4504850347
25.11.2017 10:48:42 +00.16210E+00  1523 034045 1 00012865 00012766 131009 359 43064.4504891898
25.11.2017 10:48:42 +00.16210E+00  1533 034045 1 00012866 00012766 131009 358 43064.4504933449
25.11.2017 10:48:43 +00.16210E+00  1549 034045 1 00012867 00012766 131009 406 43064.4504980324
25.11.2017 10:48:43 +00.16210E+00  1564 034045 1 00012868 00012766 131009 359 43064.4505021875
25.11.2017 10:48:43 +00.16210E+00  1584 034045 1 00012869 00012766 131009 359 43064.4505063426
25.11.2017 10:48:44 +00.16210E+00  1601 034045 1 00012870 00012766 131009 405 43064.4505110301
25.11.2017 10:48:44 +00.16210E+00  1619 034045 1 00012871 00012766 131009 359 43064.4505151852
25.11.2017 10:48:44 +00.16210E+00  1628 034045 1 00012872 00012766 131009 359 43064.4505193403
25.11.2017 10:48:45 +00.16210E+00  1642 034045 1 00012873 00012766 131009 405 43064.4505240393
25.11.2017 10:48:45 +00.16210E+00  1658 034045 1 00012874 00012766 131009 359 43064.4505281829
25.11.2017 10:48:45 +00.16210E+00  1671 034045 1 00012875 00012766 131009 359 43064.450532338
25.11.2017 10:48:46 +00.16210E+00  1688 034045 1 00012876 00012766 131009 406 43064.450537037
25.11.2017 10:48:46 +00.16210E+00  1699 034045 1 00012877 00012766 131009 358 43064.4505411921
25.11.2017 10:48:47 +00.16210E+00  1718 034045 1 00012878 00012766 131009 359 43064.4505453356
25.11.2017 10:48:47 +00.16210E+00  1730 034045 1 00012879 00012766 131009 406 43064.4505500347
25.11.2017 10:48:47 +00.16210E+00  1746 034045 1 00012880 00012766 131009 359 43064.4505541898
25.11.2017 10:48:48 +00.16210E+00  1763 034045 1 00012881 00012766 131009 358 43064.4505583449
25.11.2017 10:48:48 +00.16210E+00  1776 034045 1 00012882 00012766 131009 406 43064.4505630324
25.11.2017 10:48:49 +00.16210E+00  1790 034045 1 00012883 00012766 131009 359 43064.4505671875
25.11.2017 10:48:49 +00.16210E+00  1802 034045 1 00012884 00012766 131009 359 43064.4505713426
25.11.2017 10:48:49 +00.16210E+00  1815 034045 1 00012885 00012766 131009 405 43064.4505760301
25.11.2017 10:48:50 +00.16210E+00  1829 034045 1 00012886 00012766 131009 359 43064.4505801852
25.11.2017 10:48:50 +00.16210E+00  1835 034045 1 00012887 00012766 131009 359 43064.4505843403
25.11.2017 10:48:50 +00.16210E+00  1855 034045 1 00012888 00012766 131009 405 43064.4505890393
25.11.2017 10:48:51 +00.16210E+00  1874 034045 1 00012889 00012766 131009 359 43064.4505931829
25.11.2017 10:48:51 +00.16210E+00  1887 034045 1 00012890 00012766 131009 359 43064.450597338
25.11.2017 10:48:52 +00.16210E+00  1898 034045 1 00012891 00012766 131009 406 43064.450602037
25.11.2017 10:48:52 +00.16210E+00  1912 034045 1 00012892 00012766 131009 358 43064.4506061921
25.11.2017 10:48:52 +00.16210E+00  1931 034045 1 00012893 00012766 131009 359 43064.4506103356
25.11.2017 10:48:53 +00.16210E+00  1938 034045 1 00012894 00012766 131009 406 43064.4506150347
25.11.2017 10:48:53 +00.16210E+00  1959 034045 1 00012895 00012766 131009 359 43064.4506191898
25.11.2017 10:48:53 +00.16210E+00  1983 034045 1 00012896 00012766 131009 358 43064.4506233449
25.11.2017 10:48:54 +00.16210E+00  2003 034045 1 00012897 00012766 131009 406 43064.4506280324
25.11.2017 10:48:54 +00.16210E+00  2014 034045 1 00012898 00012766 131009 359 43064.4506321875
25.11.2017 10:48:54 +00.16210E+00  2032 034045 1 00012899 00012766 131009 359 43064.4506363426
25.11.2017 10:48:55 +00.16210E+00  2052 034045 1 00012900 00012766 131009 405 43064.4506410301
25.11.2017 10:48:55 +00.16210E+00  2065 034045 1 00012901 00012766 131009 359 43064.4506451852
25.11.2017 10:48:56 +00.16210E+00  2082 034045 1 00012902 00012766 131009 359 43064.4506493403
25.11.2017 10:48:56 +00.16210E+00  2100 034045 1 00012903 00012766 131009 405 43064.4506540393
25.11.2017 10:48:56 +00.16210E+00  2115 034045 1 00012904 00012766 131009 359 43064.4506581829
25.11.2017 10:48:57 +00.16210E+00  2137 034045 1 00012905 00012766 131009 359 43064.450662338
25.11.2017 10:48:57 +00.16210E+00  2146 034045 1 00012906 00012766 131009 421 43064.4506672107
25.11.2017 10:48:58 +00.16210E+00  2159 034045 1 00012907 00012766 131009 359 43064.4506713657
25.11.2017 10:48:58 +00.16210E+00  2170 034045 1 00012908 00012766 131009 359 43064.4506755208
25.11.2017 10:48:58 +00.16210E+00  2191 034045 1 00012909 00012766 131009 405 43064.4506802199
25.11.2017 10:48:59 +00.16210E+00  2213 034045 1 00012910 00012766 131009 359 43064.4506843634
25.11.2017 10:48:59 +00.16210E+00  2233 034045 1 00012911 00012766 131009 359 43064.4506885185
25.11.2017 10:48:59 +00.16210E+00  2245 034045 1 00012912 00012766 131009 406 43064.4506932176
25.11.2017 10:49:00 +00.16210E+00  2255 034045 1 00012913 00012766 131009 358 43064.4506973727
25.11.2017 10:49:00 +00.16210E+00  2276 034045 1 00012914 00012766 131009 359 43064.4507015162
25.11.2017 10:49:01 +00.16210E+00  2290 034045 1 00012915 00012766 131009 406 43064.4507062153
25.11.2017 10:49:01 +00.16210E+00  2308 034045 1 00012916 00012766 131009 359 43064.4507103704
25.11.2017 10:49:01 +00.16210E+00  2324 034045 1 00012917 00012766 131009 358 43064.4507145255
25.11.2017 10:49:02 +00.16210E+00  2339 034045 1 00012918 00012766 131009 406 43064.450719213
25.11.2017 10:49:02 +00.16210E+00  2356 034045 1 00012919 00012766 131009 359 43064.4507233681
25.11.2017 10:49:02 +00.16210E+00  2376 034045 1 00012920 00012766 131009 359 43064.4507275232
25.11.2017 10:49:03 +00.16210E+00  2391 034045 1 00012921 00012766 131009 405 43064.4507322107
25.11.2017 10:49:03 +00.16210E+00  2417 034045 1 00012922 00012766 131009 359 43064.4507363657
25.11.2017 10:49:03 +00.16210E+00  2432 034045 1 00012923 00012766 131009 359 43064.4507405208
25.11.2017 10:49:04 +00.16210E+00  2447 034045 1 00012924 00012766 131009 405 43064.4507452199
25.11.2017 10:49:04 +00.16210E+00  2462 034045 1 00012925 00012766 131009 359 43064.4507493634
25.11.2017 10:49:05 +00.16210E+00  2472 034045 1 00012926 00012766 131009 359 43064.4507535185
25.11.2017 10:49:10 +00.16220E+00  0008 034065 1 00012927 00012927 131009 421 43064.450816713
25.11.2017 10:49:10 +00.16220E+00  0025 034065 1 00012928 00012927 131009 359 43064.4508208681
25.11.2017 10:49:11 +00.16220E+00  0039 034065 1 00012929 00012927 131009 359 43064.4508250231
25.11.2017 10:49:11 +00.16219E+00  0056 034065 1 00012930 00012927 131009 405 43064.4508297107
25.11.2017 10:49:12 +00.16220E+00  0073 034065 1 00012931 00012927 131009 359 43064.4508338657
25.11.2017 10:49:12 +00.16219E+00  0083 034065 1 00012932 00012927 131009 359 43064.4508380208
25.11.2017 10:49:12 +00.16220E+00  0093 034065 1 00012933 00012927 131009 405 43064.4508427199
25.11.2017 10:49:13 +00.16219E+00  0111 034065 1 00012934 00012927 131009 359 43064.4508468634
25.11.2017 10:49:13 +00.16220E+00  0130 034065 1 00012935 00012927 131009 359 43064.4508510185
25.11.2017 10:49:13 +00.16220E+00  0151 034065 1 00012936 00012927 131009 406 43064.4508557176
25.11.2017 10:49:14 +00.16220E+00  0165 034065 1 00012937 00012927 131009 358 43064.4508598727
25.11.2017 10:49:14 +00.16219E+00  0179 034065 1 00012938 00012927 131009 359 43064.4508640162
25.11.2017 10:49:15 +00.16220E+00  0189 034065 1 00012939 00012927 131009 406 43064.4508687153
25.11.2017 10:49:15 +00.16220E+00  0205 034065 1 00012940 00012927 131009 359 43064.4508728704
25.11.2017 10:49:15 +00.16220E+00  0213 034065 1 00012941 00012927 131009 358 43064.4508770255
25.11.2017 10:49:16 +00.16220E+00  0230 034065 1 00012942 00012927 131009 406 43064.450881713
25.11.2017 10:49:16 +00.16220E+00  0246 034065 1 00012943 00012927 131009 359 43064.4508858681
25.11.2017 10:49:16 +00.16219E+00  0260 034065 1 00012944 00012927 131009 359 43064.4508900231
25.11.2017 10:49:17 +00.16220E+00  0272 034065 1 00012945 00012927 131009 405 43064.4508947107
25.11.2017 10:49:17 +00.16220E+00  0285 034065 1 00012946 00012927 131009 359 43064.4508988657
25.11.2017 10:49:18 +00.16220E+00  0299 034065 1 00012947 00012927 131009 359 43064.4509030208
25.11.2017 10:49:18 +00.16219E+00  0310 034065 1 00012948 00012927 131009 405 43064.4509077199
25.11.2017 10:49:18 +00.16220E+00  0332 034065 1 00012949 00012927 131009 359 43064.4509118634
25.11.2017 10:49:19 +00.16220E+00  0348 034065 1 00012950 00012927 131009 359 43064.4509160185
25.11.2017 10:49:19 +00.16220E+00  0365 034065 1 00012951 00012927 131009 421 43064.4509208912
25.11.2017 10:49:19 +00.16220E+00  0381 034065 1 00012952 00012927 131009 359 43064.4509250463
25.11.2017 10:49:20 +00.16220E+00  0398 034065 1 00012953 00012927 131009 359 43064.4509292014
25.11.2017 10:49:20 +00.16219E+00  0412 034065 1 00012954 00012927 131009 405 43064.4509339005
25.11.2017 10:49:21 +00.16220E+00  0426 034067 1 00012955 00012927 131009 359 43064.450938044
25.11.2017 10:49:21 +00.16220E+00  0442 034067 1 00012956 00012927 131009 359 43064.4509421991
25.11.2017 10:49:21 +00.16220E+00  0455 034067 1 00012957 00012927 131009 406 43064.4509468981
25.11.2017 10:49:22 +00.16220E+00  0471 034067 1 00012958 00012927 131009 358 43064.4509510532
25.11.2017 10:49:22 +00.16220E+00  0482 034067 1 00012959 00012927 131009 359 43064.4509551968
25.11.2017 10:49:22 +00.16220E+00  0495 034067 1 00012960 00012927 131009 406 43064.4509598958
25.11.2017 10:49:23 +00.16220E+00  0508 034067 1 00012961 00012927 131009 359 43064.4509640509
25.11.2017 10:49:23 +00.16220E+00  0529 034067 1 00012962 00012927 131009 358 43064.450968206
25.11.2017 10:49:24 +00.16221E+00  0547 034067 1 00012963 00012927 131009 406 43064.4509728935
25.11.2017 10:49:24 +00.16221E+00  0563 034067 1 00012964 00012927 131009 359 43064.4509770486
25.11.2017 10:49:24 +00.16221E+00  0582 034067 1 00012965 00012927 131009 359 43064.4509812037
25.11.2017 10:49:25 +00.16221E+00  0597 034067 1 00012966 00012927 131009 405 43064.4509858912
25.11.2017 10:49:25 +00.16221E+00  0620 034067 1 00012967 00012927 131009 359 43064.4509900463
25.11.2017 10:49:25 +00.16221E+00  0640 034067 1 00012968 00012927 131009 359 43064.4509942014
25.11.2017 10:49:26 +00.16220E+00  0648 034065 1 00012969 00012927 131009 405 43064.4509989005
25.11.2017 10:49:26 +00.16220E+00  0670 034065 1 00012970 00012927 131009 359 43064.451003044
25.11.2017 10:49:27 +00.16220E+00  0684 034065 1 00012971 00012927 131009 359 43064.4510071991
25.11.2017 10:49:27 +00.16219E+00  0702 034065 1 00012972 00012927 131009 406 43064.4510118981
25.11.2017 10:49:27 +00.16220E+00  0717 034065 1 00012973 00012927 131009 358 43064.4510160532
25.11.2017 10:49:28 +00.16219E+00  0729 034065 1 00012974 00012927 131009 359 43064.4510201968
25.11.2017 10:49:28 +00.16220E+00  0741 034065 1 00012975 00012927 131009 406 43064.4510248958
25.11.2017 10:49:28 +00.16220E+00  0756 034065 1 00012976 00012927 131009 359 43064.4510290509
25.11.2017 10:49:29 +00.16220E+00  0770 034065 1 00012977 00012927 131009 358 43064.451033206
25.11.2017 10:49:29 +00.16220E+00  0781 034065 1 00012978 00012927 131009 406 43064.4510378935
25.11.2017 10:49:30 +00.16220E+00  0796 034065 1 00012979 00012927 131009 359 43064.4510420486
25.11.2017 10:49:30 +00.16219E+00  0806 034065 1 00012980 00012927 131009 359 43064.4510462037
25.11.2017 10:49:30 +00.16220E+00  0818 034065 1 00012981 00012927 131009 405 43064.4510508912
25.11.2017 10:49:31 +00.16220E+00  0831 034065 1 00012982 00012927 131009 359 43064.4510550463
25.11.2017 10:49:31 +00.16220E+00  0847 034065 1 00012983 00012927 131009 359 43064.4510592014
25.11.2017 10:49:31 +00.16220E+00  0861 034065 1 00012984 00012927 131009 405 43064.4510639005
25.11.2017 10:49:32 +00.16220E+00  0879 034065 1 00012985 00012927 131009 359 43064.451068044
25.11.2017 10:49:32 +00.16220E+00  0893 034065 1 00012986 00012927 131009 359 43064.4510721991
25.11.2017 10:49:33 +00.16220E+00  0903 034065 1 00012987 00012927 131009 406 43064.4510768981
25.11.2017 10:49:33 +00.16220E+00  0917 034065 1 00012988 00012927 131009 358 43064.4510810532
25.11.2017 10:49:33 +00.16219E+00  0935 034065 1 00012989 00012927 131009 359 43064.4510851968
25.11.2017 10:49:34 +00.16220E+00  0949 034065 1 00012990 00012927 131009 406 43064.4510898958
25.11.2017 10:49:34 +00.16220E+00  0965 034065 1 00012991 00012927 131009 359 43064.4510940509
25.11.2017 10:49:34 +00.16220E+00  0971 034065 1 00012992 00012927 131009 358 43064.451098206
25.11.2017 10:49:35 +00.16220E+00  0987 034065 1 00012993 00012927 131009 406 43064.4511028935
25.11.2017 10:49:35 +00.16220E+00  1007 034065 1 00012994 00012927 131009 359 43064.4511070486
25.11.2017 10:49:36 +00.16220E+00  1025 034065 1 00012995 00012927 131009 359 43064.4511112037
25.11.2017 10:49:36 +00.16220E+00  1035 034065 1 00012996 00012927 131009 405 43064.4511158912
25.11.2017 10:49:36 +00.16220E+00  1049 034065 1 00012997 00012927 131009 359 43064.4511200463
25.11.2017 10:49:37 +00.16220E+00  1065 034065 1 00012998 00012927 131009 359 43064.4511242014
25.11.2017 10:49:37 +00.16220E+00  1084 034065 1 00012999 00012927 131009 405 43064.4511289005
25.11.2017 10:49:37 +00.16219E+00  1100 034065 1 00013000 00012927 131009 359 43064.451133044
25.11.2017 10:49:38 +00.16220E+00  1114 034065 1 00013001 00012927 131009 359 43064.4511371991
25.11.2017 10:49:38 +00.16220E+00  1132 034065 1 00013002 00012927 131009 406 43064.4511418981
25.11.2017 10:49:39 +00.16220E+00  1156 034065 1 00013003 00012927 131009 358 43064.4511460532
25.11.2017 10:49:39 +00.16220E+00  1172 034065 1 00013004 00012927 131009 359 43064.4511501968
25.11.2017 10:49:39 +00.16219E+00  1183 034065 1 00013005 00012927 131009 406 43064.4511548958
25.11.2017 10:49:40 +00.16219E+00  1197 034065 1 00013006 00012927 131009 359 43064.4511590509
25.11.2017 10:49:40 +00.16219E+00  1208 034065 1 00013007 00012927 131009 358 43064.451163206
25.11.2017 10:49:40 +00.16220E+00  1221 034065 1 00013008 00012927 131009 422 43064.4511680787
25.11.2017 10:49:41 +00.16220E+00  1235 034065 1 00013009 00012927 131009 358 43064.4511722338
25.11.2017 10:49:41 +00.16220E+00  1253 034065 1 00013010 00012927 131009 359 43064.4511763773
25.11.2017 10:49:42 +00.16219E+00  1268 034065 1 00013011 00012927 131009 406 43064.4511810764
25.11.2017 10:49:42 +00.16220E+00  1279 034065 1 00013012 00012927 131009 359 43064.4511852315
25.11.2017 10:49:42 +00.16220E+00  1299 034065 1 00013013 00012927 131009 358 43064.4511893866
25.11.2017 10:49:43 +00.16219E+00  1309 034065 1 00013014 00012927 131009 406 43064.4511940741
25.11.2017 10:49:43 +00.16219E+00  1331 034065 1 00013015 00012927 131009 359 43064.4511982292
25.11.2017 10:49:43 +00.16220E+00  1341 034065 1 00013016 00012927 131009 359 43064.4512023843
25.11.2017 10:49:44 +00.16220E+00  1358 034065 1 00013017 00012927 131009 405 43064.4512070718
25.11.2017 10:49:44 +00.16220E+00  1377 034065 1 00013018 00012927 131009 359 43064.4512112268
25.11.2017 10:49:45 +00.16219E+00  1392 034065 1 00013019 00012927 131009 359 43064.4512153819
25.11.2017 10:49:45 +00.16220E+00  1404 034065 1 00013020 00012927 131009 405 43064.451220081
25.11.2017 10:49:45 +00.16219E+00  1417 034065 1 00013021 00012927 131009 359 43064.4512242245
25.11.2017 10:49:46 +00.16220E+00  1433 034065 1 00013022 00012927 131009 359 43064.4512283796
25.11.2017 10:49:46 +00.16219E+00  1458 034065 1 00013023 00012927 131009 406 43064.4512330787
25.11.2017 10:49:46 +00.16219E+00  1470 034067 1 00013024 00012927 131009 358 43064.4512372338
25.11.2017 10:49:47 +00.16220E+00  1484 034067 1 00013025 00012927 131009 359 43064.4512413773
25.11.2017 10:49:47 +00.16220E+00  1507 034067 1 00013026 00012927 131009 406 43064.4512460764
25.11.2017 10:49:48 +00.16220E+00  1524 034067 1 00013027 00012927 131009 359 43064.4512502315
25.11.2017 10:49:48 +00.16221E+00  1539 034067 1 00013028 00012927 131009 358 43064.4512543866
25.11.2017 10:49:48 +00.16221E+00  1552 034067 1 00013029 00012927 131009 406 43064.4512590741
25.11.2017 10:49:49 +00.16221E+00  1572 034067 1 00013030 00012927 131009 359 43064.4512632292
25.11.2017 10:49:49 +00.16221E+00  1590 034067 1 00013031 00012927 131009 359 43064.4512673843
25.11.2017 10:49:49 +00.16220E+00  1607 034067 1 00013032 00012927 131009 405 43064.4512720718
25.11.2017 10:49:50 +00.16220E+00  1622 034067 1 00013033 00012927 131009 359 43064.4512762268
25.11.2017 10:49:50 +00.16220E+00  1638 034067 1 00013034 00012927 131009 359 43064.4512803819
25.11.2017 10:49:51 +00.16220E+00  1654 034067 1 00013035 00012927 131009 405 43064.451285081
25.11.2017 10:49:51 +00.16221E+00  1669 034067 1 00013036 00012927 131009 359 43064.4512892245
25.11.2017 10:49:51 +00.16221E+00  1682 034067 1 00013037 00012927 131009 359 43064.4512933796
25.11.2017 10:49:52 +00.16221E+00  1691 034065 1 00013038 00012927 131009 406 43064.4512980787
25.11.2017 10:49:52 +00.16220E+00  1715 034065 1 00013039 00012927 131009 358 43064.4513022338
25.11.2017 10:49:52 +00.16220E+00  1722 034065 1 00013040 00012927 131009 359 43064.4513063773
25.11.2017 10:49:53 +00.16220E+00  1733 034065 1 00013041 00012927 131009 406 43064.4513110764
25.11.2017 10:49:53 +00.16220E+00  1747 034065 1 00013042 00012927 131009 359 43064.4513152315
25.11.2017 10:49:53 +00.16220E+00  1759 034065 1 00013043 00012927 131009 358 43064.4513193866
25.11.2017 10:49:54 +00.16220E+00  1768 034065 1 00013044 00012927 131009 406 43064.4513240741
25.11.2017 10:49:54 +00.16220E+00  1785 034065 1 00013045 00012927 131009 359 43064.4513282292
25.11.2017 10:49:55 +00.16220E+00  1801 034065 1 00013046 00012927 131009 359 43064.4513323843
25.11.2017 10:49:55 +00.16220E+00  1821 034065 1 00013047 00012927 131009 405 43064.4513370718
25.11.2017 10:49:55 +00.16220E+00  1841 034065 1 00013048 00012927 131009 359 43064.4513412268
25.11.2017 10:49:56 +00.16220E+00  1858 034065 1 00013049 00012927 131009 359 43064.4513453819
25.11.2017 10:49:56 +00.16220E+00  1875 034065 1 00013050 00012927 131009 405 43064.451350081
25.11.2017 10:49:57 +00.16220E+00  1898 034065 1 00013051 00012927 131009 359 43064.4513542245
25.11.2017 10:49:57 +00.16220E+00  1906 034065 1 00013052 00012927 131009 359 43064.4513583796
25.11.2017 10:49:57 +00.16220E+00  1920 034065 1 00013053 00012927 131009 406 43064.4513630787
25.11.2017 10:49:58 +00.16220E+00  1935 034065 1 00013054 00012927 131009 358 43064.4513672338
25.11.2017 10:49:58 +00.16220E+00  1951 034065 1 00013055 00012927 131009 359 43064.4513713773
25.11.2017 10:49:58 +00.16220E+00  1970 034065 1 00013056 00012927 131009 406 43064.4513760764
25.11.2017 10:49:59 +00.16220E+00  1989 034065 1 00013057 00012927 131009 359 43064.4513802315
25.11.2017 10:49:59 +00.16220E+00  1998 034065 1 00013058 00012927 131009 358 43064.4513843866
25.11.2017 10:50:00 +00.16220E+00  2012 034065 1 00013059 00012927 131009 406 43064.4513890741
25.11.2017 10:50:00 +00.16220E+00  2023 034065 1 00013060 00012927 131009 359 43064.4513932292
25.11.2017 10:50:00 +00.16220E+00  2033 034065 1 00013061 00012927 131009 359 43064.4513973843
25.11.2017 10:50:01 +00.16220E+00  2048 034065 1 00013062 00012927 131009 405 43064.4514020718
25.11.2017 10:50:01 +00.16220E+00  2064 034065 1 00013063 00012927 131009 359 43064.4514062268
25.11.2017 10:50:01 +00.16220E+00  2085 034065 1 00013064 00012927 131009 359 43064.4514103819
25.11.2017 10:50:02 +00.16220E+00  2095 034065 1 00013065 00012927 131009 421 43064.4514152546
25.11.2017 10:50:02 +00.16220E+00  2109 034065 1 00013066 00012927 131009 359 43064.4514194097
25.11.2017 10:50:02 +00.16220E+00  2120 034065 1 00013067 00012927 131009 359 43064.4514235648
25.11.2017 10:50:03 +00.16220E+00  2126 034065 1 00013068 00012927 131009 405 43064.4514282523
25.11.2017 10:50:03 +00.16220E+00  2142 034065 1 00013069 00012927 131009 359 43064.4514324074
25.11.2017 10:50:04 +00.16220E+00  2158 034065 1 00013070 00012927 131009 359 43064.4514365625
25.11.2017 10:50:04 +00.16220E+00  2171 034065 1 00013071 00012927 131009 405 43064.4514412616
25.11.2017 10:50:04 +00.16219E+00  2188 034065 1 00013072 00012927 131009 359 43064.4514454051
25.11.2017 10:50:05 +00.16220E+00  2200 034065 1 00013073 00012927 131009 359 43064.4514495602
25.11.2017 10:50:05 +00.16220E+00  2214 034065 1 00013074 00012927 131009 406 43064.4514542593
25.11.2017 10:50:06 +00.16220E+00  2236 034065 1 00013075 00012927 131009 358 43064.4514584144
25.11.2017 10:50:06 +00.16220E+00  2256 034065 1 00013076 00012927 131009 359 43064.4514625579
25.11.2017 10:50:06 +00.16219E+00  2264 034065 1 00013077 00012927 131009 406 43064.4514672569
25.11.2017 10:50:07 +00.16220E+00  2285 034065 1 00013078 00012927 131009 359 43064.451471412
25.11.2017 10:50:07 +00.16220E+00  2299 034065 1 00013079 00012927 131009 358 43064.4514755671
25.11.2017 10:50:07 +00.16220E+00  2317 034065 1 00013080 00012927 131009 406 43064.4514802546
25.11.2017 10:50:08 +00.16220E+00  2329 034065 1 00013081 00012927 131009 359 43064.4514844097
25.11.2017 10:50:08 +00.16220E+00  2348 034065 1 00013082 00012927 131009 359 43064.4514885648
25.11.2017 10:50:09 +00.16220E+00  2362 034065 1 00013083 00012927 131009 405 43064.4514932523
25.11.2017 10:50:09 +00.16220E+00  2381 034065 1 00013084 00012927 131009 359 43064.4514974074
25.11.2017 10:50:09 +00.16219E+00  2404 034065 1 00013085 00012927 131009 359 43064.4515015625
25.11.2017 10:50:10 +00.16220E+00  2418 034065 1 00013086 00012927 131009 405 43064.4515062616
25.11.2017 10:50:10 +00.16220E+00  2442 034065 1 00013087 00012927 131009 359 43064.4515104051
25.11.2017 10:50:15 +00.16230E+00  0011 034087 1 00013088 00013088 131009 359 43064.4515725231
25.11.2017 10:50:16 +00.16230E+00  0033 034087 1 00013089 00013088 131009 358 43064.4515766782
25.11.2017 10:50:16 +00.16230E+00  0053 034087 1 00013090 00013088 131009 375 43064.4515810069
25.11.2017 10:50:16 +00.16230E+00  0068 034087 1 00013091 00013088 131009 359 43064.451585162
25.11.2017 10:50:17 +00.16230E+00  0083 034087 1 00013092 00013088 131009 358 43064.4515893171
25.11.2017 10:50:17 +00.16230E+00  0105 034087 1 00013093 00013088 131009 406 43064.4515940046
25.11.2017 10:50:18 +00.16230E+00  0123 034087 1 00013094 00013088 131009 359 43064.4515981597
25.11.2017 10:50:18 +00.16230E+00  0134 034087 1 00013095 00013088 131009 359 43064.4516023148
25.11.2017 10:50:18 +00.16230E+00  0150 034087 1 00013096 00013088 131009 405 43064.4516070023
25.11.2017 10:50:19 +00.16230E+00  0173 034087 1 00013097 00013088 131009 359 43064.4516111574
25.11.2017 10:50:19 +00.16230E+00  0188 034087 1 00013098 00013088 131009 359 43064.4516153125
25.11.2017 10:50:19 +00.16230E+00  0200 034087 1 00013099 00013088 131009 405 43064.4516200116
25.11.2017 10:50:20 +00.16230E+00  0217 034087 1 00013100 00013088 131009 359 43064.4516241551
25.11.2017 10:50:20 +00.16230E+00  0233 034087 1 00013101 00013088 131009 359 43064.4516283102
25.11.2017 10:50:21 +00.16230E+00  0250 034087 1 00013102 00013088 131009 406 43064.4516330093
25.11.2017 10:50:21 +00.16230E+00  0263 034087 1 00013103 00013088 131009 358 43064.4516371644
25.11.2017 10:50:21 +00.16230E+00  0277 034087 1 00013104 00013088 131009 359 43064.4516413079
25.11.2017 10:50:22 +00.16230E+00  0290 034087 1 00013105 00013088 131009 406 43064.4516460069
25.11.2017 10:50:22 +00.16230E+00  0300 034087 1 00013106 00013088 131009 359 43064.451650162
25.11.2017 10:50:22 +00.16230E+00  0312 034087 1 00013107 00013088 131009 358 43064.4516543171
25.11.2017 10:50:23 +00.16230E+00  0325 034087 1 00013108 00013088 131009 422 43064.4516591898
25.11.2017 10:50:23 +00.16230E+00  0346 034087 1 00013109 00013088 131009 358 43064.4516633449
25.11.2017 10:50:24 +00.16230E+00  0362 034087 1 00013110 00013088 131009 359 43064.4516674884
25.11.2017 10:50:24 +00.16230E+00  0378 034087 1 00013111 00013088 131009 406 43064.4516721875
25.11.2017 10:50:24 +00.16230E+00  0391 034087 1 00013112 00013088 131009 359 43064.4516763426
25.11.2017 10:50:25 +00.16230E+00  0402 034087 1 00013113 00013088 131009 358 43064.4516804977
25.11.2017 10:50:25 +00.16230E+00  0412 034087 1 00013114 00013088 131009 406 43064.4516851852
25.11.2017 10:50:25 +00.16230E+00  0431 034087 1 00013115 00013088 131009 359 43064.4516893403
25.11.2017 10:50:26 +00.16230E+00  0447 034087 1 00013116 00013088 131009 359 43064.4516934954
25.11.2017 10:50:26 +00.16230E+00  0459 034087 1 00013117 00013088 131009 405 43064.4516981829
25.11.2017 10:50:27 +00.16230E+00  0470 034087 1 00013118 00013088 131009 359 43064.451702338
25.11.2017 10:50:27 +00.16230E+00  0484 034087 1 00013119 00013088 131009 359 43064.4517064931
25.11.2017 10:50:27 +00.16230E+00  0507 034087 1 00013120 00013088 131009 405 43064.4517111921
25.11.2017 10:50:28 +00.16230E+00  0527 034087 1 00013121 00013088 131009 359 43064.4517153357
25.11.2017 10:50:28 +00.16230E+00  0540 034087 1 00013122 00013088 131009 359 43064.4517194907
25.11.2017 10:50:28 +00.16230E+00  0555 034087 1 00013123 00013088 131009 406 43064.4517241898
25.11.2017 10:50:29 +00.16230E+00  0566 034087 1 00013124 00013088 131009 358 43064.4517283449
25.11.2017 10:50:29 +00.16230E+00  0583 034087 1 00013125 00013088 131009 359 43064.4517324884
25.11.2017 10:50:30 +00.16230E+00  0598 034087 1 00013126 00013088 131009 406 43064.4517371875
25.11.2017 10:50:30 +00.16230E+00  0608 034087 1 00013127 00013088 131009 359 43064.4517413426
25.11.2017 10:50:30 +00.16230E+00  0622 034087 1 00013128 00013088 131009 358 43064.4517454977
25.11.2017 10:50:31 +00.16230E+00  0638 034087 1 00013129 00013088 131009 406 43064.4517501852
25.11.2017 10:50:31 +00.16230E+00  0658 034087 1 00013130 00013088 131009 359 43064.4517543403
25.11.2017 10:50:31 +00.16230E+00  0666 034087 1 00013131 00013088 131009 359 43064.4517584954
25.11.2017 10:50:32 +00.16230E+00  0676 034087 1 00013132 00013088 131009 405 43064.4517631829
25.11.2017 10:50:32 +00.16230E+00  0690 034087 1 00013133 00013088 131009 359 43064.451767338
25.11.2017 10:50:33 +00.16230E+00  0700 034087 1 00013134 00013088 131009 359 43064.4517714931
25.11.2017 10:50:33 +00.16230E+00  0706 034087 1 00013135 00013088 131009 405 43064.4517761921
25.11.2017 10:50:33 +00.16230E+00  0718 034087 1 00013136 00013088 131009 359 43064.4517803357
25.11.2017 10:50:34 +00.16230E+00  0733 034087 1 00013137 00013088 131009 359 43064.4517844907
25.11.2017 10:50:34 +00.16230E+00  0761 034087 1 00013138 00013088 131009 406 43064.4517891898
25.11.2017 10:50:34 +00.16230E+00  0778 034087 1 00013139 00013088 131009 358 43064.4517933449
25.11.2017 10:50:35 +00.16230E+00  0793 034087 1 00013140 00013088 131009 359 43064.4517974884
25.11.2017 10:50:35 +00.16230E+00  0805 034087 1 00013141 00013088 131009 406 43064.4518021875
25.11.2017 10:50:36 +00.16230E+00  0816 034087 1 00013142 00013088 131009 359 43064.4518063426
25.11.2017 10:50:36 +00.16230E+00  0831 034087 1 00013143 00013088 131009 358 43064.4518104977
25.11.2017 10:50:36 +00.16230E+00  0841 034087 1 00013144 00013088 131009 406 43064.4518151852
25.11.2017 10:50:37 +00.16230E+00  0863 034087 1 00013145 00013088 131009 359 43064.4518193403
25.11.2017 10:50:37 +00.16230E+00  0883 034087 1 00013146 00013088 131009 359 43064.4518234954
25.11.2017 10:50:37 +00.16230E+00  0898 034087 1 00013147 00013088 131009 405 43064.4518281829
25.11.2017 10:50:38 +00.16230E+00  0920 034087 1 00013148 00013088 131009 359 43064.451832338
25.11.2017 10:50:38 +00.16230E+00  0931 034087 1 00013149 00013088 131009 359 43064.4518364931
25.11.2017 10:50:39 +00.16230E+00  0944 034087 1 00013150 00013088 131009 405 43064.4518411921
25.11.2017 10:50:39 +00.16230E+00  0961 034087 1 00013151 00013088 131009 359 43064.4518453357
25.11.2017 10:50:39 +00.16230E+00  0982 034087 1 00013152 00013088 131009 359 43064.4518494907
25.11.2017 10:50:40 +00.16230E+00  1004 034087 1 00013153 00013088 131009 406 43064.4518541898
25.11.2017 10:50:40 +00.16230E+00  1023 034087 1 00013154 00013088 131009 358 43064.4518583449
25.11.2017 10:50:40 +00.16230E+00  1037 034087 1 00013155 00013088 131009 359 43064.4518624884
25.11.2017 10:50:41 +00.16230E+00  1046 034087 1 00013156 00013088 131009 406 43064.4518671875
25.11.2017 10:50:41 +00.16230E+00  1066 034087 1 00013157 00013088 131009 359 43064.4518713426
25.11.2017 10:50:42 +00.16230E+00  1086 034087 1 00013158 00013088 131009 358 43064.4518754977
25.11.2017 10:50:42 +00.16230E+00  1099 034087 1 00013159 00013088 131009 406 43064.4518801852
25.11.2017 10:50:42 +00.16230E+00  1123 034087 1 00013160 00013088 131009 359 43064.4518843403
25.11.2017 10:50:43 +00.16230E+00  1137 034087 1 00013161 00013088 131009 359 43064.4518884954
25.11.2017 10:50:43 +00.16230E+00  1153 034087 1 00013162 00013088 131009 405 43064.4518931829
25.11.2017 10:50:43 +00.16230E+00  1169 034087 1 00013163 00013088 131009 375 43064.4518975231
25.11.2017 10:50:44 +00.16230E+00  1183 034087 1 00013164 00013088 131009 358 43064.4519016782
25.11.2017 10:50:44 +00.16230E+00  1200 034087 1 00013165 00013088 131009 406 43064.4519063657
25.11.2017 10:50:45 +00.16230E+00  1212 034087 1 00013166 00013088 131009 359 43064.4519105208
25.11.2017 10:50:45 +00.16230E+00  1217 034087 1 00013167 00013088 131009 359 43064.4519146759
25.11.2017 10:50:45 +00.16230E+00  1229 034087 1 00013168 00013088 131009 405 43064.4519193634
25.11.2017 10:50:46 +00.16230E+00  1241 034087 1 00013169 00013088 131009 359 43064.4519235185
25.11.2017 10:50:46 +00.16230E+00  1260 034087 1 00013170 00013088 131009 359 43064.4519276736
25.11.2017 10:50:46 +00.16230E+00  1271 034087 1 00013171 00013088 131009 405 43064.4519323727
25.11.2017 10:50:47 +00.16230E+00  1294 034087 1 00013172 00013088 131009 359 43064.4519365162
25.11.2017 10:50:47 +00.16230E+00  1306 034087 1 00013173 00013088 131009 359 43064.4519406713
25.11.2017 10:50:48 +00.16230E+00  1319 034087 1 00013174 00013088 131009 406 43064.4519453704
25.11.2017 10:50:48 +00.16230E+00  1332 034087 1 00013175 00013088 131009 358 43064.4519495255
25.11.2017 10:50:48 +00.16230E+00  1356 034087 1 00013176 00013088 131009 359 43064.451953669
25.11.2017 10:50:49 +00.16230E+00  1368 034087 1 00013177 00013088 131009 406 43064.4519583681
25.11.2017 10:50:49 +00.16230E+00  1383 034087 1 00013178 00013088 131009 359 43064.4519625231
25.11.2017 10:50:49 +00.16230E+00  1395 034087 1 00013179 00013088 131009 358 43064.4519666782
25.11.2017 10:50:50 +00.16230E+00  1405 034087 1 00013180 00013088 131009 406 43064.4519713657
25.11.2017 10:50:50 +00.16230E+00  1415 034087 1 00013181 00013088 131009 359 43064.4519755208
25.11.2017 10:50:51 +00.16230E+00  1428 034087 1 00013182 00013088 131009 359 43064.4519796759
25.11.2017 10:50:51 +00.16230E+00  1441 034087 1 00013183 00013088 131009 405 43064.4519843634
25.11.2017 10:50:51 +00.16230E+00  1459 034087 1 00013184 00013088 131009 359 43064.4519885185
25.11.2017 10:50:52 +00.16230E+00  1470 034087 1 00013185 00013088 131009 359 43064.4519926736
25.11.2017 10:50:52 +00.16230E+00  1487 034087 1 00013186 00013088 131009 405 43064.4519973727
25.11.2017 10:50:52 +00.16230E+00  1500 034087 1 00013187 00013088 131009 359 43064.4520015162
25.11.2017 10:50:53 +00.16230E+00  1513 034087 1 00013188 00013088 131009 359 43064.4520056713
25.11.2017 10:50:53 +00.16230E+00  1525 034087 1 00013189 00013088 131009 406 43064.4520103704
25.11.2017 10:50:54 +00.16230E+00  1545 034087 1 00013190 00013088 131009 358 43064.4520145255
25.11.2017 10:50:54 +00.16230E+00  1561 034087 1 00013191 00013088 131009 359 43064.452018669
25.11.2017 10:50:54 +00.16230E+00  1578 034087 1 00013192 00013088 131009 406 43064.4520233681
25.11.2017 10:50:55 +00.16230E+00  1599 034087 1 00013193 00013088 131009 359 43064.4520275231
25.11.2017 10:50:55 +00.16230E+00  1608 034087 1 00013194 00013088 131009 358 43064.4520316782
25.11.2017 10:50:55 +00.16230E+00  1634 034087 1 00013195 00013088 131009 406 43064.4520363657
25.11.2017 10:50:56 +00.16230E+00  1654 034087 1 00013196 00013088 131009 359 43064.4520405208
25.11.2017 10:50:56 +00.16230E+00  1670 034087 1 00013197 00013088 131009 359 43064.4520446759
25.11.2017 10:50:57 +00.16230E+00  1681 034087 1 00013198 00013088 131009 405 43064.4520493634
25.11.2017 10:50:57 +00.16230E+00  1703 034087 1 00013199 00013088 131009 359 43064.4520535185
25.11.2017 10:50:57 +00.16230E+00  1721 034087 1 00013200 00013088 131009 359 43064.4520576736
25.11.2017 10:50:58 +00.16230E+00  1742 034087 1 00013201 00013088 131009 405 43064.4520623727
25.11.2017 10:50:58 +00.16230E+00  1765 034087 1 00013202 00013088 131009 359 43064.4520665162
25.11.2017 10:50:58 +00.16230E+00  1782 034087 1 00013203 00013088 131009 359 43064.4520706713
25.11.2017 10:50:59 +00.16230E+00  1801 034087 1 00013204 00013088 131009 406 43064.4520753704
25.11.2017 10:50:59 +00.16230E+00  1820 034087 1 00013205 00013088 131009 358 43064.4520795255
25.11.2017 10:51:00 +00.16230E+00  1835 034087 1 00013206 00013088 131009 359 43064.452083669
25.11.2017 10:51:00 +00.16230E+00  1850 034087 1 00013207 00013088 131009 406 43064.4520883681
25.11.2017 10:51:00 +00.16230E+00  1868 034087 1 00013208 00013088 131009 359 43064.4520925231
25.11.2017 10:51:01 +00.16230E+00  1876 034087 1 00013209 00013088 131009 358 43064.4520966782
25.11.2017 10:51:01 +00.16230E+00  1890 034087 1 00013210 00013088 131009 406 43064.4521013657
25.11.2017 10:51:01 +00.16230E+00  1900 034087 1 00013211 00013088 131009 359 43064.4521055208
25.11.2017 10:51:02 +00.16230E+00  1924 034087 1 00013212 00013088 131009 359 43064.4521096759
25.11.2017 10:51:02 +00.16230E+00  1937 034087 1 00013213 00013088 131009 405 43064.4521143634
25.11.2017 10:51:03 +00.16230E+00  1952 034087 1 00013214 00013088 131009 359 43064.4521185185
25.11.2017 10:51:03 +00.16230E+00  1963 034087 1 00013215 00013088 131009 359 43064.4521226736
25.11.2017 10:51:03 +00.16230E+00  1979 034087 1 00013216 00013088 131009 405 43064.4521273727
25.11.2017 10:51:04 +00.16230E+00  1992 034087 1 00013217 00013088 131009 359 43064.4521315162
25.11.2017 10:51:04 +00.16230E+00  2005 034087 1 00013218 00013088 131009 359 43064.4521356713
25.11.2017 10:51:04 +00.16230E+00  2027 034087 1 00013219 00013088 131009 406 43064.4521403704
25.11.2017 10:51:05 +00.16230E+00  2042 034087 1 00013220 00013088 131009 358 43064.4521445255
25.11.2017 10:51:05 +00.16230E+00  2057 034087 1 00013221 00013088 131009 359 43064.452148669
25.11.2017 10:51:06 +00.16230E+00  2068 034087 1 00013222 00013088 131009 406 43064.4521533681
25.11.2017 10:51:06 +00.16230E+00  2084 034087 1 00013223 00013088 131009 359 43064.4521575231
25.11.2017 10:51:06 +00.16230E+00  2095 034087 1 00013224 00013088 131009 358 43064.4521616782
25.11.2017 10:51:07 +00.16230E+00  2110 034087 1 00013225 00013088 131009 422 43064.4521665509
25.11.2017 10:51:07 +00.16230E+00  2130 034087 1 00013226 00013088 131009 358 43064.452170706
25.11.2017 10:51:07 +00.16230E+00  2146 034087 1 00013227 00013088 131009 359 43064.4521748495
25.11.2017 10:51:08 +00.16230E+00  2157 034087 1 00013228 00013088 131009 406 43064.4521795486
25.11.2017 10:51:08 +00.16230E+00  2168 034087 1 00013229 00013088 131009 359 43064.4521837037
25.11.2017 10:51:09 +00.16230E+00  2187 034087 1 00013230 00013088 131009 358 43064.4521878588
25.11.2017 10:51:09 +00.16230E+00  2203 034087 1 00013231 00013088 131009 406 43064.4521925463
25.11.2017 10:51:09 +00.16230E+00  2219 034087 1 00013232 00013088 131009 359 43064.4521967014
25.11.2017 10:51:10 +00.16230E+00  2233 034087 1 00013233 00013088 131009 359 43064.4522008565
25.11.2017 10:51:10 +00.16230E+00  2242 034087 1 00013234 00013088 131009 405 43064.452205544
25.11.2017 10:51:10 +00.16230E+00  2261 034087 1 00013235 00013088 131009 359 43064.4522096991
25.11.2017 10:51:11 +00.16230E+00  2279 034087 1 00013236 00013088 131009 359 43064.4522138542
25.11.2017 10:51:11 +00.16230E+00  2291 034087 1 00013237 00013088 131009 405 43064.4522185532
25.11.2017 10:51:12 +00.16230E+00  2314 034087 1 00013238 00013088 131009 359 43064.4522226968
25.11.2017 10:51:12 +00.16230E+00  2334 034087 1 00013239 00013088 131009 359 43064.4522268518
25.11.2017 10:51:12 +00.16230E+00  2350 034087 1 00013240 00013088 131009 406 43064.4522315509
25.11.2017 10:51:13 +00.16230E+00  2362 034087 1 00013241 00013088 131009 358 43064.452235706
25.11.2017 10:51:13 +00.16230E+00  2373 034087 1 00013242 00013088 131009 359 43064.4522398495
25.11.2017 10:51:13 +00.16230E+00  2392 034087 1 00013243 00013088 131009 406 43064.4522445486
25.11.2017 10:51:14 +00.16230E+00  2406 034087 1 00013244 00013088 131009 359 43064.4522487037
25.11.2017 10:51:14 +00.16230E+00  2421 034087 1 00013245 00013088 131009 358 43064.4522528588
25.11.2017 10:51:15 +00.16230E+00  2437 034087 1 00013246 00013088 131009 406 43064.4522575463
25.11.2017 10:51:15 +00.16230E+00  2451 034087 1 00013247 00013088 131009 359 43064.4522617014
25.11.2017 10:51:15 +00.16230E+00  2470 034087 1 00013248 00013088 131009 359 43064.4522658565
25.11.2017 10:51:21 +00.16240E+00  0014 034107 1 00013249 00013249 131009 359 43064.4523335648
25.11.2017 10:51:21 +00.16240E+00  0030 034107 1 00013250 00013249 131009 358 43064.4523377199
25.11.2017 10:51:22 +00.16240E+00  0044 034107 1 00013251 00013249 131009 375 43064.4523420486
25.11.2017 10:51:22 +00.16239E+00  0063 034107 1 00013252 00013249 131009 359 43064.4523462037
25.11.2017 10:51:23 +00.16240E+00  0080 034107 1 00013253 00013249 131009 358 43064.4523503588
25.11.2017 10:51:23 +00.16239E+00  0092 034107 1 00013254 00013249 131009 406 43064.4523550463
25.11.2017 10:51:23 +00.16240E+00  0111 034107 1 00013255 00013249 131009 359 43064.4523592014
25.11.2017 10:51:24 +00.16240E+00  0126 034107 1 00013256 00013249 131009 359 43064.4523633565
25.11.2017 10:51:24 +00.16239E+00  0141 034107 1 00013257 00013249 131009 405 43064.452368044
25.11.2017 10:51:24 +00.16239E+00  0159 034107 1 00013258 00013249 131009 359 43064.4523721991
25.11.2017 10:51:25 +00.16240E+00  0174 034107 1 00013259 00013249 131009 359 43064.4523763542
25.11.2017 10:51:25 +00.16240E+00  0199 034107 1 00013260 00013249 131009 405 43064.4523810532
25.11.2017 10:51:26 +00.16239E+00  0219 034107 1 00013261 00013249 131009 359 43064.4523851968
25.11.2017 10:51:26 +00.16240E+00  0238 034107 1 00013262 00013249 131009 359 43064.4523893518
25.11.2017 10:51:26 +00.16239E+00  0251 034107 1 00013263 00013249 131009 406 43064.4523940509
25.11.2017 10:51:27 +00.16239E+00  0277 034107 1 00013264 00013249 131009 358 43064.452398206
25.11.2017 10:51:27 +00.16240E+00  0290 034107 1 00013265 00013249 131009 359 43064.4524023495
25.11.2017 10:51:27 +00.16240E+00  0298 034107 1 00013266 00013249 131009 421 43064.4524072338
25.11.2017 10:51:28 +00.16240E+00  0314 034107 1 00013267 00013249 131009 359 43064.4524113773
25.11.2017 10:51:28 +00.16240E+00  0327 034107 1 00013268 00013249 131009 359 43064.4524155324
25.11.2017 10:51:29 +00.16240E+00  0344 034107 1 00013269 00013249 131009 406 43064.4524202315
25.11.2017 10:51:29 +00.16240E+00  0358 034107 1 00013270 00013249 131009 358 43064.4524243866
25.11.2017 10:51:29 +00.16239E+00  0370 034107 1 00013271 00013249 131009 359 43064.4524285301
25.11.2017 10:51:30 +00.16240E+00  0383 034107 1 00013272 00013249 131009 406 43064.4524332292
25.11.2017 10:51:30 +00.16240E+00  0404 034107 1 00013273 00013249 131009 359 43064.4524373843
25.11.2017 10:51:30 +00.16240E+00  0414 034107 1 00013274 00013249 131009 358 43064.4524415394
25.11.2017 10:51:31 +00.16240E+00  0427 034107 1 00013275 00013249 131009 406 43064.4524462269
25.11.2017 10:51:31 +00.16240E+00  0447 034107 1 00013276 00013249 131009 359 43064.4524503819
25.11.2017 10:51:32 +00.16239E+00  0461 034107 1 00013277 00013249 131009 359 43064.452454537
25.11.2017 10:51:32 +00.16240E+00  0473 034107 1 00013278 00013249 131009 405 43064.4524592245
25.11.2017 10:51:32 +00.16239E+00  0485 034107 1 00013279 00013249 131009 359 43064.4524633796
25.11.2017 10:51:33 +00.16240E+00  0503 034107 1 00013280 00013249 131009 359 43064.4524675347
25.11.2017 10:51:33 +00.16240E+00  0513 034107 1 00013281 00013249 131009 405 43064.4524722338
25.11.2017 10:51:33 +00.16240E+00  0530 034107 1 00013282 00013249 131009 359 43064.4524763773
25.11.2017 10:51:34 +00.16239E+00  0542 034107 1 00013283 00013249 131009 359 43064.4524805324
25.11.2017 10:51:34 +00.16239E+00  0556 034107 1 00013284 00013249 131009 406 43064.4524852315
25.11.2017 10:51:35 +00.16240E+00  0569 034107 1 00013285 00013249 131009 358 43064.4524893866
25.11.2017 10:51:35 +00.16240E+00  0588 034107 1 00013286 00013249 131009 359 43064.4524935301
25.11.2017 10:51:35 +00.16239E+00  0603 034107 1 00013287 00013249 131009 406 43064.4524982292
25.11.2017 10:51:36 +00.16239E+00  0616 034107 1 00013288 00013249 131009 359 43064.4525023843
25.11.2017 10:51:36 +00.16240E+00  0629 034107 1 00013289 00013249 131009 358 43064.4525065394
25.11.2017 10:51:36 +00.16240E+00  0641 034107 1 00013290 00013249 131009 406 43064.4525112269
25.11.2017 10:51:37 +00.16240E+00  0656 034107 1 00013291 00013249 131009 359 43064.4525153819
25.11.2017 10:51:37 +00.16239E+00  0674 034107 1 00013292 00013249 131009 359 43064.452519537
25.11.2017 10:51:38 +00.16239E+00  0689 034107 1 00013293 00013249 131009 405 43064.4525242245
25.11.2017 10:51:38 +00.16240E+00  0710 034107 1 00013294 00013249 131009 359 43064.4525283796
25.11.2017 10:51:38 +00.16240E+00  0725 034107 1 00013295 00013249 131009 359 43064.4525325347
25.11.2017 10:51:39 +00.16240E+00  0739 034107 1 00013296 00013249 131009 405 43064.4525372338
25.11.2017 10:51:39 +00.16240E+00  0761 034107 1 00013297 00013249 131009 359 43064.4525413773
25.11.2017 10:51:39 +00.16240E+00  0779 034107 1 00013298 00013249 131009 359 43064.4525455324
25.11.2017 10:51:40 +00.16240E+00  0793 034107 1 00013299 00013249 131009 406 43064.4525502315
25.11.2017 10:51:40 +00.16240E+00  0812 034107 1 00013300 00013249 131009 358 43064.4525543866
25.11.2017 10:51:41 +00.16240E+00  0822 034107 1 00013301 00013249 131009 359 43064.4525585301
25.11.2017 10:51:41 +00.16240E+00  0837 034107 1 00013302 00013249 131009 406 43064.4525632292
25.11.2017 10:51:41 +00.16240E+00  0855 034107 1 00013303 00013249 131009 359 43064.4525673843
25.11.2017 10:51:42 +00.16239E+00  0874 034107 1 00013304 00013249 131009 358 43064.4525715394
25.11.2017 10:51:42 +00.16239E+00  0893 034107 1 00013305 00013249 131009 406 43064.4525762269
25.11.2017 10:51:42 +00.16239E+00  0913 034107 1 00013306 00013249 131009 359 43064.4525803819
25.11.2017 10:51:43 +00.16239E+00  0925 034107 1 00013307 00013249 131009 359 43064.452584537
25.11.2017 10:51:43 +00.16240E+00  0949 034107 1 00013308 00013249 131009 405 43064.4525892245
25.11.2017 10:51:44 +00.16240E+00  0967 034107 1 00013309 00013249 131009 359 43064.4525933796
25.11.2017 10:51:44 +00.16240E+00  0978 034107 1 00013310 00013249 131009 359 43064.4525975347
25.11.2017 10:51:44 +00.16240E+00  0989 034107 1 00013311 00013249 131009 405 43064.4526022338
25.11.2017 10:51:45 +00.16240E+00  1006 034107 1 00013312 00013249 131009 359 43064.4526063773
25.11.2017 10:51:45 +00.16239E+00  1022 034107 1 00013313 00013249 131009 359 43064.4526105324
25.11.2017 10:51:45 +00.16239E+00  1035 034107 1 00013314 00013249 131009 406 43064.4526152315
25.11.2017 10:51:46 +00.16239E+00  1048 034107 1 00013315 00013249 131009 358 43064.4526193866
25.11.2017 10:51:46 +00.16239E+00  1060 034107 1 00013316 00013249 131009 359 43064.4526235301
25.11.2017 10:51:47 +00.16239E+00  1069 034107 1 00013317 00013249 131009 406 43064.4526282292
25.11.2017 10:51:47 +00.16240E+00  1083 034109 1 00013318 00013249 131009 359 43064.4526323843
25.11.2017 10:51:47 +00.16240E+00  1099 034109 1 00013319 00013249 131009 358 43064.4526365394
25.11.2017 10:51:48 +00.16240E+00  1120 034109 1 00013320 00013249 131009 406 43064.4526412269
25.11.2017 10:51:48 +00.16241E+00  1130 034109 1 00013321 00013249 131009 359 43064.4526453819
25.11.2017 10:51:48 +00.16240E+00  1142 034109 1 00013322 00013249 131009 359 43064.452649537
25.11.2017 10:51:49 +00.16240E+00  1152 034109 1 00013323 00013249 131009 421 43064.4526544097
25.11.2017 10:51:49 +00.16241E+00  1173 034109 1 00013324 00013249 131009 359 43064.4526585648
25.11.2017 10:51:50 +00.16240E+00  1183 034109 1 00013325 00013249 131009 358 43064.4526627199
25.11.2017 10:51:50 +00.16240E+00  1198 034109 1 00013326 00013249 131009 406 43064.4526674074
25.11.2017 10:51:50 +00.16240E+00  1210 034109 1 00013327 00013249 131009 359 43064.4526715625
25.11.2017 10:51:51 +00.16241E+00  1229 034109 1 00013328 00013249 131009 359 43064.4526757176
25.11.2017 10:51:51 +00.16240E+00  1248 034109 1 00013329 00013249 131009 405 43064.4526804051
25.11.2017 10:51:51 +00.16241E+00  1263 034109 1 00013330 00013249 131009 359 43064.4526845602
25.11.2017 10:51:52 +00.16241E+00  1281 034109 1 00013331 00013249 131009 359 43064.4526887153
25.11.2017 10:51:52 +00.16240E+00  1296 034107 1 00013332 00013249 131009 405 43064.4526934144
25.11.2017 10:51:53 +00.16240E+00  1313 034107 1 00013333 00013249 131009 359 43064.4526975579
25.11.2017 10:51:53 +00.16240E+00  1327 034107 1 00013334 00013249 131009 359 43064.452701713
25.11.2017 10:51:53 +00.16240E+00  1340 034107 1 00013335 00013249 131009 406 43064.452706412
25.11.2017 10:51:54 +00.16240E+00  1360 034107 1 00013336 00013249 131009 358 43064.4527105671
25.11.2017 10:51:54 +00.16240E+00  1379 034107 1 00013337 00013249 131009 359 43064.4527147106
25.11.2017 10:51:54 +00.16240E+00  1394 034107 1 00013338 00013249 131009 406 43064.4527194097
25.11.2017 10:51:55 +00.16239E+00  1408 034107 1 00013339 00013249 131009 359 43064.4527235648
25.11.2017 10:51:55 +00.16239E+00  1422 034107 1 00013340 00013249 131009 358 43064.4527277199
25.11.2017 10:51:56 +00.16239E+00  1434 034107 1 00013341 00013249 131009 406 43064.4527324074
25.11.2017 10:51:56 +00.16240E+00  1452 034107 1 00013342 00013249 131009 359 43064.4527365625
25.11.2017 10:51:56 +00.16240E+00  1474 034107 1 00013343 00013249 131009 359 43064.4527407176
25.11.2017 10:51:57 +00.16240E+00  1490 034107 1 00013344 00013249 131009 405 43064.4527454051
25.11.2017 10:51:57 +00.16239E+00  1503 034107 1 00013345 00013249 131009 359 43064.4527495602
25.11.2017 10:51:57 +00.16240E+00  1523 034109 1 00013346 00013249 131009 359 43064.4527537153
25.11.2017 10:51:58 +00.16240E+00  1539 034109 1 00013347 00013249 131009 405 43064.4527584144
25.11.2017 10:51:58 +00.16240E+00  1557 034109 1 00013348 00013249 131009 359 43064.4527625579
25.11.2017 10:51:59 +00.16240E+00  1572 034109 1 00013349 00013249 131009 359 43064.452766713
25.11.2017 10:51:59 +00.16240E+00  1594 034109 1 00013350 00013249 131009 406 43064.452771412
25.11.2017 10:51:59 +00.16240E+00  1612 034109 1 00013351 00013249 131009 358 43064.4527755671
25.11.2017 10:52:00 +00.16240E+00  1621 034109 1 00013352 00013249 131009 359 43064.4527797106
25.11.2017 10:52:00 +00.16241E+00  1637 034109 1 00013353 00013249 131009 406 43064.4527844097
25.11.2017 10:52:00 +00.16241E+00  1652 034109 1 00013354 00013249 131009 359 43064.4527885648
25.11.2017 10:52:01 +00.16241E+00  1665 034109 1 00013355 00013249 131009 358 43064.4527927199
25.11.2017 10:52:01 +00.16241E+00  1679 034109 1 00013356 00013249 131009 406 43064.4527974074
25.11.2017 10:52:02 +00.16240E+00  1693 034109 1 00013357 00013249 131009 359 43064.4528015625
25.11.2017 10:52:02 +00.16240E+00  1712 034109 1 00013358 00013249 131009 359 43064.4528057176
25.11.2017 10:52:02 +00.16240E+00  1730 034109 1 00013359 00013249 131009 405 43064.4528104051
25.11.2017 10:52:03 +00.16241E+00  1751 034109 1 00013360 00013249 131009 359 43064.4528145602
25.11.2017 10:52:03 +00.16241E+00  1758 034109 1 00013361 00013249 131009 359 43064.4528187153
25.11.2017 10:52:03 +00.16241E+00  1773 034109 1 00013362 00013249 131009 405 43064.4528234144
25.11.2017 10:52:04 +00.16241E+00  1791 034109 1 00013363 00013249 131009 359 43064.4528275579
25.11.2017 10:52:04 +00.16241E+00  1803 034109 1 00013364 00013249 131009 359 43064.452831713
25.11.2017 10:52:05 +00.16240E+00  1818 034109 1 00013365 00013249 131009 406 43064.452836412
25.11.2017 10:52:05 +00.16241E+00  1835 034109 1 00013366 00013249 131009 358 43064.4528405671
25.11.2017 10:52:05 +00.16240E+00  1852 034109 1 00013367 00013249 131009 359 43064.4528447106
25.11.2017 10:52:06 +00.16240E+00  1872 034109 1 00013368 00013249 131009 406 43064.4528494097
25.11.2017 10:52:06 +00.16241E+00  1886 034109 1 00013369 00013249 131009 359 43064.4528535648
25.11.2017 10:52:06 +00.16240E+00  1901 034109 1 00013370 00013249 131009 358 43064.4528577199
25.11.2017 10:52:07 +00.16240E+00  1915 034109 1 00013371 00013249 131009 406 43064.4528624074
25.11.2017 10:52:07 +00.16240E+00  1935 034109 1 00013372 00013249 131009 359 43064.4528665625
25.11.2017 10:52:08 +00.16241E+00  1953 034109 1 00013373 00013249 131009 359 43064.4528707176
25.11.2017 10:52:08 +00.16240E+00  1966 034107 1 00013374 00013249 131009 405 43064.4528754051
25.11.2017 10:52:08 +00.16240E+00  1981 034107 1 00013375 00013249 131009 359 43064.4528795602
25.11.2017 10:52:09 +00.16240E+00  1992 034107 1 00013376 00013249 131009 359 43064.4528837153
25.11.2017 10:52:09 +00.16239E+00  2010 034107 1 00013377 00013249 131009 405 43064.4528884144
25.11.2017 10:52:09 +00.16239E+00  2025 034107 1 00013378 00013249 131009 359 43064.4528925579
25.11.2017 10:52:10 +00.16240E+00  2046 034107 1 00013379 00013249 131009 359 43064.452896713
25.11.2017 10:52:10 +00.16239E+00  2060 034107 1 00013380 00013249 131009 421 43064.4529015856
25.11.2017 10:52:11 +00.16240E+00  2082 034107 1 00013381 00013249 131009 359 43064.4529057407
25.11.2017 10:52:11 +00.16239E+00  2098 034107 1 00013382 00013249 131009 359 43064.4529098958
25.11.2017 10:52:11 +00.16239E+00  2116 034107 1 00013383 00013249 131009 405 43064.4529145949
25.11.2017 10:52:12 +00.16239E+00  2134 034107 1 00013384 00013249 131009 359 43064.4529187384
25.11.2017 10:52:12 +00.16239E+00  2155 034107 1 00013385 00013249 131009 359 43064.4529228935
25.11.2017 10:52:12 +00.16240E+00  2170 034107 1 00013386 00013249 131009 406 43064.4529275926
25.11.2017 10:52:13 +00.16240E+00  2189 034107 1 00013387 00013249 131009 358 43064.4529317477
25.11.2017 10:52:13 +00.16240E+00  2197 034107 1 00013388 00013249 131009 359 43064.4529358912
25.11.2017 10:52:14 +00.16240E+00  2206 034107 1 00013389 00013249 131009 406 43064.4529405903
25.11.2017 10:52:14 +00.16240E+00  2229 034107 1 00013390 00013249 131009 359 43064.4529447454
25.11.2017 10:52:14 +00.16240E+00  2243 034107 1 00013391 00013249 131009 358 43064.4529489005
25.11.2017 10:52:15 +00.16240E+00  2257 034107 1 00013392 00013249 131009 406 43064.452953588
25.11.2017 10:52:15 +00.16240E+00  2280 034107 1 00013393 00013249 131009 359 43064.4529577431
25.11.2017 10:52:15 +00.16240E+00  2294 034107 1 00013394 00013249 131009 359 43064.4529618981
25.11.2017 10:52:16 +00.16240E+00  2305 034107 1 00013395 00013249 131009 405 43064.4529665856
25.11.2017 10:52:16 +00.16239E+00  2326 034107 1 00013396 00013249 131009 359 43064.4529707407
25.11.2017 10:52:17 +00.16240E+00  2337 034107 1 00013397 00013249 131009 359 43064.4529748958
25.11.2017 10:52:17 +00.16240E+00  2350 034107 1 00013398 00013249 131009 405 43064.4529795949
25.11.2017 10:52:17 +00.16240E+00  2365 034107 1 00013399 00013249 131009 359 43064.4529837384
25.11.2017 10:52:18 +00.16240E+00  2386 034107 1 00013400 00013249 131009 359 43064.4529878935
25.11.2017 10:52:18 +00.16239E+00  2404 034107 1 00013401 00013249 131009 406 43064.4529925926
25.11.2017 10:52:18 +00.16240E+00  2420 034109 1 00013402 00013249 131009 358 43064.4529967477
25.11.2017 10:52:19 +00.16240E+00  2432 034109 1 00013403 00013249 131009 359 43064.4530008912
25.11.2017 10:52:19 +00.16241E+00  2447 034109 1 00013404 00013249 131009 406 43064.4530055903
25.11.2017 10:52:20 +00.16240E+00  2462 034109 1 00013405 00013249 131009 359 43064.4530097454
25.11.2017 10:52:20 +00.16241E+00  2476 034109 1 00013406 00013249 131009 358 43064.4530139005
25.11.2017 10:52:20 +00.16240E+00  2489 034109 1 00013407 00013249 131009 406 43064.453018588
25.11.2017 10:52:21 +00.16240E+00  2510 034109 1 00013408 00013249 131009 359 43064.4530227431
25.11.2017 10:52:21 +00.16240E+00  2524 034109 1 00013409 00013249 131009 359 43064.4530268981
25.11.2017 10:52:26 +00.16249E+00  0011 034127 1 00013410 00013410 131009 422 43064.4530900926
25.11.2017 10:52:27 +00.16249E+00  0032 034127 1 00013411 00013410 131009 358 43064.4530942477
25.11.2017 10:52:27 +00.16249E+00  0051 034127 1 00013412 00013410 131009 359 43064.4530983912
25.11.2017 10:52:28 +00.16249E+00  0071 034127 1 00013413 00013410 131009 406 43064.4531030903
25.11.2017 10:52:28 +00.16249E+00  0082 034127 1 00013414 00013410 131009 359 43064.4531072454
25.11.2017 10:52:28 +00.16249E+00  0101 034127 1 00013415 00013410 131009 358 43064.4531114005
25.11.2017 10:52:29 +00.16249E+00  0123 034127 1 00013416 00013410 131009 406 43064.453116088
25.11.2017 10:52:29 +00.16249E+00  0146 034127 1 00013417 00013410 131009 359 43064.4531202431
25.11.2017 10:52:29 +00.16249E+00  0167 034127 1 00013418 00013410 131009 359 43064.4531243981
25.11.2017 10:52:30 +00.16249E+00  0178 034127 1 00013419 00013410 131009 405 43064.4531290856
25.11.2017 10:52:30 +00.16249E+00  0194 034127 1 00013420 00013410 131009 359 43064.4531332407
25.11.2017 10:52:31 +00.16249E+00  0212 034127 1 00013421 00013410 131009 359 43064.4531373958
25.11.2017 10:52:31 +00.16249E+00  0224 034127 1 00013422 00013410 131009 405 43064.4531420949
25.11.2017 10:52:31 +00.16249E+00  0245 034127 1 00013423 00013410 131009 359 43064.4531462384
25.11.2017 10:52:32 +00.16249E+00  0260 034129 1 00013424 00013410 131009 359 43064.4531503935
25.11.2017 10:52:32 +00.16250E+00  0271 034129 1 00013425 00013410 131009 421 43064.4531552662
25.11.2017 10:52:32 +00.16250E+00  0288 034129 1 00013426 00013410 131009 359 43064.4531594213
25.11.2017 10:52:33 +00.16250E+00  0304 034129 1 00013427 00013410 131009 359 43064.4531635764
25.11.2017 10:52:33 +00.16250E+00  0321 034129 1 00013428 00013410 131009 405 43064.4531682755
25.11.2017 10:52:34 +00.16250E+00  0340 034129 1 00013429 00013410 131009 359 43064.453172419
25.11.2017 10:52:34 +00.16250E+00  0354 034129 1 00013430 00013410 131009 359 43064.4531765741
25.11.2017 10:52:34 +00.16250E+00  0366 034129 1 00013431 00013410 131009 406 43064.4531812732
25.11.2017 10:52:35 +00.16250E+00  0378 034129 1 00013432 00013410 131009 358 43064.4531854282
25.11.2017 10:52:35 +00.16250E+00  0391 034129 1 00013433 00013410 131009 359 43064.4531895718
25.11.2017 10:52:35 +00.16250E+00  0409 034129 1 00013434 00013410 131009 406 43064.4531942708
25.11.2017 10:52:36 +00.16250E+00  0421 034129 1 00013435 00013410 131009 359 43064.4531984259
25.11.2017 10:52:36 +00.16250E+00  0439 034129 1 00013436 00013410 131009 358 43064.453202581
25.11.2017 10:52:37 +00.16250E+00  0446 034129 1 00013437 00013410 131009 406 43064.4532072685
25.11.2017 10:52:37 +00.16250E+00  0465 034129 1 00013438 00013410 131009 359 43064.4532114236
25.11.2017 10:52:37 +00.16250E+00  0475 034129 1 00013439 00013410 131009 359 43064.4532155787
25.11.2017 10:52:38 +00.16250E+00  0488 034129 1 00013440 00013410 131009 405 43064.4532202662
25.11.2017 10:52:38 +00.16250E+00  0510 034129 1 00013441 00013410 131009 359 43064.4532244213
25.11.2017 10:52:38 +00.16250E+00  0528 034129 1 00013442 00013410 131009 359 43064.4532285764
25.11.2017 10:52:39 +00.16250E+00  0538 034129 1 00013443 00013410 131009 405 43064.4532332755
25.11.2017 10:52:39 +00.16250E+00  0559 034129 1 00013444 00013410 131009 359 43064.453237419
25.11.2017 10:52:40 +00.16250E+00  0574 034129 1 00013445 00013410 131009 359 43064.4532415741
25.11.2017 10:52:40 +00.16250E+00  0588 034129 1 00013446 00013410 131009 406 43064.4532462732
25.11.2017 10:52:40 +00.16250E+00  0606 034129 1 00013447 00013410 131009 358 43064.4532504282
25.11.2017 10:52:41 +00.16250E+00  0624 034129 1 00013448 00013410 131009 359 43064.4532545718
25.11.2017 10:52:41 +00.16250E+00  0640 034129 1 00013449 00013410 131009 406 43064.4532592708
25.11.2017 10:52:41 +00.16250E+00  0658 034129 1 00013450 00013410 131009 359 43064.4532634259
25.11.2017 10:52:42 +00.16250E+00  0673 034129 1 00013451 00013410 131009 358 43064.453267581
25.11.2017 10:52:42 +00.16250E+00  0692 034129 1 00013452 00013410 131009 406 43064.4532722685
25.11.2017 10:52:43 +00.16250E+00  0702 034129 1 00013453 00013410 131009 359 43064.4532764236
25.11.2017 10:52:43 +00.16250E+00  0718 034129 1 00013454 00013410 131009 359 43064.4532805787
25.11.2017 10:52:43 +00.16250E+00  0731 034129 1 00013455 00013410 131009 405 43064.4532852662
25.11.2017 10:52:44 +00.16250E+00  0755 034129 1 00013456 00013410 131009 359 43064.4532894213
25.11.2017 10:52:44 +00.16250E+00  0772 034129 1 00013457 00013410 131009 359 43064.4532935764
25.11.2017 10:52:44 +00.16250E+00  0787 034129 1 00013458 00013410 131009 405 43064.4532982755
25.11.2017 10:52:45 +00.16250E+00  0801 034129 1 00013459 00013410 131009 359 43064.453302419
25.11.2017 10:52:45 +00.16250E+00  0817 034129 1 00013460 00013410 131009 359 43064.4533065741
25.11.2017 10:52:46 +00.16250E+00  0828 034129 1 00013461 00013410 131009 406 43064.4533112732
25.11.2017 10:52:46 +00.16250E+00  0848 034129 1 00013462 00013410 131009 358 43064.4533154282
25.11.2017 10:52:46 +00.16250E+00  0866 034129 1 00013463 00013410 131009 359 43064.4533195718
25.11.2017 10:52:47 +00.16250E+00  0882 034129 1 00013464 00013410 131009 406 43064.4533242708
25.11.2017 10:52:47 +00.16250E+00  0903 034129 1 00013465 00013410 131009 359 43064.4533284259
25.11.2017 10:52:47 +00.16250E+00  0910 034129 1 00013466 00013410 131009 358 43064.453332581
25.11.2017 10:52:48 +00.16250E+00  0921 034129 1 00013467 00013410 131009 406 43064.4533372685
25.11.2017 10:52:48 +00.16250E+00  0938 034129 1 00013468 00013410 131009 359 43064.4533414236
25.11.2017 10:52:49 +00.16250E+00  0956 034129 1 00013469 00013410 131009 359 43064.4533455787
25.11.2017 10:52:49 +00.16250E+00  0971 034129 1 00013470 00013410 131009 405 43064.4533502662
25.11.2017 10:52:49 +00.16250E+00  0991 034129 1 00013471 00013410 131009 359 43064.4533544213
25.11.2017 10:52:50 +00.16250E+00  1008 034129 1 00013472 00013410 131009 359 43064.4533585764
25.11.2017 10:52:50 +00.16250E+00  1024 034129 1 00013473 00013410 131009 405 43064.4533632755
25.11.2017 10:52:50 +00.16250E+00  1039 034129 1 00013474 00013410 131009 359 43064.453367419
25.11.2017 10:52:51 +00.16250E+00  1048 034129 1 00013475 00013410 131009 359 43064.4533715741
25.11.2017 10:52:51 +00.16250E+00  1062 034129 1 00013476 00013410 131009 406 43064.4533762732
25.11.2017 10:52:52 +00.16250E+00  1081 034129 1 00013477 00013410 131009 358 43064.4533804282
25.11.2017 10:52:52 +00.16250E+00  1093 034129 1 00013478 00013410 131009 359 43064.4533845718
25.11.2017 10:52:52 +00.16250E+00  1106 034129 1 00013479 00013410 131009 406 43064.4533892708
25.11.2017 10:52:53 +00.16250E+00  1132 034129 1 00013480 00013410 131009 359 43064.4533934259
25.11.2017 10:52:53 +00.16250E+00  1142 034129 1 00013481 00013410 131009 358 43064.453397581
25.11.2017 10:52:53 +00.16250E+00  1164 034129 1 00013482 00013410 131009 422 43064.4534024537
25.11.2017 10:52:54 +00.16250E+00  1188 034129 1 00013483 00013410 131009 358 43064.4534066088
25.11.2017 10:52:54 +00.16250E+00  1199 034129 1 00013484 00013410 131009 359 43064.4534107523
25.11.2017 10:52:55 +00.16250E+00  1210 034129 1 00013485 00013410 131009 406 43064.4534154514
25.11.2017 10:52:55 +00.16250E+00  1230 034129 1 00013486 00013410 131009 359 43064.4534196065
25.11.2017 10:52:55 +00.16250E+00  1245 034129 1 00013487 00013410 131009 358 43064.4534237616
25.11.2017 10:52:56 +00.16250E+00  1260 034129 1 00013488 00013410 131009 406 43064.4534284491
25.11.2017 10:52:56 +00.16250E+00  1284 034129 1 00013489 00013410 131009 359 43064.4534326042
25.11.2017 10:52:56 +00.16250E+00  1301 034129 1 00013490 00013410 131009 359 43064.4534367593
25.11.2017 10:52:57 +00.16250E+00  1315 034129 1 00013491 00013410 131009 405 43064.4534414468
25.11.2017 10:52:57 +00.16250E+00  1330 034129 1 00013492 00013410 131009 359 43064.4534456019
25.11.2017 10:52:58 +00.16250E+00  1344 034129 1 00013493 00013410 131009 359 43064.4534497569
25.11.2017 10:52:58 +00.16250E+00  1364 034129 1 00013494 00013410 131009 405 43064.453454456
25.11.2017 10:52:58 +00.16250E+00  1380 034129 1 00013495 00013410 131009 359 43064.4534585995
25.11.2017 10:52:59 +00.16250E+00  1391 034129 1 00013496 00013410 131009 359 43064.4534627546
25.11.2017 10:52:59 +00.16250E+00  1414 034129 1 00013497 00013410 131009 406 43064.4534674537
25.11.2017 10:52:59 +00.16250E+00  1425 034129 1 00013498 00013410 131009 358 43064.4534716088
25.11.2017 10:53:00 +00.16250E+00  1450 034129 1 00013499 00013410 131009 359 43064.4534757523
25.11.2017 10:53:00 +00.16250E+00  1469 034129 1 00013500 00013410 131009 406 43064.4534804514
25.11.2017 10:53:01 +00.16250E+00  1483 034129 1 00013501 00013410 131009 359 43064.4534846065
25.11.2017 10:53:01 +00.16250E+00  1499 034129 1 00013502 00013410 131009 358 43064.4534887616
25.11.2017 10:53:01 +00.16250E+00  1518 034129 1 00013503 00013410 131009 406 43064.4534934491
25.11.2017 10:53:02 +00.16250E+00  1531 034129 1 00013504 00013410 131009 359 43064.4534976042
25.11.2017 10:53:02 +00.16250E+00  1547 034129 1 00013505 00013410 131009 359 43064.4535017593
25.11.2017 10:53:02 +00.16250E+00  1568 034129 1 00013506 00013410 131009 405 43064.4535064468
25.11.2017 10:53:03 +00.16250E+00  1592 034129 1 00013507 00013410 131009 359 43064.4535106019
25.11.2017 10:53:03 +00.16250E+00  1605 034129 1 00013508 00013410 131009 359 43064.4535147569
25.11.2017 10:53:04 +00.16250E+00  1618 034129 1 00013509 00013410 131009 405 43064.453519456
25.11.2017 10:53:04 +00.16250E+00  1640 034129 1 00013510 00013410 131009 359 43064.4535235995
25.11.2017 10:53:04 +00.16250E+00  1651 034129 1 00013511 00013410 131009 359 43064.4535277546
25.11.2017 10:53:05 +00.16250E+00  1665 034129 1 00013512 00013410 131009 406 43064.4535324537
25.11.2017 10:53:05 +00.16250E+00  1685 034129 1 00013513 00013410 131009 358 43064.4535366088
25.11.2017 10:53:05 +00.16250E+00  1702 034129 1 00013514 00013410 131009 359 43064.4535407523
25.11.2017 10:53:06 +00.16250E+00  1719 034129 1 00013515 00013410 131009 406 43064.4535454514
25.11.2017 10:53:06 +00.16250E+00  1735 034129 1 00013516 00013410 131009 359 43064.4535496065
25.11.2017 10:53:07 +00.16250E+00  1746 034129 1 00013517 00013410 131009 358 43064.4535537616
25.11.2017 10:53:07 +00.16250E+00  1767 034129 1 00013518 00013410 131009 406 43064.4535584491
25.11.2017 10:53:07 +00.16250E+00  1784 034129 1 00013519 00013410 131009 359 43064.4535626042
25.11.2017 10:53:08 +00.16250E+00  1809 034129 1 00013520 00013410 131009 359 43064.4535667593
25.11.2017 10:53:08 +00.16250E+00  1822 034129 1 00013521 00013410 131009 405 43064.4535714468
25.11.2017 10:53:08 +00.16250E+00  1836 034129 1 00013522 00013410 131009 359 43064.4535756019
25.11.2017 10:53:09 +00.16250E+00  1852 034129 1 00013523 00013410 131009 359 43064.4535797569
25.11.2017 10:53:09 +00.16250E+00  1861 034129 1 00013524 00013410 131009 405 43064.453584456
25.11.2017 10:53:10 +00.16250E+00  1871 034129 1 00013525 00013410 131009 359 43064.4535885995
25.11.2017 10:53:10 +00.16250E+00  1883 034129 1 00013526 00013410 131009 359 43064.4535927546
25.11.2017 10:53:10 +00.16250E+00  1896 034129 1 00013527 00013410 131009 406 43064.4535974537
25.11.2017 10:53:11 +00.16250E+00  1921 034129 1 00013528 00013410 131009 358 43064.4536016088
25.11.2017 10:53:11 +00.16250E+00  1936 034129 1 00013529 00013410 131009 359 43064.4536057523
25.11.2017 10:53:11 +00.16250E+00  1956 034129 1 00013530 00013410 131009 406 43064.4536104514
25.11.2017 10:53:12 +00.16250E+00  1969 034129 1 00013531 00013410 131009 359 43064.4536146065
25.11.2017 10:53:12 +00.16250E+00  1978 034129 1 00013532 00013410 131009 358 43064.4536187616
25.11.2017 10:53:13 +00.16250E+00  2000 034129 1 00013533 00013410 131009 406 43064.4536234491
25.11.2017 10:53:13 +00.16250E+00  2019 034129 1 00013534 00013410 131009 359 43064.4536276042
25.11.2017 10:53:13 +00.16250E+00  2034 034129 1 00013535 00013410 131009 359 43064.4536317593
25.11.2017 10:53:14 +00.16250E+00  2046 034129 1 00013536 00013410 131009 405 43064.4536364468
25.11.2017 10:53:14 +00.16250E+00  2068 034129 1 00013537 00013410 131009 359 43064.4536406019
25.11.2017 10:53:14 +00.16250E+00  2081 034129 1 00013538 00013410 131009 359 43064.4536447569
25.11.2017 10:53:15 +00.16250E+00  2093 034129 1 00013539 00013410 131009 421 43064.4536496296
25.11.2017 10:53:15 +00.16250E+00  2109 034129 1 00013540 00013410 131009 359 43064.4536537847
25.11.2017 10:53:16 +00.16250E+00  2130 034129 1 00013541 00013410 131009 359 43064.4536579398
25.11.2017 10:53:16 +00.16250E+00  2149 034129 1 00013542 00013410 131009 405 43064.4536626273
25.11.2017 10:53:16 +00.16250E+00  2159 034129 1 00013543 00013410 131009 359 43064.4536667824
25.11.2017 10:53:17 +00.16250E+00  2177 034129 1 00013544 00013410 131009 359 43064.4536709375
25.11.2017 10:53:17 +00.16250E+00  2195 034129 1 00013545 00013410 131009 405 43064.4536756366
25.11.2017 10:53:17 +00.16250E+00  2212 034129 1 00013546 00013410 131009 359 43064.4536797801
25.11.2017 10:53:18 +00.16250E+00  2229 034129 1 00013547 00013410 131009 359 43064.4536839352
25.11.2017 10:53:18 +00.16250E+00  2244 034129 1 00013548 00013410 131009 406 43064.4536886343
25.11.2017 10:53:19 +00.16250E+00  2253 034129 1 00013549 00013410 131009 358 43064.4536927893
25.11.2017 10:53:19 +00.16250E+00  2268 034129 1 00013550 00013410 131009 359 43064.4536969329
25.11.2017 10:53:19 +00.16250E+00  2288 034129 1 00013551 00013410 131009 406 43064.4537016319
25.11.2017 10:53:20 +00.16250E+00  2313 034129 1 00013552 00013410 131009 359 43064.453705787
25.11.2017 10:53:20 +00.16250E+00  2334 034129 1 00013553 00013410 131009 358 43064.4537099421
25.11.2017 10:53:20 +00.16250E+00  2352 034129 1 00013554 00013410 131009 406 43064.4537146296
25.11.2017 10:53:21 +00.16250E+00  2364 034129 1 00013555 00013410 131009 359 43064.4537187847
25.11.2017 10:53:21 +00.16250E+00  2378 034129 1 00013556 00013410 131009 359 43064.4537229398
25.11.2017 10:53:22 +00.16250E+00  2389 034129 1 00013557 00013410 131009 405 43064.4537276273
25.11.2017 10:53:22 +00.16250E+00  2401 034129 1 00013558 00013410 131009 359 43064.4537317824
25.11.2017 10:53:22 +00.16250E+00  2419 034129 1 00013559 00013410 131009 359 43064.4537359375
25.11.2017 10:53:23 +00.16250E+00  2434 034129 1 00013560 00013410 131009 405 43064.4537406366
25.11.2017 10:53:23 +00.16250E+00  2453 034129 1 00013561 00013410 131009 359 43064.4537447801
25.11.2017 10:53:23 +00.16250E+00  2478 034129 1 00013562 00013410 131009 359 43064.4537489352
25.11.2017 10:53:24 +00.16250E+00  2489 034129 1 00013563 00013410 131009 406 43064.4537536343
25.11.2017 10:53:24 +00.16250E+00  2509 034129 1 00013564 00013410 131009 358 43064.4537577893
25.11.2017 10:53:25 +00.16250E+00  2526 034129 1 00013565 00013410 131009 359 43064.4537619329
25.11.2017 10:53:25 +00.16250E+00  2542 034129 1 00013566 00013410 131009 406 43064.4537666319
25.11.2017 10:53:25 +00.16250E+00  2555 034129 1 00013567 00013410 131009 359 43064.453770787
25.11.2017 10:53:26 +00.16250E+00  2574 034129 1 00013568 00013410 131009 358 43064.4537749421
25.11.2017 10:53:26 +00.16250E+00  2589 034129 1 00013569 00013410 131009 406 43064.4537796296
25.11.2017 10:53:26 +00.16250E+00  2601 034129 1 00013570 00013410 131009 359 43064.4537837847