
25.11.2017 10:59:41 +00.16201E+00  0011 034024 1 00014357 00014357 131009 421 43064.4581183796
25.11.2017 10:59:41 +00.16201E+00  0030 034024 1 00014358 00014357 131009 359 43064.4581225347
25.11.2017 10:59:42 +00.16200E+00  0044 034024 1 00014359 00014357 131009 359 43064.4581266898
25.11.2017 10:59:42 +00.16200E+00  0062 034024 1 00014360 00014357 131009 405 43064.4581313773
25.11.2017 10:59:42 +00.16200E+00  0081 034024 1 00014361 00014357 131009 359 43064.4581355324
25.11.2017 10:59:43 +00.16200E+00  0087 034024 1 00014362 00014357 131009 359 43064.4581396875
25.11.2017 10:59:43 +00.16200E+00  0101 034024 1 00014363 00014357 131009 405 43064.4581443866
25.11.2017 10:59:44 +00.16200E+00  0121 034024 1 00014364 00014357 131009 359 43064.4581485301
25.11.2017 10:59:44 +00.16200E+00  0145 034024 1 00014365 00014357 131009 359 43064.4581526852
25.11.2017 10:59:44 +00.16200E+00  0161 034024 1 00014366 00014357 131009 406 43064.4581573843
25.11.2017 10:59:45 +00.16200E+00  0180 034024 1 00014367 00014357 131009 358 43064.4581615394
25.11.2017 10:59:45 +00.16200E+00  0191 034024 1 00014368 00014357 131009 359 43064.4581656829
25.11.2017 10:59:45 +00.16200E+00  0210 034024 1 00014369 00014357 131009 406 43064.4581703819
25.11.2017 10:59:46 +00.16200E+00  0224 034024 1 00014370 00014357 131009 359 43064.458174537
25.11.2017 10:59:46 +00.16200E+00  0237 034024 1 00014371 00014357 131009 358 43064.4581786921
25.11.2017 10:59:47 +00.16200E+00  0256 034024 1 00014372 00014357 131009 406 43064.4581833796
25.11.2017 10:59:47 +00.16200E+00  0270 034024 1 00014373 00014357 131009 359 43064.4581875347
25.11.2017 10:59:47 +00.16200E+00  0283 034024 1 00014374 00014357 131009 359 43064.4581916898
25.11.2017 10:59:48 +00.16200E+00  0306 034024 1 00014375 00014357 131009 405 43064.4581963773
25.11.2017 10:59:48 +00.16200E+00  0317 034024 1 00014376 00014357 131009 359 43064.4582005324
25.11.2017 10:59:48 +00.16200E+00  0337 034024 1 00014377 00014357 131009 359 43064.4582046875
25.11.2017 10:59:49 +00.16200E+00  0347 034024 1 00014378 00014357 131009 405 43064.4582093866
25.11.2017 10:59:49 +00.16200E+00  0363 034024 1 00014379 00014357 131009 359 43064.4582135301
25.11.2017 10:59:50 +00.16200E+00  0369 034024 1 00014380 00014357 131009 359 43064.4582176852
25.11.2017 10:59:50 +00.16200E+00  0385 034024 1 00014381 00014357 131009 406 43064.4582223843
25.11.2017 10:59:50 +00.16200E+00  0404 034024 1 00014382 00014357 131009 358 43064.4582265394
25.11.2017 10:59:51 +00.16200E+00  0420 034024 1 00014383 00014357 131009 359 43064.4582306829
25.11.2017 10:59:51 +00.16200E+00  0437 034024 1 00014384 00014357 131009 406 43064.4582353819
25.11.2017 10:59:51 +00.16200E+00  0459 034024 1 00014385 00014357 131009 359 43064.458239537
25.11.2017 10:59:52 +00.16200E+00  0474 034024 1 00014386 00014357 131009 358 43064.4582436921
25.11.2017 10:59:52 +00.16200E+00  0487 034024 1 00014387 00014357 131009 406 43064.4582483796
25.11.2017 10:59:53 +00.16200E+00  0512 034024 1 00014388 00014357 131009 359 43064.4582525347
25.11.2017 10:59:53 +00.16200E+00  0525 034024 1 00014389 00014357 131009 359 43064.4582566898
25.11.2017 10:59:53 +00.16200E+00  0542 034024 1 00014390 00014357 131009 405 43064.4582613773
25.11.2017 10:59:54 +00.16200E+00  0557 034024 1 00014391 00014357 131009 359 43064.4582655324
25.11.2017 10:59:54 +00.16200E+00  0570 034024 1 00014392 00014357 131009 359 43064.4582696875
25.11.2017 10:59:54 +00.16200E+00  0584 034024 1 00014393 00014357 131009 405 43064.4582743866
25.11.2017 10:59:55 +00.16200E+00  0596 034024 1 00014394 00014357 131009 359 43064.4582785301
25.11.2017 10:59:55 +00.16200E+00  0613 034024 1 00014395 00014357 131009 359 43064.4582826852
25.11.2017 10:59:56 +00.16200E+00  0625 034024 1 00014396 00014357 131009 406 43064.4582873843
25.11.2017 10:59:56 +00.16200E+00  0643 034024 1 00014397 00014357 131009 358 43064.4582915394
25.11.2017 10:59:56 +00.16200E+00  0657 034024 1 00014398 00014357 131009 359 43064.4582956829
25.11.2017 10:59:57 +00.16200E+00  0668 034024 1 00014399 00014357 131009 406 43064.4583003819
25.11.2017 10:59:57 +00.16200E+00  0687 034024 1 00014400 00014357 131009 359 43064.458304537
25.11.2017 10:59:57 +00.16200E+00  0699 034024 1 00014401 00014357 131009 358 43064.4583086921
25.11.2017 10:59:58 +00.16200E+00  0709 034024 1 00014402 00014357 131009 406 43064.4583133796
25.11.2017 10:59:58 +00.16200E+00  0728 034024 1 00014403 00014357 131009 359 43064.4583175347
25.11.2017 10:59:58 +00.16200E+00  0741 034024 1 00014404 00014357 131009 359 43064.4583216898
25.11.2017 10:59:59 +00.16200E+00  0762 034024 1 00014405 00014357 131009 405 43064.4583263773
25.11.2017 10:59:59 +00.16200E+00  0773 034024 1 00014406 00014357 131009 359 43064.4583305324
25.11.2017 11:00:00 +00.16200E+00  0793 034024 1 00014407 00014357 131009 359 43064.4583346875
25.11.2017 11:00:00 +00.16200E+00  0806 034024 1 00014408 00014357 131009 405 43064.4583393866
25.11.2017 11:00:00 +00.16200E+00  0830 034024 1 00014409 00014357 131009 359 43064.4583435301
25.11.2017 11:00:01 +00.16200E+00  0840 034024 1 00014410 00014357 131009 359 43064.4583476852
25.11.2017 11:00:01 +00.16200E+00  0853 034024 1 00014411 00014357 131009 406 43064.4583523843
25.11.2017 11:00:02 +00.16200E+00  0868 034024 1 00014412 00014357 131009 358 43064.4583565394
25.11.2017 11:00:02 +00.16200E+00  0879 034024 1 00014413 00014357 131009 359 43064.4583606829
25.11.2017 11:00:02 +00.16200E+00  0887 034024 1 00014414 00014357 131009 421 43064.4583655671
25.11.2017 11:00:03 +00.16200E+00  0898 034024 1 00014415 00014357 131009 359 43064.4583697107
25.11.2017 11:00:03 +00.16200E+00  0912 034024 1 00014416 00014357 131009 359 43064.4583738657
25.11.2017 11:00:03 +00.16200E+00  0935 034024 1 00014417 00014357 131009 406 43064.4583785648
25.11.2017 11:00:04 +00.16200E+00  0947 034024 1 00014418 00014357 131009 358 43064.4583827199
25.11.2017 11:00:04 +00.16200E+00  0959 034024 1 00014419 00014357 131009 359 43064.4583868634
25.11.2017 11:00:05 +00.16200E+00  0976 034024 1 00014420 00014357 131009 406 43064.4583915625
25.11.2017 11:00:05 +00.16200E+00  0994 034024 1 00014421 00014357 131009 359 43064.4583957176
25.11.2017 11:00:05 +00.16200E+00  1008 034024 1 00014422 00014357 131009 358 43064.4583998727
25.11.2017 11:00:06 +00.16200E+00  1030 034024 1 00014423 00014357 131009 406 43064.4584045602
25.11.2017 11:00:06 +00.16200E+00  1058 034024 1 00014424 00014357 131009 359 43064.4584087153
25.11.2017 11:00:06 +00.16200E+00  1070 034024 1 00014425 00014357 131009 359 43064.4584128704
25.11.2017 11:00:07 +00.16200E+00  1086 034024 1 00014426 00014357 131009 405 43064.4584175579
25.11.2017 11:00:07 +00.16200E+00  1105 034024 1 00014427 00014357 131009 359 43064.458421713
25.11.2017 11:00:07 +00.16200E+00  1118 034024 1 00014428 00014357 131009 359 43064.4584258681
25.11.2017 11:00:08 +00.16200E+00  1133 034024 1 00014429 00014357 131009 405 43064.4584305671
25.11.2017 11:00:08 +00.16200E+00  1152 034024 1 00014430 00014357 131009 359 43064.4584347107
25.11.2017 11:00:09 +00.16200E+00  1163 034024 1 00014431 00014357 131009 359 43064.4584388657
25.11.2017 11:00:09 +00.16200E+00  1183 034024 1 00014432 00014357 131009 406 43064.4584435648
25.11.2017 11:00:09 +00.16200E+00  1204 034024 1 00014433 00014357 131009 358 43064.4584477199
25.11.2017 11:00:10 +00.16200E+00  1216 034024 1 00014434 00014357 131009 359 43064.4584518634
25.11.2017 11:00:10 +00.16200E+00  1233 034024 1 00014435 00014357 131009 406 43064.4584565625
25.11.2017 11:00:11 +00.16200E+00  1251 034024 1 00014436 00014357 131009 359 43064.4584607176
25.11.2017 11:00:11 +00.16200E+00  1275 034024 1 00014437 00014357 131009 358 43064.4584648727
25.11.2017 11:00:11 +00.16200E+00  1290 034024 1 00014438 00014357 131009 406 43064.4584695602
25.11.2017 11:00:12 +00.16200E+00  1307 034024 1 00014439 00014357 131009 359 43064.4584737153
25.11.2017 11:00:12 +00.16200E+00  1325 034024 1 00014440 00014357 131009 359 43064.4584778704
25.11.2017 11:00:12 +00.16200E+00  1336 034024 1 00014441 00014357 131009 405 43064.4584825579
25.11.2017 11:00:13 +00.16200E+00  1348 034024 1 00014442 00014357 131009 359 43064.458486713
25.11.2017 11:00:13 +00.16200E+00  1364 034024 1 00014443 00014357 131009 359 43064.4584908681
25.11.2017 11:00:14 +00.16200E+00  1383 034024 1 00014444 00014357 131009 405 43064.4584955671
25.11.2017 11:00:14 +00.16200E+00  1395 034024 1 00014445 00014357 131009 359 43064.4584997107
25.11.2017 11:00:14 +00.16200E+00  1410 034024 1 00014446 00014357 131009 359 43064.4585038657
25.11.2017 11:00:15 +00.16200E+00  1420 034024 1 00014447 00014357 131009 406 43064.4585085648
25.11.2017 11:00:15 +00.16200E+00  1432 034024 1 00014448 00014357 131009 358 43064.4585127199
25.11.2017 11:00:15 +00.16200E+00  1443 034024 1 00014449 00014357 131009 359 43064.4585168634
25.11.2017 11:00:16 +00.16200E+00  1460 034024 1 00014450 00014357 131009 406 43064.4585215625
25.11.2017 11:00:16 +00.16200E+00  1470 034024 1 00014451 00014357 131009 359 43064.4585257176
25.11.2017 11:00:16 +00.16200E+00  1488 034024 1 00014452 00014357 131009 358 43064.4585298727
25.11.2017 11:00:17 +00.16200E+00  1504 034024 1 00014453 00014357 131009 406 43064.4585345602
25.11.2017 11:00:17 +00.16200E+00  1521 034024 1 00014454 00014357 131009 359 43064.4585387153
25.11.2017 11:00:18 +00.16200E+00  1541 034024 1 00014455 00014357 131009 359 43064.4585428704
25.11.2017 11:00:18 +00.16200E+00  1553 034024 1 00014456 00014357 131009 405 43064.4585475579
25.11.2017 11:00:18 +00.16200E+00  1565 034024 1 00014457 00014357 131009 359 43064.458551713
25.11.2017 11:00:19 +00.16200E+00  1571 034024 1 00014458 00014357 131009 359 43064.4585558681
25.11.2017 11:00:19 +00.16200E+00  1580 034024 1 00014459 00014357 131009 405 43064.4585605671
25.11.2017 11:00:19 +00.16200E+00  1601 034024 1 00014460 00014357 131009 359 43064.4585647107
25.11.2017 11:00:20 +00.16200E+00  1615 034024 1 00014461 00014357 131009 359 43064.4585688657
25.11.2017 11:00:20 +00.16200E+00  1633 034024 1 00014462 00014357 131009 406 43064.4585735648
25.11.2017 11:00:21 +00.16200E+00  1655 034024 1 00014463 00014357 131009 358 43064.4585777199
25.11.2017 11:00:21 +00.16200E+00  1662 034024 1 00014464 00014357 131009 359 43064.4585818634
25.11.2017 11:00:21 +00.16200E+00  1681 034024 1 00014465 00014357 131009 406 43064.4585865625
25.11.2017 11:00:22 +00.16200E+00  1700 034024 1 00014466 00014357 131009 359 43064.4585907176
25.11.2017 11:00:22 +00.16200E+00  1717 034024 1 00014467 00014357 131009 358 43064.4585948727
25.11.2017 11:00:23 +00.16200E+00  1741 034024 1 00014468 00014357 131009 406 43064.4585995602
25.11.2017 11:00:23 +00.16200E+00  1762 034024 1 00014469 00014357 131009 359 43064.4586037153
25.11.2017 11:00:23 +00.16200E+00  1777 034024 1 00014470 00014357 131009 359 43064.4586078704
25.11.2017 11:00:24 +00.16200E+00  1793 034024 1 00014471 00014357 131009 421 43064.4586127431
25.11.2017 11:00:24 +00.16200E+00  1808 034024 1 00014472 00014357 131009 359 43064.4586168981
25.11.2017 11:00:24 +00.16200E+00  1817 034024 1 00014473 00014357 131009 358 43064.4586210532
25.11.2017 11:00:25 +00.16200E+00  1832 034024 1 00014474 00014357 131009 406 43064.4586257407
25.11.2017 11:00:25 +00.16200E+00  1860 034024 1 00014475 00014357 131009 359 43064.4586298958
25.11.2017 11:00:25 +00.16200E+00  1871 034024 1 00014476 00014357 131009 359 43064.4586340509
25.11.2017 11:00:26 +00.16200E+00  1881 034024 1 00014477 00014357 131009 405 43064.4586387384
25.11.2017 11:00:26 +00.16200E+00  1890 034024 1 00014478 00014357 131009 359 43064.4586428935
25.11.2017 11:00:27 +00.16200E+00  1904 034024 1 00014479 00014357 131009 359 43064.4586470486
25.11.2017 11:00:27 +00.16200E+00  1920 034024 1 00014480 00014357 131009 405 43064.4586517477
25.11.2017 11:00:27 +00.16200E+00  1935 034024 1 00014481 00014357 131009 359 43064.4586558912
25.11.2017 11:00:28 +00.16200E+00  1952 034024 1 00014482 00014357 131009 359 43064.4586600463
25.11.2017 11:00:28 +00.16200E+00  1969 034024 1 00014483 00014357 131009 406 43064.4586647454
25.11.2017 11:00:28 +00.16200E+00  1984 034024 1 00014484 00014357 131009 358 43064.4586689005
25.11.2017 11:00:29 +00.16200E+00  1999 034024 1 00014485 00014357 131009 359 43064.458673044
25.11.2017 11:00:29 +00.16200E+00  2012 034024 1 00014486 00014357 131009 406 43064.4586777431
25.11.2017 11:00:30 +00.16200E+00  2024 034024 1 00014487 00014357 131009 359 43064.4586818981
25.11.2017 11:00:30 +00.16200E+00  2040 034024 1 00014488 00014357 131009 358 43064.4586860532
25.11.2017 11:00:30 +00.16200E+00  2060 034024 1 00014489 00014357 131009 406 43064.4586907407
25.11.2017 11:00:31 +00.16200E+00  2079 034024 1 00014490 00014357 131009 359 43064.4586948958
25.11.2017 11:00:31 +00.16200E+00  2098 034024 1 00014491 00014357 131009 359 43064.4586990509
25.11.2017 11:00:32 +00.16200E+00  2115 034024 1 00014492 00014357 131009 405 43064.4587037384
25.11.2017 11:00:32 +00.16200E+00  2128 034024 1 00014493 00014357 131009 359 43064.4587078935
25.11.2017 11:00:32 +00.16200E+00  2143 034024 1 00014494 00014357 131009 359 43064.4587120486
25.11.2017 11:00:33 +00.16200E+00  2156 034024 1 00014495 00014357 131009 405 43064.4587167477
25.11.2017 11:00:33 +00.16200E+00  2174 034024 1 00014496 00014357 131009 359 43064.4587208912
25.11.2017 11:00:33 +00.16200E+00  2188 034024 1 00014497 00014357 131009 359 43064.4587250463
25.11.2017 11:00:34 +00.16200E+00  2199 034024 1 00014498 00014357 131009 406 43064.4587297454
25.11.2017 11:00:34 +00.16200E+00  2212 034024 1 00014499 00014357 131009 358 43064.4587339005
25.11.2017 11:00:34 +00.16200E+00  2222 034024 1 00014500 00014357 131009 359 43064.458738044
25.11.2017 11:00:35 +00.16200E+00  2238 034024 1 00014501 00014357 131009 406 43064.4587427431
25.11.2017 11:00:35 +00.16200E+00  2260 034024 1 00014502 00014357 131009 359 43064.4587468981
25.11.2017 11:00:36 +00.16200E+00  2271 034024 1 00014503 00014357 131009 358 43064.4587510532
25.11.2017 11:00:36 +00.16200E+00  2285 034024 1 00014504 00014357 131009 406 43064.4587557407
25.11.2017 11:00:36 +00.16200E+00  2301 034024 1 00014505 00014357 131009 359 43064.4587598958
25.11.2017 11:00:37 +00.16200E+00  2318 034024 1 00014506 00014357 131009 359 43064.4587640509
25.11.2017 11:00:37 +00.16200E+00  2330 034024 1 00014507 00014357 131009 405 43064.4587687384
25.11.2017 11:00:37 +00.16200E+00  2341 034024 1 00014508 00014357 131009 359 43064.4587728935
25.11.2017 11:00:38 +00.16200E+00  2358 034024 1 00014509 00014357 131009 359 43064.4587770486
25.11.2017 11:00:38 +00.16200E+00  2376 034024 1 00014510 00014357 131009 405 43064.4587817477
25.11.2017 11:00:39 +00.16200E+00  2389 034024 1 00014511 00014357 131009 359 43064.4587858912
25.11.2017 11:00:39 +00.16200E+00  2403 034024 1 00014512 00014357 131009 359 43064.4587900463
25.11.2017 11:00:39 +00.16200E+00  2421 034024 1 00014513 00014357 131009 406 43064.4587947454
25.11.2017 11:00:40 +00.16200E+00  2437 034024 1 00014514 00014357 131009 358 43064.4587989005
25.11.2017 11:00:40 +00.16200E+00  2457 034024 1 00014515 00014357 131009 359 43064.458803044
25.11.2017 11:00:40 +00.16200E+00  2471 034024 1 00014516 00014357 131009 406 43064.4588077431
25.11.2017 11:00:41 +00.16200E+00  2486 034024 1 00014517 00014357 131009 359 43064.4588118981
25.11.2017 11:00:41 +00.16200E+00  2502 034024 1 00014518 00014357 131009 358 43064.4588160532
25.11.2017 11:00:47 +00.16210E+00  0012 034046 1 00014519 00014519 131009 421 43064.4588794213
25.11.2017 11:00:47 +00.16210E+00  0033 034046 1 00014520 00014519 131009 359 43064.4588835764
25.11.2017 11:00:47 +00.16210E+00  0047 034046 1 00014521 00014519 131009 359 43064.4588877315
25.11.2017 11:00:48 +00.16211E+00  0055 034046 1 00014522 00014519 131009 405 43064.458892419
25.11.2017 11:00:48 +00.16210E+00  0076 034046 1 00014523 00014519 131009 359 43064.4588965741
25.11.2017 11:00:49 +00.16210E+00  0091 034046 1 00014524 00014519 131009 359 43064.4589007292
25.11.2017 11:00:49 +00.16210E+00  0105 034046 1 00014525 00014519 131009 405 43064.4589054282
25.11.2017 11:00:49 +00.16211E+00  0116 034046 1 00014526 00014519 131009 359 43064.4589095718
25.11.2017 11:00:50 +00.16211E+00  0123 034046 1 00014527 00014519 131009 359 43064.4589137268
25.11.2017 11:00:50 +00.16210E+00  0135 034046 1 00014528 00014519 131009 406 43064.4589184259
25.11.2017 11:00:50 +00.16210E+00  0157 034046 1 00014529 00014519 131009 358 43064.458922581
25.11.2017 11:00:51 +00.16211E+00  0179 034046 1 00014530 00014519 131009 359 43064.4589267245
25.11.2017 11:00:51 +00.16210E+00  0199 034046 1 00014531 00014519 131009 406 43064.4589314236
25.11.2017 11:00:52 +00.16210E+00  0218 034046 1 00014532 00014519 131009 359 43064.4589355787
25.11.2017 11:00:52 +00.16210E+00  0234 034046 1 00014533 00014519 131009 358 43064.4589397338
25.11.2017 11:00:52 +00.16210E+00  0253 034046 1 00014534 00014519 131009 406 43064.4589444213
25.11.2017 11:00:53 +00.16210E+00  0264 034046 1 00014535 00014519 131009 359 43064.4589485764
25.11.2017 11:00:53 +00.16210E+00  0279 034046 1 00014536 00014519 131009 359 43064.4589527315
25.11.2017 11:00:53 +00.16210E+00  0286 034046 1 00014537 00014519 131009 405 43064.458957419
25.11.2017 11:00:54 +00.16210E+00  0312 034046 1 00014538 00014519 131009 359 43064.4589615741
25.11.2017 11:00:54 +00.16210E+00  0326 034046 1 00014539 00014519 131009 359 43064.4589657292
25.11.2017 11:00:55 +00.16210E+00  0335 034046 1 00014540 00014519 131009 405 43064.4589704282
25.11.2017 11:00:55 +00.16210E+00  0352 034046 1 00014541 00014519 131009 359 43064.4589745718
25.11.2017 11:00:55 +00.16210E+00  0370 034046 1 00014542 00014519 131009 359 43064.4589787268
25.11.2017 11:00:56 +00.16210E+00  0384 034046 1 00014543 00014519 131009 406 43064.4589834259
25.11.2017 11:00:56 +00.16210E+00  0401 034046 1 00014544 00014519 131009 358 43064.458987581
25.11.2017 11:00:56 +00.16210E+00  0412 034046 1 00014545 00014519 131009 359 43064.4589917245
25.11.2017 11:00:57 +00.16210E+00  0427 034046 1 00014546 00014519 131009 406 43064.4589964236
25.11.2017 11:00:57 +00.16210E+00  0437 034046 1 00014547 00014519 131009 359 43064.4590005787
25.11.2017 11:00:58 +00.16210E+00  0454 034046 1 00014548 00014519 131009 358 43064.4590047338
25.11.2017 11:00:58 +00.16210E+00  0463 034046 1 00014549 00014519 131009 406 43064.4590094213
25.11.2017 11:00:58 +00.16210E+00  0480 034046 1 00014550 00014519 131009 359 43064.4590135764
25.11.2017 11:00:59 +00.16210E+00  0493 034046 1 00014551 00014519 131009 359 43064.4590177315
25.11.2017 11:00:59 +00.16210E+00  0511 034046 1 00014552 00014519 131009 405 43064.459022419
25.11.2017 11:00:59 +00.16211E+00  0534 034046 1 00014553 00014519 131009 359 43064.4590265741
25.11.2017 11:01:00 +00.16210E+00  0551 034046 1 00014554 00014519 131009 359 43064.4590307292
25.11.2017 11:01:00 +00.16210E+00  0566 034046 1 00014555 00014519 131009 405 43064.4590354282
25.11.2017 11:01:01 +00.16210E+00  0579 034046 1 00014556 00014519 131009 359 43064.4590395718
25.11.2017 11:01:01 +00.16210E+00  0594 034046 1 00014557 00014519 131009 359 43064.4590437268
25.11.2017 11:01:01 +00.16210E+00  0606 034046 1 00014558 00014519 131009 406 43064.4590484259
25.11.2017 11:01:02 +00.16210E+00  0619 034046 1 00014559 00014519 131009 358 43064.459052581
25.11.2017 11:01:02 +00.16210E+00  0632 034046 1 00014560 00014519 131009 359 43064.4590567245
25.11.2017 11:01:02 +00.16210E+00  0651 034046 1 00014561 00014519 131009 406 43064.4590614236
25.11.2017 11:01:03 +00.16210E+00  0672 034046 1 00014562 00014519 131009 359 43064.4590655787
25.11.2017 11:01:03 +00.16210E+00  0686 034046 1 00014563 00014519 131009 358 43064.4590697338
25.11.2017 11:01:04 +00.16211E+00  0701 034046 1 00014564 00014519 131009 406 43064.4590744213
25.11.2017 11:01:04 +00.16210E+00  0723 034046 1 00014565 00014519 131009 359 43064.4590785764
25.11.2017 11:01:04 +00.16210E+00  0746 034046 1 00014566 00014519 131009 359 43064.4590827315
25.11.2017 11:01:05 +00.16210E+00  0756 034046 1 00014567 00014519 131009 405 43064.459087419
25.11.2017 11:01:05 +00.16210E+00  0766 034046 1 00014568 00014519 131009 359 43064.4590915741
25.11.2017 11:01:05 +00.16211E+00  0781 034046 1 00014569 00014519 131009 359 43064.4590957292
25.11.2017 11:01:06 +00.16211E+00  0795 034046 1 00014570 00014519 131009 405 43064.4591004282
25.11.2017 11:01:06 +00.16210E+00  0812 034046 1 00014571 00014519 131009 359 43064.4591045718
25.11.2017 11:01:06 +00.16210E+00  0825 034046 1 00014572 00014519 131009 359 43064.4591087268
25.11.2017 11:01:07 +00.16211E+00  0838 034046 1 00014573 00014519 131009 421 43064.4591135995
25.11.2017 11:01:07 +00.16210E+00  0864 034044 1 00014574 00014519 131009 359 43064.4591177546
25.11.2017 11:01:08 +00.16210E+00  0882 034044 1 00014575 00014519 131009 359 43064.4591219097
25.11.2017 11:01:08 +00.16210E+00  0892 034044 1 00014576 00014519 131009 405 43064.4591266088
25.11.2017 11:01:08 +00.16210E+00  0910 034044 1 00014577 00014519 131009 359 43064.4591307523
25.11.2017 11:01:09 +00.16210E+00  0923 034044 1 00014578 00014519 131009 359 43064.4591349074
25.11.2017 11:01:09 +00.16209E+00  0941 034044 1 00014579 00014519 131009 406 43064.4591396065
25.11.2017 11:01:10 +00.16210E+00  0959 034044 1 00014580 00014519 131009 358 43064.4591437616
25.11.2017 11:01:10 +00.16210E+00  0974 034044 1 00014581 00014519 131009 359 43064.4591479051
25.11.2017 11:01:10 +00.16210E+00  0996 034044 1 00014582 00014519 131009 406 43064.4591526042
25.11.2017 11:01:11 +00.16210E+00  1008 034044 1 00014583 00014519 131009 359 43064.4591567593
25.11.2017 11:01:11 +00.16209E+00  1024 034044 1 00014584 00014519 131009 358 43064.4591609144
25.11.2017 11:01:11 +00.16209E+00  1041 034044 1 00014585 00014519 131009 406 43064.4591656019
25.11.2017 11:01:12 +00.16209E+00  1056 034044 1 00014586 00014519 131009 359 43064.4591697569
25.11.2017 11:01:12 +00.16210E+00  1068 034044 1 00014587 00014519 131009 359 43064.459173912
25.11.2017 11:01:13 +00.16209E+00  1085 034044 1 00014588 00014519 131009 405 43064.4591785995
25.11.2017 11:01:13 +00.16210E+00  1099 034044 1 00014589 00014519 131009 359 43064.4591827546
25.11.2017 11:01:13 +00.16209E+00  1112 034044 1 00014590 00014519 131009 359 43064.4591869097
25.11.2017 11:01:14 +00.16210E+00  1127 034044 1 00014591 00014519 131009 405 43064.4591916088
25.11.2017 11:01:14 +00.16210E+00  1142 034044 1 00014592 00014519 131009 359 43064.4591957523
25.11.2017 11:01:14 +00.16209E+00  1158 034044 1 00014593 00014519 131009 359 43064.4591999074
25.11.2017 11:01:15 +00.16209E+00  1175 034044 1 00014594 00014519 131009 406 43064.4592046065
25.11.2017 11:01:15 +00.16210E+00  1188 034044 1 00014595 00014519 131009 358 43064.4592087616
25.11.2017 11:01:15 +00.16209E+00  1206 034044 1 00014596 00014519 131009 359 43064.4592129051
25.11.2017 11:01:16 +00.16209E+00  1225 034044 1 00014597 00014519 131009 406 43064.4592176042
25.11.2017 11:01:16 +00.16209E+00  1246 034044 1 00014598 00014519 131009 359 43064.4592217593
25.11.2017 11:01:17 +00.16209E+00  1266 034044 1 00014599 00014519 131009 358 43064.4592259144
25.11.2017 11:01:17 +00.16209E+00  1283 034044 1 00014600 00014519 131009 406 43064.4592306019
25.11.2017 11:01:17 +00.16209E+00  1299 034044 1 00014601 00014519 131009 359 43064.4592347569
25.11.2017 11:01:18 +00.16209E+00  1311 034046 1 00014602 00014519 131009 359 43064.459238912
25.11.2017 11:01:18 +00.16210E+00  1324 034046 1 00014603 00014519 131009 405 43064.4592435995
25.11.2017 11:01:19 +00.16210E+00  1348 034046 1 00014604 00014519 131009 359 43064.4592477546
25.11.2017 11:01:19 +00.16210E+00  1367 034046 1 00014605 00014519 131009 359 43064.4592519097
25.11.2017 11:01:19 +00.16210E+00  1382 034046 1 00014606 00014519 131009 405 43064.4592566088
25.11.2017 11:01:20 +00.16210E+00  1398 034046 1 00014607 00014519 131009 359 43064.4592607523
25.11.2017 11:01:20 +00.16210E+00  1418 034046 1 00014608 00014519 131009 359 43064.4592649074
25.11.2017 11:01:20 +00.16210E+00  1436 034046 1 00014609 00014519 131009 406 43064.4592696065
25.11.2017 11:01:21 +00.16210E+00  1454 034046 1 00014610 00014519 131009 358 43064.4592737616
25.11.2017 11:01:21 +00.16210E+00  1468 034046 1 00014611 00014519 131009 359 43064.4592779051
25.11.2017 11:01:22 +00.16210E+00  1486 034046 1 00014612 00014519 131009 406 43064.4592826042
25.11.2017 11:01:22 +00.16210E+00  1508 034046 1 00014613 00014519 131009 359 43064.4592867593
25.11.2017 11:01:22 +00.16210E+00  1515 034046 1 00014614 00014519 131009 358 43064.4592909144
25.11.2017 11:01:23 +00.16211E+00  1525 034046 1 00014615 00014519 131009 406 43064.4592956019
25.11.2017 11:01:23 +00.16210E+00  1549 034044 1 00014616 00014519 131009 359 43064.4592997569
25.11.2017 11:01:23 +00.16210E+00  1564 034044 1 00014617 00014519 131009 359 43064.459303912
25.11.2017 11:01:24 +00.16210E+00  1572 034044 1 00014618 00014519 131009 405 43064.4593085995
25.11.2017 11:01:24 +00.16209E+00  1589 034044 1 00014619 00014519 131009 359 43064.4593127546
25.11.2017 11:01:24 +00.16209E+00  1604 034044 1 00014620 00014519 131009 359 43064.4593169097
25.11.2017 11:01:25 +00.16209E+00  1613 034044 1 00014621 00014519 131009 405 43064.4593216088
25.11.2017 11:01:25 +00.16209E+00  1632 034044 1 00014622 00014519 131009 359 43064.4593257523
25.11.2017 11:01:26 +00.16210E+00  1647 034044 1 00014623 00014519 131009 359 43064.4593299074
25.11.2017 11:01:26 +00.16210E+00  1659 034044 1 00014624 00014519 131009 406 43064.4593346065
25.11.2017 11:01:26 +00.16209E+00  1678 034044 1 00014625 00014519 131009 358 43064.4593387616
25.11.2017 11:01:27 +00.16209E+00  1699 034044 1 00014626 00014519 131009 359 43064.4593429051
25.11.2017 11:01:27 +00.16209E+00  1715 034044 1 00014627 00014519 131009 406 43064.4593476042
25.11.2017 11:01:27 +00.16210E+00  1736 034044 1 00014628 00014519 131009 359 43064.4593517593
25.11.2017 11:01:28 +00.16209E+00  1750 034044 1 00014629 00014519 131009 358 43064.4593559144
25.11.2017 11:01:28 +00.16210E+00  1766 034046 1 00014630 00014519 131009 422 43064.459360787
25.11.2017 11:01:29 +00.16210E+00  1786 034046 1 00014631 00014519 131009 358 43064.4593649421
25.11.2017 11:01:29 +00.16210E+00  1803 034046 1 00014632 00014519 131009 359 43064.4593690856
25.11.2017 11:01:29 +00.16210E+00  1814 034046 1 00014633 00014519 131009 406 43064.4593737847
25.11.2017 11:01:30 +00.16210E+00  1832 034046 1 00014634 00014519 131009 359 43064.4593779398
25.11.2017 11:01:30 +00.16210E+00  1844 034046 1 00014635 00014519 131009 358 43064.4593820949
25.11.2017 11:01:31 +00.16211E+00  1857 034046 1 00014636 00014519 131009 406 43064.4593867824
25.11.2017 11:01:31 +00.16210E+00  1869 034046 1 00014637 00014519 131009 359 43064.4593909375
25.11.2017 11:01:31 +00.16210E+00  1880 034046 1 00014638 00014519 131009 359 43064.4593950926
25.11.2017 11:01:32 +00.16210E+00  1893 034046 1 00014639 00014519 131009 405 43064.4593997801
25.11.2017 11:01:32 +00.16210E+00  1910 034046 1 00014640 00014519 131009 359 43064.4594039352
25.11.2017 11:01:32 +00.16210E+00  1923 034046 1 00014641 00014519 131009 359 43064.4594080903
25.11.2017 11:01:33 +00.16210E+00  1943 034046 1 00014642 00014519 131009 405 43064.4594127894
25.11.2017 11:01:33 +00.16210E+00  1962 034046 1 00014643 00014519 131009 359 43064.4594169329
25.11.2017 11:01:33 +00.16210E+00  1979 034046 1 00014644 00014519 131009 359 43064.459421088
25.11.2017 11:01:34 +00.16210E+00  1993 034046 1 00014645 00014519 131009 406 43064.459425787
25.11.2017 11:01:34 +00.16210E+00  2012 034046 1 00014646 00014519 131009 358 43064.4594299421
25.11.2017 11:01:35 +00.16210E+00  2030 034046 1 00014647 00014519 131009 359 43064.4594340856
25.11.2017 11:01:35 +00.16210E+00  2045 034046 1 00014648 00014519 131009 406 43064.4594387847
25.11.2017 11:01:35 +00.16210E+00  2067 034046 1 00014649 00014519 131009 359 43064.4594429398
25.11.2017 11:01:36 +00.16210E+00  2078 034046 1 00014650 00014519 131009 358 43064.4594470949
25.11.2017 11:01:36 +00.16210E+00  2094 034046 1 00014651 00014519 131009 406 43064.4594517824
25.11.2017 11:01:36 +00.16210E+00  2117 034046 1 00014652 00014519 131009 359 43064.4594559375
25.11.2017 11:01:37 +00.16210E+00  2136 034046 1 00014653 00014519 131009 359 43064.4594600926
25.11.2017 11:01:37 +00.16210E+00  2150 034046 1 00014654 00014519 131009 405 43064.4594647801
25.11.2017 11:01:38 +00.16210E+00  2163 034046 1 00014655 00014519 131009 359 43064.4594689352
25.11.2017 11:01:38 +00.16210E+00  2180 034046 1 00014656 00014519 131009 359 43064.4594730903
25.11.2017 11:01:38 +00.16210E+00  2191 034046 1 00014657 00014519 131009 405 43064.4594777894
25.11.2017 11:01:39 +00.16210E+00  2203 034046 1 00014658 00014519 131009 359 43064.4594819329
25.11.2017 11:01:39 +00.16210E+00  2219 034046 1 00014659 00014519 131009 359 43064.459486088
25.11.2017 11:01:40 +00.16210E+00  2235 034046 1 00014660 00014519 131009 406 43064.459490787
25.11.2017 11:01:40 +00.16210E+00  2247 034046 1 00014661 00014519 131009 358 43064.4594949421
25.11.2017 11:01:40 +00.16210E+00  2264 034046 1 00014662 00014519 131009 359 43064.4594990856
25.11.2017 11:01:41 +00.16210E+00  2279 034046 1 00014663 00014519 131009 406 43064.4595037847
25.11.2017 11:01:41 +00.16210E+00  2295 034046 1 00014664 00014519 131009 359 43064.4595079398
25.11.2017 11:01:41 +00.16210E+00  2305 034046 1 00014665 00014519 131009 358 43064.4595120949
25.11.2017 11:01:42 +00.16210E+00  2328 034046 1 00014666 00014519 131009 406 43064.4595167824
25.11.2017 11:01:42 +00.16210E+00  2342 034046 1 00014667 00014519 131009 359 43064.4595209375
25.11.2017 11:01:42 +00.16211E+00  2365 034046 1 00014668 00014519 131009 359 43064.4595250926
25.11.2017 11:01:43 +00.16210E+00  2377 034046 1 00014669 00014519 131009 405 43064.4595297801
25.11.2017 11:01:43 +00.16210E+00  2400 034046 1 00014670 00014519 131009 359 43064.4595339352
25.11.2017 11:01:44 +00.16210E+00  2423 034046 1 00014671 00014519 131009 359 43064.4595380903
25.11.2017 11:01:44 +00.16210E+00  2437 034046 1 00014672 00014519 131009 405 43064.4595427894
25.11.2017 11:01:44 +00.16210E+00  2460 034046 1 00014673 00014519 131009 359 43064.4595469329
25.11.2017 11:01:45 +00.16210E+00  2477 034046 1 00014674 00014519 131009 359 43064.459551088
25.11.2017 11:01:45 +00.16211E+00  2493 034046 1 00014675 00014519 131009 406 43064.459555787
25.11.2017 11:01:45 +00.16211E+00  2512 034046 1 00014676 00014519 131009 358 43064.4595599421
25.11.2017 11:01:46 +00.16211E+00  2524 034046 1 00014677 00014519 131009 359 43064.4595640856
25.11.2017 11:01:46 +00.16210E+00  2542 034046 1 00014678 00014519 131009 406 43064.4595687847
25.11.2017 11:01:47 +00.16211E+00  2555 034046 1 00014679 00014519 131009 359 43064.4595729398
25.11.2017 11:01:52 +00.16220E+00  0013 034066 1 00014680 00014680 131009 359 43064.4596352315
25.11.2017 11:01:52 +00.16220E+00  0029 034066 1 00014681 00014680 131009 358 43064.4596393866
25.11.2017 11:01:53 +00.16220E+00  0044 034066 1 00014682 00014680 131009 375 43064.4596437153
25.11.2017 11:01:53 +00.16220E+00  0057 034066 1 00014683 00014680 131009 359 43064.4596478704
25.11.2017 11:01:53 +00.16220E+00  0068 034066 1 00014684 00014680 131009 358 43064.4596520255
25.11.2017 11:01:54 +00.16220E+00  0089 034066 1 00014685 00014680 131009 406 43064.459656713
25.11.2017 11:01:54 +00.16220E+00  0111 034066 1 00014686 00014680 131009 359 43064.4596608681
25.11.2017 11:01:55 +00.16220E+00  0122 034066 1 00014687 00014680 131009 359 43064.4596650231
25.11.2017 11:01:55 +00.16220E+00  0134 034066 1 00014688 00014680 131009 405 43064.4596697106
25.11.2017 11:01:55 +00.16220E+00  0149 034066 1 00014689 00014680 131009 359 43064.4596738657
25.11.2017 11:01:56 +00.16220E+00  0175 034066 1 00014690 00014680 131009 359 43064.4596780208
25.11.2017 11:01:56 +00.16220E+00  0188 034066 1 00014691 00014680 131009 405 43064.4596827199
25.11.2017 11:01:56 +00.16220E+00  0199 034066 1 00014692 00014680 131009 359 43064.4596868634
25.11.2017 11:01:57 +00.16220E+00  0208 034066 1 00014693 00014680 131009 359 43064.4596910185
25.11.2017 11:01:57 +00.16220E+00  0222 034066 1 00014694 00014680 131009 406 43064.4596957176
25.11.2017 11:01:58 +00.16220E+00  0236 034066 1 00014695 00014680 131009 358 43064.4596998727
25.11.2017 11:01:58 +00.16220E+00  0249 034066 1 00014696 00014680 131009 359 43064.4597040162
25.11.2017 11:01:58 +00.16220E+00  0261 034066 1 00014697 00014680 131009 406 43064.4597087153
25.11.2017 11:01:59 +00.16220E+00  0276 034066 1 00014698 00014680 131009 359 43064.4597128704
25.11.2017 11:01:59 +00.16220E+00  0298 034066 1 00014699 00014680 131009 358 43064.4597170255
25.11.2017 11:01:59 +00.16220E+00  0314 034066 1 00014700 00014680 131009 406 43064.459721713
25.11.2017 11:02:00 +00.16220E+00  0332 034066 1 00014701 00014680 131009 359 43064.4597258681
25.11.2017 11:02:00 +00.16220E+00  0349 034066 1 00014702 00014680 131009 359 43064.4597300231
25.11.2017 11:02:01 +00.16220E+00  0371 034066 1 00014703 00014680 131009 405 43064.4597347106
25.11.2017 11:02:01 +00.16220E+00  0379 034066 1 00014704 00014680 131009 359 43064.4597388657
25.11.2017 11:02:01 +00.16220E+00  0390 034066 1 00014705 00014680 131009 359 43064.4597430208
25.11.2017 11:02:02 +00.16220E+00  0403 034066 1 00014706 00014680 131009 405 43064.4597477199
25.11.2017 11:02:02 +00.16220E+00  0418 034066 1 00014707 00014680 131009 359 43064.4597518634
25.11.2017 11:02:02 +00.16220E+00  0435 034066 1 00014708 00014680 131009 359 43064.4597560185
25.11.2017 11:02:03 +00.16220E+00  0451 034066 1 00014709 00014680 131009 406 43064.4597607176
25.11.2017 11:02:03 +00.16220E+00  0468 034066 1 00014710 00014680 131009 358 43064.4597648727
25.11.2017 11:02:04 +00.16220E+00  0478 034066 1 00014711 00014680 131009 359 43064.4597690162
25.11.2017 11:02:04 +00.16220E+00  0498 034066 1 00014712 00014680 131009 406 43064.4597737153
25.11.2017 11:02:04 +00.16220E+00  0515 034066 1 00014713 00014680 131009 359 43064.4597778704
25.11.2017 11:02:05 +00.16220E+00  0528 034066 1 00014714 00014680 131009 358 43064.4597820255
25.11.2017 11:02:05 +00.16220E+00  0538 034066 1 00014715 00014680 131009 406 43064.459786713
25.11.2017 11:02:05 +00.16220E+00  0548 034066 1 00014716 00014680 131009 359 43064.4597908681
25.11.2017 11:02:06 +00.16220E+00  0559 034066 1 00014717 00014680 131009 359 43064.4597950231
25.11.2017 11:02:06 +00.16220E+00  0573 034066 1 00014718 00014680 131009 405 43064.4597997106
25.11.2017 11:02:07 +00.16220E+00  0597 034066 1 00014719 00014680 131009 359 43064.4598038657
25.11.2017 11:02:07 +00.16220E+00  0608 034066 1 00014720 00014680 131009 359 43064.4598080208
25.11.2017 11:02:07 +00.16220E+00  0623 034066 1 00014721 00014680 131009 405 43064.4598127199
25.11.2017 11:02:08 +00.16220E+00  0642 034066 1 00014722 00014680 131009 359 43064.4598168634
25.11.2017 11:02:08 +00.16220E+00  0653 034066 1 00014723 00014680 131009 359 43064.4598210185
25.11.2017 11:02:08 +00.16220E+00  0663 034066 1 00014724 00014680 131009 406 43064.4598257176
25.11.2017 11:02:09 +00.16220E+00  0688 034066 1 00014725 00014680 131009 358 43064.4598298727
25.11.2017 11:02:09 +00.16220E+00  0699 034066 1 00014726 00014680 131009 359 43064.4598340162
25.11.2017 11:02:10 +00.16220E+00  0712 034066 1 00014727 00014680 131009 406 43064.4598387153
25.11.2017 11:02:10 +00.16220E+00  0728 034066 1 00014728 00014680 131009 359 43064.4598428704
25.11.2017 11:02:10 +00.16220E+00  0749 034066 1 00014729 00014680 131009 358 43064.4598470255
25.11.2017 11:02:11 +00.16220E+00  0760 034066 1 00014730 00014680 131009 406 43064.459851713
25.11.2017 11:02:11 +00.16220E+00  0779 034066 1 00014731 00014680 131009 359 43064.4598558681
25.11.2017 11:02:11 +00.16220E+00  0799 034066 1 00014732 00014680 131009 359 43064.4598600231
25.11.2017 11:02:12 +00.16220E+00  0816 034066 1 00014733 00014680 131009 421 43064.4598648958
25.11.2017 11:02:12 +00.16220E+00  0833 034066 1 00014734 00014680 131009 359 43064.4598690509
25.11.2017 11:02:13 +00.16220E+00  0844 034066 1 00014735 00014680 131009 358 43064.459873206
25.11.2017 11:02:13 +00.16220E+00  0857 034066 1 00014736 00014680 131009 406 43064.4598778935
25.11.2017 11:02:13 +00.16220E+00  0873 034066 1 00014737 00014680 131009 359 43064.4598820486
25.11.2017 11:02:14 +00.16220E+00  0884 034066 1 00014738 00014680 131009 359 43064.4598862037
25.11.2017 11:02:14 +00.16220E+00  0904 034066 1 00014739 00014680 131009 405 43064.4598908912
25.11.2017 11:02:14 +00.16220E+00  0921 034066 1 00014740 00014680 131009 359 43064.4598950463
25.11.2017 11:02:15 +00.16220E+00  0941 034066 1 00014741 00014680 131009 359 43064.4598992014
25.11.2017 11:02:15 +00.16220E+00  0954 034066 1 00014742 00014680 131009 405 43064.4599039005
25.11.2017 11:02:16 +00.16220E+00  0969 034066 1 00014743 00014680 131009 359 43064.459908044
25.11.2017 11:02:16 +00.16220E+00  0983 034066 1 00014744 00014680 131009 359 43064.4599121991
25.11.2017 11:02:16 +00.16220E+00  0996 034066 1 00014745 00014680 131009 406 43064.4599168982
25.11.2017 11:02:17 +00.16220E+00  1008 034066 1 00014746 00014680 131009 358 43064.4599210532
25.11.2017 11:02:17 +00.16220E+00  1031 034066 1 00014747 00014680 131009 359 43064.4599251968
25.11.2017 11:02:17 +00.16220E+00  1039 034066 1 00014748 00014680 131009 406 43064.4599298958
25.11.2017 11:02:18 +00.16220E+00  1058 034066 1 00014749 00014680 131009 359 43064.4599340509
25.11.2017 11:02:18 +00.16220E+00  1076 034066 1 00014750 00014680 131009 358 43064.459938206
25.11.2017 11:02:19 +00.16220E+00  1094 034066 1 00014751 00014680 131009 406 43064.4599428935
25.11.2017 11:02:19 +00.16220E+00  1112 034066 1 00014752 00014680 131009 359 43064.4599470486
25.11.2017 11:02:19 +00.16220E+00  1131 034066 1 00014753 00014680 131009 359 43064.4599512037
25.11.2017 11:02:20 +00.16220E+00  1148 034066 1 00014754 00014680 131009 405 43064.4599558912
25.11.2017 11:02:20 +00.16220E+00  1161 034066 1 00014755 00014680 131009 359 43064.4599600463
25.11.2017 11:02:20 +00.16220E+00  1178 034066 1 00014756 00014680 131009 359 43064.4599642014
25.11.2017 11:02:21 +00.16220E+00  1197 034066 1 00014757 00014680 131009 405 43064.4599689005
25.11.2017 11:02:21 +00.16220E+00  1215 034066 1 00014758 00014680 131009 359 43064.459973044
25.11.2017 11:02:22 +00.16220E+00  1232 034066 1 00014759 00014680 131009 359 43064.4599771991
25.11.2017 11:02:22 +00.16220E+00  1247 034066 1 00014760 00014680 131009 406 43064.4599818982
25.11.2017 11:02:22 +00.16220E+00  1264 034066 1 00014761 00014680 131009 358 43064.4599860532
25.11.2017 11:02:23 +00.16220E+00  1275 034066 1 00014762 00014680 131009 359 43064.4599901968
25.11.2017 11:02:23 +00.16220E+00  1288 034066 1 00014763 00014680 131009 406 43064.4599948958
25.11.2017 11:02:23 +00.16220E+00  1302 034066 1 00014764 00014680 131009 359 43064.4599990509
25.11.2017 11:02:24 +00.16220E+00  1320 034066 1 00014765 00014680 131009 358 43064.460003206
25.11.2017 11:02:24 +00.16220E+00  1335 034066 1 00014766 00014680 131009 406 43064.4600078935
25.11.2017 11:02:25 +00.16220E+00  1352 034066 1 00014767 00014680 131009 359 43064.4600120486
25.11.2017 11:02:25 +00.16220E+00  1365 034066 1 00014768 00014680 131009 359 43064.4600162037
25.11.2017 11:02:25 +00.16220E+00  1378 034066 1 00014769 00014680 131009 405 43064.4600208912
25.11.2017 11:02:26 +00.16220E+00  1391 034066 1 00014770 00014680 131009 359 43064.4600250463
25.11.2017 11:02:26 +00.16220E+00  1410 034066 1 00014771 00014680 131009 359 43064.4600292014
25.11.2017 11:02:26 +00.16220E+00  1426 034066 1 00014772 00014680 131009 405 43064.4600339005
25.11.2017 11:02:27 +00.16220E+00  1434 034066 1 00014773 00014680 131009 359 43064.460038044
25.11.2017 11:02:27 +00.16220E+00  1446 034066 1 00014774 00014680 131009 359 43064.4600421991
25.11.2017 11:02:28 +00.16220E+00  1453 034066 1 00014775 00014680 131009 406 43064.4600468982
25.11.2017 11:02:28 +00.16220E+00  1471 034066 1 00014776 00014680 131009 358 43064.4600510532
25.11.2017 11:02:28 +00.16220E+00  1492 034066 1 00014777 00014680 131009 359 43064.4600551968
25.11.2017 11:02:29 +00.16220E+00  1510 034066 1 00014778 00014680 131009 406 43064.4600598958
25.11.2017 11:02:29 +00.16220E+00  1527 034066 1 00014779 00014680 131009 359 43064.4600640509
25.11.2017 11:02:29 +00.16220E+00  1542 034066 1 00014780 00014680 131009 358 43064.460068206
25.11.2017 11:02:30 +00.16220E+00  1562 034066 1 00014781 00014680 131009 406 43064.4600728935
25.11.2017 11:02:30 +00.16220E+00  1589 034066 1 00014782 00014680 131009 359 43064.4600770486
25.11.2017 11:02:31 +00.16220E+00  1614 034066 1 00014783 00014680 131009 359 43064.4600812037
25.11.2017 11:02:31 +00.16220E+00  1627 034066 1 00014784 00014680 131009 405 43064.4600858912
25.11.2017 11:02:31 +00.16220E+00  1652 034066 1 00014785 00014680 131009 359 43064.4600900463
25.11.2017 11:02:32 +00.16220E+00  1668 034066 1 00014786 00014680 131009 359 43064.4600942014
25.11.2017 11:02:32 +00.16220E+00  1692 034066 1 00014787 00014680 131009 405 43064.4600989005
25.11.2017 11:02:32 +00.16220E+00  1703 034066 1 00014788 00014680 131009 359 43064.460103044
25.11.2017 11:02:33 +00.16220E+00  1722 034066 1 00014789 00014680 131009 359 43064.4601071991
25.11.2017 11:02:33 +00.16220E+00  1734 034066 1 00014790 00014680 131009 421 43064.4601120718
25.11.2017 11:02:34 +00.16220E+00  1756 034066 1 00014791 00014680 131009 359 43064.4601162269
25.11.2017 11:02:34 +00.16220E+00  1767 034066 1 00014792 00014680 131009 359 43064.4601203819
25.11.2017 11:02:34 +00.16220E+00  1782 034066 1 00014793 00014680 131009 405 43064.460125081
25.11.2017 11:02:35 +00.16220E+00  1806 034066 1 00014794 00014680 131009 359 43064.4601292245
25.11.2017 11:02:35 +00.16220E+00  1826 034066 1 00014795 00014680 131009 359 43064.4601333796
25.11.2017 11:02:35 +00.16220E+00  1845 034066 1 00014796 00014680 131009 406 43064.4601380787
25.11.2017 11:02:36 +00.16220E+00  1863 034066 1 00014797 00014680 131009 358 43064.4601422338
25.11.2017 11:02:36 +00.16220E+00  1877 034066 1 00014798 00014680 131009 359 43064.4601463773
25.11.2017 11:02:37 +00.16220E+00  1890 034066 1 00014799 00014680 131009 406 43064.4601510764
25.11.2017 11:02:37 +00.16220E+00  1902 034066 1 00014800 00014680 131009 359 43064.4601552315
25.11.2017 11:02:37 +00.16220E+00  1924 034066 1 00014801 00014680 131009 358 43064.4601593866
25.11.2017 11:02:38 +00.16220E+00  1942 034066 1 00014802 00014680 131009 406 43064.4601640741
25.11.2017 11:02:38 +00.16220E+00  1957 034066 1 00014803 00014680 131009 359 43064.4601682292
25.11.2017 11:02:38 +00.16220E+00  1968 034066 1 00014804 00014680 131009 359 43064.4601723843
25.11.2017 11:02:39 +00.16220E+00  1978 034066 1 00014805 00014680 131009 405 43064.4601770718
25.11.2017 11:02:39 +00.16220E+00  1997 034066 1 00014806 00014680 131009 359 43064.4601812269
25.11.2017 11:02:40 +00.16220E+00  2016 034066 1 00014807 00014680 131009 359 43064.4601853819
25.11.2017 11:02:40 +00.16220E+00  2029 034066 1 00014808 00014680 131009 405 43064.460190081
25.11.2017 11:02:40 +00.16220E+00  2041 034066 1 00014809 00014680 131009 359 43064.4601942245
25.11.2017 11:02:41 +00.16220E+00  2063 034066 1 00014810 00014680 131009 359 43064.4601983796
25.11.2017 11:02:41 +00.16220E+00  2072 034066 1 00014811 00014680 131009 406 43064.4602030787
25.11.2017 11:02:41 +00.16220E+00  2083 034066 1 00014812 00014680 131009 358 43064.4602072338
25.11.2017 11:02:42 +00.16220E+00  2098 034066 1 00014813 00014680 131009 359 43064.4602113773
25.11.2017 11:02:42 +00.16220E+00  2117 034066 1 00014814 00014680 131009 406 43064.4602160764
25.11.2017 11:02:43 +00.16220E+00  2131 034066 1 00014815 00014680 131009 359 43064.4602202315
25.11.2017 11:02:43 +00.16220E+00  2144 034066 1 00014816 00014680 131009 358 43064.4602243866
25.11.2017 11:02:43 +00.16220E+00  2156 034066 1 00014817 00014680 131009 406 43064.4602290741
25.11.2017 11:02:44 +00.16220E+00  2168 034066 1 00014818 00014680 131009 359 43064.4602332292
25.11.2017 11:02:44 +00.16220E+00  2182 034066 1 00014819 00014680 131009 359 43064.4602373843
25.11.2017 11:02:44 +00.16220E+00  2198 034066 1 00014820 00014680 131009 405 43064.4602420718
25.11.2017 11:02:45 +00.16220E+00  2218 034066 1 00014821 00014680 131009 359 43064.4602462269
25.11.2017 11:02:45 +00.16220E+00  2237 034066 1 00014822 00014680 131009 359 43064.4602503819
25.11.2017 11:02:46 +00.16220E+00  2249 034066 1 00014823 00014680 131009 405 43064.460255081
25.11.2017 11:02:46 +00.16220E+00  2265 034066 1 00014824 00014680 131009 359 43064.4602592245
25.11.2017 11:02:46 +00.16220E+00  2284 034066 1 00014825 00014680 131009 359 43064.4602633796
25.11.2017 11:02:47 +00.16220E+00  2304 034066 1 00014826 00014680 131009 406 43064.4602680787
25.11.2017 11:02:47 +00.16220E+00  2319 034066 1 00014827 00014680 131009 358 43064.4602722338
25.11.2017 11:02:47 +00.16220E+00  2331 034066 1 00014828 00014680 131009 359 43064.4602763773
25.11.2017 11:02:48 +00.16220E+00  2351 034066 1 00014829 00014680 131009 406 43064.4602810764
25.11.2017 11:02:48 +00.16220E+00  2379 034066 1 00014830 00014680 131009 359 43064.4602852315
25.11.2017 11:02:49 +00.16220E+00  2397 034066 1 00014831 00014680 131009 358 43064.4602893866
25.11.2017 11:02:49 +00.16220E+00  2408 034066 1 00014832 00014680 131009 406 43064.4602940741
25.11.2017 11:02:49 +00.16220E+00  2425 034066 1 00014833 00014680 131009 359 43064.4602982292
25.11.2017 11:02:50 +00.16220E+00  2440 034066 1 00014834 00014680 131009 359 43064.4603023843
25.11.2017 11:02:50 +00.16220E+00  2446 034066 1 00014835 00014680 131009 405 43064.4603070718
25.11.2017 11:02:50 +00.16220E+00  2463 034066 1 00014836 00014680 131009 359 43064.4603112269
25.11.2017 11:02:51 +00.16220E+00  2482 034066 1 00014837 00014680 131009 359 43064.4603153819
25.11.2017 11:02:51 +00.16220E+00  2507 034066 1 00014838 00014680 131009 405 43064.460320081
25.11.2017 11:02:52 +00.16220E+00  2531 034066 1 00014839 00014680 131009 359 43064.4603242245
25.11.2017 11:02:52 +00.16220E+00  2540 034066 1 00014840 00014680 131009 359 43064.4603283796
25.11.2017 11:02:57 +00.16230E+00  0014 034088 1 00014841 00014841 131009 422 43064.4603917593
25.11.2017 11:02:58 +00.16230E+00  0028 034088 1 00014842 00014841 131009 358 43064.4603959143
25.11.2017 11:02:58 +00.16230E+00  0043 034088 1 00014843 00014841 131009 359 43064.4604000579
25.11.2017 11:02:58 +00.16230E+00  0058 034088 1 00014844 00014841 131009 406 43064.4604047569
25.11.2017 11:02:59 +00.16230E+00  0073 034088 1 00014845 00014841 131009 359 43064.460408912
25.11.2017 11:02:59 +00.16230E+00  0094 034088 1 00014846 00014841 131009 358 43064.4604130671
25.11.2017 11:03:00 +00.16230E+00  0103 034088 1 00014847 00014841 131009 406 43064.4604177546
25.11.2017 11:03:00 +00.16230E+00  0114 034088 1 00014848 00014841 131009 359 43064.4604219097
25.11.2017 11:03:00 +00.16230E+00  0126 034088 1 00014849 00014841 131009 359 43064.4604260648
25.11.2017 11:03:01 +00.16230E+00  0146 034088 1 00014850 00014841 131009 405 43064.4604307523
25.11.2017 11:03:01 +00.16230E+00  0164 034088 1 00014851 00014841 131009 359 43064.4604349074
25.11.2017 11:03:01 +00.16230E+00  0173 034088 1 00014852 00014841 131009 359 43064.4604390625
25.11.2017 11:03:02 +00.16230E+00  0186 034088 1 00014853 00014841 131009 405 43064.4604437616
25.11.2017 11:03:02 +00.16231E+00  0202 034088 1 00014854 00014841 131009 359 43064.4604479051
25.11.2017 11:03:03 +00.16230E+00  0217 034086 1 00014855 00014841 131009 359 43064.4604520602
25.11.2017 11:03:03 +00.16230E+00  0232 034086 1 00014856 00014841 131009 406 43064.4604567593
25.11.2017 11:03:03 +00.16229E+00  0252 034086 1 00014857 00014841 131009 358 43064.4604609143
25.11.2017 11:03:04 +00.16230E+00  0268 034086 1 00014858 00014841 131009 359 43064.4604650579
25.11.2017 11:03:04 +00.16230E+00  0280 034086 1 00014859 00014841 131009 406 43064.4604697569
25.11.2017 11:03:04 +00.16229E+00  0292 034086 1 00014860 00014841 131009 359 43064.460473912
25.11.2017 11:03:05 +00.16230E+00  0313 034086 1 00014861 00014841 131009 358 43064.4604780671
25.11.2017 11:03:05 +00.16229E+00  0331 034086 1 00014862 00014841 131009 406 43064.4604827546
25.11.2017 11:03:06 +00.16229E+00  0340 034086 1 00014863 00014841 131009 359 43064.4604869097
25.11.2017 11:03:06 +00.16229E+00  0347 034086 1 00014864 00014841 131009 359 43064.4604910648
25.11.2017 11:03:06 +00.16229E+00  0362 034086 1 00014865 00014841 131009 405 43064.4604957523
25.11.2017 11:03:07 +00.16229E+00  0380 034086 1 00014866 00014841 131009 359 43064.4604999074
25.11.2017 11:03:07 +00.16229E+00  0397 034086 1 00014867 00014841 131009 359 43064.4605040625
25.11.2017 11:03:07 +00.16229E+00  0417 034086 1 00014868 00014841 131009 405 43064.4605087616
25.11.2017 11:03:08 +00.16229E+00  0436 034088 1 00014869 00014841 131009 359 43064.4605129051
25.11.2017 11:03:08 +00.16230E+00  0450 034088 1 00014870 00014841 131009 359 43064.4605170602
25.11.2017 11:03:09 +00.16230E+00  0469 034088 1 00014871 00014841 131009 406 43064.4605217593
25.11.2017 11:03:09 +00.16230E+00  0488 034088 1 00014872 00014841 131009 358 43064.4605259144
25.11.2017 11:03:09 +00.16230E+00  0506 034088 1 00014873 00014841 131009 359 43064.4605300579
25.11.2017 11:03:10 +00.16230E+00  0518 034088 1 00014874 00014841 131009 406 43064.4605347569
25.11.2017 11:03:10 +00.16230E+00  0535 034088 1 00014875 00014841 131009 359 43064.460538912
25.11.2017 11:03:10 +00.16230E+00  0551 034088 1 00014876 00014841 131009 358 43064.4605430671
25.11.2017 11:03:11 +00.16230E+00  0563 034088 1 00014877 00014841 131009 406 43064.4605477546
25.11.2017 11:03:11 +00.16230E+00  0576 034088 1 00014878 00014841 131009 359 43064.4605519097
25.11.2017 11:03:12 +00.16230E+00  0591 034088 1 00014879 00014841 131009 359 43064.4605560648
25.11.2017 11:03:12 +00.16230E+00  0611 034088 1 00014880 00014841 131009 405 43064.4605607523
25.11.2017 11:03:12 +00.16230E+00  0632 034088 1 00014881 00014841 131009 359 43064.4605649074
25.11.2017 11:03:13 +00.16230E+00  0646 034088 1 00014882 00014841 131009 359 43064.4605690625
25.11.2017 11:03:13 +00.16230E+00  0657 034088 1 00014883 00014841 131009 405 43064.4605737616
25.11.2017 11:03:13 +00.16231E+00  0667 034088 1 00014884 00014841 131009 359 43064.4605779051
25.11.2017 11:03:14 +00.16230E+00  0688 034088 1 00014885 00014841 131009 359 43064.4605820602
25.11.2017 11:03:14 +00.16230E+00  0703 034088 1 00014886 00014841 131009 406 43064.4605867593
25.11.2017 11:03:15 +00.16230E+00  0718 034088 1 00014887 00014841 131009 358 43064.4605909144
25.11.2017 11:03:15 +00.16230E+00  0734 034088 1 00014888 00014841 131009 359 43064.4605950579
25.11.2017 11:03:15 +00.16230E+00  0745 034088 1 00014889 00014841 131009 421 43064.4605999421
25.11.2017 11:03:16 +00.16230E+00  0767 034088 1 00014890 00014841 131009 359 43064.4606040856
25.11.2017 11:03:16 +00.16230E+00  0782 034088 1 00014891 00014841 131009 359 43064.4606082407
25.11.2017 11:03:16 +00.16231E+00  0796 034088 1 00014892 00014841 131009 406 43064.4606129398
25.11.2017 11:03:17 +00.16231E+00  0806 034088 1 00014893 00014841 131009 358 43064.4606170949
25.11.2017 11:03:17 +00.16230E+00  0824 034088 1 00014894 00014841 131009 359 43064.4606212384
25.11.2017 11:03:18 +00.16230E+00  0839 034088 1 00014895 00014841 131009 406 43064.4606259375
25.11.2017 11:03:18 +00.16230E+00  0849 034088 1 00014896 00014841 131009 359 43064.4606300926
25.11.2017 11:03:18 +00.16231E+00  0861 034088 1 00014897 00014841 131009 358 43064.4606342477
25.11.2017 11:03:19 +00.16230E+00  0873 034088 1 00014898 00014841 131009 406 43064.4606389352
25.11.2017 11:03:19 +00.16230E+00  0896 034088 1 00014899 00014841 131009 359 43064.4606430903
25.11.2017 11:03:19 +00.16230E+00  0906 034088 1 00014900 00014841 131009 359 43064.4606472454
25.11.2017 11:03:20 +00.16230E+00  0924 034088 1 00014901 00014841 131009 405 43064.4606519329
25.11.2017 11:03:20 +00.16230E+00  0938 034088 1 00014902 00014841 131009 359 43064.460656088
25.11.2017 11:03:21 +00.16230E+00  0954 034088 1 00014903 00014841 131009 359 43064.4606602431
25.11.2017 11:03:21 +00.16231E+00  0974 034088 1 00014904 00014841 131009 405 43064.4606649421
25.11.2017 11:03:21 +00.16230E+00  0989 034088 1 00014905 00014841 131009 359 43064.4606690856
25.11.2017 11:03:22 +00.16230E+00  1002 034088 1 00014906 00014841 131009 359 43064.4606732407
25.11.2017 11:03:22 +00.16230E+00  1015 034088 1 00014907 00014841 131009 406 43064.4606779398
25.11.2017 11:03:22 +00.16230E+00  1034 034088 1 00014908 00014841 131009 358 43064.4606820949
25.11.2017 11:03:23 +00.16230E+00  1052 034088 1 00014909 00014841 131009 359 43064.4606862384
25.11.2017 11:03:23 +00.16230E+00  1067 034088 1 00014910 00014841 131009 406 43064.4606909375
25.11.2017 11:03:24 +00.16230E+00  1083 034088 1 00014911 00014841 131009 359 43064.4606950926
25.11.2017 11:03:24 +00.16230E+00  1104 034088 1 00014912 00014841 131009 358 43064.4606992477
25.11.2017 11:03:24 +00.16230E+00  1119 034088 1 00014913 00014841 131009 406 43064.4607039352
25.11.2017 11:03:25 +00.16231E+00  1135 034088 1 00014914 00014841 131009 359 43064.4607080903
25.11.2017 11:03:25 +00.16230E+00  1154 034088 1 00014915 00014841 131009 359 43064.4607122454
25.11.2017 11:03:25 +00.16230E+00  1161 034088 1 00014916 00014841 131009 405 43064.4607169329
25.11.2017 11:03:26 +00.16230E+00  1179 034088 1 00014917 00014841 131009 359 43064.460721088
25.11.2017 11:03:26 +00.16230E+00  1189 034088 1 00014918 00014841 131009 359 43064.4607252431
25.11.2017 11:03:27 +00.16230E+00  1200 034088 1 00014919 00014841 131009 405 43064.4607299421
25.11.2017 11:03:27 +00.16231E+00  1214 034088 1 00014920 00014841 131009 359 43064.4607340856
25.11.2017 11:03:27 +00.16231E+00  1223 034088 1 00014921 00014841 131009 359 43064.4607382407
25.11.2017 11:03:28 +00.16231E+00  1236 034088 1 00014922 00014841 131009 406 43064.4607429398
25.11.2017 11:03:28 +00.16230E+00  1246 034088 1 00014923 00014841 131009 358 43064.4607470949
25.11.2017 11:03:28 +00.16230E+00  1264 034088 1 00014924 00014841 131009 359 43064.4607512384
25.11.2017 11:03:29 +00.16230E+00  1276 034088 1 00014925 00014841 131009 406 43064.4607559375
25.11.2017 11:03:29 +00.16231E+00  1293 034088 1 00014926 00014841 131009 359 43064.4607600926
25.11.2017 11:03:30 +00.16230E+00  1313 034088 1 00014927 00014841 131009 358 43064.4607642477
25.11.2017 11:03:30 +00.16230E+00  1334 034088 1 00014928 00014841 131009 406 43064.4607689352
25.11.2017 11:03:30 +00.16230E+00  1359 034088 1 00014929 00014841 131009 359 43064.4607730903
25.11.2017 11:03:31 +00.16231E+00  1376 034088 1 00014930 00014841 131009 359 43064.4607772454
25.11.2017 11:03:31 +00.16230E+00  1391 034088 1 00014931 00014841 131009 405 43064.4607819329
25.11.2017 11:03:31 +00.16231E+00  1406 034088 1 00014932 00014841 131009 359 43064.460786088
25.11.2017 11:03:32 +00.16230E+00  1424 034088 1 00014933 00014841 131009 359 43064.4607902431
25.11.2017 11:03:32 +00.16230E+00  1440 034088 1 00014934 00014841 131009 405 43064.4607949421
25.11.2017 11:03:33 +00.16230E+00  1461 034088 1 00014935 00014841 131009 359 43064.4607990856
25.11.2017 11:03:33 +00.16230E+00  1480 034088 1 00014936 00014841 131009 359 43064.4608032407
25.11.2017 11:03:33 +00.16231E+00  1496 034088 1 00014937 00014841 131009 406 43064.4608079398
25.11.2017 11:03:34 +00.16230E+00  1516 034086 1 00014938 00014841 131009 358 43064.4608120949
25.11.2017 11:03:34 +00.16230E+00  1533 034086 1 00014939 00014841 131009 359 43064.4608162384
25.11.2017 11:03:34 +00.16230E+00  1551 034086 1 00014940 00014841 131009 406 43064.4608209375
25.11.2017 11:03:35 +00.16229E+00  1567 034086 1 00014941 00014841 131009 359 43064.4608250926
25.11.2017 11:03:35 +00.16229E+00  1584 034086 1 00014942 00014841 131009 358 43064.4608292477
25.11.2017 11:03:36 +00.16229E+00  1595 034086 1 00014943 00014841 131009 406 43064.4608339352
25.11.2017 11:03:36 +00.16229E+00  1613 034086 1 00014944 00014841 131009 359 43064.4608380903
25.11.2017 11:03:36 +00.16229E+00  1625 034086 1 00014945 00014841 131009 359 43064.4608422454
25.11.2017 11:03:37 +00.16229E+00  1638 034086 1 00014946 00014841 131009 421 43064.4608471181
25.11.2017 11:03:37 +00.16229E+00  1657 034086 1 00014947 00014841 131009 359 43064.4608512732
25.11.2017 11:03:37 +00.16229E+00  1670 034086 1 00014948 00014841 131009 358 43064.4608554282
25.11.2017 11:03:38 +00.16229E+00  1678 034086 1 00014949 00014841 131009 406 43064.4608601157
25.11.2017 11:03:38 +00.16229E+00  1690 034086 1 00014950 00014841 131009 359 43064.4608642708
25.11.2017 11:03:39 +00.16229E+00  1708 034086 1 00014951 00014841 131009 359 43064.4608684259
25.11.2017 11:03:39 +00.16230E+00  1719 034088 1 00014952 00014841 131009 405 43064.4608731134
25.11.2017 11:03:39 +00.16230E+00  1737 034088 1 00014953 00014841 131009 359 43064.4608772685
25.11.2017 11:03:40 +00.16230E+00  1759 034088 1 00014954 00014841 131009 359 43064.4608814236
25.11.2017 11:03:40 +00.16230E+00  1780 034088 1 00014955 00014841 131009 405 43064.4608861227
25.11.2017 11:03:40 +00.16231E+00  1797 034088 1 00014956 00014841 131009 359 43064.4608902662
25.11.2017 11:03:41 +00.16230E+00  1814 034088 1 00014957 00014841 131009 359 43064.4608944213
25.11.2017 11:03:41 +00.16230E+00  1823 034088 1 00014958 00014841 131009 406 43064.4608991204
25.11.2017 11:03:42 +00.16230E+00  1847 034088 1 00014959 00014841 131009 358 43064.4609032755
25.11.2017 11:03:42 +00.16230E+00  1863 034088 1 00014960 00014841 131009 359 43064.460907419
25.11.2017 11:03:42 +00.16231E+00  1883 034088 1 00014961 00014841 131009 406 43064.4609121181
25.11.2017 11:03:43 +00.16230E+00  1894 034088 1 00014962 00014841 131009 359 43064.4609162732
25.11.2017 11:03:43 +00.16231E+00  1904 034088 1 00014963 00014841 131009 358 43064.4609204282
25.11.2017 11:03:43 +00.16230E+00  1914 034088 1 00014964 00014841 131009 406 43064.4609251157
25.11.2017 11:03:44 +00.16230E+00  1929 034088 1 00014965 00014841 131009 359 43064.4609292708
25.11.2017 11:03:44 +00.16231E+00  1945 034088 1 00014966 00014841 131009 359 43064.4609334259
25.11.2017 11:03:45 +00.16230E+00  1966 034088 1 00014967 00014841 131009 405 43064.4609381134
25.11.2017 11:03:45 +00.16230E+00  1976 034088 1 00014968 00014841 131009 359 43064.4609422685
25.11.2017 11:03:45 +00.16230E+00  1988 034088 1 00014969 00014841 131009 359 43064.4609464236
25.11.2017 11:03:46 +00.16230E+00  2003 034088 1 00014970 00014841 131009 405 43064.4609511227
25.11.2017 11:03:46 +00.16230E+00  2025 034088 1 00014971 00014841 131009 359 43064.4609552662
25.11.2017 11:03:46 +00.16230E+00  2045 034088 1 00014972 00014841 131009 359 43064.4609594213
25.11.2017 11:03:47 +00.16230E+00  2055 034088 1 00014973 00014841 131009 406 43064.4609641204
25.11.2017 11:03:47 +00.16231E+00  2073 034088 1 00014974 00014841 131009 358 43064.4609682755
25.11.2017 11:03:48 +00.16230E+00  2086 034088 1 00014975 00014841 131009 359 43064.460972419
25.11.2017 11:03:48 +00.16230E+00  2101 034088 1 00014976 00014841 131009 406 43064.4609771181
25.11.2017 11:03:48 +00.16230E+00  2108 034088 1 00014977 00014841 131009 359 43064.4609812732
25.11.2017 11:03:49 +00.16230E+00  2120 034088 1 00014978 00014841 131009 358 43064.4609854282
25.11.2017 11:03:49 +00.16230E+00  2131 034088 1 00014979 00014841 131009 406 43064.4609901157
25.11.2017 11:03:49 +00.16230E+00  2145 034088 1 00014980 00014841 131009 359 43064.4609942708
25.11.2017 11:03:50 +00.16230E+00  2164 034088 1 00014981 00014841 131009 359 43064.4609984259
25.11.2017 11:03:50 +00.16231E+00  2176 034088 1 00014982 00014841 131009 405 43064.4610031134
25.11.2017 11:03:51 +00.16231E+00  2188 034088 1 00014983 00014841 131009 359 43064.4610072685
25.11.2017 11:03:51 +00.16231E+00  2198 034088 1 00014984 00014841 131009 359 43064.4610114236
25.11.2017 11:03:51 +00.16230E+00  2214 034088 1 00014985 00014841 131009 405 43064.4610161227
25.11.2017 11:03:52 +00.16230E+00  2228 034088 1 00014986 00014841 131009 359 43064.4610202662
25.11.2017 11:03:52 +00.16230E+00  2245 034088 1 00014987 00014841 131009 359 43064.4610244213
25.11.2017 11:03:52 +00.16230E+00  2266 034088 1 00014988 00014841 131009 406 43064.4610291204
25.11.2017 11:03:53 +00.16230E+00  2277 034088 1 00014989 00014841 131009 358 43064.4610332755
25.11.2017 11:03:53 +00.16230E+00  2286 034088 1 00014990 00014841 131009 359 43064.461037419
25.11.2017 11:03:54 +00.16230E+00  2296 034088 1 00014991 00014841 131009 406 43064.4610421181
25.11.2017 11:03:54 +00.16230E+00  2313 034088 1 00014992 00014841 131009 359 43064.4610462732
25.11.2017 11:03:54 +00.16230E+00  2330 034088 1 00014993 00014841 131009 358 43064.4610504282
25.11.2017 11:03:55 +00.16230E+00  2351 034088 1 00014994 00014841 131009 406 43064.4610551157
25.11.2017 11:03:55 +00.16230E+00  2370 034088 1 00014995 00014841 131009 359 43064.4610592708
25.11.2017 11:03:55 +00.16230E+00  2383 034088 1 00014996 00014841 131009 359 43064.4610634259
25.11.2017 11:03:56 +00.16231E+00  2403 034088 1 00014997 00014841 131009 405 43064.4610681134
25.11.2017 11:03:56 +00.16230E+00  2417 034088 1 00014998 00014841 131009 359 43064.4610722685
25.11.2017 11:03:57 +00.16230E+00  2432 034088 1 00014999 00014841 131009 359 43064.4610764236
25.11.2017 11:03:57 +00.16230E+00  2455 034088 1 00015000 00014841 131009 405 43064.4610811227
25.11.2017 11:03:57 +00.16230E+00  2473 034088 1 00015001 00014841 131009 359 43064.4610852662
25.11.2017 11:04:03 +00.16240E+00  0006 034108 1 00015002 00015002 131009 359 43064.4611475579
25.11.2017 11:04:03 +00.16240E+00  0019 034108 1 00015003 00015002 131009 359 43064.461151713
25.11.2017 11:04:03 +00.16240E+00  0032 034108 1 00015004 00015002 131009 374 43064.4611560532
25.11.2017 11:04:04 +00.16240E+00  0050 034108 1 00015005 00015002 131009 359 43064.4611601968
25.11.2017 11:04:04 +00.16240E+00  0068 034108 1 00015006 00015002 131009 359 43064.4611643519
25.11.2017 11:04:05 +00.16240E+00  0086 034108 1 00015007 00015002 131009 406 43064.4611690509
25.11.2017 11:04:05 +00.16240E+00  0101 034108 1 00015008 00015002 131009 358 43064.461173206
25.11.2017 11:04:05 +00.16240E+00  0125 034108 1 00015009 00015002 131009 359 43064.4611773495
25.11.2017 11:04:06 +00.16240E+00  0140 034108 1 00015010 00015002 131009 406 43064.4611820486
25.11.2017 11:04:06 +00.16240E+00  0159 034108 1 00015011 00015002 131009 359 43064.4611862037
25.11.2017 11:04:06 +00.16240E+00  0174 034108 1 00015012 00015002 131009 358 43064.4611903588
25.11.2017 11:04:07 +00.16240E+00  0185 034108 1 00015013 00015002 131009 406 43064.4611950463
25.11.2017 11:04:07 +00.16240E+00  0206 034108 1 00015014 00015002 131009 359 43064.4611992014
25.11.2017 11:04:07 +00.16240E+00  0216 034108 1 00015015 00015002 131009 359 43064.4612033565
25.11.2017 11:04:08 +00.16240E+00  0231 034108 1 00015016 00015002 131009 405 43064.461208044
25.11.2017 11:04:08 +00.16240E+00  0245 034108 1 00015017 00015002 131009 359 43064.4612121991
25.11.2017 11:04:09 +00.16240E+00  0255 034108 1 00015018 00015002 131009 359 43064.4612163542
25.11.2017 11:04:09 +00.16240E+00  0270 034108 1 00015019 00015002 131009 405 43064.4612210532
25.11.2017 11:04:09 +00.16240E+00  0286 034108 1 00015020 00015002 131009 359 43064.4612251968
25.11.2017 11:04:10 +00.16240E+00  0304 034108 1 00015021 00015002 131009 359 43064.4612293519
25.11.2017 11:04:10 +00.16240E+00  0314 034108 1 00015022 00015002 131009 406 43064.4612340509
25.11.2017 11:04:10 +00.16240E+00  0326 034108 1 00015023 00015002 131009 358 43064.461238206
25.11.2017 11:04:11 +00.16240E+00  0344 034108 1 00015024 00015002 131009 359 43064.4612423495
25.11.2017 11:04:11 +00.16240E+00  0358 034108 1 00015025 00015002 131009 406 43064.4612470486
25.11.2017 11:04:12 +00.16240E+00  0376 034108 1 00015026 00015002 131009 359 43064.4612512037
25.11.2017 11:04:12 +00.16240E+00  0395 034108 1 00015027 00015002 131009 358 43064.4612553588
25.11.2017 11:04:12 +00.16240E+00  0405 034108 1 00015028 00015002 131009 406 43064.4612600463
25.11.2017 11:04:13 +00.16240E+00  0420 034108 1 00015029 00015002 131009 359 43064.4612642014
25.11.2017 11:04:13 +00.16240E+00  0434 034108 1 00015030 00015002 131009 359 43064.4612683565
25.11.2017 11:04:13 +00.16240E+00  0452 034108 1 00015031 00015002 131009 405 43064.461273044
25.11.2017 11:04:14 +00.16240E+00  0472 034108 1 00015032 00015002 131009 359 43064.4612771991
25.11.2017 11:04:14 +00.16240E+00  0488 034108 1 00015033 00015002 131009 359 43064.4612813542
25.11.2017 11:04:15 +00.16240E+00  0503 034108 1 00015034 00015002 131009 405 43064.4612860532
25.11.2017 11:04:15 +00.16240E+00  0516 034108 1 00015035 00015002 131009 359 43064.4612901968
25.11.2017 11:04:15 +00.16240E+00  0532 034108 1 00015036 00015002 131009 359 43064.4612943519
25.11.2017 11:04:16 +00.16240E+00  0543 034108 1 00015037 00015002 131009 406 43064.4612990509
25.11.2017 11:04:16 +00.16240E+00  0552 034108 1 00015038 00015002 131009 358 43064.461303206
25.11.2017 11:04:16 +00.16240E+00  0561 034108 1 00015039 00015002 131009 359 43064.4613073495
25.11.2017 11:04:17 +00.16240E+00  0580 034108 1 00015040 00015002 131009 406 43064.4613120486
25.11.2017 11:04:17 +00.16240E+00  0598 034108 1 00015041 00015002 131009 359 43064.4613162037
25.11.2017 11:04:18 +00.16240E+00  0611 034108 1 00015042 00015002 131009 358 43064.4613203588
25.11.2017 11:04:18 +00.16240E+00  0619 034108 1 00015043 00015002 131009 406 43064.4613250463
25.11.2017 11:04:18 +00.16240E+00  0635 034108 1 00015044 00015002 131009 359 43064.4613292014
25.11.2017 11:04:19 +00.16240E+00  0653 034108 1 00015045 00015002 131009 359 43064.4613333565
25.11.2017 11:04:19 +00.16240E+00  0673 034108 1 00015046 00015002 131009 405 43064.461338044
25.11.2017 11:04:19 +00.16240E+00  0688 034108 1 00015047 00015002 131009 359 43064.4613421991
25.11.2017 11:04:20 +00.16240E+00  0706 034108 1 00015048 00015002 131009 359 43064.4613463542
25.11.2017 11:04:20 +00.16240E+00  0720 034108 1 00015049 00015002 131009 421 43064.4613512269
25.11.2017 11:04:21 +00.16240E+00  0732 034108 1 00015050 00015002 131009 359 43064.4613553819
25.11.2017 11:04:21 +00.16240E+00  0758 034108 1 00015051 00015002 131009 359 43064.461359537
25.11.2017 11:04:21 +00.16240E+00  0771 034108 1 00015052 00015002 131009 405 43064.4613642245
25.11.2017 11:04:22 +00.16240E+00  0783 034108 1 00015053 00015002 131009 359 43064.4613683796
25.11.2017 11:04:22 +00.16240E+00  0797 034108 1 00015054 00015002 131009 359 43064.4613725347
25.11.2017 11:04:22 +00.16240E+00  0811 034108 1 00015055 00015002 131009 405 43064.4613772338
25.11.2017 11:04:23 +00.16240E+00  0822 034108 1 00015056 00015002 131009 359 43064.4613813773
25.11.2017 11:04:23 +00.16240E+00  0843 034108 1 00015057 00015002 131009 359 43064.4613855324
25.11.2017 11:04:24 +00.16240E+00  0860 034108 1 00015058 00015002 131009 406 43064.4613902315
25.11.2017 11:04:24 +00.16240E+00  0872 034108 1 00015059 00015002 131009 358 43064.4613943866
25.11.2017 11:04:24 +00.16240E+00  0890 034108 1 00015060 00015002 131009 359 43064.4613985301
25.11.2017 11:04:25 +00.16240E+00  0906 034108 1 00015061 00015002 131009 406 43064.4614032292
25.11.2017 11:04:25 +00.16240E+00  0918 034108 1 00015062 00015002 131009 359 43064.4614073843
25.11.2017 11:04:25 +00.16240E+00  0934 034108 1 00015063 00015002 131009 358 43064.4614115393
25.11.2017 11:04:26 +00.16240E+00  0944 034108 1 00015064 00015002 131009 406 43064.4614162269
25.11.2017 11:04:26 +00.16239E+00  0958 034108 1 00015065 00015002 131009 359 43064.4614203819
25.11.2017 11:04:27 +00.16240E+00  0970 034108 1 00015066 00015002 131009 359 43064.461424537
25.11.2017 11:04:27 +00.16240E+00  0980 034108 1 00015067 00015002 131009 405 43064.4614292245
25.11.2017 11:04:27 +00.16240E+00  1003 034108 1 00015068 00015002 131009 359 43064.4614333796
25.11.2017 11:04:28 +00.16240E+00  1020 034108 1 00015069 00015002 131009 359 43064.4614375347
25.11.2017 11:04:28 +00.16240E+00  1042 034108 1 00015070 00015002 131009 405 43064.4614422338
25.11.2017 11:04:28 +00.16240E+00  1062 034108 1 00015071 00015002 131009 359 43064.4614463773
25.11.2017 11:04:29 +00.16240E+00  1077 034108 1 00015072 00015002 131009 359 43064.4614505324
25.11.2017 11:04:29 +00.16240E+00  1091 034108 1 00015073 00015002 131009 406 43064.4614552315
25.11.2017 11:04:30 +00.16240E+00  1102 034108 1 00015074 00015002 131009 358 43064.4614593866
25.11.2017 11:04:30 +00.16240E+00  1119 034108 1 00015075 00015002 131009 359 43064.4614635301
25.11.2017 11:04:30 +00.16240E+00  1138 034108 1 00015076 00015002 131009 406 43064.4614682292
25.11.2017 11:04:31 +00.16240E+00  1150 034108 1 00015077 00015002 131009 359 43064.4614723843
25.11.2017 11:04:31 +00.16240E+00  1165 034108 1 00015078 00015002 131009 358 43064.4614765393
25.11.2017 11:04:31 +00.16240E+00  1177 034108 1 00015079 00015002 131009 406 43064.4614812268
25.11.2017 11:04:32 +00.16240E+00  1195 034108 1 00015080 00015002 131009 359 43064.4614853819
25.11.2017 11:04:32 +00.16240E+00  1205 034108 1 00015081 00015002 131009 359 43064.461489537
25.11.2017 11:04:33 +00.16240E+00  1218 034108 1 00015082 00015002 131009 405 43064.4614942245
25.11.2017 11:04:33 +00.16240E+00  1239 034108 1 00015083 00015002 131009 359 43064.4614983796
25.11.2017 11:04:33 +00.16240E+00  1257 034108 1 00015084 00015002 131009 359 43064.4615025347
25.11.2017 11:04:34 +00.16240E+00  1271 034108 1 00015085 00015002 131009 405 43064.4615072338
25.11.2017 11:04:34 +00.16240E+00  1290 034108 1 00015086 00015002 131009 359 43064.4615113773
25.11.2017 11:04:34 +00.16240E+00  1305 034108 1 00015087 00015002 131009 359 43064.4615155324
25.11.2017 11:04:35 +00.16240E+00  1318 034108 1 00015088 00015002 131009 406 43064.4615202315
25.11.2017 11:04:35 +00.16240E+00  1336 034108 1 00015089 00015002 131009 358 43064.4615243866
25.11.2017 11:04:36 +00.16240E+00  1351 034108 1 00015090 00015002 131009 359 43064.4615285301
25.11.2017 11:04:36 +00.16240E+00  1363 034108 1 00015091 00015002 131009 406 43064.4615332292
25.11.2017 11:04:36 +00.16240E+00  1378 034108 1 00015092 00015002 131009 359 43064.4615373843
25.11.2017 11:04:37 +00.16240E+00  1392 034108 1 00015093 00015002 131009 358 43064.4615415393
25.11.2017 11:04:37 +00.16240E+00  1408 034108 1 00015094 00015002 131009 406 43064.4615462268
25.11.2017 11:04:37 +00.16240E+00  1422 034108 1 00015095 00015002 131009 359 43064.4615503819
25.11.2017 11:04:38 +00.16240E+00  1436 034108 1 00015096 00015002 131009 359 43064.461554537
25.11.2017 11:04:38 +00.16240E+00  1457 034108 1 00015097 00015002 131009 405 43064.4615592245
25.11.2017 11:04:39 +00.16240E+00  1470 034108 1 00015098 00015002 131009 359 43064.4615633796
25.11.2017 11:04:39 +00.16240E+00  1484 034108 1 00015099 00015002 131009 359 43064.4615675347
25.11.2017 11:04:39 +00.16240E+00  1500 034108 1 00015100 00015002 131009 405 43064.4615722338
25.11.2017 11:04:40 +00.16240E+00  1515 034108 1 00015101 00015002 131009 359 43064.4615763773
25.11.2017 11:04:40 +00.16240E+00  1537 034108 1 00015102 00015002 131009 359 43064.4615805324
25.11.2017 11:04:40 +00.16240E+00  1551 034108 1 00015103 00015002 131009 406 43064.4615852315
25.11.2017 11:04:41 +00.16240E+00  1569 034108 1 00015104 00015002 131009 358 43064.4615893866
25.11.2017 11:04:41 +00.16240E+00  1584 034108 1 00015105 00015002 131009 359 43064.4615935301
25.11.2017 11:04:42 +00.16240E+00  1599 034108 1 00015106 00015002 131009 421 43064.4615984144
25.11.2017 11:04:42 +00.16240E+00  1622 034108 1 00015107 00015002 131009 359 43064.4616025579
25.11.2017 11:04:42 +00.16240E+00  1632 034108 1 00015108 00015002 131009 359 43064.461606713
25.11.2017 11:04:43 +00.16240E+00  1644 034108 1 00015109 00015002 131009 406 43064.461611412
25.11.2017 11:04:43 +00.16240E+00  1662 034108 1 00015110 00015002 131009 358 43064.4616155671
25.11.2017 11:04:43 +00.16240E+00  1680 034108 1 00015111 00015002 131009 359 43064.4616197107
25.11.2017 11:04:44 +00.16240E+00  1692 034108 1 00015112 00015002 131009 406 43064.4616244097
25.11.2017 11:04:44 +00.16240E+00  1702 034108 1 00015113 00015002 131009 359 43064.4616285648
25.11.2017 11:04:45 +00.16240E+00  1715 034108 1 00015114 00015002 131009 358 43064.4616327199
25.11.2017 11:04:45 +00.16240E+00  1732 034108 1 00015115 00015002 131009 406 43064.4616374074
25.11.2017 11:04:45 +00.16240E+00  1743 034108 1 00015116 00015002 131009 359 43064.4616415625
25.11.2017 11:04:46 +00.16240E+00  1757 034108 1 00015117 00015002 131009 359 43064.4616457176
25.11.2017 11:04:46 +00.16240E+00  1772 034108 1 00015118 00015002 131009 405 43064.4616504051
25.11.2017 11:04:46 +00.16240E+00  1792 034108 1 00015119 00015002 131009 359 43064.4616545602
25.11.2017 11:04:47 +00.16240E+00  1807 034108 1 00015120 00015002 131009 359 43064.4616587153
25.11.2017 11:04:47 +00.16240E+00  1825 034108 1 00015121 00015002 131009 405 43064.4616634144
25.11.2017 11:04:48 +00.16240E+00  1853 034108 1 00015122 00015002 131009 359 43064.4616675579
25.11.2017 11:04:48 +00.16240E+00  1864 034108 1 00015123 00015002 131009 359 43064.461671713
25.11.2017 11:04:48 +00.16240E+00  1880 034108 1 00015124 00015002 131009 406 43064.461676412
25.11.2017 11:04:49 +00.16240E+00  1897 034108 1 00015125 00015002 131009 358 43064.4616805671
25.11.2017 11:04:49 +00.16240E+00  1909 034108 1 00015126 00015002 131009 359 43064.4616847107
25.11.2017 11:04:49 +00.16240E+00  1923 034108 1 00015127 00015002 131009 406 43064.4616894097
25.11.2017 11:04:50 +00.16240E+00  1935 034108 1 00015128 00015002 131009 359 43064.4616935648
25.11.2017 11:04:50 +00.16240E+00  1949 034108 1 00015129 00015002 131009 358 43064.4616977199
25.11.2017 11:04:51 +00.16240E+00  1960 034108 1 00015130 00015002 131009 406 43064.4617024074
25.11.2017 11:04:51 +00.16240E+00  1982 034108 1 00015131 00015002 131009 359 43064.4617065625
25.11.2017 11:04:51 +00.16240E+00  1994 034108 1 00015132 00015002 131009 359 43064.4617107176
25.11.2017 11:04:52 +00.16240E+00  2014 034108 1 00015133 00015002 131009 405 43064.4617154051
25.11.2017 11:04:52 +00.16240E+00  2035 034108 1 00015134 00015002 131009 359 43064.4617195602
25.11.2017 11:04:52 +00.16240E+00  2042 034108 1 00015135 00015002 131009 359 43064.4617237153
25.11.2017 11:04:53 +00.16240E+00  2064 034108 1 00015136 00015002 131009 405 43064.4617284144
25.11.2017 11:04:53 +00.16240E+00  2078 034108 1 00015137 00015002 131009 359 43064.4617325579
25.11.2017 11:04:54 +00.16240E+00  2091 034108 1 00015138 00015002 131009 359 43064.461736713
25.11.2017 11:04:54 +00.16240E+00  2108 034108 1 00015139 00015002 131009 406 43064.461741412
25.11.2017 11:04:54 +00.16240E+00  2123 034108 1 00015140 00015002 131009 358 43064.4617455671
25.11.2017 11:04:55 +00.16240E+00  2130 034108 1 00015141 00015002 131009 359 43064.4617497106
25.11.2017 11:04:55 +00.16240E+00  2137 034108 1 00015142 00015002 131009 406 43064.4617544097
25.11.2017 11:04:55 +00.16240E+00  2153 034108 1 00015143 00015002 131009 359 43064.4617585648
25.11.2017 11:04:56 +00.16240E+00  2170 034108 1 00015144 00015002 131009 358 43064.4617627199
25.11.2017 11:04:56 +00.16240E+00  2180 034108 1 00015145 00015002 131009 406 43064.4617674074
25.11.2017 11:04:57 +00.16240E+00  2193 034108 1 00015146 00015002 131009 359 43064.4617715625
25.11.2017 11:04:57 +00.16240E+00  2203 034108 1 00015147 00015002 131009 359 43064.4617757176
25.11.2017 11:04:57 +00.16240E+00  2217 034108 1 00015148 00015002 131009 405 43064.4617804051
25.11.2017 11:04:58 +00.16240E+00  2234 034108 1 00015149 00015002 131009 359 43064.4617845602
25.11.2017 11:04:58 +00.16240E+00  2248 034108 1 00015150 00015002 131009 359 43064.4617887153
25.11.2017 11:04:58 +00.16240E+00  2268 034108 1 00015151 00015002 131009 405 43064.4617934144
25.11.2017 11:04:59 +00.16240E+00  2293 034108 1 00015152 00015002 131009 359 43064.4617975579
25.11.2017 11:04:59 +00.16240E+00  2310 034108 1 00015153 00015002 131009 359 43064.461801713
25.11.2017 11:05:00 +00.16240E+00  2324 034108 1 00015154 00015002 131009 406 43064.461806412
25.11.2017 11:05:00 +00.16240E+00  2338 034108 1 00015155 00015002 131009 358 43064.4618105671
25.11.2017 11:05:00 +00.16240E+00  2346 034108 1 00015156 00015002 131009 359 43064.4618147106
25.11.2017 11:05:01 +00.16240E+00  2367 034108 1 00015157 00015002 131009 406 43064.4618194097
25.11.2017 11:05:01 +00.16240E+00  2379 034108 1 00015158 00015002 131009 359 43064.4618235648
25.11.2017 11:05:01 +00.16240E+00  2392 034108 1 00015159 00015002 131009 358 43064.4618277199
25.11.2017 11:05:02 +00.16240E+00  2409 034108 1 00015160 00015002 131009 406 43064.4618324074
25.11.2017 11:05:02 +00.16240E+00  2423 034108 1 00015161 00015002 131009 359 43064.4618365625
25.11.2017 11:05:03 +00.16240E+00  2437 034108 1 00015162 00015002 131009 359 43064.4618407176
25.11.2017 11:05:08 +00.16250E+00  0012 034130 1 00015163 00015163 131009 421 43064.4619040856
25.11.2017 11:05:08 +00.16250E+00  0031 034130 1 00015164 00015163 131009 359 43064.4619082407
25.11.2017 11:05:09 +00.16250E+00  0045 034130 1 00015165 00015163 131009 359 43064.4619123958
25.11.2017 11:05:09 +00.16250E+00  0062 034130 1 00015166 00015163 131009 405 43064.4619170949
25.11.2017 11:05:09 +00.16250E+00  0079 034130 1 00015167 00015163 131009 359 43064.4619212384
25.11.2017 11:05:10 +00.16250E+00  0096 034130 1 00015168 00015163 131009 359 43064.4619253935
25.11.2017 11:05:10 +00.16251E+00  0107 034130 1 00015169 00015163 131009 406 43064.4619300926
25.11.2017 11:05:11 +00.16250E+00  0123 034130 1 00015170 00015163 131009 358 43064.4619342477
25.11.2017 11:05:11 +00.16251E+00  0133 034130 1 00015171 00015163 131009 359 43064.4619383912
25.11.2017 11:05:11 +00.16250E+00  0143 034130 1 00015172 00015163 131009 406 43064.4619430903
25.11.2017 11:05:12 +00.16251E+00  0158 034130 1 00015173 00015163 131009 359 43064.4619472454
25.11.2017 11:05:12 +00.16250E+00  0176 034130 1 00015174 00015163 131009 358 43064.4619514005
25.11.2017 11:05:13 +00.16250E+00  0196 034130 1 00015175 00015163 131009 406 43064.461956088
25.11.2017 11:05:13 +00.16251E+00  0216 034130 1 00015176 00015163 131009 359 43064.4619602431
25.11.2017 11:05:13 +00.16251E+00  0237 034128 1 00015177 00015163 131009 359 43064.4619643981
25.11.2017 11:05:14 +00.16250E+00  0248 034128 1 00015178 00015163 131009 405 43064.4619690856
25.11.2017 11:05:14 +00.16250E+00  0261 034128 1 00015179 00015163 131009 359 43064.4619732407
25.11.2017 11:05:14 +00.16250E+00  0276 034128 1 00015180 00015163 131009 359 43064.4619773958
25.11.2017 11:05:15 +00.16249E+00  0296 034128 1 00015181 00015163 131009 405 43064.4619820949
25.11.2017 11:05:15 +00.16250E+00  0310 034128 1 00015182 00015163 131009 359 43064.4619862384
25.11.2017 11:05:15 +00.16249E+00  0329 034128 1 00015183 00015163 131009 359 43064.4619903935
25.11.2017 11:05:16 +00.16249E+00  0343 034128 1 00015184 00015163 131009 406 43064.4619950926
25.11.2017 11:05:16 +00.16250E+00  0366 034128 1 00015185 00015163 131009 358 43064.4619992477
25.11.2017 11:05:17 +00.16250E+00  0385 034128 1 00015186 00015163 131009 359 43064.4620033912
25.11.2017 11:05:17 +00.16250E+00  0400 034128 1 00015187 00015163 131009 406 43064.4620080903
25.11.2017 11:05:17 +00.16249E+00  0413 034128 1 00015188 00015163 131009 359 43064.4620122454
25.11.2017 11:05:18 +00.16250E+00  0425 034128 1 00015189 00015163 131009 358 43064.4620164005
25.11.2017 11:05:18 +00.16249E+00  0435 034128 1 00015190 00015163 131009 406 43064.462021088
25.11.2017 11:05:18 +00.16249E+00  0453 034130 1 00015191 00015163 131009 359 43064.4620252431
25.11.2017 11:05:19 +00.16250E+00  0475 034130 1 00015192 00015163 131009 359 43064.4620293981
25.11.2017 11:05:19 +00.16250E+00  0490 034130 1 00015193 00015163 131009 405 43064.4620340856
25.11.2017 11:05:20 +00.16250E+00  0507 034130 1 00015194 00015163 131009 359 43064.4620382407
25.11.2017 11:05:20 +00.16250E+00  0524 034130 1 00015195 00015163 131009 359 43064.4620423958
25.11.2017 11:05:20 +00.16250E+00  0535 034130 1 00015196 00015163 131009 405 43064.4620470949
25.11.2017 11:05:21 +00.16250E+00  0557 034130 1 00015197 00015163 131009 359 43064.4620512384
25.11.2017 11:05:21 +00.16250E+00  0570 034130 1 00015198 00015163 131009 359 43064.4620553935
25.11.2017 11:05:21 +00.16250E+00  0580 034130 1 00015199 00015163 131009 406 43064.4620600926
25.11.2017 11:05:22 +00.16250E+00  0595 034130 1 00015200 00015163 131009 358 43064.4620642477
25.11.2017 11:05:22 +00.16250E+00  0609 034130 1 00015201 00015163 131009 359 43064.4620683912
25.11.2017 11:05:23 +00.16250E+00  0627 034130 1 00015202 00015163 131009 406 43064.4620730903
25.11.2017 11:05:23 +00.16250E+00  0641 034130 1 00015203 00015163 131009 359 43064.4620772454
25.11.2017 11:05:23 +00.16250E+00  0661 034130 1 00015204 00015163 131009 358 43064.4620814005
25.11.2017 11:05:24 +00.16251E+00  0675 034130 1 00015205 00015163 131009 406 43064.462086088
25.11.2017 11:05:24 +00.16251E+00  0697 034130 1 00015206 00015163 131009 359 43064.4620902431
25.11.2017 11:05:24 +00.16251E+00  0709 034130 1 00015207 00015163 131009 359 43064.4620943981
25.11.2017 11:05:25 +00.16251E+00  0727 034130 1 00015208 00015163 131009 421 43064.4620992708
25.11.2017 11:05:25 +00.16251E+00  0742 034130 1 00015209 00015163 131009 359 43064.4621034259
25.11.2017 11:05:26 +00.16251E+00  0754 034130 1 00015210 00015163 131009 358 43064.462107581
25.11.2017 11:05:26 +00.16250E+00  0778 034130 1 00015211 00015163 131009 406 43064.4621122685
25.11.2017 11:05:26 +00.16250E+00  0796 034130 1 00015212 00015163 131009 359 43064.4621164236
25.11.2017 11:05:27 +00.16251E+00  0807 034130 1 00015213 00015163 131009 359 43064.4621205787
25.11.2017 11:05:27 +00.16251E+00  0826 034130 1 00015214 00015163 131009 405 43064.4621252662
25.11.2017 11:05:27 +00.16251E+00  0846 034130 1 00015215 00015163 131009 359 43064.4621294213
25.11.2017 11:05:28 +00.16250E+00  0859 034130 1 00015216 00015163 131009 359 43064.4621335764
25.11.2017 11:05:28 +00.16250E+00  0878 034130 1 00015217 00015163 131009 405 43064.4621382755
25.11.2017 11:05:29 +00.16250E+00  0892 034130 1 00015218 00015163 131009 359 43064.462142419
25.11.2017 11:05:29 +00.16250E+00  0909 034130 1 00015219 00015163 131009 359 43064.4621465741
25.11.2017 11:05:29 +00.16250E+00  0925 034130 1 00015220 00015163 131009 406 43064.4621512731
25.11.2017 11:05:30 +00.16250E+00  0942 034130 1 00015221 00015163 131009 358 43064.4621554282
25.11.2017 11:05:30 +00.16250E+00  0959 034130 1 00015222 00015163 131009 359 43064.4621595718
25.11.2017 11:05:30 +00.16251E+00  0978 034130 1 00015223 00015163 131009 406 43064.4621642708
25.11.2017 11:05:31 +00.16251E+00  0999 034130 1 00015224 00015163 131009 359 43064.4621684259
25.11.2017 11:05:31 +00.16251E+00  1014 034130 1 00015225 00015163 131009 358 43064.462172581
25.11.2017 11:05:32 +00.16250E+00  1033 034130 1 00015226 00015163 131009 406 43064.4621772685
25.11.2017 11:05:32 +00.16250E+00  1050 034130 1 00015227 00015163 131009 359 43064.4621814236
25.11.2017 11:05:32 +00.16251E+00  1073 034130 1 00015228 00015163 131009 359 43064.4621855787
25.11.2017 11:05:33 +00.16250E+00  1088 034130 1 00015229 00015163 131009 405 43064.4621902662
25.11.2017 11:05:33 +00.16250E+00  1109 034130 1 00015230 00015163 131009 359 43064.4621944213
25.11.2017 11:05:33 +00.16250E+00  1123 034130 1 00015231 00015163 131009 359 43064.4621985764
25.11.2017 11:05:34 +00.16250E+00  1134 034130 1 00015232 00015163 131009 405 43064.4622032755
25.11.2017 11:05:34 +00.16250E+00  1152 034130 1 00015233 00015163 131009 359 43064.462207419
25.11.2017 11:05:35 +00.16251E+00  1172 034130 1 00015234 00015163 131009 359 43064.4622115741
25.11.2017 11:05:35 +00.16251E+00  1189 034130 1 00015235 00015163 131009 406 43064.4622162731
25.11.2017 11:05:35 +00.16251E+00  1206 034130 1 00015236 00015163 131009 358 43064.4622204282
25.11.2017 11:05:36 +00.16250E+00  1220 034130 1 00015237 00015163 131009 359 43064.4622245718
25.11.2017 11:05:36 +00.16250E+00  1234 034130 1 00015238 00015163 131009 406 43064.4622292708
25.11.2017 11:05:36 +00.16250E+00  1255 034130 1 00015239 00015163 131009 359 43064.4622334259
25.11.2017 11:05:37 +00.16250E+00  1268 034130 1 00015240 00015163 131009 358 43064.462237581
25.11.2017 11:05:37 +00.16250E+00  1283 034130 1 00015241 00015163 131009 406 43064.4622422685
25.11.2017 11:05:38 +00.16250E+00  1304 034130 1 00015242 00015163 131009 359 43064.4622464236
25.11.2017 11:05:38 +00.16250E+00  1319 034130 1 00015243 00015163 131009 359 43064.4622505787
25.11.2017 11:05:38 +00.16250E+00  1338 034130 1 00015244 00015163 131009 405 43064.4622552662
25.11.2017 11:05:39 +00.16250E+00  1359 034130 1 00015245 00015163 131009 359 43064.4622594213
25.11.2017 11:05:39 +00.16250E+00  1370 034130 1 00015246 00015163 131009 359 43064.4622635764
25.11.2017 11:05:39 +00.16250E+00  1387 034130 1 00015247 00015163 131009 405 43064.4622682755
25.11.2017 11:05:40 +00.16251E+00  1401 034130 1 00015248 00015163 131009 359 43064.462272419
25.11.2017 11:05:40 +00.16250E+00  1413 034130 1 00015249 00015163 131009 359 43064.4622765741
25.11.2017 11:05:41 +00.16250E+00  1431 034130 1 00015250 00015163 131009 406 43064.4622812731
25.11.2017 11:05:41 +00.16250E+00  1455 034130 1 00015251 00015163 131009 358 43064.4622854282
25.11.2017 11:05:41 +00.16250E+00  1465 034130 1 00015252 00015163 131009 359 43064.4622895718
25.11.2017 11:05:42 +00.16251E+00  1477 034130 1 00015253 00015163 131009 406 43064.4622942708
25.11.2017 11:05:42 +00.16251E+00  1500 034130 1 00015254 00015163 131009 359 43064.4622984259
25.11.2017 11:05:42 +00.16250E+00  1511 034130 1 00015255 00015163 131009 358 43064.462302581
25.11.2017 11:05:43 +00.16250E+00  1525 034130 1 00015256 00015163 131009 406 43064.4623072685
25.11.2017 11:05:43 +00.16250E+00  1534 034130 1 00015257 00015163 131009 359 43064.4623114236
25.11.2017 11:05:44 +00.16250E+00  1553 034130 1 00015258 00015163 131009 359 43064.4623155787
25.11.2017 11:05:44 +00.16250E+00  1566 034130 1 00015259 00015163 131009 405 43064.4623202662
25.11.2017 11:05:44 +00.16250E+00  1587 034130 1 00015260 00015163 131009 359 43064.4623244213
25.11.2017 11:05:45 +00.16251E+00  1603 034130 1 00015261 00015163 131009 359 43064.4623285764
25.11.2017 11:05:45 +00.16251E+00  1612 034130 1 00015262 00015163 131009 405 43064.4623332755
25.11.2017 11:05:45 +00.16250E+00  1630 034130 1 00015263 00015163 131009 359 43064.462337419
25.11.2017 11:05:46 +00.16250E+00  1647 034130 1 00015264 00015163 131009 359 43064.4623415741
25.11.2017 11:05:46 +00.16250E+00  1650 034130 1 00015265 00015163 131009 421 43064.4623464468
25.11.2017 11:05:47 +00.16251E+00  1669 034130 1 00015266 00015163 131009 359 43064.4623506019
25.11.2017 11:05:47 +00.16251E+00  1689 034130 1 00015267 00015163 131009 359 43064.4623547569
25.11.2017 11:05:47 +00.16251E+00  1704 034130 1 00015268 00015163 131009 405 43064.462359456
25.11.2017 11:05:48 +00.16251E+00  1725 034130 1 00015269 00015163 131009 359 43064.4623635995
25.11.2017 11:05:48 +00.16251E+00  1736 034130 1 00015270 00015163 131009 359 43064.4623677546
25.11.2017 11:05:48 +00.16251E+00  1745 034130 1 00015271 00015163 131009 406 43064.4623724537
25.11.2017 11:05:49 +00.16250E+00  1760 034130 1 00015272 00015163 131009 358 43064.4623766088
25.11.2017 11:05:49 +00.16250E+00  1773 034130 1 00015273 00015163 131009 359 43064.4623807523
25.11.2017 11:05:50 +00.16250E+00  1782 034130 1 00015274 00015163 131009 406 43064.4623854514
25.11.2017 11:05:50 +00.16250E+00  1801 034130 1 00015275 00015163 131009 359 43064.4623896065
25.11.2017 11:05:50 +00.16250E+00  1817 034130 1 00015276 00015163 131009 358 43064.4623937616
25.11.2017 11:05:51 +00.16250E+00  1839 034130 1 00015277 00015163 131009 406 43064.4623984491
25.11.2017 11:05:51 +00.16250E+00  1856 034130 1 00015278 00015163 131009 359 43064.4624026042
25.11.2017 11:05:51 +00.16250E+00  1873 034130 1 00015279 00015163 131009 359 43064.4624067593
25.11.2017 11:05:52 +00.16251E+00  1889 034130 1 00015280 00015163 131009 405 43064.4624114468
25.11.2017 11:05:52 +00.16250E+00  1904 034130 1 00015281 00015163 131009 359 43064.4624156019
25.11.2017 11:05:53 +00.16250E+00  1916 034130 1 00015282 00015163 131009 359 43064.4624197569
25.11.2017 11:05:53 +00.16250E+00  1928 034130 1 00015283 00015163 131009 405 43064.462424456
25.11.2017 11:05:53 +00.16250E+00  1942 034130 1 00015284 00015163 131009 359 43064.4624285995
25.11.2017 11:05:54 +00.16250E+00  1962 034130 1 00015285 00015163 131009 359 43064.4624327546
25.11.2017 11:05:54 +00.16250E+00  1979 034130 1 00015286 00015163 131009 406 43064.4624374537
25.11.2017 11:05:54 +00.16250E+00  2001 034130 1 00015287 00015163 131009 358 43064.4624416088
25.11.2017 11:05:55 +00.16250E+00  2018 034130 1 00015288 00015163 131009 359 43064.4624457523
25.11.2017 11:05:55 +00.16250E+00  2025 034130 1 00015289 00015163 131009 406 43064.4624504514
25.11.2017 11:05:56 +00.16250E+00  2035 034130 1 00015290 00015163 131009 359 43064.4624546065
25.11.2017 11:05:56 +00.16251E+00  2048 034130 1 00015291 00015163 131009 358 43064.4624587616
25.11.2017 11:05:56 +00.16250E+00  2065 034130 1 00015292 00015163 131009 406 43064.4624634491
25.11.2017 11:05:57 +00.16250E+00  2078 034130 1 00015293 00015163 131009 359 43064.4624676042
25.11.2017 11:05:57 +00.16250E+00  2093 034130 1 00015294 00015163 131009 359 43064.4624717593
25.11.2017 11:05:57 +00.16250E+00  2111 034130 1 00015295 00015163 131009 405 43064.4624764468
25.11.2017 11:05:58 +00.16251E+00  2124 034130 1 00015296 00015163 131009 359 43064.4624806019
25.11.2017 11:05:58 +00.16251E+00  2138 034130 1 00015297 00015163 131009 359 43064.4624847569
25.11.2017 11:05:59 +00.16251E+00  2159 034130 1 00015298 00015163 131009 405 43064.462489456
25.11.2017 11:05:59 +00.16251E+00  2178 034130 1 00015299 00015163 131009 359 43064.4624935995
25.11.2017 11:05:59 +00.16250E+00  2191 034130 1 00015300 00015163 131009 359 43064.4624977546
25.11.2017 11:06:00 +00.16250E+00  2206 034130 1 00015301 00015163 131009 406 43064.4625024537
25.11.2017 11:06:00 +00.16250E+00  2219 034130 1 00015302 00015163 131009 358 43064.4625066088
25.11.2017 11:06:00 +00.16250E+00  2233 034130 1 00015303 00015163 131009 359 43064.4625107523
25.11.2017 11:06:01 +00.16250E+00  2245 034130 1 00015304 00015163 131009 406 43064.4625154514
25.11.2017 11:06:01 +00.16250E+00  2267 034130 1 00015305 00015163 131009 359 43064.4625196065
25.11.2017 11:06:02 +00.16250E+00  2276 034130 1 00015306 00015163 131009 358 43064.4625237616
25.11.2017 11:06:02 +00.16250E+00  2294 034130 1 00015307 00015163 131009 406 43064.4625284491
25.11.2017 11:06:02 +00.16250E+00  2308 034130 1 00015308 00015163 131009 359 43064.4625326042
25.11.2017 11:06:03 +00.16251E+00  2316 034130 1 00015309 00015163 131009 359 43064.4625367593
25.11.2017 11:06:03 +00.16250E+00  2324 034130 1 00015310 00015163 131009 405 43064.4625414468
25.11.2017 11:06:03 +00.16250E+00  2340 034130 1 00015311 00015163 131009 359 43064.4625456019
25.11.2017 11:06:04 +00.16250E+00  2362 034130 1 00015312 00015163 131009 359 43064.4625497569
25.11.2017 11:06:04 +00.16250E+00  2380 034130 1 00015313 00015163 131009 405 43064.462554456
25.11.2017 11:06:05 +00.16250E+00  2397 034130 1 00015314 00015163 131009 359 43064.4625585995
25.11.2017 11:06:05 +00.16250E+00  2413 034130 1 00015315 00015163 131009 359 43064.4625627546
25.11.2017 11:06:05 +00.16250E+00  2425 034130 1 00015316 00015163 131009 406 43064.4625674537
25.11.2017 11:06:06 +00.16250E+00  2443 034130 1 00015317 00015163 131009 358 43064.4625716088
25.11.2017 11:06:06 +00.16250E+00  2457 034130 1 00015318 00015163 131009 359 43064.4625757523
25.11.2017 11:06:06 +00.16250E+00  2470 034130 1 00015319 00015163 131009 406 43064.4625804514
25.11.2017 11:06:07 +00.16250E+00  2483 034130 1 00015320 00015163 131009 359 43064.4625846065
25.11.2017 11:06:07 +00.16250E+00  2499 034130 1 00015321 00015163 131009 358 43064.4625887616
25.11.2017 11:06:08 +00.16250E+00  2515 034130 1 00015322 00015163 131009 422 43064.4625936343
25.11.2017 11:06:08 +00.16250E+00  2537 034130 1 00015323 00015163 131009 358 43064.4625977894