
25.11.2017 09:19:01 0.161998 0.000005   03172 34024 00000001 000174 000004 43064.3882070486
25.11.2017 09:20:06 0.162099 0.000006   02518 34046 00000001 000346 000174 43064.3889673843
25.11.2017 09:21:12 0.162200 0.000001   02593 34066 00000001 000519 000346 43064.3897300926
25.11.2017 09:22:17 0.162301 0.000004   02445 34088 00000001 000690 000519 43064.3904834722
25.11.2017 09:23:23 0.162400 0.000000   02547 34108 00000001 000861 000690 43064.3912388426
25.11.2017 09:24:28 0.162498 0.000006   02535 34130 00000001 001033 000861 43064.3919960417
25.11.2017 09:25:03 0.163000 0.000005   01283 34235 00000001 001121 001033 43064.3923977894
25.11.2017 09:25:39 0.163198 0.000004   01363 34276 00000001 001209 001121 43064.3928128125
25.11.2017 09:26:14 0.163397 0.000005   01267 34317 00000001 001297 001209 43064.3932267361
25.11.2017 09:26:50 0.163599 0.000004   01321 34360 00000001 001385 001297 43064.3936410764
25.11.2017 09:27:09 0.163995 0.000006   00648 34443 00000001 001429 001385 43064.3938657292
25.11.2017 09:27:30 0.164297 0.000005   00649 34507 00000001 001473 001429 43064.3941020023
25.11.2017 09:27:50 0.164602 0.000006   00639 34569 00000001 001517 001473 43064.3943382292
25.11.2017 09:28:11 0.164897 0.000005   00654 34633 00000001 001561 001517 43064.3945756597
25.11.2017 09:28:31 0.165199 0.000005   00634 34697 00000001 001605 001561 43064.3948118403
25.11.2017 09:28:52 0.165497 0.000005   00641 34759 00000001 001649 001605 43064.3950481829
25.11.2017 09:29:12 0.165800 0.000002   00669 34821 00000001 001692 001649 43064.3952845833
25.11.2017 09:29:33 0.166097 0.000005   00636 34885 00000001 001736 001692 43064.3955210995
25.11.2017 09:29:53 0.166399 0.000003   00652 34947 00000001 001780 001736 43064.3957589005
25.11.2017 09:30:14 0.166697 0.000005   00622 35011 00000001 001823 001780 43064.3959953704
25.11.2017 09:30:34 0.166999 0.000003   00666 35073 00000001 001868 001823 43064.3962328241
25.11.2017 09:31:44 0.162000 0.000001   02572 34024 00000001 002041 001868 43064.3970416551
25.11.2017 09:32:50 0.162100 0.000004   02513 34046 00000001 002215 002041 43064.3978044213
25.11.2017 09:33:56 0.162200 0.000001   02539 34066 00000001 002388 002215 43064.3985668171
25.11.2017 09:35:02 0.162299 0.000006   02588 34088 00000001 002561 002388 43064.3993311806
25.11.2017 09:36:07 0.162400 0.000000   02413 34108 00000001 002732 002561 43064.4000855556
25.11.2017 09:37:12 0.162499 0.000005   02535 34130 00000001 002904 002732 43064.4008402315
25.11.2017 09:37:46 0.162996 0.000006   01231 34235 00000001 002990 002904 43064.401234537
25.11.2017 09:38:21 0.163200 0.000000   01314 34276 00000001 003076 002990 43064.4016404167
25.11.2017 09:38:56 0.163400 0.000005   01253 34317 00000001 003161 003076 43064.4020463426
25.11.2017 09:39:31 0.163598 0.000004   01261 34360 00000001 003246 003161 43064.4024525232
25.11.2017 09:39:51 0.164001 0.000005   00649 34443 00000001 003290 003246 43064.4026790857
25.11.2017 09:40:12 0.164297 0.000005   00646 34507 00000001 003334 003290 43064.4029172569
25.11.2017 09:40:32 0.164598 0.000004   00669 34569 00000001 003379 003334 43064.4031550463
25.11.2017 09:40:53 0.164894 0.000005   00622 34632 00000001 003424 003379 43064.4033943519
25.11.2017 09:41:13 0.165193 0.000005   00624 34695 00000001 003468 003424 43064.4036323727
25.11.2017 09:41:34 0.165503 0.000006   00623 34760 00000001 003512 003468 43064.4038699768
25.11.2017 09:41:54 0.165797 0.000006   00601 34822 00000001 003556 003512 43064.4041079861
25.11.2017 09:42:15 0.166096 0.000005   00641 34884 00000001 003600 003556 43064.4043485764
25.11.2017 09:42:36 0.166397 0.000005   00656 34948 00000001 003644 003600 43064.4045868519
25.11.2017 09:42:57 0.166699 0.000003   00644 35010 00000001 003689 003644 43064.4048265509
25.11.2017 09:43:17 0.166997 0.000005   00692 35074 00000001 003734 003689 43064.4050652778
25.11.2017 09:44:25 0.161998 0.000007   02539 34023 00000001 003907 003734 43064.4058471412
25.11.2017 09:45:30 0.162101 0.000005   02411 34044 00000001 004079 003907 43064.4066048611
25.11.2017 09:46:36 0.162199 0.000004   02436 34067 00000001 004251 004079 43064.4073631366
25.11.2017 09:47:41 0.162300 0.000000   02501 34087 00000001 004424 004251 43064.4081234606
25.11.2017 09:48:47 0.162399 0.000005   02582 34109 00000001 004597 004424 43064.4088836921
25.11.2017 09:49:53 0.162500 0.000001   02458 34129 00000001 004770 004597 43064.4096443634
25.11.2017 09:50:27 0.163000 0.000005   01256 34235 00000001 004856 004770 43064.410041088
25.11.2017 09:51:02 0.163198 0.000004   01263 34276 00000001 004942 004856 43064.410451169
25.11.2017 09:51:38 0.163397 0.000005   00927 34317 00000001 005028 004942 43064.4108606829
25.11.2017 09:52:13 0.163598 0.000004   01295 34360 00000001 005114 005028 43064.4112708218
25.11.2017 09:52:33 0.163998 0.000004   00635 34443 00000001 005158 005114 43064.4114992245
25.11.2017 09:52:54 0.164297 0.000005   00655 34507 00000001 005203 005158 43064.4117389005
25.11.2017 09:53:14 0.164602 0.000006   00656 34569 00000001 005247 005203 43064.4119783681
25.11.2017 09:53:35 0.164899 0.000006   00651 34634 00000001 005292 005247 43064.4122189931
25.11.2017 09:53:56 0.165197 0.000005   00638 34696 00000001 005336 005292 43064.4124596181
25.11.2017 09:54:17 0.165499 0.000005   00654 34760 00000001 005381 005336 43064.4127007755
25.11.2017 09:54:38 0.165797 0.000005   00643 34822 00000001 005426 005381 43064.4129409606
25.11.2017 09:54:58 0.166093 0.000009   00666 34885 00000001 005471 005426 43064.4131808796
25.11.2017 09:55:19 0.166399 0.000003   00693 34947 00000001 005516 005471 43064.413421794
25.11.2017 09:55:40 0.166701 0.000006   00671 35010 00000001 005560 005516 43064.4136613773
25.11.2017 09:56:01 0.167000 0.000010   00664 35075 00000001 005604 005560 43064.41390125
25.11.2017 09:57:07 0.162001 0.000004   02626 34025 00000001 005778 005604 43064.4146758102
25.11.2017 09:58:13 0.162100 0.000001   02580 34045 00000001 005941 005778 43064.4154326968
25.11.2017 09:59:18 0.162200 0.000004   02456 34067 00000001 006102 005941 43064.4161903125
25.11.2017 10:00:24 0.162300 0.000000   02547 34087 00000001 006264 006102 43064.4169491898
25.11.2017 10:01:29 0.162398 0.000006   02576 34109 00000001 006425 006264 43064.4177080671
25.11.2017 10:02:35 0.162500 0.000000   02510 34129 00000001 006586 006425 43064.4184665741
25.11.2017 10:03:09 0.162998 0.000004   01280 34234 00000001 006667 006586 43064.4188643403
25.11.2017 10:03:45 0.163199 0.000005   01346 34277 00000001 006748 006667 43064.4192742014
25.11.2017 10:04:20 0.163398 0.000004   01271 34318 00000001 006829 006748 43064.4196822569
25.11.2017 10:04:55 0.163599 0.000002   01282 34359 00000001 006910 006829 43064.4200914005
25.11.2017 10:05:15 0.163991 0.000009   00636 34443 00000001 006951 006910 43064.4203205208
25.11.2017 10:05:36 0.164297 0.000009   00601 34508 00000001 006992 006951 43064.4205612037
25.11.2017 10:05:57 0.164597 0.000005   00607 34570 00000001 007033 006992 43064.4208018866
25.11.2017 10:06:18 0.164898 0.000004   00637 34632 00000001 007074 007033 43064.4210423843
25.11.2017 10:06:38 0.165198 0.000004   00647 34695 00000001 007115 007074 43064.4212830671
25.11.2017 10:06:59 0.165496 0.000005   00643 34759 00000001 007156 007115 43064.4215237384
25.11.2017 10:07:20 0.165796 0.000005   00632 34821 00000001 007197 007156 43064.4217640625
25.11.2017 10:07:41 0.166095 0.000005   00678 34883 00000001 007238 007197 43064.4220043866
25.11.2017 10:08:01 0.166397 0.000005   00645 34948 00000001 007279 007238 43064.4222445255
25.11.2017 10:08:22 0.166700 0.000002   00670 35010 00000001 007321 007279 43064.4224855671
25.11.2017 10:08:43 0.166997 0.000005   00646 35074 00000001 007363 007321 43064.4227264236
25.11.2017 10:09:52 0.162000 0.000000   02477 34024 00000001 007524 007363 43064.4235206829
25.11.2017 10:10:57 0.162100 0.000005   02485 34046 00000001 007686 007524 43064.4242808218
25.11.2017 10:12:03 0.162200 0.000000   02489 34066 00000001 007848 007686 43064.4250434954
25.11.2017 10:13:09 0.162300 0.000005   02511 34086 00000001 008009 007848 43064.4258000231
25.11.2017 10:14:14 0.162400 0.000000   02553 34108 00000001 008169 008009 43064.4265581713
25.11.2017 10:15:20 0.162499 0.000006   02452 34130 00000001 008330 008169 43064.4273170486
25.11.2017 10:15:54 0.163000 0.000000   01257 34234 00000001 008411 008330 43064.4277157176
25.11.2017 10:16:29 0.163199 0.000006   01209 34275 00000001 008492 008411 43064.4281237731
25.11.2017 10:17:05 0.163398 0.000004   01254 34317 00000001 008572 008492 43064.4285329051
25.11.2017 10:17:40 0.163598 0.000004   01214 34360 00000001 008652 008572 43064.4289418634
25.11.2017 10:18:00 0.163999 0.000004   00624 34443 00000001 008694 008652 43064.4291708102
25.11.2017 10:18:21 0.164297 0.000005   00670 34507 00000001 008736 008694 43064.4294107755
25.11.2017 10:18:41 0.164593 0.000009   00683 34570 00000001 008778 008736 43064.4296507292
25.11.2017 10:19:02 0.164897 0.000005   00669 34633 00000001 008820 008778 43064.4298901505
25.11.2017 10:19:23 0.165194 0.000005   00718 34695 00000001 008862 008820 43064.4301306482
25.11.2017 10:19:44 0.165497 0.000005   00653 34759 00000001 008904 008862 43064.430371331
25.11.2017 10:20:04 0.165797 0.000005   00674 34821 00000001 008946 008904 43064.4306129051
25.11.2017 10:20:25 0.166097 0.000005   00657 34885 00000001 008988 008946 43064.4308537731
25.11.2017 10:20:46 0.166400 0.000000   00660 34947 00000001 009030 008988 43064.4310933681
25.11.2017 10:21:07 0.166695 0.000007   00663 35011 00000001 009071 009030 43064.4313336921
25.11.2017 10:21:28 0.166996 0.000005   00639 35073 00000001 009112 009071 43064.4315743634
25.11.2017 10:22:35 0.161994 0.000010   02477 34023 00000001 009273 009112 43064.4323559954
25.11.2017 10:23:40 0.162100 0.000000   02510 34045 00000001 009434 009273 43064.4331130671
25.11.2017 10:24:46 0.162196 0.000005   02570 34065 00000001 009595 009434 43064.4338708565
25.11.2017 10:25:51 0.162299 0.000003   02546 34087 00000001 009757 009595 43064.4346293634
25.11.2017 10:26:57 0.162400 0.000006   02499 34107 00000001 009918 009757 43064.4353864352
25.11.2017 10:28:02 0.162500 0.000005   02500 34130 00000001 010079 009918 43064.4361418866
25.11.2017 10:28:36 0.162997 0.000007   01322 34234 00000001 010159 010079 43064.436537662
25.11.2017 10:29:12 0.163199 0.000005   01242 34277 00000001 010240 010159 43064.436946794
25.11.2017 10:29:47 0.163398 0.000004   01276 34318 00000001 010321 010240 43064.4373553935
25.11.2017 10:30:22 0.163600 0.000002   01300 34359 00000001 010402 010321 43064.4377643519
25.11.2017 10:30:42 0.163995 0.000006   00622 34443 00000001 010443 010402 43064.4379934838
25.11.2017 10:31:03 0.164297 0.000005   00675 34507 00000001 010484 010443 43064.4382334375
25.11.2017 10:31:24 0.164601 0.000006   00685 34571 00000001 010526 010484 43064.4384735764
25.11.2017 10:31:44 0.164897 0.000005   00639 34633 00000001 010567 010526 43064.4387128125
25.11.2017 10:32:05 0.165202 0.000006   00652 34697 00000001 010609 010567 43064.438953669
25.11.2017 10:32:26 0.165500 0.000000   00623 34759 00000001 010651 010609 43064.4391939931
25.11.2017 10:32:47 0.165800 0.000000   00625 34821 00000001 010693 010651 43064.4394348495
25.11.2017 10:33:07 0.166100 0.000002   00648 34885 00000001 010735 010693 43064.4396755324
25.11.2017 10:33:28 0.166399 0.000003   00630 34947 00000001 010777 010735 43064.4399156713
25.11.2017 10:33:49 0.166696 0.000005   00720 35010 00000001 010819 010777 43064.4401559954
25.11.2017 10:34:10 0.166995 0.000005   00658 35073 00000001 010861 010819 43064.4403963079
25.11.2017 10:35:17 0.161998 0.000006   02494 34025 00000001 011022 010861 43064.4411768519
25.11.2017 10:36:23 0.162100 0.000000   02521 34045 00000001 011183 011022 43064.4419341088
25.11.2017 10:37:28 0.162199 0.000006   02463 34067 00000001 011344 011183 43064.4426909954
25.11.2017 10:38:33 0.162300 0.000000   02520 34087 00000001 011505 011344 43064.4434476968
25.11.2017 10:39:39 0.162397 0.000006   02509 34107 00000001 011665 011505 43064.4442035069
25.11.2017 10:40:44 0.162498 0.000006   02475 34130 00000001 011827 011665 43064.4449618403
25.11.2017 10:41:18 0.162996 0.000007   01212 34234 00000001 011907 011827 43064.4453574421
25.11.2017 10:41:54 0.163198 0.000005   01233 34277 00000001 011987 011907 43064.4457649537
25.11.2017 10:42:29 0.163400 0.000001   01173 34318 00000001 012067 011987 43064.4461746296
25.11.2017 10:43:04 0.163600 0.000000   01215 34359 00000001 012148 012067 43064.4465823264
25.11.2017 10:43:24 0.163996 0.000005   00651 34443 00000001 012189 012148 43064.4468103704
25.11.2017 10:43:45 0.164297 0.000005   00587 34507 00000001 012230 012189 43064.4470510532
25.11.2017 10:44:05 0.164599 0.000003   00663 34569 00000001 012271 012230 43064.4472911921
25.11.2017 10:44:26 0.164897 0.000005   00648 34633 00000001 012313 012271 43064.4475315046
25.11.2017 10:44:47 0.165196 0.000005   00618 34695 00000001 012354 012313 43064.4477718287
25.11.2017 10:45:08 0.165497 0.000005   00633 34759 00000001 012395 012354 43064.4480117824
25.11.2017 10:45:28 0.165800 0.000000   00630 34821 00000001 012437 012395 43064.4482521065
25.11.2017 10:45:49 0.166097 0.000005   00666 34885 00000001 012479 012437 43064.4484927894
25.11.2017 10:46:10 0.166400 0.000000   00656 34947 00000001 012521 012479 43064.4487336458
25.11.2017 10:46:31 0.166697 0.000005   00651 35011 00000001 012563 012521 43064.4489739699
25.11.2017 10:46:52 0.167000 0.000002   00622 35073 00000001 012605 012563 43064.4492150116
25.11.2017 10:47:59 0.162000 0.000007   02530 34025 00000001 012766 012605 43064.4499962731
25.11.2017 10:49:05 0.162100 0.000000   02472 34045 00000001 012927 012766 43064.4507540625
25.11.2017 10:50:10 0.162199 0.000005   02442 34065 00000001 013088 012927 43064.4515129398
25.11.2017 10:51:16 0.162300 0.000000   02470 34087 00000001 013249 013088 43064.4522696412
25.11.2017 10:52:21 0.162399 0.000006   02524 34109 00000001 013410 013249 43064.4530292477
25.11.2017 10:53:27 0.162499 0.000003   02601 34129 00000001 013571 013410 43064.4537877546
25.11.2017 10:54:01 0.163000 0.000000   01222 34234 00000001 013652 013571 43064.4541837153
25.11.2017 10:54:36 0.163199 0.000005   01262 34277 00000001 013733 013652 43064.4545926736
25.11.2017 10:55:12 0.163398 0.000004   01325 34318 00000001 013814 013733 43064.4550023495
25.11.2017 10:55:47 0.163600 0.000002   01224 34359 00000001 013895 013814 43064.4554113079
25.11.2017 10:56:07 0.163999 0.000003   00638 34443 00000001 013937 013895 43064.4556397106
25.11.2017 10:56:27 0.164297 0.000005   00606 34507 00000001 013978 013937 43064.4558793171
25.11.2017 10:56:48 0.164600 0.000002   00620 34569 00000001 014020 013978 43064.4561198148
25.11.2017 10:57:09 0.164897 0.000005   00669 34633 00000001 014062 014020 43064.4563603125
25.11.2017 10:57:30 0.165198 0.000004   00681 34695 00000001 014104 014062 43064.4566009954
25.11.2017 10:57:51 0.165497 0.000005   00647 34759 00000001 014146 014104 43064.4568422106
25.11.2017 10:58:12 0.165800 0.000002   00659 34821 00000001 014189 014146 43064.4570841551
25.11.2017 10:58:32 0.166097 0.000005   00671 34884 00000001 014231 014189 43064.4573246643
25.11.2017 10:58:53 0.166396 0.000005   00624 34947 00000001 014273 014231 43064.4575649769
25.11.2017 10:59:14 0.166697 0.000005   00649 35011 00000001 014315 014273 43064.4578053009
25.11.2017 10:59:35 0.166998 0.000008   00650 35075 00000001 014357 014315 43064.4580461574
25.11.2017 11:00:41 0.162000 0.000001   02502 34024 00000001 014519 014357 43064.458816412
25.11.2017 11:01:47 0.162100 0.000005   02555 34046 00000001 014680 014519 43064.4595734838
25.11.2017 11:02:52 0.162200 0.000000   02540 34066 00000001 014841 014680 43064.4603300116
25.11.2017 11:03:57 0.162300 0.000005   02473 34088 00000001 015002 014841 43064.4610865394
25.11.2017 11:05:03 0.162400 0.000001   02437 34108 00000001 015163 015002 43064.4618441435
25.11.2017 11:06:08 0.162502 0.000005   02537 34130 00000001 015324 015163 43064.4626003125
25.11.2017 11:06:42 0.163000 0.000000   01222 34234 00000001 015405 015324 43064.4629969907
25.11.2017 11:07:18 0.163198 0.000007   01211 34277 00000001 015485 015405 43064.4634041435
25.11.2017 11:07:53 0.163398 0.000004   01287 34318 00000001 015565 015485 43064.4638129282
25.11.2017 11:08:28 0.163600 0.000002   01286 34359 00000001 015646 015565 43064.4642211574
25.11.2017 11:08:48 0.164000 0.000000   00689 34444 00000001 015688 015646 43064.4644497454
25.11.2017 11:09:09 0.164299 0.000003   00676 34506 00000001 015729 015688 43064.4646896991
25.11.2017 11:09:29 0.164597 0.000005   00623 34570 00000001 015770 015729 43064.4649296644
25.11.2017 11:09:50 0.164895 0.000005   00651 34632 00000001 015811 015770 43064.4651692593
25.11.2017 11:10:11 0.165196 0.000005   00601 34696 00000001 015853 015811 43064.465409213
25.11.2017 11:10:32 0.165504 0.000006   00612 34760 00000001 015894 015853 43064.4656488079
25.11.2017 11:10:52 0.165794 0.000005   00683 34822 00000001 015936 015894 43064.4658909375
25.11.2017 11:11:13 0.166100 0.000002   00650 34884 00000001 015977 015936 43064.4661314352
25.11.2017 11:11:34 0.166397 0.000004   00636 34948 00000001 016018 015977 43064.4663710301
25.11.2017 11:11:55 0.166700 0.000000   00692 35010 00000001 016060 016018 43064.4666120718
25.11.2017 11:12:16 0.166997 0.000005   00636 35074 00000001 016102 016060 43064.4668523958
25.11.2017 11:13:23 0.162000 0.000000   02506 34024 00000001 016263 016102 43064.4676323958
25.11.2017 11:14:28 0.162097 0.000006   02443 34044 00000001 016424 016263 43064.4683889236
25.11.2017 11:15:34 0.162201 0.000006   02482 34067 00000001 016585 016424 43064.4691456366
25.11.2017 11:16:39 0.162300 0.000000   02488 34087 00000001 016746 016585 43064.4699021644
25.11.2017 11:17:44 0.162400 0.000006   02524 34107 00000001 016906 016746 43064.4706586921
25.11.2017 11:18:50 0.162500 0.000005   02543 34128 00000001 017066 016906 43064.4714155787
25.11.2017 11:19:24 0.162999 0.000006   01235 34235 00000001 017147 017066 43064.4718135185
25.11.2017 11:20:00 0.163200 0.000000   01253 34276 00000001 017227 017147 43064.472222662
25.11.2017 11:20:35 0.163399 0.000002   01297 34317 00000001 017308 017227 43064.4726316204
25.11.2017 11:21:10 0.163600 0.000002   01288 34359 00000001 017389 017308 43064.4730412963
25.11.2017 11:21:30 0.163990 0.000014   00682 34444 00000001 017431 017389 43064.4732698843
25.11.2017 11:21:51 0.164295 0.000005   00674 34506 00000001 017473 017431 43064.4735105671
25.11.2017 11:22:12 0.164593 0.000009   00657 34570 00000001 017514 017473 43064.473750162
25.11.2017 11:22:32 0.164895 0.000006   00632 34632 00000001 017555 017514 43064.4739908449
25.11.2017 11:22:53 0.165197 0.000005   00645 34696 00000001 017596 017555 43064.4742309838
25.11.2017 11:23:14 0.165499 0.000004   00650 34758 00000001 017637 017596 43064.4744716551
25.11.2017 11:23:35 0.165797 0.000005   00612 34822 00000001 017678 017637 43064.4747119792
25.11.2017 11:23:55 0.166100 0.000002   00657 34884 00000001 017720 017678 43064.4749523032
25.11.2017 11:24:16 0.166397 0.000005   00656 34948 00000001 017761 017720 43064.4751929745
25.11.2017 11:24:37 0.166696 0.000005   00627 35010 00000001 017802 017761 43064.4754334838
25.11.2017 11:24:58 0.166997 0.000005   00609 35074 00000001 017843 017802 43064.4756739815
25.11.2017 11:26:05 0.161999 0.000007   02405 34025 00000001 018003 017843 43064.4764546991
25.11.2017 11:27:11 0.162100 0.000001   02541 34045 00000001 018164 018003 43064.4772130324
25.11.2017 11:28:16 0.162200 0.000005   02469 34065 00000001 018325 018164 43064.4779713657
25.11.2017 11:29:22 0.162300 0.000000   02500 34087 00000001 018485 018325 43064.4787286227
25.11.2017 11:30:27 0.162399 0.000006   02500 34109 00000001 018645 018485 43064.4794847801
25.11.2017 11:31:32 0.162501 0.000003   02554 34129 00000001 018805 018645 43064.4802418519
25.11.2017 11:32:07 0.162998 0.000004   01209 34234 00000001 018886 018805 43064.4806396181
25.11.2017 11:32:42 0.163198 0.000005   01262 34275 00000001 018967 018886 43064.4810489352
25.11.2017 11:33:17 0.163400 0.000000   01289 34317 00000001 019048 018967 43064.4814580787
25.11.2017 11:33:53 0.163598 0.000004   01276 34360 00000001 019129 019048 43064.4818664931
25.11.2017 11:34:12 0.163997 0.000005   00659 34444 00000001 019170 019129 43064.4820943518
25.11.2017 11:34:33 0.164301 0.000005   00694 34508 00000001 019212 019170 43064.4823353935
25.11.2017 11:34:54 0.164597 0.000005   00651 34570 00000001 019253 019212 43064.4825757176
25.11.2017 11:35:15 0.164896 0.000005   00640 34632 00000001 019294 019253 43064.4828165741
25.11.2017 11:35:36 0.165197 0.000005   00648 34696 00000001 019335 019294 43064.4830570718
25.11.2017 11:35:56 0.165494 0.000006   00660 34758 00000001 019376 019335 43064.483297581
25.11.2017 11:36:17 0.165797 0.000004   00671 34822 00000001 019418 019376 43064.4835389815
25.11.2017 11:36:38 0.166100 0.000002   00619 34884 00000001 019460 019418 43064.4837789352
25.11.2017 11:36:59 0.166397 0.000005   00636 34948 00000001 019502 019460 43064.4840190741
25.11.2017 11:37:19 0.166696 0.000005   00641 35010 00000001 019543 019502 43064.484259213
25.11.2017 11:37:40 0.166999 0.000008   00674 35075 00000001 019585 019543 43064.4845006134
25.11.2017 11:38:47 0.162001 0.000003   02458 34024 00000001 019746 019585 43064.4852696065
25.11.2017 11:39:52 0.162100 0.000006   02491 34046 00000001 019906 019746 43064.4860273958
25.11.2017 11:40:58 0.162200 0.000000   02524 34066 00000001 020067 019906 43064.4867869907
25.11.2017 11:42:03 0.162299 0.000006   02506 34086 00000001 020227 020067 43064.4875440625
25.11.2017 11:43:09 0.162400 0.000000   02630 34108 00000001 020387 020227 43064.4883004051
25.11.2017 11:44:14 0.162500 0.000006   02512 34128 00000001 020548 020387 43064.4890594676
25.11.2017 11:44:49 0.163000 0.000000   01313 34234 00000001 020628 020548 43064.4894561458
25.11.2017 11:45:24 0.163196 0.000006   01343 34275 00000001 020708 020628 43064.4898643866
25.11.2017 11:45:59 0.163400 0.000000   01279 34317 00000001 020789 020708 43064.4902738773
25.11.2017 11:46:34 0.163597 0.000005   01201 34360 00000001 020869 020789 43064.490682662
25.11.2017 11:46:54 0.163999 0.000003   00648 34443 00000001 020911 020869 43064.4909116088
25.11.2017 11:47:15 0.164297 0.000005   00643 34507 00000001 020953 020911 43064.4911519213
25.11.2017 11:47:36 0.164599 0.000003   00624 34569 00000001 020995 020953 43064.4913920602
25.11.2017 11:47:57 0.164897 0.000005   00636 34633 00000001 021036 020995 43064.4916320255
25.11.2017 11:48:17 0.165198 0.000004   00648 34695 00000001 021077 021036 43064.4918726968
25.11.2017 11:48:38 0.165497 0.000006   00654 34759 00000001 021118 021077 43064.4921123032
25.11.2017 11:48:59 0.165800 0.000000   00662 34821 00000001 021160 021118 43064.4923522569
25.11.2017 11:49:19 0.166098 0.000005   00611 34885 00000001 021201 021160 43064.4925923958
25.11.2017 11:49:40 0.166402 0.000006   00624 34947 00000001 021243 021201 43064.4928330787
25.11.2017 11:50:01 0.166697 0.000005   00646 35011 00000001 021285 021243 43064.4930733912
25.11.2017 11:50:22 0.167000 0.000000   00649 35073 00000001 021327 021285 43064.4933139005
25.11.2017 11:51:29 0.162001 0.000006   02498 34025 00000001 021488 021327 43064.4940953356
25.11.2017 11:52:35 0.162100 0.000000   02523 34045 00000001 021648 021488 43064.4948522338
25.11.2017 11:53:40 0.162200 0.000006   02470 34067 00000001 021809 021648 43064.4956107407
25.11.2017 11:54:46 0.162300 0.000000   02438 34087 00000001 021970 021809 43064.4963690741
25.11.2017 11:55:51 0.162402 0.000005   02378 34109 00000001 022131 021970 43064.4971266898
25.11.2017 11:56:56 0.162500 0.000001   02611 34129 00000001 022291 022131 43064.497881412
25.11.2017 11:57:31 0.162998 0.000009   01288 34233 00000001 022374 022291 43064.4982860301
25.11.2017 11:58:08 0.163199 0.000006   01279 34275 00000001 022457 022374 43064.4987040162
25.11.2017 11:58:43 0.163397 0.000005   01279 34318 00000001 022539 022457 43064.4991200231
25.11.2017 11:59:19 0.163600 0.000000   01281 34359 00000001 022619 022539 43064.4995271759
25.11.2017 11:59:38 0.163995 0.000006   00647 34443 00000001 022660 022619 43064.4997550347
25.11.2017 11:59:59 0.164297 0.000005   00655 34507 00000001 022702 022660 43064.499994456
25.11.2017 12:00:20 0.164600 0.000000   00638 34569 00000001 022744 022702 43064.5002340509
25.11.2017 12:00:40 0.164896 0.000005   00655 34632 00000001 022786 022744 43064.5004734606
25.11.2017 12:01:01 0.165197 0.000005   00653 34696 00000001 022828 022786 43064.5007141435
25.11.2017 12:01:22 0.165499 0.000003   00675 34758 00000001 022868 022828 43064.5009537384
25.11.2017 12:01:43 0.165798 0.000005   00631 34822 00000001 022909 022868 43064.5011931597
25.11.2017 12:02:03 0.166097 0.000005   00650 34884 00000001 022950 022909 43064.5014332986
25.11.2017 12:02:24 0.166395 0.000005   00666 34948 00000001 022992 022950 43064.5016730787
25.11.2017 12:02:45 0.166700 0.000002   00633 35010 00000001 023033 022992 43064.5019133912
25.11.2017 12:03:05 0.166998 0.000006   00641 35074 00000001 023075 023033 43064.5021526273
25.11.2017 12:04:14 0.162000 0.000000   02612 34024 00000001 023235 023075 43064.5029425579
25.11.2017 12:05:20 0.162101 0.000007   02630 34044 00000001 023398 023235 43064.503707581
25.11.2017 12:06:25 0.162200 0.000000   02469 34066 00000001 023558 023398 43064.5044617593
25.11.2017 12:07:31 0.162302 0.000006   02628 34088 00000001 023721 023558 43064.5052265857
25.11.2017 12:08:37 0.162400 0.000000   02481 34108 00000001 023884 023721 43064.5059921412
25.11.2017 12:09:42 0.162501 0.000006   02512 34130 00000001 024045 023884 43064.5067466898
25.11.2017 12:10:17 0.162998 0.000004   01298 34234 00000001 024126 024045 43064.5071435532
25.11.2017 12:10:52 0.163201 0.000006   01230 34277 00000001 024206 024126 43064.5075517824
25.11.2017 12:11:27 0.163398 0.000004   01242 34318 00000001 024287 024206 43064.5079594792
25.11.2017 12:12:02 0.163598 0.000004   01235 34359 00000001 024367 024287 43064.5083668171
25.11.2017 12:12:22 0.163997 0.000005   00633 34444 00000001 024409 024367 43064.5085955787
25.11.2017 12:12:43 0.164297 0.000005   00631 34507 00000001 024451 024409 43064.5088360764
25.11.2017 12:13:04 0.164597 0.000006   00635 34570 00000001 024493 024451 43064.5090754977
25.11.2017 12:13:24 0.164896 0.000005   00638 34632 00000001 024535 024493 43064.5093159954
25.11.2017 12:13:45 0.165194 0.000009   00666 34696 00000001 024576 024535 43064.5095555903
25.11.2017 12:14:06 0.165495 0.000005   00616 34758 00000001 024617 024576 43064.5097946412
25.11.2017 12:14:27 0.165800 0.000005   00656 34822 00000001 024659 024617 43064.5100356829
25.11.2017 12:14:47 0.166096 0.000005   00618 34884 00000001 024700 024659 43064.510274919
25.11.2017 12:15:08 0.166398 0.000006   00659 34948 00000001 024742 024700 43064.5105150579
25.11.2017 12:15:29 0.166695 0.000008   00650 35011 00000001 024784 024742 43064.510754838
25.11.2017 12:15:50 0.167000 0.000000   00648 35073 00000001 024826 024784 43064.5109960648
25.11.2017 12:16:58 0.161999 0.000003   02372 34024 00000001 024986 024826 43064.511786169
25.11.2017 12:18:04 0.162101 0.000006   02544 34046 00000001 025150 024986 43064.5125472222
25.11.2017 12:19:09 0.162200 0.000000   02574 34066 00000001 025321 025150 43064.5133000232