
25.11.2017 11:21:15 +00.16398E+00  0016 034438 1 00017389 00017389 131009 421 43064.4730922106
25.11.2017 11:21:15 +00.16398E+00  0036 034438 1 00017390 00017389 131009 359 43064.4730963657
25.11.2017 11:21:15 +00.16397E+00  0053 034438 1 00017391 00017389 131009 359 43064.4731005208
25.11.2017 11:21:16 +00.16397E+00  0064 034438 1 00017392 00017389 131009 405 43064.4731052199
25.11.2017 11:21:16 +00.16397E+00  0084 034438 1 00017393 00017389 131009 359 43064.4731093634
25.11.2017 11:21:17 +00.16397E+00  0106 034438 1 00017394 00017389 131009 359 43064.4731135185
25.11.2017 11:21:17 +00.16397E+00  0115 034438 1 00017395 00017389 131009 406 43064.4731182176
25.11.2017 11:21:17 +00.16398E+00  0129 034438 1 00017396 00017389 131009 358 43064.4731223727
25.11.2017 11:21:18 +00.16397E+00  0143 034438 1 00017397 00017389 131009 359 43064.4731265162
25.11.2017 11:21:18 +00.16397E+00  0161 034438 1 00017398 00017389 131009 406 43064.4731312153
25.11.2017 11:21:18 +00.16397E+00  0181 034438 1 00017399 00017389 131009 359 43064.4731353704
25.11.2017 11:21:19 +00.16397E+00  0193 034438 1 00017400 00017389 131009 358 43064.4731395255
25.11.2017 11:21:19 +00.16397E+00  0203 034438 1 00017401 00017389 131009 406 43064.473144213
25.11.2017 11:21:20 +00.16397E+00  0224 034438 1 00017402 00017389 131009 359 43064.4731483681
25.11.2017 11:21:20 +00.16397E+00  0245 034444 1 00017403 00017389 131009 359 43064.4731525231
25.11.2017 11:21:20 +00.16399E+00  0255 034444 1 00017404 00017389 131009 405 43064.4731572106
25.11.2017 11:21:21 +00.16400E+00  0273 034444 1 00017405 00017389 131009 359 43064.4731613657
25.11.2017 11:21:21 +00.16400E+00  0278 034444 1 00017406 00017389 131009 359 43064.4731655208
25.11.2017 11:21:21 +00.16400E+00  0296 034444 1 00017407 00017389 131009 405 43064.4731702199
25.11.2017 11:21:22 +00.16400E+00  0317 034444 1 00017408 00017389 131009 359 43064.4731743634
25.11.2017 11:21:22 +00.16400E+00  0334 034444 1 00017409 00017389 131009 359 43064.4731785185
25.11.2017 11:21:23 +00.16400E+00  0347 034444 1 00017410 00017389 131009 406 43064.4731832176
25.11.2017 11:21:23 +00.16400E+00  0361 034444 1 00017411 00017389 131009 358 43064.4731873727
25.11.2017 11:21:23 +00.16400E+00  0370 034444 1 00017412 00017389 131009 359 43064.4731915162
25.11.2017 11:21:24 +00.16400E+00  0387 034444 1 00017413 00017389 131009 406 43064.4731962153
25.11.2017 11:21:24 +00.16400E+00  0404 034444 1 00017414 00017389 131009 359 43064.4732003704
25.11.2017 11:21:24 +00.16400E+00  0426 034444 1 00017415 00017389 131009 358 43064.4732045255
25.11.2017 11:21:25 +00.16400E+00  0451 034444 1 00017416 00017389 131009 406 43064.473209213
25.11.2017 11:21:25 +00.16400E+00  0470 034444 1 00017417 00017389 131009 359 43064.4732133681
25.11.2017 11:21:25 +00.16400E+00  0484 034444 1 00017418 00017389 131009 359 43064.4732175231
25.11.2017 11:21:26 +00.16400E+00  0496 034444 1 00017419 00017389 131009 405 43064.4732222106
25.11.2017 11:21:26 +00.16400E+00  0506 034444 1 00017420 00017389 131009 359 43064.4732263657
25.11.2017 11:21:27 +00.16400E+00  0530 034444 1 00017421 00017389 131009 359 43064.4732305208
25.11.2017 11:21:27 +00.16400E+00  0548 034444 1 00017422 00017389 131009 405 43064.4732352199
25.11.2017 11:21:27 +00.16400E+00  0569 034444 1 00017423 00017389 131009 359 43064.4732393634
25.11.2017 11:21:28 +00.16400E+00  0585 034444 1 00017424 00017389 131009 359 43064.4732435185
25.11.2017 11:21:28 +00.16400E+00  0604 034444 1 00017425 00017389 131009 406 43064.4732482176
25.11.2017 11:21:29 +00.16400E+00  0619 034444 1 00017426 00017389 131009 358 43064.4732523727
25.11.2017 11:21:29 +00.16400E+00  0632 034444 1 00017427 00017389 131009 359 43064.4732565162
25.11.2017 11:21:29 +00.16400E+00  0655 034444 1 00017428 00017389 131009 421 43064.4732614005
25.11.2017 11:21:30 +00.16400E+00  0670 034444 1 00017429 00017389 131009 359 43064.473265544
25.11.2017 11:21:30 +00.16400E+00  0682 034444 1 00017430 00017389 131009 359 43064.4732696991
25.11.2017 11:21:35 +00.16429E+00  0016 034504 1 00017431 00017431 131009 421 43064.4733328935
25.11.2017 11:21:36 +00.16429E+00  0036 034504 1 00017432 00017431 131009 359 43064.4733370486
25.11.2017 11:21:36 +00.16429E+00  0050 034504 1 00017433 00017431 131009 359 43064.4733412037
25.11.2017 11:21:37 +00.16429E+00  0063 034504 1 00017434 00017431 131009 405 43064.4733458912
25.11.2017 11:21:37 +00.16429E+00  0078 034504 1 00017435 00017431 131009 359 43064.4733500463
25.11.2017 11:21:37 +00.16429E+00  0092 034504 1 00017436 00017431 131009 359 43064.4733542014
25.11.2017 11:21:38 +00.16429E+00  0113 034504 1 00017437 00017431 131009 405 43064.4733589005
25.11.2017 11:21:38 +00.16429E+00  0129 034504 1 00017438 00017431 131009 359 43064.473363044
25.11.2017 11:21:38 +00.16429E+00  0151 034504 1 00017439 00017431 131009 359 43064.4733671991
25.11.2017 11:21:39 +00.16429E+00  0163 034504 1 00017440 00017431 131009 406 43064.4733718982
25.11.2017 11:21:39 +00.16429E+00  0186 034504 1 00017441 00017431 131009 358 43064.4733760532
25.11.2017 11:21:40 +00.16429E+00  0198 034504 1 00017442 00017431 131009 359 43064.4733801968
25.11.2017 11:21:40 +00.16429E+00  0212 034504 1 00017443 00017431 131009 406 43064.4733848958
25.11.2017 11:21:40 +00.16429E+00  0234 034504 1 00017444 00017431 131009 359 43064.4733890509
25.11.2017 11:21:41 +00.16429E+00  0254 034506 1 00017445 00017431 131009 358 43064.473393206
25.11.2017 11:21:41 +00.16429E+00  0268 034506 1 00017446 00017431 131009 406 43064.4733978935
25.11.2017 11:21:41 +00.16430E+00  0284 034506 1 00017447 00017431 131009 359 43064.4734020486
25.11.2017 11:21:42 +00.16430E+00  0300 034506 1 00017448 00017431 131009 359 43064.4734062037
25.11.2017 11:21:42 +00.16430E+00  0317 034506 1 00017449 00017431 131009 405 43064.4734108912
25.11.2017 11:21:43 +00.16430E+00  0341 034506 1 00017450 00017431 131009 359 43064.4734150463
25.11.2017 11:21:43 +00.16430E+00  0352 034506 1 00017451 00017431 131009 359 43064.4734192014
25.11.2017 11:21:43 +00.16430E+00  0371 034506 1 00017452 00017431 131009 405 43064.4734239005
25.11.2017 11:21:44 +00.16430E+00  0379 034506 1 00017453 00017431 131009 359 43064.473428044
25.11.2017 11:21:44 +00.16430E+00  0396 034506 1 00017454 00017431 131009 359 43064.4734321991
25.11.2017 11:21:44 +00.16430E+00  0414 034506 1 00017455 00017431 131009 406 43064.4734368982
25.11.2017 11:21:45 +00.16430E+00  0434 034506 1 00017456 00017431 131009 358 43064.4734410532
25.11.2017 11:21:45 +00.16430E+00  0443 034506 1 00017457 00017431 131009 359 43064.4734451968
25.11.2017 11:21:46 +00.16430E+00  0458 034506 1 00017458 00017431 131009 406 43064.4734498958
25.11.2017 11:21:46 +00.16430E+00  0476 034506 1 00017459 00017431 131009 359 43064.4734540509
25.11.2017 11:21:46 +00.16430E+00  0489 034506 1 00017460 00017431 131009 358 43064.473458206
25.11.2017 11:21:47 +00.16430E+00  0499 034506 1 00017461 00017431 131009 406 43064.4734628935
25.11.2017 11:21:47 +00.16429E+00  0509 034506 1 00017462 00017431 131009 359 43064.4734670486
25.11.2017 11:21:47 +00.16430E+00  0528 034506 1 00017463 00017431 131009 359 43064.4734712037
25.11.2017 11:21:48 +00.16430E+00  0541 034506 1 00017464 00017431 131009 405 43064.4734758912
25.11.2017 11:21:48 +00.16429E+00  0560 034506 1 00017465 00017431 131009 359 43064.4734800463
25.11.2017 11:21:49 +00.16430E+00  0578 034506 1 00017466 00017431 131009 359 43064.4734842014
25.11.2017 11:21:49 +00.16430E+00  0588 034506 1 00017467 00017431 131009 405 43064.4734889005
25.11.2017 11:21:49 +00.16430E+00  0609 034506 1 00017468 00017431 131009 359 43064.473493044
25.11.2017 11:21:50 +00.16430E+00  0618 034506 1 00017469 00017431 131009 359 43064.4734971991
25.11.2017 11:21:50 +00.16429E+00  0632 034506 1 00017470 00017431 131009 406 43064.4735018981
25.11.2017 11:21:50 +00.16429E+00  0655 034506 1 00017471 00017431 131009 358 43064.4735060532
25.11.2017 11:21:51 +00.16430E+00  0674 034506 1 00017472 00017431 131009 359 43064.4735101968
25.11.2017 11:21:56 +00.16458E+00  0022 034566 1 00017473 00017473 131009 421 43064.4735735764
25.11.2017 11:21:57 +00.16458E+00  0041 034566 1 00017474 00017473 131009 359 43064.4735777315
25.11.2017 11:21:57 +00.16458E+00  0063 034566 1 00017475 00017473 131009 358 43064.4735818866
25.11.2017 11:21:57 +00.16458E+00  0072 034566 1 00017476 00017473 131009 406 43064.4735865741
25.11.2017 11:21:58 +00.16458E+00  0088 034566 1 00017477 00017473 131009 359 43064.4735907292
25.11.2017 11:21:58 +00.16458E+00  0105 034566 1 00017478 00017473 131009 359 43064.4735948843
25.11.2017 11:21:59 +00.16458E+00  0114 034566 1 00017479 00017473 131009 405 43064.4735995718
25.11.2017 11:21:59 +00.16458E+00  0134 034566 1 00017480 00017473 131009 359 43064.4736037269
25.11.2017 11:21:59 +00.16458E+00  0150 034566 1 00017481 00017473 131009 359 43064.4736078819
25.11.2017 11:22:00 +00.16458E+00  0162 034566 1 00017482 00017473 131009 405 43064.473612581
25.11.2017 11:22:00 +00.16458E+00  0181 034566 1 00017483 00017473 131009 359 43064.4736167245
25.11.2017 11:22:00 +00.16458E+00  0190 034566 1 00017484 00017473 131009 359 43064.4736208796
25.11.2017 11:22:01 +00.16458E+00  0210 034566 1 00017485 00017473 131009 406 43064.4736255787
25.11.2017 11:22:01 +00.16458E+00  0223 034566 1 00017486 00017473 131009 358 43064.4736297338
25.11.2017 11:22:01 +00.16459E+00  0231 034570 1 00017487 00017473 131009 359 43064.4736338773
25.11.2017 11:22:02 +00.16460E+00  0245 034570 1 00017488 00017473 131009 406 43064.4736385764
25.11.2017 11:22:02 +00.16460E+00  0267 034570 1 00017489 00017473 131009 359 43064.4736427315
25.11.2017 11:22:03 +00.16460E+00  0280 034570 1 00017490 00017473 131009 358 43064.4736468866
25.11.2017 11:22:03 +00.16460E+00  0296 034570 1 00017491 00017473 131009 406 43064.4736515741
25.11.2017 11:22:03 +00.16460E+00  0315 034570 1 00017492 00017473 131009 359 43064.4736557292
25.11.2017 11:22:04 +00.16460E+00  0330 034570 1 00017493 00017473 131009 359 43064.4736598843
25.11.2017 11:22:04 +00.16460E+00  0345 034570 1 00017494 00017473 131009 405 43064.4736645718
25.11.2017 11:22:04 +00.16460E+00  0363 034570 1 00017495 00017473 131009 359 43064.4736687269
25.11.2017 11:22:05 +00.16460E+00  0377 034570 1 00017496 00017473 131009 359 43064.4736728819
25.11.2017 11:22:05 +00.16460E+00  0391 034570 1 00017497 00017473 131009 405 43064.473677581
25.11.2017 11:22:06 +00.16460E+00  0414 034570 1 00017498 00017473 131009 359 43064.4736817245
25.11.2017 11:22:06 +00.16460E+00  0424 034570 1 00017499 00017473 131009 359 43064.4736858796
25.11.2017 11:22:06 +00.16460E+00  0432 034570 1 00017500 00017473 131009 406 43064.4736905787
25.11.2017 11:22:07 +00.16460E+00  0453 034570 1 00017501 00017473 131009 358 43064.4736947338
25.11.2017 11:22:07 +00.16460E+00  0468 034570 1 00017502 00017473 131009 359 43064.4736988773
25.11.2017 11:22:07 +00.16460E+00  0479 034570 1 00017503 00017473 131009 406 43064.4737035764
25.11.2017 11:22:08 +00.16460E+00  0499 034570 1 00017504 00017473 131009 359 43064.4737077315
25.11.2017 11:22:08 +00.16460E+00  0522 034570 1 00017505 00017473 131009 358 43064.4737118866
25.11.2017 11:22:09 +00.16460E+00  0542 034570 1 00017506 00017473 131009 406 43064.4737165741
25.11.2017 11:22:09 +00.16460E+00  0559 034570 1 00017507 00017473 131009 359 43064.4737207292
25.11.2017 11:22:09 +00.16460E+00  0576 034570 1 00017508 00017473 131009 359 43064.4737248843
25.11.2017 11:22:10 +00.16460E+00  0595 034570 1 00017509 00017473 131009 405 43064.4737295718
25.11.2017 11:22:10 +00.16460E+00  0610 034570 1 00017510 00017473 131009 359 43064.4737337269
25.11.2017 11:22:10 +00.16460E+00  0625 034570 1 00017511 00017473 131009 359 43064.4737378819
25.11.2017 11:22:11 +00.16460E+00  0638 034570 1 00017512 00017473 131009 405 43064.473742581
25.11.2017 11:22:11 +00.16460E+00  0657 034570 1 00017513 00017473 131009 359 43064.4737467245
25.11.2017 11:22:17 +00.16489E+00  0019 034630 1 00017514 00017514 131009 422 43064.4738142593
25.11.2017 11:22:17 +00.16489E+00  0035 034630 1 00017515 00017514 131009 358 43064.4738184143
25.11.2017 11:22:18 +00.16489E+00  0052 034630 1 00017516 00017514 131009 359 43064.4738225579
25.11.2017 11:22:18 +00.16489E+00  0063 034630 1 00017517 00017514 131009 406 43064.4738272569
25.11.2017 11:22:19 +00.16488E+00  0081 034630 1 00017518 00017514 131009 359 43064.473831412
25.11.2017 11:22:19 +00.16489E+00  0097 034630 1 00017519 00017514 131009 358 43064.4738355671
25.11.2017 11:22:19 +00.16488E+00  0105 034630 1 00017520 00017514 131009 406 43064.4738402546
25.11.2017 11:22:20 +00.16489E+00  0120 034630 1 00017521 00017514 131009 359 43064.4738444097
25.11.2017 11:22:20 +00.16488E+00  0139 034630 1 00017522 00017514 131009 359 43064.4738485648
25.11.2017 11:22:20 +00.16489E+00  0155 034630 1 00017523 00017514 131009 405 43064.4738532523
25.11.2017 11:22:21 +00.16489E+00  0173 034630 1 00017524 00017514 131009 359 43064.4738574074
25.11.2017 11:22:21 +00.16489E+00  0193 034630 1 00017525 00017514 131009 359 43064.4738615625
25.11.2017 11:22:22 +00.16489E+00  0206 034630 1 00017526 00017514 131009 405 43064.4738662616
25.11.2017 11:22:22 +00.16489E+00  0230 034630 1 00017527 00017514 131009 359 43064.4738704051
25.11.2017 11:22:22 +00.16489E+00  0244 034632 1 00017528 00017514 131009 359 43064.4738745602
25.11.2017 11:22:23 +00.16489E+00  0258 034632 1 00017529 00017514 131009 406 43064.4738792593
25.11.2017 11:22:23 +00.16489E+00  0271 034632 1 00017530 00017514 131009 358 43064.4738834144
25.11.2017 11:22:23 +00.16490E+00  0284 034632 1 00017531 00017514 131009 359 43064.4738875579
25.11.2017 11:22:24 +00.16490E+00  0309 034632 1 00017532 00017514 131009 406 43064.4738922569
25.11.2017 11:22:24 +00.16490E+00  0326 034632 1 00017533 00017514 131009 359 43064.473896412
25.11.2017 11:22:25 +00.16490E+00  0345 034632 1 00017534 00017514 131009 358 43064.4739005671
25.11.2017 11:22:25 +00.16489E+00  0354 034632 1 00017535 00017514 131009 406 43064.4739052546
25.11.2017 11:22:25 +00.16490E+00  0370 034632 1 00017536 00017514 131009 359 43064.4739094097
25.11.2017 11:22:26 +00.16490E+00  0384 034632 1 00017537 00017514 131009 359 43064.4739135648
25.11.2017 11:22:26 +00.16490E+00  0393 034632 1 00017538 00017514 131009 405 43064.4739182523
25.11.2017 11:22:26 +00.16490E+00  0412 034632 1 00017539 00017514 131009 359 43064.4739224074
25.11.2017 11:22:27 +00.16490E+00  0425 034632 1 00017540 00017514 131009 359 43064.4739265625
25.11.2017 11:22:27 +00.16490E+00  0442 034632 1 00017541 00017514 131009 405 43064.4739312616
25.11.2017 11:22:28 +00.16490E+00  0455 034632 1 00017542 00017514 131009 359 43064.4739354051
25.11.2017 11:22:28 +00.16490E+00  0468 034632 1 00017543 00017514 131009 359 43064.4739395602
25.11.2017 11:22:28 +00.16490E+00  0487 034632 1 00017544 00017514 131009 406 43064.4739442593
25.11.2017 11:22:29 +00.16490E+00  0501 034632 1 00017545 00017514 131009 358 43064.4739484144
25.11.2017 11:22:29 +00.16490E+00  0514 034632 1 00017546 00017514 131009 359 43064.4739525579
25.11.2017 11:22:29 +00.16490E+00  0521 034632 1 00017547 00017514 131009 406 43064.4739572569
25.11.2017 11:22:30 +00.16490E+00  0541 034632 1 00017548 00017514 131009 359 43064.473961412
25.11.2017 11:22:30 +00.16489E+00  0557 034632 1 00017549 00017514 131009 358 43064.4739655671
25.11.2017 11:22:31 +00.16490E+00  0573 034632 1 00017550 00017514 131009 406 43064.4739702546
25.11.2017 11:22:31 +00.16490E+00  0594 034632 1 00017551 00017514 131009 359 43064.4739744097
25.11.2017 11:22:31 +00.16490E+00  0606 034632 1 00017552 00017514 131009 359 43064.4739785648
25.11.2017 11:22:32 +00.16490E+00  0612 034632 1 00017553 00017514 131009 405 43064.4739832523
25.11.2017 11:22:32 +00.16490E+00  0632 034632 1 00017554 00017514 131009 359 43064.4739874074
25.11.2017 11:22:38 +00.16519E+00  0017 034694 1 00017555 00017555 131009 421 43064.4740549421
25.11.2017 11:22:38 +00.16519E+00  0030 034694 1 00017556 00017555 131009 359 43064.4740590856
25.11.2017 11:22:39 +00.16519E+00  0046 034694 1 00017557 00017555 131009 359 43064.4740632407
25.11.2017 11:22:39 +00.16519E+00  0059 034694 1 00017558 00017555 131009 406 43064.4740679398
25.11.2017 11:22:39 +00.16519E+00  0067 034694 1 00017559 00017555 131009 358 43064.4740720949
25.11.2017 11:22:40 +00.16519E+00  0081 034694 1 00017560 00017555 131009 359 43064.4740762384
25.11.2017 11:22:40 +00.16519E+00  0091 034694 1 00017561 00017555 131009 406 43064.4740809375
25.11.2017 11:22:40 +00.16519E+00  0106 034694 1 00017562 00017555 131009 359 43064.4740850926
25.11.2017 11:22:41 +00.16519E+00  0124 034694 1 00017563 00017555 131009 358 43064.4740892477
25.11.2017 11:22:41 +00.16519E+00  0140 034694 1 00017564 00017555 131009 406 43064.4740939352
25.11.2017 11:22:42 +00.16519E+00  0158 034694 1 00017565 00017555 131009 359 43064.4740980903
25.11.2017 11:22:42 +00.16519E+00  0169 034694 1 00017566 00017555 131009 359 43064.4741022454
25.11.2017 11:22:42 +00.16519E+00  0181 034694 1 00017567 00017555 131009 405 43064.4741069329
25.11.2017 11:22:43 +00.16519E+00  0196 034696 1 00017568 00017555 131009 359 43064.474111088
25.11.2017 11:22:43 +00.16520E+00  0214 034696 1 00017569 00017555 131009 359 43064.4741152431
25.11.2017 11:22:43 +00.16520E+00  0236 034696 1 00017570 00017555 131009 405 43064.4741199421
25.11.2017 11:22:44 +00.16520E+00  0249 034696 1 00017571 00017555 131009 359 43064.4741240856
25.11.2017 11:22:44 +00.16520E+00  0261 034696 1 00017572 00017555 131009 359 43064.4741282407
25.11.2017 11:22:45 +00.16520E+00  0278 034696 1 00017573 00017555 131009 406 43064.4741329398
25.11.2017 11:22:45 +00.16520E+00  0296 034696 1 00017574 00017555 131009 358 43064.4741370949
25.11.2017 11:22:45 +00.16520E+00  0315 034696 1 00017575 00017555 131009 359 43064.4741412384
25.11.2017 11:22:46 +00.16520E+00  0334 034696 1 00017576 00017555 131009 406 43064.4741459375
25.11.2017 11:22:46 +00.16520E+00  0348 034696 1 00017577 00017555 131009 359 43064.4741500926
25.11.2017 11:22:46 +00.16520E+00  0365 034696 1 00017578 00017555 131009 358 43064.4741542477
25.11.2017 11:22:47 +00.16520E+00  0382 034696 1 00017579 00017555 131009 406 43064.4741589352
25.11.2017 11:22:47 +00.16520E+00  0404 034696 1 00017580 00017555 131009 359 43064.4741630903
25.11.2017 11:22:48 +00.16520E+00  0421 034696 1 00017581 00017555 131009 359 43064.4741672454
25.11.2017 11:22:48 +00.16520E+00  0438 034696 1 00017582 00017555 131009 405 43064.4741719329
25.11.2017 11:22:48 +00.16520E+00  0456 034696 1 00017583 00017555 131009 359 43064.474176088
25.11.2017 11:22:49 +00.16520E+00  0467 034696 1 00017584 00017555 131009 359 43064.4741802431
25.11.2017 11:22:49 +00.16520E+00  0483 034696 1 00017585 00017555 131009 405 43064.4741849421
25.11.2017 11:22:49 +00.16520E+00  0500 034696 1 00017586 00017555 131009 359 43064.4741890856
25.11.2017 11:22:50 +00.16520E+00  0518 034696 1 00017587 00017555 131009 359 43064.4741932407
25.11.2017 11:22:50 +00.16520E+00  0531 034696 1 00017588 00017555 131009 406 43064.4741979398
25.11.2017 11:22:51 +00.16520E+00  0546 034696 1 00017589 00017555 131009 358 43064.4742020949
25.11.2017 11:22:51 +00.16520E+00  0567 034696 1 00017590 00017555 131009 359 43064.4742062384
25.11.2017 11:22:51 +00.16520E+00  0580 034696 1 00017591 00017555 131009 406 43064.4742109375
25.11.2017 11:22:52 +00.16520E+00  0607 034696 1 00017592 00017555 131009 359 43064.4742150926
25.11.2017 11:22:52 +00.16520E+00  0619 034696 1 00017593 00017555 131009 358 43064.4742192477
25.11.2017 11:22:52 +00.16520E+00  0632 034696 1 00017594 00017555 131009 406 43064.4742239352
25.11.2017 11:22:53 +00.16520E+00  0645 034696 1 00017595 00017555 131009 359 43064.4742280903
25.11.2017 11:22:59 +00.16549E+00  0017 034758 1 00017596 00017596 131009 421 43064.4742956134
25.11.2017 11:22:59 +00.16550E+00  0040 034758 1 00017597 00017596 131009 359 43064.4742997685
25.11.2017 11:22:59 +00.16550E+00  0060 034758 1 00017598 00017596 131009 359 43064.4743039236
25.11.2017 11:23:00 +00.16550E+00  0078 034758 1 00017599 00017596 131009 405 43064.4743086227
25.11.2017 11:23:00 +00.16550E+00  0090 034758 1 00017600 00017596 131009 359 43064.4743127662
25.11.2017 11:23:00 +00.16550E+00  0112 034758 1 00017601 00017596 131009 359 43064.4743169213
25.11.2017 11:23:01 +00.16550E+00  0131 034758 1 00017602 00017596 131009 406 43064.4743216204
25.11.2017 11:23:01 +00.16550E+00  0151 034758 1 00017603 00017596 131009 358 43064.4743257755
25.11.2017 11:23:02 +00.16550E+00  0165 034758 1 00017604 00017596 131009 359 43064.474329919
25.11.2017 11:23:02 +00.16550E+00  0175 034758 1 00017605 00017596 131009 406 43064.4743346181
25.11.2017 11:23:02 +00.16550E+00  0190 034758 1 00017606 00017596 131009 359 43064.4743387732
25.11.2017 11:23:03 +00.16550E+00  0204 034758 1 00017607 00017596 131009 358 43064.4743429282
25.11.2017 11:23:03 +00.16550E+00  0218 034758 1 00017608 00017596 131009 406 43064.4743476157
25.11.2017 11:23:03 +00.16550E+00  0239 034758 1 00017609 00017596 131009 359 43064.4743517708
25.11.2017 11:23:04 +00.16550E+00  0259 034758 1 00017610 00017596 131009 359 43064.4743559259
25.11.2017 11:23:04 +00.16550E+00  0269 034758 1 00017611 00017596 131009 405 43064.4743606134
25.11.2017 11:23:05 +00.16550E+00  0280 034758 1 00017612 00017596 131009 359 43064.4743647685
25.11.2017 11:23:05 +00.16549E+00  0293 034758 1 00017613 00017596 131009 359 43064.4743689236
25.11.2017 11:23:05 +00.16550E+00  0311 034758 1 00017614 00017596 131009 405 43064.4743736227
25.11.2017 11:23:06 +00.16550E+00  0337 034758 1 00017615 00017596 131009 359 43064.4743777662
25.11.2017 11:23:06 +00.16550E+00  0358 034758 1 00017616 00017596 131009 359 43064.4743819213
25.11.2017 11:23:07 +00.16550E+00  0371 034758 1 00017617 00017596 131009 406 43064.4743866204
25.11.2017 11:23:07 +00.16550E+00  0388 034758 1 00017618 00017596 131009 358 43064.4743907755
25.11.2017 11:23:07 +00.16550E+00  0405 034758 1 00017619 00017596 131009 359 43064.474394919
25.11.2017 11:23:08 +00.16550E+00  0422 034758 1 00017620 00017596 131009 406 43064.4743996181
25.11.2017 11:23:08 +00.16550E+00  0434 034758 1 00017621 00017596 131009 359 43064.4744037732
25.11.2017 11:23:08 +00.16550E+00  0446 034758 1 00017622 00017596 131009 358 43064.4744079282
25.11.2017 11:23:09 +00.16550E+00  0463 034758 1 00017623 00017596 131009 406 43064.4744126157
25.11.2017 11:23:09 +00.16550E+00  0478 034758 1 00017624 00017596 131009 359 43064.4744167708
25.11.2017 11:23:09 +00.16550E+00  0498 034758 1 00017625 00017596 131009 359 43064.4744209259
25.11.2017 11:23:10 +00.16550E+00  0506 034758 1 00017626 00017596 131009 405 43064.4744256134
25.11.2017 11:23:10 +00.16550E+00  0523 034758 1 00017627 00017596 131009 359 43064.4744297685
25.11.2017 11:23:11 +00.16550E+00  0533 034758 1 00017628 00017596 131009 359 43064.4744339236
25.11.2017 11:23:11 +00.16549E+00  0548 034758 1 00017629 00017596 131009 405 43064.4744386227
25.11.2017 11:23:11 +00.16549E+00  0568 034758 1 00017630 00017596 131009 359 43064.4744427662
25.11.2017 11:23:12 +00.16549E+00  0584 034758 1 00017631 00017596 131009 359 43064.4744469213
25.11.2017 11:23:12 +00.16549E+00  0595 034758 1 00017632 00017596 131009 406 43064.4744516204
25.11.2017 11:23:12 +00.16549E+00  0607 034758 1 00017633 00017596 131009 358 43064.4744557755
25.11.2017 11:23:13 +00.16550E+00  0622 034758 1 00017634 00017596 131009 359 43064.474459919
25.11.2017 11:23:13 +00.16550E+00  0637 034758 1 00017635 00017596 131009 406 43064.4744646181
25.11.2017 11:23:14 +00.16550E+00  0650 034758 1 00017636 00017596 131009 359 43064.4744687732
25.11.2017 11:23:19 +00.16579E+00  0011 034820 1 00017637 00017637 131308 421 43064.4745362963
25.11.2017 11:23:20 +00.16579E+00  0025 034820 1 00017638 00017637 131308 359 43064.4745404514
25.11.2017 11:23:20 +00.16580E+00  0034 034820 1 00017639 00017637 131308 359 43064.4745446065
25.11.2017 11:23:21 +00.16580E+00  0050 034820 1 00017640 00017637 131308 405 43064.474549294
25.11.2017 11:23:21 +00.16579E+00  0067 034820 1 00017641 00017637 131308 359 43064.4745534491
25.11.2017 11:23:21 +00.16579E+00  0079 034820 1 00017642 00017637 131308 359 43064.4745576042
25.11.2017 11:23:22 +00.16579E+00  0096 034820 1 00017643 00017637 131308 405 43064.4745623032
25.11.2017 11:23:22 +00.16579E+00  0115 034820 1 00017644 00017637 131308 359 43064.4745664468
25.11.2017 11:23:22 +00.16579E+00  0137 034820 1 00017645 00017637 131308 359 43064.4745706019
25.11.2017 11:23:23 +00.16579E+00  0149 034820 1 00017646 00017637 131308 406 43064.4745753009
25.11.2017 11:23:23 +00.16579E+00  0164 034820 1 00017647 00017637 131308 358 43064.474579456
25.11.2017 11:23:24 +00.16579E+00  0181 034820 1 00017648 00017637 131308 359 43064.4745835995
25.11.2017 11:23:24 +00.16579E+00  0201 034820 1 00017649 00017637 131308 406 43064.4745882986
25.11.2017 11:23:24 +00.16579E+00  0215 034822 1 00017650 00017637 131308 359 43064.4745924537
25.11.2017 11:23:25 +00.16580E+00  0222 034822 1 00017651 00017637 131308 358 43064.4745966088
25.11.2017 11:23:25 +00.16580E+00  0243 034822 1 00017652 00017637 131308 406 43064.4746012963
25.11.2017 11:23:25 +00.16580E+00  0261 034822 1 00017653 00017637 131308 359 43064.4746054514
25.11.2017 11:23:26 +00.16580E+00  0277 034822 1 00017654 00017637 131308 359 43064.4746096065
25.11.2017 11:23:26 +00.16581E+00  0293 034822 1 00017655 00017637 131308 405 43064.474614294
25.11.2017 11:23:27 +00.16580E+00  0302 034822 1 00017656 00017637 131308 359 43064.4746184491
25.11.2017 11:23:27 +00.16580E+00  0315 034822 1 00017657 00017637 131308 359 43064.4746226042
25.11.2017 11:23:27 +00.16580E+00  0332 034822 1 00017658 00017637 131308 405 43064.4746273032
25.11.2017 11:23:28 +00.16580E+00  0354 034822 1 00017659 00017637 131308 359 43064.4746314468
25.11.2017 11:23:28 +00.16580E+00  0377 034822 1 00017660 00017637 131308 359 43064.4746356019
25.11.2017 11:23:28 +00.16580E+00  0388 034822 1 00017661 00017637 131308 406 43064.4746403009
25.11.2017 11:23:29 +00.16580E+00  0403 034822 1 00017662 00017637 131308 358 43064.474644456
25.11.2017 11:23:29 +00.16580E+00  0415 034822 1 00017663 00017637 131308 359 43064.4746485995
25.11.2017 11:23:30 +00.16580E+00  0431 034822 1 00017664 00017637 131308 406 43064.4746532986
25.11.2017 11:23:30 +00.16580E+00  0443 034822 1 00017665 00017637 131308 359 43064.4746574537
25.11.2017 11:23:30 +00.16580E+00  0456 034822 1 00017666 00017637 131308 358 43064.4746616088
25.11.2017 11:23:31 +00.16580E+00  0470 034822 1 00017667 00017637 131308 406 43064.4746662963
25.11.2017 11:23:31 +00.16580E+00  0490 034822 1 00017668 00017637 131308 359 43064.4746704514
25.11.2017 11:23:31 +00.16580E+00  0502 034822 1 00017669 00017637 131308 359 43064.4746746065
25.11.2017 11:23:32 +00.16580E+00  0517 034822 1 00017670 00017637 131308 405 43064.474679294
25.11.2017 11:23:32 +00.16580E+00  0536 034822 1 00017671 00017637 131308 359 43064.4746834491
25.11.2017 11:23:33 +00.16580E+00  0553 034822 1 00017672 00017637 131308 359 43064.4746876042
25.11.2017 11:23:33 +00.16580E+00  0568 034822 1 00017673 00017637 131308 405 43064.4746923032
25.11.2017 11:23:33 +00.16580E+00  0584 034822 1 00017674 00017637 131308 359 43064.4746964468
25.11.2017 11:23:34 +00.16580E+00  0595 034822 1 00017675 00017637 131308 359 43064.4747006019
25.11.2017 11:23:34 +00.16580E+00  0602 034822 1 00017676 00017637 131308 406 43064.4747053009
25.11.2017 11:23:34 +00.16580E+00  0612 034822 1 00017677 00017637 131308 358 43064.474709456
25.11.2017 11:23:40 +00.16610E+00  0017 034884 1 00017678 00017678 131308 358 43064.4747717477
25.11.2017 11:23:40 +00.16610E+00  0028 034884 1 00017679 00017678 131308 359 43064.4747758912
25.11.2017 11:23:41 +00.16610E+00  0039 034884 1 00017680 00017678 131308 375 43064.4747802315
25.11.2017 11:23:41 +00.16610E+00  0057 034884 1 00017681 00017678 131308 358 43064.4747843866
25.11.2017 11:23:41 +00.16610E+00  0063 034884 1 00017682 00017678 131308 359 43064.4747885301
25.11.2017 11:23:42 +00.16610E+00  0077 034884 1 00017683 00017678 131308 406 43064.4747932292
25.11.2017 11:23:42 +00.16610E+00  0103 034884 1 00017684 00017678 131308 359 43064.4747973843
25.11.2017 11:23:42 +00.16610E+00  0121 034884 1 00017685 00017678 131308 358 43064.4748015393
25.11.2017 11:23:43 +00.16610E+00  0135 034884 1 00017686 00017678 131308 406 43064.4748062269
25.11.2017 11:23:43 +00.16610E+00  0151 034884 1 00017687 00017678 131308 359 43064.4748103819
25.11.2017 11:23:43 +00.16610E+00  0163 034884 1 00017688 00017678 131308 359 43064.474814537
25.11.2017 11:23:44 +00.16610E+00  0179 034884 1 00017689 00017678 131308 405 43064.4748192245
25.11.2017 11:23:44 +00.16609E+00  0198 034884 1 00017690 00017678 131308 359 43064.4748233796
25.11.2017 11:23:45 +00.16610E+00  0210 034884 1 00017691 00017678 131308 359 43064.4748275347
25.11.2017 11:23:45 +00.16610E+00  0223 034884 1 00017692 00017678 131308 405 43064.4748322338
25.11.2017 11:23:45 +00.16610E+00  0248 034884 1 00017693 00017678 131308 359 43064.4748363773
25.11.2017 11:23:46 +00.16610E+00  0267 034884 1 00017694 00017678 131308 359 43064.4748405324
25.11.2017 11:23:46 +00.16610E+00  0282 034884 1 00017695 00017678 131308 406 43064.4748452315
25.11.2017 11:23:46 +00.16610E+00  0304 034884 1 00017696 00017678 131308 358 43064.4748493866
25.11.2017 11:23:47 +00.16610E+00  0327 034884 1 00017697 00017678 131308 359 43064.4748535301
25.11.2017 11:23:47 +00.16610E+00  0334 034884 1 00017698 00017678 131308 406 43064.4748582292
25.11.2017 11:23:48 +00.16610E+00  0363 034884 1 00017699 00017678 131308 359 43064.4748623843
25.11.2017 11:23:48 +00.16610E+00  0372 034884 1 00017700 00017678 131308 358 43064.4748665393
25.11.2017 11:23:48 +00.16610E+00  0389 034884 1 00017701 00017678 131308 406 43064.4748712268
25.11.2017 11:23:49 +00.16610E+00  0406 034884 1 00017702 00017678 131308 359 43064.4748753819
25.11.2017 11:23:49 +00.16610E+00  0415 034884 1 00017703 00017678 131308 359 43064.474879537
25.11.2017 11:23:49 +00.16610E+00  0427 034884 1 00017704 00017678 131308 405 43064.4748842245
25.11.2017 11:23:50 +00.16610E+00  0437 034884 1 00017705 00017678 131308 359 43064.4748883796
25.11.2017 11:23:50 +00.16610E+00  0448 034884 1 00017706 00017678 131308 359 43064.4748925347
25.11.2017 11:23:51 +00.16610E+00  0464 034884 1 00017707 00017678 131308 405 43064.4748972338
25.11.2017 11:23:51 +00.16610E+00  0478 034884 1 00017708 00017678 131308 359 43064.4749013773
25.11.2017 11:23:51 +00.16610E+00  0491 034884 1 00017709 00017678 131308 359 43064.4749055324
25.11.2017 11:23:52 +00.16610E+00  0511 034884 1 00017710 00017678 131308 406 43064.4749102315
25.11.2017 11:23:52 +00.16610E+00  0530 034884 1 00017711 00017678 131308 358 43064.4749143866
25.11.2017 11:23:52 +00.16610E+00  0549 034884 1 00017712 00017678 131308 359 43064.4749185301
25.11.2017 11:23:53 +00.16610E+00  0561 034884 1 00017713 00017678 131308 406 43064.4749232292
25.11.2017 11:23:53 +00.16610E+00  0580 034884 1 00017714 00017678 131308 359 43064.4749273843
25.11.2017 11:23:54 +00.16610E+00  0596 034884 1 00017715 00017678 131308 358 43064.4749315393
25.11.2017 11:23:54 +00.16610E+00  0607 034884 1 00017716 00017678 131308 406 43064.4749362268
25.11.2017 11:23:54 +00.16610E+00  0629 034884 1 00017717 00017678 131308 359 43064.4749403819
25.11.2017 11:23:55 +00.16610E+00  0648 034884 1 00017718 00017678 131308 359 43064.474944537
25.11.2017 11:23:55 +00.16610E+00  0657 034884 1 00017719 00017678 131308 405 43064.4749492245
25.11.2017 11:24:01 +00.16639E+00  0018 034946 1 00017720 00017720 131308 359 43064.4750156713
25.11.2017 11:24:01 +00.16639E+00  0038 034946 1 00017721 00017720 131308 359 43064.4750198264
25.11.2017 11:24:02 +00.16639E+00  0055 034946 1 00017722 00017720 131308 374 43064.4750241551
25.11.2017 11:24:02 +00.16639E+00  0062 034946 1 00017723 00017720 131308 359 43064.4750283102
25.11.2017 11:24:02 +00.16639E+00  0075 034946 1 00017724 00017720 131308 359 43064.4750324653
25.11.2017 11:24:03 +00.16639E+00  0092 034946 1 00017725 00017720 131308 405 43064.4750371644
25.11.2017 11:24:03 +00.16639E+00  0105 034946 1 00017726 00017720 131308 359 43064.4750413079
25.11.2017 11:24:03 +00.16639E+00  0116 034946 1 00017727 00017720 131308 359 43064.475045463
25.11.2017 11:24:04 +00.16639E+00  0131 034946 1 00017728 00017720 131308 406 43064.475050162
25.11.2017 11:24:04 +00.16639E+00  0149 034946 1 00017729 00017720 131308 358 43064.4750543171
25.11.2017 11:24:05 +00.16639E+00  0167 034946 1 00017730 00017720 131308 359 43064.4750584607
25.11.2017 11:24:05 +00.16639E+00  0180 034946 1 00017731 00017720 131308 406 43064.4750631597
25.11.2017 11:24:05 +00.16639E+00  0195 034946 1 00017732 00017720 131308 359 43064.4750673148
25.11.2017 11:24:06 +00.16639E+00  0209 034946 1 00017733 00017720 131308 358 43064.4750714699
25.11.2017 11:24:06 +00.16640E+00  0224 034948 1 00017734 00017720 131308 406 43064.4750761574
25.11.2017 11:24:06 +00.16640E+00  0241 034948 1 00017735 00017720 131308 359 43064.4750803125
25.11.2017 11:24:07 +00.16640E+00  0256 034948 1 00017736 00017720 131308 359 43064.4750844676
25.11.2017 11:24:07 +00.16640E+00  0278 034948 1 00017737 00017720 131308 405 43064.4750891551
25.11.2017 11:24:08 +00.16640E+00  0296 034948 1 00017738 00017720 131308 359 43064.4750933102
25.11.2017 11:24:08 +00.16640E+00  0316 034948 1 00017739 00017720 131308 359 43064.4750974653
25.11.2017 11:24:08 +00.16640E+00  0336 034948 1 00017740 00017720 131308 405 43064.4751021644
25.11.2017 11:24:09 +00.16640E+00  0349 034948 1 00017741 00017720 131308 359 43064.4751063079
25.11.2017 11:24:09 +00.16640E+00  0358 034948 1 00017742 00017720 131308 359 43064.475110463
25.11.2017 11:24:09 +00.16640E+00  0377 034948 1 00017743 00017720 131308 406 43064.475115162
25.11.2017 11:24:10 +00.16640E+00  0389 034948 1 00017744 00017720 131308 358 43064.4751193171
25.11.2017 11:24:10 +00.16640E+00  0408 034948 1 00017745 00017720 131308 359 43064.4751234606
25.11.2017 11:24:11 +00.16640E+00  0423 034948 1 00017746 00017720 131308 406 43064.4751281597
25.11.2017 11:24:11 +00.16640E+00  0438 034948 1 00017747 00017720 131308 359 43064.4751323148
25.11.2017 11:24:11 +00.16640E+00  0464 034948 1 00017748 00017720 131308 358 43064.4751364699
25.11.2017 11:24:12 +00.16640E+00  0484 034948 1 00017749 00017720 131308 406 43064.4751411574
25.11.2017 11:24:12 +00.16640E+00  0506 034948 1 00017750 00017720 131308 359 43064.4751453125
25.11.2017 11:24:12 +00.16640E+00  0516 034948 1 00017751 00017720 131308 359 43064.4751494676
25.11.2017 11:24:13 +00.16640E+00  0532 034948 1 00017752 00017720 131308 405 43064.4751541551
25.11.2017 11:24:13 +00.16640E+00  0550 034948 1 00017753 00017720 131308 359 43064.4751583102
25.11.2017 11:24:14 +00.16640E+00  0572 034948 1 00017754 00017720 131308 359 43064.4751624653
25.11.2017 11:24:14 +00.16640E+00  0587 034948 1 00017755 00017720 131308 405 43064.4751671644
25.11.2017 11:24:14 +00.16640E+00  0601 034948 1 00017756 00017720 131308 359 43064.4751713079
25.11.2017 11:24:15 +00.16640E+00  0614 034948 1 00017757 00017720 131308 359 43064.475175463
25.11.2017 11:24:15 +00.16640E+00  0631 034948 1 00017758 00017720 131308 406 43064.475180162
25.11.2017 11:24:15 +00.16640E+00  0646 034948 1 00017759 00017720 131308 358 43064.4751843171
25.11.2017 11:24:16 +00.16640E+00  0656 034948 1 00017760 00017720 131308 359 43064.4751884606
25.11.2017 11:24:22 +00.16669E+00  0019 035008 1 00017761 00017761 131308 359 43064.4752563542
25.11.2017 11:24:22 +00.16669E+00  0031 035008 1 00017762 00017761 131308 359 43064.4752605093
25.11.2017 11:24:22 +00.16669E+00  0048 035008 1 00017763 00017761 131308 374 43064.475264838
25.11.2017 11:24:23 +00.16669E+00  0066 035008 1 00017764 00017761 131308 359 43064.4752689931
25.11.2017 11:24:23 +00.16669E+00  0084 035008 1 00017765 00017761 131308 359 43064.4752731481
25.11.2017 11:24:24 +00.16669E+00  0095 035008 1 00017766 00017761 131308 405 43064.4752778356
25.11.2017 11:24:24 +00.16669E+00  0110 035008 1 00017767 00017761 131308 359 43064.4752819907
25.11.2017 11:24:24 +00.16669E+00  0126 035008 1 00017768 00017761 131308 359 43064.4752861458
25.11.2017 11:24:25 +00.16669E+00  0137 035008 1 00017769 00017761 131308 405 43064.4752908449
25.11.2017 11:24:25 +00.16669E+00  0152 035008 1 00017770 00017761 131308 359 43064.4752949884
25.11.2017 11:24:25 +00.16669E+00  0160 035008 1 00017771 00017761 131308 359 43064.4752991435
25.11.2017 11:24:26 +00.16669E+00  0179 035008 1 00017772 00017761 131308 406 43064.4753038426
25.11.2017 11:24:26 +00.16669E+00  0197 035008 1 00017773 00017761 131308 358 43064.4753079977
25.11.2017 11:24:26 +00.16669E+00  0212 035008 1 00017774 00017761 131308 359 43064.4753121412
25.11.2017 11:24:27 +00.16669E+00  0222 035010 1 00017775 00017761 131308 406 43064.4753168403
25.11.2017 11:24:27 +00.16669E+00  0241 035010 1 00017776 00017761 131308 359 43064.4753209954
25.11.2017 11:24:28 +00.16669E+00  0259 035010 1 00017777 00017761 131308 358 43064.4753251505
25.11.2017 11:24:28 +00.16669E+00  0272 035010 1 00017778 00017761 131308 406 43064.475329838
25.11.2017 11:24:28 +00.16670E+00  0292 035010 1 00017779 00017761 131308 359 43064.4753339931
25.11.2017 11:24:29 +00.16670E+00  0302 035010 1 00017780 00017761 131308 359 43064.4753381481
25.11.2017 11:24:29 +00.16670E+00  0315 035010 1 00017781 00017761 131308 405 43064.4753428356
25.11.2017 11:24:29 +00.16670E+00  0336 035010 1 00017782 00017761 131308 359 43064.4753469907
25.11.2017 11:24:30 +00.16670E+00  0349 035010 1 00017783 00017761 131308 359 43064.4753511458
25.11.2017 11:24:30 +00.16670E+00  0371 035010 1 00017784 00017761 131308 405 43064.4753558449
25.11.2017 11:24:31 +00.16670E+00  0392 035010 1 00017785 00017761 131308 359 43064.4753599884
25.11.2017 11:24:31 +00.16670E+00  0402 035010 1 00017786 00017761 131308 359 43064.4753641435
25.11.2017 11:24:31 +00.16670E+00  0412 035010 1 00017787 00017761 131308 406 43064.4753688426
25.11.2017 11:24:32 +00.16670E+00  0429 035010 1 00017788 00017761 131308 358 43064.4753729977
25.11.2017 11:24:32 +00.16670E+00  0441 035010 1 00017789 00017761 131308 359 43064.4753771412
25.11.2017 11:24:32 +00.16670E+00  0452 035010 1 00017790 00017761 131308 406 43064.4753818403
25.11.2017 11:24:33 +00.16670E+00  0470 035010 1 00017791 00017761 131308 359 43064.4753859954
25.11.2017 11:24:33 +00.16670E+00  0485 035010 1 00017792 00017761 131308 358 43064.4753901505
25.11.2017 11:24:34 +00.16670E+00  0504 035010 1 00017793 00017761 131308 406 43064.475394838
25.11.2017 11:24:34 +00.16670E+00  0524 035010 1 00017794 00017761 131308 359 43064.4753989931
25.11.2017 11:24:34 +00.16670E+00  0547 035010 1 00017795 00017761 131308 359 43064.4754031481
25.11.2017 11:24:35 +00.16670E+00  0558 035010 1 00017796 00017761 131308 405 43064.4754078356
25.11.2017 11:24:35 +00.16670E+00  0572 035010 1 00017797 00017761 131308 359 43064.4754119907
25.11.2017 11:24:35 +00.16670E+00  0584 035010 1 00017798 00017761 131308 359 43064.4754161458
25.11.2017 11:24:36 +00.16670E+00  0597 035010 1 00017799 00017761 131308 405 43064.4754208449
25.11.2017 11:24:36 +00.16670E+00  0610 035010 1 00017800 00017761 131308 359 43064.4754249884
25.11.2017 11:24:37 +00.16670E+00  0627 035010 1 00017801 00017761 131308 359 43064.4754291435
25.11.2017 11:24:42 +00.16700E+00  0016 035072 1 00017802 00017802 131308 359 43064.475497037
25.11.2017 11:24:43 +00.16699E+00  0025 035072 1 00017803 00017802 131308 358 43064.4755011921
25.11.2017 11:24:43 +00.16699E+00  0044 035072 1 00017804 00017802 131308 375 43064.4755055208
25.11.2017 11:24:44 +00.16699E+00  0058 035072 1 00017805 00017802 131308 359 43064.4755096759
25.11.2017 11:24:44 +00.16699E+00  0068 035072 1 00017806 00017802 131308 358 43064.475513831
25.11.2017 11:24:44 +00.16699E+00  0087 035072 1 00017807 00017802 131308 406 43064.4755185185
25.11.2017 11:24:45 +00.16699E+00  0100 035072 1 00017808 00017802 131308 359 43064.4755226736
25.11.2017 11:24:45 +00.16699E+00  0107 035072 1 00017809 00017802 131308 359 43064.4755268287
25.11.2017 11:24:45 +00.16699E+00  0123 035072 1 00017810 00017802 131308 405 43064.4755315162
25.11.2017 11:24:46 +00.16699E+00  0139 035072 1 00017811 00017802 131308 359 43064.4755356713
25.11.2017 11:24:46 +00.16699E+00  0154 035072 1 00017812 00017802 131308 359 43064.4755398264
25.11.2017 11:24:47 +00.16699E+00  0166 035072 1 00017813 00017802 131308 405 43064.4755445255
25.11.2017 11:24:47 +00.16699E+00  0182 035072 1 00017814 00017802 131308 359 43064.475548669
25.11.2017 11:24:47 +00.16699E+00  0196 035072 1 00017815 00017802 131308 359 43064.4755528241
25.11.2017 11:24:48 +00.16700E+00  0210 035074 1 00017816 00017802 131308 406 43064.4755575231
25.11.2017 11:24:48 +00.16700E+00  0225 035074 1 00017817 00017802 131308 358 43064.4755616782
25.11.2017 11:24:48 +00.16700E+00  0235 035074 1 00017818 00017802 131308 359 43064.4755658218
25.11.2017 11:24:49 +00.16700E+00  0256 035074 1 00017819 00017802 131308 406 43064.4755705208
25.11.2017 11:24:49 +00.16700E+00  0268 035074 1 00017820 00017802 131308 359 43064.4755746759
25.11.2017 11:24:50 +00.16700E+00  0284 035074 1 00017821 00017802 131308 358 43064.475578831
25.11.2017 11:24:50 +00.16700E+00  0309 035074 1 00017822 00017802 131308 406 43064.4755835185
25.11.2017 11:24:50 +00.16700E+00  0333 035074 1 00017823 00017802 131308 359 43064.4755876736
25.11.2017 11:24:51 +00.16700E+00  0343 035074 1 00017824 00017802 131308 359 43064.4755918287
25.11.2017 11:24:51 +00.16700E+00  0357 035074 1 00017825 00017802 131308 405 43064.4755965162
25.11.2017 11:24:51 +00.16700E+00  0375 035074 1 00017826 00017802 131308 359 43064.4756006713
25.11.2017 11:24:52 +00.16700E+00  0393 035074 1 00017827 00017802 131308 359 43064.4756048264
25.11.2017 11:24:52 +00.16700E+00  0403 035074 1 00017828 00017802 131308 405 43064.4756095255
25.11.2017 11:24:53 +00.16700E+00  0413 035074 1 00017829 00017802 131308 359 43064.475613669
25.11.2017 11:24:53 +00.16700E+00  0434 035074 1 00017830 00017802 131308 359 43064.4756178241
25.11.2017 11:24:53 +00.16700E+00  0442 035074 1 00017831 00017802 131308 406 43064.4756225231
25.11.2017 11:24:54 +00.16700E+00  0459 035074 1 00017832 00017802 131308 358 43064.4756266782
25.11.2017 11:24:54 +00.16700E+00  0475 035074 1 00017833 00017802 131308 359 43064.4756308218
25.11.2017 11:24:54 +00.16700E+00  0491 035074 1 00017834 00017802 131308 406 43064.4756355208
25.11.2017 11:24:55 +00.16700E+00  0508 035074 1 00017835 00017802 131308 359 43064.4756396759
25.11.2017 11:24:55 +00.16700E+00  0518 035074 1 00017836 00017802 131308 358 43064.475643831
25.11.2017 11:24:56 +00.16700E+00  0529 035074 1 00017837 00017802 131308 406 43064.4756485185
25.11.2017 11:24:56 +00.16700E+00  0552 035074 1 00017838 00017802 131308 359 43064.4756526736
25.11.2017 11:24:56 +00.16700E+00  0566 035074 1 00017839 00017802 131308 359 43064.4756568287
25.11.2017 11:24:57 +00.16700E+00  0583 035074 1 00017840 00017802 131308 405 43064.4756615162
25.11.2017 11:24:57 +00.16700E+00  0598 035074 1 00017841 00017802 131308 359 43064.4756656713
25.11.2017 11:24:57 +00.16700E+00  0609 035074 1 00017842 00017802 131308 359 43064.4756698264