
25.11.2017 11:25:05 +00.16199E+00  0016 034021 1 00017843 00017843 131308 422 43064.4757624537
25.11.2017 11:25:06 +00.16199E+00  0033 034021 1 00017844 00017843 131308 358 43064.4757666088
25.11.2017 11:25:06 +00.16199E+00  0048 034021 1 00017845 00017843 131308 359 43064.4757707523
25.11.2017 11:25:06 +00.16198E+00  0055 034021 1 00017846 00017843 131308 406 43064.4757754514
25.11.2017 11:25:07 +00.16199E+00  0070 034021 1 00017847 00017843 131308 359 43064.4757796065
25.11.2017 11:25:07 +00.16199E+00  0083 034021 1 00017848 00017843 131308 358 43064.4757837616
25.11.2017 11:25:08 +00.16199E+00  0098 034021 1 00017849 00017843 131308 406 43064.4757884491
25.11.2017 11:25:08 +00.16199E+00  0117 034021 1 00017850 00017843 131308 359 43064.4757926042
25.11.2017 11:25:08 +00.16199E+00  0122 034021 1 00017851 00017843 131308 359 43064.4757967593
25.11.2017 11:25:09 +00.16199E+00  0136 034021 1 00017852 00017843 131308 405 43064.4758014468
25.11.2017 11:25:09 +00.16199E+00  0152 034021 1 00017853 00017843 131308 359 43064.4758056019
25.11.2017 11:25:09 +00.16198E+00  0170 034021 1 00017854 00017843 131308 359 43064.4758097569
25.11.2017 11:25:10 +00.16199E+00  0177 034021 1 00017855 00017843 131308 405 43064.475814456
25.11.2017 11:25:10 +00.16199E+00  0197 034023 1 00017856 00017843 131308 359 43064.4758185995
25.11.2017 11:25:11 +00.16199E+00  0210 034023 1 00017857 00017843 131308 359 43064.4758227546
25.11.2017 11:25:11 +00.16199E+00  0225 034023 1 00017858 00017843 131308 406 43064.4758274537
25.11.2017 11:25:11 +00.16199E+00  0246 034023 1 00017859 00017843 131308 358 43064.4758316088
25.11.2017 11:25:12 +00.16199E+00  0266 034023 1 00017860 00017843 131308 359 43064.4758357523
25.11.2017 11:25:12 +00.16199E+00  0281 034023 1 00017861 00017843 131308 406 43064.4758404514
25.11.2017 11:25:12 +00.16199E+00  0298 034023 1 00017862 00017843 131308 359 43064.4758446065
25.11.2017 11:25:13 +00.16199E+00  0306 034023 1 00017863 00017843 131308 358 43064.4758487616
25.11.2017 11:25:13 +00.16200E+00  0311 034023 1 00017864 00017843 131308 406 43064.4758534491
25.11.2017 11:25:14 +00.16200E+00  0325 034023 1 00017865 00017843 131308 359 43064.4758576042
25.11.2017 11:25:14 +00.16199E+00  0336 034023 1 00017866 00017843 131308 359 43064.4758617593
25.11.2017 11:25:14 +00.16199E+00  0345 034023 1 00017867 00017843 131308 405 43064.4758664468
25.11.2017 11:25:15 +00.16199E+00  0361 034023 1 00017868 00017843 131308 359 43064.4758706019
25.11.2017 11:25:15 +00.16200E+00  0379 034023 1 00017869 00017843 131308 359 43064.4758747569
25.11.2017 11:25:15 +00.16200E+00  0392 034023 1 00017870 00017843 131308 405 43064.475879456
25.11.2017 11:25:16 +00.16199E+00  0411 034023 1 00017871 00017843 131308 359 43064.4758835995
25.11.2017 11:25:16 +00.16200E+00  0425 034023 1 00017872 00017843 131308 359 43064.4758877546
25.11.2017 11:25:17 +00.16199E+00  0442 034023 1 00017873 00017843 131308 406 43064.4758924537
25.11.2017 11:25:17 +00.16199E+00  0455 034023 1 00017874 00017843 131308 358 43064.4758966088
25.11.2017 11:25:17 +00.16200E+00  0471 034023 1 00017875 00017843 131308 359 43064.4759007523
25.11.2017 11:25:18 +00.16199E+00  0483 034023 1 00017876 00017843 131308 406 43064.4759054514
25.11.2017 11:25:18 +00.16200E+00  0498 034023 1 00017877 00017843 131308 359 43064.4759096065
25.11.2017 11:25:18 +00.16199E+00  0510 034023 1 00017878 00017843 131308 358 43064.4759137616
25.11.2017 11:25:19 +00.16199E+00  0525 034023 1 00017879 00017843 131308 406 43064.4759184491
25.11.2017 11:25:19 +00.16199E+00  0542 034023 1 00017880 00017843 131308 359 43064.4759226042
25.11.2017 11:25:20 +00.16199E+00  0556 034023 1 00017881 00017843 131308 359 43064.4759267593
25.11.2017 11:25:20 +00.16199E+00  0568 034023 1 00017882 00017843 131308 405 43064.4759314468
25.11.2017 11:25:20 +00.16200E+00  0580 034023 1 00017883 00017843 131308 359 43064.4759356019
25.11.2017 11:25:21 +00.16199E+00  0586 034023 1 00017884 00017843 131308 359 43064.4759397569
25.11.2017 11:25:21 +00.16199E+00  0597 034023 1 00017885 00017843 131308 405 43064.475944456
25.11.2017 11:25:21 +00.16199E+00  0618 034023 1 00017886 00017843 131308 359 43064.4759485995
25.11.2017 11:25:22 +00.16199E+00  0631 034023 1 00017887 00017843 131308 359 43064.4759527546
25.11.2017 11:25:22 +00.16200E+00  0643 034023 1 00017888 00017843 131308 406 43064.4759574537
25.11.2017 11:25:23 +00.16200E+00  0658 034023 1 00017889 00017843 131308 358 43064.4759616088
25.11.2017 11:25:23 +00.16199E+00  0680 034023 1 00017890 00017843 131308 359 43064.4759657523
25.11.2017 11:25:23 +00.16200E+00  0693 034023 1 00017891 00017843 131308 406 43064.4759704514
25.11.2017 11:25:24 +00.16200E+00  0710 034023 1 00017892 00017843 131308 359 43064.4759746065
25.11.2017 11:25:24 +00.16200E+00  0727 034023 1 00017893 00017843 131308 358 43064.4759787616
25.11.2017 11:25:24 +00.16200E+00  0746 034023 1 00017894 00017843 131308 406 43064.4759834491
25.11.2017 11:25:25 +00.16200E+00  0758 034023 1 00017895 00017843 131308 359 43064.4759876042
25.11.2017 11:25:25 +00.16200E+00  0775 034023 1 00017896 00017843 131308 359 43064.4759917593
25.11.2017 11:25:26 +00.16200E+00  0787 034023 1 00017897 00017843 131308 421 43064.4759966319
25.11.2017 11:25:26 +00.16200E+00  0796 034023 1 00017898 00017843 131308 359 43064.476000787
25.11.2017 11:25:26 +00.16200E+00  0809 034023 1 00017899 00017843 131308 358 43064.4760049421
25.11.2017 11:25:27 +00.16199E+00  0824 034023 1 00017900 00017843 131308 406 43064.4760096296
25.11.2017 11:25:27 +00.16200E+00  0838 034023 1 00017901 00017843 131308 359 43064.4760137847
25.11.2017 11:25:27 +00.16200E+00  0852 034023 1 00017902 00017843 131308 359 43064.4760179398
25.11.2017 11:25:28 +00.16200E+00  0864 034023 1 00017903 00017843 131308 405 43064.4760226273
25.11.2017 11:25:28 +00.16200E+00  0880 034023 1 00017904 00017843 131308 359 43064.4760267824
25.11.2017 11:25:29 +00.16200E+00  0896 034023 1 00017905 00017843 131308 359 43064.4760309375
25.11.2017 11:25:29 +00.16199E+00  0908 034023 1 00017906 00017843 131308 405 43064.4760356366
25.11.2017 11:25:29 +00.16199E+00  0922 034023 1 00017907 00017843 131308 359 43064.4760397801
25.11.2017 11:25:30 +00.16199E+00  0932 034023 1 00017908 00017843 131308 359 43064.4760439352
25.11.2017 11:25:30 +00.16199E+00  0944 034023 1 00017909 00017843 131308 406 43064.4760486343
25.11.2017 11:25:30 +00.16200E+00  0959 034023 1 00017910 00017843 131308 358 43064.4760527894
25.11.2017 11:25:31 +00.16199E+00  0973 034023 1 00017911 00017843 131308 359 43064.4760569329
25.11.2017 11:25:31 +00.16200E+00  0983 034025 1 00017912 00017843 131308 406 43064.4760616319
25.11.2017 11:25:32 +00.16200E+00  0995 034025 1 00017913 00017843 131308 359 43064.476065787
25.11.2017 11:25:32 +00.16200E+00  1009 034025 1 00017914 00017843 131308 358 43064.4760699421
25.11.2017 11:25:32 +00.16200E+00  1027 034025 1 00017915 00017843 131308 406 43064.4760746296
25.11.2017 11:25:33 +00.16200E+00  1042 034025 1 00017916 00017843 131308 359 43064.4760787847
25.11.2017 11:25:33 +00.16201E+00  1055 034025 1 00017917 00017843 131308 359 43064.4760829398
25.11.2017 11:25:33 +00.16200E+00  1069 034025 1 00017918 00017843 131308 405 43064.4760876273
25.11.2017 11:25:34 +00.16200E+00  1091 034025 1 00017919 00017843 131308 359 43064.4760917824
25.11.2017 11:25:34 +00.16201E+00  1109 034025 1 00017920 00017843 131308 359 43064.4760959375
25.11.2017 11:25:35 +00.16201E+00  1120 034025 1 00017921 00017843 131308 405 43064.4761006366
25.11.2017 11:25:35 +00.16200E+00  1136 034025 1 00017922 00017843 131308 359 43064.4761047801
25.11.2017 11:25:35 +00.16200E+00  1145 034025 1 00017923 00017843 131308 359 43064.4761089352
25.11.2017 11:25:36 +00.16201E+00  1157 034025 1 00017924 00017843 131308 406 43064.4761136343
25.11.2017 11:25:36 +00.16201E+00  1170 034023 1 00017925 00017843 131308 358 43064.4761177894
25.11.2017 11:25:36 +00.16200E+00  1178 034023 1 00017926 00017843 131308 359 43064.4761219329
25.11.2017 11:25:37 +00.16200E+00  1192 034023 1 00017927 00017843 131308 406 43064.4761266319
25.11.2017 11:25:37 +00.16200E+00  1215 034023 1 00017928 00017843 131308 359 43064.476130787
25.11.2017 11:25:38 +00.16199E+00  1231 034023 1 00017929 00017843 131308 358 43064.4761349421
25.11.2017 11:25:38 +00.16200E+00  1242 034023 1 00017930 00017843 131308 406 43064.4761396296
25.11.2017 11:25:38 +00.16199E+00  1257 034023 1 00017931 00017843 131308 359 43064.4761437847
25.11.2017 11:25:39 +00.16200E+00  1276 034023 1 00017932 00017843 131308 359 43064.4761479398
25.11.2017 11:25:39 +00.16199E+00  1291 034023 1 00017933 00017843 131308 405 43064.4761526273
25.11.2017 11:25:39 +00.16199E+00  1312 034023 1 00017934 00017843 131308 359 43064.4761567824
25.11.2017 11:25:40 +00.16199E+00  1328 034023 1 00017935 00017843 131308 359 43064.4761609375
25.11.2017 11:25:40 +00.16199E+00  1343 034023 1 00017936 00017843 131308 405 43064.4761656366
25.11.2017 11:25:41 +00.16200E+00  1355 034023 1 00017937 00017843 131308 359 43064.4761697801
25.11.2017 11:25:41 +00.16199E+00  1371 034023 1 00017938 00017843 131308 359 43064.4761739352
25.11.2017 11:25:41 +00.16200E+00  1386 034025 1 00017939 00017843 131308 406 43064.4761786343
25.11.2017 11:25:42 +00.16200E+00  1408 034025 1 00017940 00017843 131308 358 43064.4761827894
25.11.2017 11:25:42 +00.16200E+00  1425 034025 1 00017941 00017843 131308 359 43064.4761869329
25.11.2017 11:25:42 +00.16200E+00  1438 034025 1 00017942 00017843 131308 406 43064.4761916319
25.11.2017 11:25:43 +00.16200E+00  1455 034025 1 00017943 00017843 131308 359 43064.476195787
25.11.2017 11:25:43 +00.16200E+00  1476 034025 1 00017944 00017843 131308 358 43064.4761999421
25.11.2017 11:25:44 +00.16201E+00  1494 034025 1 00017945 00017843 131308 406 43064.4762046296
25.11.2017 11:25:44 +00.16201E+00  1509 034025 1 00017946 00017843 131308 359 43064.4762087847
25.11.2017 11:25:44 +00.16201E+00  1521 034025 1 00017947 00017843 131308 359 43064.4762129398
25.11.2017 11:25:45 +00.16201E+00  1531 034025 1 00017948 00017843 131308 405 43064.4762176273
25.11.2017 11:25:45 +00.16201E+00  1554 034025 1 00017949 00017843 131308 359 43064.4762217824
25.11.2017 11:25:45 +00.16201E+00  1571 034025 1 00017950 00017843 131308 359 43064.4762259375
25.11.2017 11:25:46 +00.16201E+00  1590 034025 1 00017951 00017843 131308 405 43064.4762306366
25.11.2017 11:25:46 +00.16200E+00  1615 034025 1 00017952 00017843 131308 359 43064.4762347801
25.11.2017 11:25:47 +00.16200E+00  1633 034025 1 00017953 00017843 131308 359 43064.4762389352
25.11.2017 11:25:47 +00.16200E+00  1642 034025 1 00017954 00017843 131308 421 43064.4762438079
25.11.2017 11:25:47 +00.16200E+00  1656 034025 1 00017955 00017843 131308 359 43064.476247963
25.11.2017 11:25:48 +00.16200E+00  1668 034025 1 00017956 00017843 131308 359 43064.4762521181
25.11.2017 11:25:48 +00.16200E+00  1694 034025 1 00017957 00017843 131308 405 43064.4762568171
25.11.2017 11:25:48 +00.16200E+00  1715 034025 1 00017958 00017843 131308 359 43064.4762609606
25.11.2017 11:25:49 +00.16201E+00  1728 034025 1 00017959 00017843 131308 359 43064.4762651157
25.11.2017 11:25:49 +00.16200E+00  1740 034025 1 00017960 00017843 131308 406 43064.4762698148
25.11.2017 11:25:50 +00.16200E+00  1761 034025 1 00017961 00017843 131308 358 43064.4762739699
25.11.2017 11:25:50 +00.16200E+00  1777 034025 1 00017962 00017843 131308 359 43064.4762781134
25.11.2017 11:25:50 +00.16200E+00  1789 034025 1 00017963 00017843 131308 406 43064.4762828125
25.11.2017 11:25:51 +00.16201E+00  1807 034025 1 00017964 00017843 131308 359 43064.4762869676
25.11.2017 11:25:51 +00.16201E+00  1822 034025 1 00017965 00017843 131308 358 43064.4762911227
25.11.2017 11:25:51 +00.16200E+00  1839 034025 1 00017966 00017843 131308 406 43064.4762958102
25.11.2017 11:25:52 +00.16201E+00  1858 034025 1 00017967 00017843 131308 359 43064.4762999653
25.11.2017 11:25:52 +00.16201E+00  1869 034025 1 00017968 00017843 131308 359 43064.4763041204
25.11.2017 11:25:53 +00.16200E+00  1887 034025 1 00017969 00017843 131308 405 43064.4763088079
25.11.2017 11:25:53 +00.16200E+00  1900 034025 1 00017970 00017843 131308 359 43064.476312963
25.11.2017 11:25:53 +00.16200E+00  1911 034025 1 00017971 00017843 131308 359 43064.4763171181
25.11.2017 11:25:54 +00.16201E+00  1923 034025 1 00017972 00017843 131308 405 43064.4763218171
25.11.2017 11:25:54 +00.16200E+00  1939 034025 1 00017973 00017843 131308 359 43064.4763259606
25.11.2017 11:25:54 +00.16201E+00  1952 034025 1 00017974 00017843 131308 359 43064.4763301157
25.11.2017 11:25:55 +00.16200E+00  1968 034025 1 00017975 00017843 131308 406 43064.4763348148
25.11.2017 11:25:55 +00.16200E+00  1983 034025 1 00017976 00017843 131308 358 43064.4763389699
25.11.2017 11:25:56 +00.16201E+00  1993 034025 1 00017977 00017843 131308 359 43064.4763431134
25.11.2017 11:25:56 +00.16200E+00  2000 034025 1 00017978 00017843 131308 406 43064.4763478125
25.11.2017 11:25:56 +00.16200E+00  2018 034025 1 00017979 00017843 131308 359 43064.4763519676
25.11.2017 11:25:57 +00.16200E+00  2027 034025 1 00017980 00017843 131308 358 43064.4763561227
25.11.2017 11:25:57 +00.16200E+00  2043 034025 1 00017981 00017843 131308 406 43064.4763608102
25.11.2017 11:25:57 +00.16200E+00  2064 034025 1 00017982 00017843 131308 359 43064.4763649653
25.11.2017 11:25:58 +00.16200E+00  2074 034025 1 00017983 00017843 131308 359 43064.4763691204
25.11.2017 11:25:58 +00.16200E+00  2089 034025 1 00017984 00017843 131308 405 43064.4763738079
25.11.2017 11:25:59 +00.16201E+00  2111 034025 1 00017985 00017843 131308 359 43064.476377963
25.11.2017 11:25:59 +00.16201E+00  2127 034025 1 00017986 00017843 131308 359 43064.4763821181
25.11.2017 11:25:59 +00.16201E+00  2142 034025 1 00017987 00017843 131308 405 43064.4763868171
25.11.2017 11:26:00 +00.16200E+00  2157 034025 1 00017988 00017843 131308 359 43064.4763909606
25.11.2017 11:26:00 +00.16200E+00  2172 034025 1 00017989 00017843 131308 359 43064.4763951157
25.11.2017 11:26:00 +00.16200E+00  2189 034025 1 00017990 00017843 131308 406 43064.4763998148
25.11.2017 11:26:01 +00.16200E+00  2213 034025 1 00017991 00017843 131308 358 43064.4764039699
25.11.2017 11:26:01 +00.16201E+00  2230 034025 1 00017992 00017843 131308 359 43064.4764081134
25.11.2017 11:26:02 +00.16201E+00  2246 034025 1 00017993 00017843 131308 406 43064.4764128125
25.11.2017 11:26:02 +00.16200E+00  2267 034025 1 00017994 00017843 131308 359 43064.4764169676
25.11.2017 11:26:02 +00.16200E+00  2289 034025 1 00017995 00017843 131308 358 43064.4764211227
25.11.2017 11:26:03 +00.16201E+00  2300 034025 1 00017996 00017843 131308 406 43064.4764258102
25.11.2017 11:26:03 +00.16201E+00  2316 034025 1 00017997 00017843 131308 359 43064.4764299653
25.11.2017 11:26:03 +00.16201E+00  2328 034025 1 00017998 00017843 131308 359 43064.4764341204
25.11.2017 11:26:04 +00.16201E+00  2342 034025 1 00017999 00017843 131308 405 43064.4764388079
25.11.2017 11:26:04 +00.16200E+00  2369 034025 1 00018000 00017843 131308 359 43064.476442963
25.11.2017 11:26:05 +00.16200E+00  2391 034025 1 00018001 00017843 131308 359 43064.4764471181
25.11.2017 11:26:05 +00.16200E+00  2405 034025 1 00018002 00017843 131308 405 43064.4764518171
25.11.2017 11:26:11 +00.16210E+00  0020 034045 1 00018003 00018003 131308 359 43064.4765182523
25.11.2017 11:26:11 +00.16210E+00  0029 034045 1 00018004 00018003 131308 359 43064.4765224074
25.11.2017 11:26:11 +00.16210E+00  0038 034045 1 00018005 00018003 131308 374 43064.4765267477
25.11.2017 11:26:12 +00.16210E+00  0049 034045 1 00018006 00018003 131308 359 43064.4765308912
25.11.2017 11:26:12 +00.16210E+00  0063 034045 1 00018007 00018003 131308 359 43064.4765350463
25.11.2017 11:26:13 +00.16210E+00  0079 034045 1 00018008 00018003 131308 406 43064.4765397454
25.11.2017 11:26:13 +00.16210E+00  0094 034045 1 00018009 00018003 131308 358 43064.4765439005
25.11.2017 11:26:13 +00.16210E+00  0111 034045 1 00018010 00018003 131308 359 43064.476548044
25.11.2017 11:26:14 +00.16210E+00  0130 034045 1 00018011 00018003 131308 406 43064.4765527431
25.11.2017 11:26:14 +00.16210E+00  0158 034045 1 00018012 00018003 131308 359 43064.4765568981
25.11.2017 11:26:14 +00.16210E+00  0171 034045 1 00018013 00018003 131308 358 43064.4765610532
25.11.2017 11:26:15 +00.16210E+00  0183 034045 1 00018014 00018003 131308 406 43064.4765657407
25.11.2017 11:26:15 +00.16210E+00  0203 034045 1 00018015 00018003 131308 359 43064.4765698958
25.11.2017 11:26:15 +00.16210E+00  0220 034045 1 00018016 00018003 131308 359 43064.4765740509
25.11.2017 11:26:16 +00.16210E+00  0236 034045 1 00018017 00018003 131308 405 43064.4765787384
25.11.2017 11:26:16 +00.16210E+00  0250 034045 1 00018018 00018003 131308 359 43064.4765828935
25.11.2017 11:26:17 +00.16210E+00  0260 034045 1 00018019 00018003 131308 359 43064.4765870486
25.11.2017 11:26:17 +00.16210E+00  0273 034045 1 00018020 00018003 131308 405 43064.4765917477
25.11.2017 11:26:17 +00.16210E+00  0284 034045 1 00018021 00018003 131308 359 43064.4765958912
25.11.2017 11:26:18 +00.16210E+00  0299 034045 1 00018022 00018003 131308 359 43064.4766000463
25.11.2017 11:26:18 +00.16210E+00  0314 034045 1 00018023 00018003 131308 406 43064.4766047454
25.11.2017 11:26:19 +00.16210E+00  0329 034045 1 00018024 00018003 131308 358 43064.4766089005
25.11.2017 11:26:19 +00.16210E+00  0346 034045 1 00018025 00018003 131308 359 43064.476613044
25.11.2017 11:26:19 +00.16210E+00  0365 034045 1 00018026 00018003 131308 406 43064.4766177431
25.11.2017 11:26:20 +00.16210E+00  0382 034045 1 00018027 00018003 131308 359 43064.4766218981
25.11.2017 11:26:20 +00.16210E+00  0404 034045 1 00018028 00018003 131308 358 43064.4766260532
25.11.2017 11:26:20 +00.16210E+00  0423 034045 1 00018029 00018003 131308 406 43064.4766307407
25.11.2017 11:26:21 +00.16210E+00  0445 034045 1 00018030 00018003 131308 359 43064.4766348958
25.11.2017 11:26:21 +00.16210E+00  0459 034045 1 00018031 00018003 131308 359 43064.4766390509
25.11.2017 11:26:22 +00.16210E+00  0476 034045 1 00018032 00018003 131308 405 43064.4766437384
25.11.2017 11:26:22 +00.16210E+00  0497 034045 1 00018033 00018003 131308 359 43064.4766478935
25.11.2017 11:26:22 +00.16210E+00  0508 034045 1 00018034 00018003 131308 359 43064.4766520486
25.11.2017 11:26:23 +00.16210E+00  0519 034045 1 00018035 00018003 131308 405 43064.4766567477
25.11.2017 11:26:23 +00.16210E+00  0529 034045 1 00018036 00018003 131308 359 43064.4766608912
25.11.2017 11:26:23 +00.16210E+00  0542 034045 1 00018037 00018003 131308 359 43064.4766650463
25.11.2017 11:26:24 +00.16210E+00  0553 034045 1 00018038 00018003 131308 406 43064.4766697454
25.11.2017 11:26:24 +00.16210E+00  0576 034045 1 00018039 00018003 131308 358 43064.4766739005
25.11.2017 11:26:24 +00.16210E+00  0589 034045 1 00018040 00018003 131308 359 43064.476678044
25.11.2017 11:26:25 +00.16210E+00  0612 034045 1 00018041 00018003 131308 406 43064.4766827431
25.11.2017 11:26:25 +00.16210E+00  0625 034045 1 00018042 00018003 131308 359 43064.4766868981
25.11.2017 11:26:26 +00.16210E+00  0640 034045 1 00018043 00018003 131308 358 43064.4766910532
25.11.2017 11:26:26 +00.16210E+00  0659 034045 1 00018044 00018003 131308 406 43064.4766957407
25.11.2017 11:26:26 +00.16210E+00  0679 034045 1 00018045 00018003 131308 359 43064.4766998958
25.11.2017 11:26:27 +00.16209E+00  0703 034045 1 00018046 00018003 131308 359 43064.4767040509
25.11.2017 11:26:27 +00.16210E+00  0719 034045 1 00018047 00018003 131308 405 43064.4767087384
25.11.2017 11:26:27 +00.16210E+00  0731 034045 1 00018048 00018003 131308 359 43064.4767128935
25.11.2017 11:26:28 +00.16210E+00  0743 034045 1 00018049 00018003 131308 359 43064.4767170486
25.11.2017 11:26:28 +00.16210E+00  0760 034045 1 00018050 00018003 131308 405 43064.4767217477
25.11.2017 11:26:29 +00.16210E+00  0774 034045 1 00018051 00018003 131308 359 43064.4767258912
25.11.2017 11:26:29 +00.16210E+00  0791 034045 1 00018052 00018003 131308 359 43064.4767300463
25.11.2017 11:26:29 +00.16210E+00  0812 034045 1 00018053 00018003 131308 406 43064.4767347454
25.11.2017 11:26:30 +00.16210E+00  0829 034045 1 00018054 00018003 131308 358 43064.4767389005
25.11.2017 11:26:30 +00.16210E+00  0842 034045 1 00018055 00018003 131308 359 43064.476743044
25.11.2017 11:26:31 +00.16210E+00  0859 034045 1 00018056 00018003 131308 421 43064.4767479282
25.11.2017 11:26:31 +00.16210E+00  0881 034045 1 00018057 00018003 131308 359 43064.4767520718
25.11.2017 11:26:31 +00.16209E+00  0891 034045 1 00018058 00018003 131308 359 43064.4767562269
25.11.2017 11:26:32 +00.16210E+00  0903 034045 1 00018059 00018003 131308 406 43064.4767609259
25.11.2017 11:26:32 +00.16210E+00  0916 034045 1 00018060 00018003 131308 358 43064.476765081
25.11.2017 11:26:32 +00.16210E+00  0928 034045 1 00018061 00018003 131308 359 43064.4767692245
25.11.2017 11:26:33 +00.16210E+00  0940 034045 1 00018062 00018003 131308 406 43064.4767739236
25.11.2017 11:26:33 +00.16210E+00  0960 034045 1 00018063 00018003 131308 359 43064.4767780787
25.11.2017 11:26:33 +00.16210E+00  0978 034045 1 00018064 00018003 131308 358 43064.4767822338
25.11.2017 11:26:34 +00.16210E+00  0983 034045 1 00018065 00018003 131308 406 43064.4767869213
25.11.2017 11:26:34 +00.16210E+00  1006 034045 1 00018066 00018003 131308 359 43064.4767910764
25.11.2017 11:26:35 +00.16210E+00  1023 034045 1 00018067 00018003 131308 359 43064.4767952315
25.11.2017 11:26:35 +00.16210E+00  1041 034045 1 00018068 00018003 131308 405 43064.476799919
25.11.2017 11:26:35 +00.16210E+00  1051 034045 1 00018069 00018003 131308 359 43064.4768040741
25.11.2017 11:26:36 +00.16210E+00  1062 034045 1 00018070 00018003 131308 359 43064.4768082292
25.11.2017 11:26:36 +00.16210E+00  1078 034045 1 00018071 00018003 131308 405 43064.4768129282
25.11.2017 11:26:36 +00.16210E+00  1091 034045 1 00018072 00018003 131308 359 43064.4768170718
25.11.2017 11:26:37 +00.16210E+00  1106 034045 1 00018073 00018003 131308 359 43064.4768212269
25.11.2017 11:26:37 +00.16210E+00  1127 034045 1 00018074 00018003 131308 406 43064.4768259259
25.11.2017 11:26:38 +00.16210E+00  1137 034045 1 00018075 00018003 131308 358 43064.476830081
25.11.2017 11:26:38 +00.16210E+00  1148 034045 1 00018076 00018003 131308 359 43064.4768342245
25.11.2017 11:26:38 +00.16210E+00  1164 034045 1 00018077 00018003 131308 406 43064.4768389236
25.11.2017 11:26:39 +00.16210E+00  1183 034045 1 00018078 00018003 131308 359 43064.4768430787
25.11.2017 11:26:39 +00.16210E+00  1199 034045 1 00018079 00018003 131308 358 43064.4768472338
25.11.2017 11:26:40 +00.16210E+00  1214 034045 1 00018080 00018003 131308 406 43064.4768519213
25.11.2017 11:26:40 +00.16210E+00  1231 034045 1 00018081 00018003 131308 359 43064.4768560764
25.11.2017 11:26:40 +00.16210E+00  1244 034045 1 00018082 00018003 131308 359 43064.4768602315
25.11.2017 11:26:41 +00.16210E+00  1265 034045 1 00018083 00018003 131308 405 43064.476864919
25.11.2017 11:26:41 +00.16210E+00  1274 034045 1 00018084 00018003 131308 359 43064.4768690741
25.11.2017 11:26:41 +00.16210E+00  1290 034045 1 00018085 00018003 131308 359 43064.4768732292
25.11.2017 11:26:42 +00.16210E+00  1301 034045 1 00018086 00018003 131308 405 43064.4768779282
25.11.2017 11:26:42 +00.16210E+00  1322 034045 1 00018087 00018003 131308 359 43064.4768820718
25.11.2017 11:26:42 +00.16210E+00  1341 034045 1 00018088 00018003 131308 359 43064.4768862269
25.11.2017 11:26:43 +00.16210E+00  1358 034045 1 00018089 00018003 131308 406 43064.4768909259
25.11.2017 11:26:43 +00.16210E+00  1377 034045 1 00018090 00018003 131308 358 43064.476895081
25.11.2017 11:26:44 +00.16210E+00  1401 034045 1 00018091 00018003 131308 359 43064.4768992245
25.11.2017 11:26:44 +00.16210E+00  1414 034045 1 00018092 00018003 131308 406 43064.4769039236
25.11.2017 11:26:44 +00.16210E+00  1434 034045 1 00018093 00018003 131308 359 43064.4769080787
25.11.2017 11:26:45 +00.16210E+00  1447 034045 1 00018094 00018003 131308 358 43064.4769122338
25.11.2017 11:26:45 +00.16210E+00  1466 034045 1 00018095 00018003 131308 406 43064.4769169213
25.11.2017 11:26:45 +00.16210E+00  1475 034045 1 00018096 00018003 131308 359 43064.4769210764
25.11.2017 11:26:46 +00.16210E+00  1484 034045 1 00018097 00018003 131308 359 43064.4769252315
25.11.2017 11:26:46 +00.16210E+00  1498 034045 1 00018098 00018003 131308 405 43064.476929919
25.11.2017 11:26:47 +00.16210E+00  1521 034045 1 00018099 00018003 131308 359 43064.4769340741
25.11.2017 11:26:47 +00.16210E+00  1533 034045 1 00018100 00018003 131308 359 43064.4769382292
25.11.2017 11:26:47 +00.16210E+00  1551 034045 1 00018101 00018003 131308 405 43064.4769429282
25.11.2017 11:26:48 +00.16210E+00  1572 034045 1 00018102 00018003 131308 359 43064.4769470718
25.11.2017 11:26:48 +00.16210E+00  1580 034045 1 00018103 00018003 131308 359 43064.4769512269
25.11.2017 11:26:48 +00.16210E+00  1592 034045 1 00018104 00018003 131308 406 43064.4769559259
25.11.2017 11:26:49 +00.16210E+00  1606 034045 1 00018105 00018003 131308 358 43064.476960081
25.11.2017 11:26:49 +00.16210E+00  1620 034045 1 00018106 00018003 131308 359 43064.4769642245
25.11.2017 11:26:50 +00.16210E+00  1637 034045 1 00018107 00018003 131308 406 43064.4769689236
25.11.2017 11:26:50 +00.16210E+00  1654 034045 1 00018108 00018003 131308 359 43064.4769730787
25.11.2017 11:26:50 +00.16210E+00  1669 034045 1 00018109 00018003 131308 358 43064.4769772338
25.11.2017 11:26:51 +00.16210E+00  1689 034045 1 00018110 00018003 131308 406 43064.4769819213
25.11.2017 11:26:51 +00.16210E+00  1704 034045 1 00018111 00018003 131308 359 43064.4769860764
25.11.2017 11:26:51 +00.16210E+00  1718 034045 1 00018112 00018003 131308 359 43064.4769902315
25.11.2017 11:26:52 +00.16210E+00  1735 034045 1 00018113 00018003 131308 421 43064.4769951042
25.11.2017 11:26:52 +00.16210E+00  1755 034045 1 00018114 00018003 131308 359 43064.4769992593
25.11.2017 11:26:53 +00.16210E+00  1770 034045 1 00018115 00018003 131308 358 43064.4770034144
25.11.2017 11:26:53 +00.16210E+00  1791 034045 1 00018116 00018003 131308 406 43064.4770081019
25.11.2017 11:26:53 +00.16210E+00  1816 034045 1 00018117 00018003 131308 359 43064.4770122569
25.11.2017 11:26:54 +00.16210E+00  1830 034045 1 00018118 00018003 131308 359 43064.477016412
25.11.2017 11:26:54 +00.16210E+00  1844 034045 1 00018119 00018003 131308 405 43064.4770210995
25.11.2017 11:26:54 +00.16210E+00  1860 034045 1 00018120 00018003 131308 359 43064.4770252546
25.11.2017 11:26:55 +00.16210E+00  1875 034045 1 00018121 00018003 131308 359 43064.4770294097
25.11.2017 11:26:55 +00.16210E+00  1890 034045 1 00018122 00018003 131308 405 43064.4770341088
25.11.2017 11:26:56 +00.16210E+00  1909 034045 1 00018123 00018003 131308 359 43064.4770382523
25.11.2017 11:26:56 +00.16210E+00  1925 034045 1 00018124 00018003 131308 359 43064.4770424074
25.11.2017 11:26:56 +00.16210E+00  1938 034045 1 00018125 00018003 131308 406 43064.4770471065
25.11.2017 11:26:57 +00.16210E+00  1951 034045 1 00018126 00018003 131308 358 43064.4770512616
25.11.2017 11:26:57 +00.16210E+00  1969 034045 1 00018127 00018003 131308 359 43064.4770554051
25.11.2017 11:26:57 +00.16210E+00  1982 034045 1 00018128 00018003 131308 406 43064.4770601042
25.11.2017 11:26:58 +00.16210E+00  1996 034045 1 00018129 00018003 131308 359 43064.4770642593
25.11.2017 11:26:58 +00.16210E+00  2011 034045 1 00018130 00018003 131308 358 43064.4770684144
25.11.2017 11:26:59 +00.16210E+00  2023 034045 1 00018131 00018003 131308 406 43064.4770731019
25.11.2017 11:26:59 +00.16210E+00  2037 034045 1 00018132 00018003 131308 359 43064.4770772569
25.11.2017 11:26:59 +00.16210E+00  2053 034045 1 00018133 00018003 131308 359 43064.477081412
25.11.2017 11:27:00 +00.16210E+00  2064 034045 1 00018134 00018003 131308 405 43064.4770860995
25.11.2017 11:27:00 +00.16210E+00  2087 034045 1 00018135 00018003 131308 359 43064.4770902546
25.11.2017 11:27:00 +00.16210E+00  2097 034045 1 00018136 00018003 131308 359 43064.4770944097
25.11.2017 11:27:01 +00.16210E+00  2116 034045 1 00018137 00018003 131308 405 43064.4770991088
25.11.2017 11:27:01 +00.16210E+00  2134 034045 1 00018138 00018003 131308 359 43064.4771032523
25.11.2017 11:27:02 +00.16210E+00  2151 034045 1 00018139 00018003 131308 359 43064.4771074074
25.11.2017 11:27:02 +00.16210E+00  2159 034045 1 00018140 00018003 131308 406 43064.4771121065
25.11.2017 11:27:02 +00.16210E+00  2175 034045 1 00018141 00018003 131308 358 43064.4771162616
25.11.2017 11:27:03 +00.16210E+00  2187 034045 1 00018142 00018003 131308 359 43064.4771204051
25.11.2017 11:27:03 +00.16210E+00  2203 034045 1 00018143 00018003 131308 406 43064.4771251042
25.11.2017 11:27:03 +00.16210E+00  2219 034045 1 00018144 00018003 131308 359 43064.4771292593
25.11.2017 11:27:04 +00.16210E+00  2233 034045 1 00018145 00018003 131308 358 43064.4771334144
25.11.2017 11:27:04 +00.16210E+00  2258 034045 1 00018146 00018003 131308 406 43064.4771381019
25.11.2017 11:27:05 +00.16210E+00  2276 034045 1 00018147 00018003 131308 359 43064.4771422569
25.11.2017 11:27:05 +00.16210E+00  2291 034045 1 00018148 00018003 131308 359 43064.477146412
25.11.2017 11:27:05 +00.16210E+00  2307 034045 1 00018149 00018003 131308 405 43064.4771510995
25.11.2017 11:27:06 +00.16210E+00  2333 034045 1 00018150 00018003 131308 359 43064.4771552546
25.11.2017 11:27:06 +00.16210E+00  2349 034045 1 00018151 00018003 131308 359 43064.4771594097
25.11.2017 11:27:06 +00.16210E+00  2372 034045 1 00018152 00018003 131308 405 43064.4771641088
25.11.2017 11:27:07 +00.16210E+00  2386 034045 1 00018153 00018003 131308 359 43064.4771682523
25.11.2017 11:27:07 +00.16210E+00  2402 034045 1 00018154 00018003 131308 359 43064.4771724074
25.11.2017 11:27:08 +00.16210E+00  2413 034045 1 00018155 00018003 131308 406 43064.4771771065
25.11.2017 11:27:08 +00.16210E+00  2436 034045 1 00018156 00018003 131308 358 43064.4771812616
25.11.2017 11:27:08 +00.16210E+00  2450 034045 1 00018157 00018003 131308 359 43064.4771854051
25.11.2017 11:27:09 +00.16210E+00  2468 034045 1 00018158 00018003 131308 406 43064.4771901042
25.11.2017 11:27:09 +00.16210E+00  2483 034045 1 00018159 00018003 131308 359 43064.4771942593
25.11.2017 11:27:09 +00.16210E+00  2492 034045 1 00018160 00018003 131308 358 43064.4771984144
25.11.2017 11:27:10 +00.16210E+00  2509 034045 1 00018161 00018003 131308 406 43064.4772031019
25.11.2017 11:27:10 +00.16210E+00  2525 034045 1 00018162 00018003 131308 359 43064.4772072569
25.11.2017 11:27:11 +00.16210E+00  2541 034045 1 00018163 00018003 131308 359 43064.477211412
25.11.2017 11:27:16 +00.16220E+00  0015 034065 1 00018164 00018164 131308 421 43064.4772747801
25.11.2017 11:27:16 +00.16220E+00  0037 034065 1 00018165 00018164 131308 359 43064.4772789352
25.11.2017 11:27:17 +00.16219E+00  0059 034065 1 00018166 00018164 131308 359 43064.4772830903
25.11.2017 11:27:17 +00.16219E+00  0069 034065 1 00018167 00018164 131308 405 43064.4772877893
25.11.2017 11:27:18 +00.16219E+00  0086 034065 1 00018168 00018164 131308 359 43064.4772919329
25.11.2017 11:27:18 +00.16220E+00  0101 034065 1 00018169 00018164 131308 359 43064.477296088
25.11.2017 11:27:18 +00.16220E+00  0111 034065 1 00018170 00018164 131308 406 43064.477300787
25.11.2017 11:27:19 +00.16219E+00  0125 034065 1 00018171 00018164 131308 358 43064.4773049421
25.11.2017 11:27:19 +00.16220E+00  0143 034065 1 00018172 00018164 131308 359 43064.4773090856
25.11.2017 11:27:19 +00.16220E+00  0153 034065 1 00018173 00018164 131308 406 43064.4773137847
25.11.2017 11:27:20 +00.16220E+00  0175 034065 1 00018174 00018164 131308 359 43064.4773179398
25.11.2017 11:27:20 +00.16220E+00  0187 034065 1 00018175 00018164 131308 358 43064.4773220949
25.11.2017 11:27:21 +00.16220E+00  0199 034065 1 00018176 00018164 131308 406 43064.4773267824
25.11.2017 11:27:21 +00.16219E+00  0222 034065 1 00018177 00018164 131308 359 43064.4773309375
25.11.2017 11:27:21 +00.16220E+00  0239 034067 1 00018178 00018164 131308 359 43064.4773350926
25.11.2017 11:27:22 +00.16220E+00  0248 034067 1 00018179 00018164 131308 405 43064.4773397801
25.11.2017 11:27:22 +00.16220E+00  0260 034067 1 00018180 00018164 131308 359 43064.4773439352
25.11.2017 11:27:22 +00.16220E+00  0275 034067 1 00018181 00018164 131308 359 43064.4773480903
25.11.2017 11:27:23 +00.16220E+00  0297 034067 1 00018182 00018164 131308 405 43064.4773527893
25.11.2017 11:27:23 +00.16220E+00  0310 034067 1 00018183 00018164 131308 359 43064.4773569329
25.11.2017 11:27:23 +00.16221E+00  0316 034067 1 00018184 00018164 131308 359 43064.477361088
25.11.2017 11:27:24 +00.16220E+00  0333 034067 1 00018185 00018164 131308 406 43064.477365787
25.11.2017 11:27:24 +00.16220E+00  0347 034067 1 00018186 00018164 131308 358 43064.4773699421
25.11.2017 11:27:25 +00.16220E+00  0363 034067 1 00018187 00018164 131308 359 43064.4773740856
25.11.2017 11:27:25 +00.16220E+00  0381 034067 1 00018188 00018164 131308 406 43064.4773787847
25.11.2017 11:27:25 +00.16220E+00  0397 034067 1 00018189 00018164 131308 359 43064.4773829398
25.11.2017 11:27:26 +00.16220E+00  0415 034067 1 00018190 00018164 131308 358 43064.4773870949
25.11.2017 11:27:26 +00.16220E+00  0436 034067 1 00018191 00018164 131308 406 43064.4773917824
25.11.2017 11:27:27 +00.16221E+00  0452 034067 1 00018192 00018164 131308 359 43064.4773959375
25.11.2017 11:27:27 +00.16221E+00  0470 034067 1 00018193 00018164 131308 359 43064.4774000926
25.11.2017 11:27:27 +00.16220E+00  0480 034067 1 00018194 00018164 131308 405 43064.4774047801
25.11.2017 11:27:28 +00.16221E+00  0486 034067 1 00018195 00018164 131308 359 43064.4774089352
25.11.2017 11:27:28 +00.16220E+00  0500 034067 1 00018196 00018164 131308 359 43064.4774130903
25.11.2017 11:27:28 +00.16220E+00  0519 034067 1 00018197 00018164 131308 405 43064.4774177893
25.11.2017 11:27:29 +00.16220E+00  0529 034067 1 00018198 00018164 131308 359 43064.4774219329
25.11.2017 11:27:29 +00.16220E+00  0538 034067 1 00018199 00018164 131308 359 43064.477426088
25.11.2017 11:27:30 +00.16221E+00  0552 034067 1 00018200 00018164 131308 406 43064.477430787
25.11.2017 11:27:30 +00.16221E+00  0567 034067 1 00018201 00018164 131308 358 43064.4774349421
25.11.2017 11:27:30 +00.16221E+00  0582 034067 1 00018202 00018164 131308 359 43064.4774390856
25.11.2017 11:27:31 +00.16220E+00  0603 034067 1 00018203 00018164 131308 406 43064.4774437847
25.11.2017 11:27:31 +00.16221E+00  0621 034067 1 00018204 00018164 131308 359 43064.4774479398
25.11.2017 11:27:31 +00.16221E+00  0636 034067 1 00018205 00018164 131308 358 43064.4774520949
25.11.2017 11:27:32 +00.16220E+00  0656 034065 1 00018206 00018164 131308 406 43064.4774567824
25.11.2017 11:27:32 +00.16220E+00  0673 034065 1 00018207 00018164 131308 359 43064.4774609375
25.11.2017 11:27:32 +00.16220E+00  0683 034065 1 00018208 00018164 131308 359 43064.4774650926
25.11.2017 11:27:33 +00.16220E+00  0699 034065 1 00018209 00018164 131308 405 43064.4774697801
25.11.2017 11:27:33 +00.16220E+00  0712 034065 1 00018210 00018164 131308 359 43064.4774739352
25.11.2017 11:27:34 +00.16220E+00  0726 034065 1 00018211 00018164 131308 359 43064.4774780903
25.11.2017 11:27:34 +00.16220E+00  0745 034065 1 00018212 00018164 131308 421 43064.477482963
25.11.2017 11:27:34 +00.16220E+00  0766 034065 1 00018213 00018164 131308 359 43064.4774871181
25.11.2017 11:27:35 +00.16220E+00  0778 034065 1 00018214 00018164 131308 359 43064.4774912731
25.11.2017 11:27:35 +00.16220E+00  0798 034065 1 00018215 00018164 131308 405 43064.4774959607
25.11.2017 11:27:36 +00.16220E+00  0816 034065 1 00018216 00018164 131308 359 43064.4775001157
25.11.2017 11:27:36 +00.16220E+00  0829 034065 1 00018217 00018164 131308 359 43064.4775042708
25.11.2017 11:27:36 +00.16220E+00  0843 034065 1 00018218 00018164 131308 405 43064.4775089699
25.11.2017 11:27:37 +00.16220E+00  0861 034065 1 00018219 00018164 131308 359 43064.4775131134
25.11.2017 11:27:37 +00.16219E+00  0880 034065 1 00018220 00018164 131308 359 43064.4775172685
25.11.2017 11:27:37 +00.16219E+00  0893 034065 1 00018221 00018164 131308 406 43064.4775219676
25.11.2017 11:27:38 +00.16219E+00  0900 034065 1 00018222 00018164 131308 358 43064.4775261227
25.11.2017 11:27:38 +00.16219E+00  0919 034065 1 00018223 00018164 131308 359 43064.4775302662
25.11.2017 11:27:39 +00.16220E+00  0931 034065 1 00018224 00018164 131308 406 43064.4775349653
25.11.2017 11:27:39 +00.16220E+00  0958 034065 1 00018225 00018164 131308 359 43064.4775391204
25.11.2017 11:27:39 +00.16220E+00  0970 034065 1 00018226 00018164 131308 358 43064.4775432755
25.11.2017 11:27:40 +00.16220E+00  0986 034065 1 00018227 00018164 131308 406 43064.477547963
25.11.2017 11:27:40 +00.16220E+00  1004 034065 1 00018228 00018164 131308 359 43064.4775521181
25.11.2017 11:27:40 +00.16220E+00  1019 034065 1 00018229 00018164 131308 359 43064.4775562731
25.11.2017 11:27:41 +00.16219E+00  1039 034065 1 00018230 00018164 131308 405 43064.4775609607
25.11.2017 11:27:41 +00.16219E+00  1057 034065 1 00018231 00018164 131308 359 43064.4775651157
25.11.2017 11:27:41 +00.16220E+00  1071 034065 1 00018232 00018164 131308 359 43064.4775692708
25.11.2017 11:27:42 +00.16220E+00  1079 034065 1 00018233 00018164 131308 405 43064.4775739699
25.11.2017 11:27:42 +00.16219E+00  1097 034065 1 00018234 00018164 131308 359 43064.4775781134
25.11.2017 11:27:43 +00.16220E+00  1109 034065 1 00018235 00018164 131308 359 43064.4775822685
25.11.2017 11:27:43 +00.16219E+00  1121 034065 1 00018236 00018164 131308 406 43064.4775869676
25.11.2017 11:27:43 +00.16220E+00  1130 034065 1 00018237 00018164 131308 358 43064.4775911227
25.11.2017 11:27:44 +00.16220E+00  1141 034065 1 00018238 00018164 131308 359 43064.4775952662
25.11.2017 11:27:44 +00.16220E+00  1162 034065 1 00018239 00018164 131308 406 43064.4775999653
25.11.2017 11:27:44 +00.16220E+00  1175 034065 1 00018240 00018164 131308 359 43064.4776041204
25.11.2017 11:27:45 +00.16219E+00  1193 034065 1 00018241 00018164 131308 358 43064.4776082755
25.11.2017 11:27:45 +00.16220E+00  1207 034065 1 00018242 00018164 131308 406 43064.477612963
25.11.2017 11:27:46 +00.16220E+00  1227 034065 1 00018243 00018164 131308 359 43064.4776171181
25.11.2017 11:27:46 +00.16219E+00  1240 034065 1 00018244 00018164 131308 359 43064.4776212731
25.11.2017 11:27:46 +00.16220E+00  1259 034065 1 00018245 00018164 131308 405 43064.4776259607
25.11.2017 11:27:47 +00.16220E+00  1271 034065 1 00018246 00018164 131308 359 43064.4776301157
25.11.2017 11:27:47 +00.16219E+00  1282 034065 1 00018247 00018164 131308 359 43064.4776342708
25.11.2017 11:27:48 +00.16220E+00  1288 034067 1 00018248 00018164 131308 405 43064.4776389699
25.11.2017 11:27:48 +00.16220E+00  1307 034067 1 00018249 00018164 131308 359 43064.4776431134
25.11.2017 11:27:48 +00.16220E+00  1319 034067 1 00018250 00018164 131308 359 43064.4776472685
25.11.2017 11:27:49 +00.16220E+00  1334 034067 1 00018251 00018164 131308 406 43064.4776519676
25.11.2017 11:27:49 +00.16221E+00  1352 034067 1 00018252 00018164 131308 358 43064.4776561227
25.11.2017 11:27:49 +00.16220E+00  1362 034067 1 00018253 00018164 131308 359 43064.4776602662
25.11.2017 11:27:50 +00.16221E+00  1371 034067 1 00018254 00018164 131308 406 43064.4776649653
25.11.2017 11:27:50 +00.16220E+00  1388 034067 1 00018255 00018164 131308 359 43064.4776691204
25.11.2017 11:27:50 +00.16220E+00  1403 034067 1 00018256 00018164 131308 358 43064.4776732755
25.11.2017 11:27:51 +00.16220E+00  1412 034067 1 00018257 00018164 131308 406 43064.477677963
25.11.2017 11:27:51 +00.16220E+00  1425 034067 1 00018258 00018164 131308 359 43064.4776821181
25.11.2017 11:27:52 +00.16221E+00  1437 034067 1 00018259 00018164 131308 359 43064.4776862731
25.11.2017 11:27:52 +00.16221E+00  1447 034067 1 00018260 00018164 131308 405 43064.4776909607
25.11.2017 11:27:52 +00.16220E+00  1471 034065 1 00018261 00018164 131308 359 43064.4776951157
25.11.2017 11:27:53 +00.16220E+00  1485 034065 1 00018262 00018164 131308 359 43064.4776992708
25.11.2017 11:27:53 +00.16220E+00  1501 034065 1 00018263 00018164 131308 405 43064.4777039699
25.11.2017 11:27:53 +00.16220E+00  1514 034065 1 00018264 00018164 131308 359 43064.4777081134
25.11.2017 11:27:54 +00.16220E+00  1530 034065 1 00018265 00018164 131308 359 43064.4777122685
25.11.2017 11:27:54 +00.16220E+00  1544 034065 1 00018266 00018164 131308 406 43064.4777169676
25.11.2017 11:27:55 +00.16220E+00  1562 034065 1 00018267 00018164 131308 358 43064.4777211227
25.11.2017 11:27:55 +00.16220E+00  1577 034065 1 00018268 00018164 131308 359 43064.4777252662
25.11.2017 11:27:55 +00.16219E+00  1592 034065 1 00018269 00018164 131308 421 43064.4777301505
25.11.2017 11:27:56 +00.16219E+00  1609 034065 1 00018270 00018164 131308 359 43064.477734294
25.11.2017 11:27:56 +00.16219E+00  1631 034065 1 00018271 00018164 131308 359 43064.4777384491
25.11.2017 11:27:57 +00.16220E+00  1646 034065 1 00018272 00018164 131308 406 43064.4777431481
25.11.2017 11:27:57 +00.16220E+00  1662 034065 1 00018273 00018164 131308 358 43064.4777473032
25.11.2017 11:27:57 +00.16219E+00  1674 034065 1 00018274 00018164 131308 359 43064.4777514468
25.11.2017 11:27:58 +00.16220E+00  1692 034067 1 00018275 00018164 131308 406 43064.4777561458
25.11.2017 11:27:58 +00.16220E+00  1699 034067 1 00018276 00018164 131308 359 43064.4777603009
25.11.2017 11:27:58 +00.16220E+00  1714 034067 1 00018277 00018164 131308 358 43064.477764456
25.11.2017 11:27:59 +00.16220E+00  1732 034067 1 00018278 00018164 131308 406 43064.4777691435
25.11.2017 11:27:59 +00.16220E+00  1745 034067 1 00018279 00018164 131308 359 43064.4777732986
25.11.2017 11:27:59 +00.16220E+00  1764 034067 1 00018280 00018164 131308 359 43064.4777774537
25.11.2017 11:28:00 +00.16220E+00  1781 034067 1 00018281 00018164 131308 405 43064.4777821412
25.11.2017 11:28:00 +00.16220E+00  1796 034067 1 00018282 00018164 131308 359 43064.4777862963
25.11.2017 11:28:01 +00.16221E+00  1812 034067 1 00018283 00018164 131308 359 43064.4777904514
25.11.2017 11:28:01 +00.16221E+00  1828 034067 1 00018284 00018164 131308 405 43064.4777951505
25.11.2017 11:28:01 +00.16220E+00  1837 034067 1 00018285 00018164 131308 359 43064.477799294
25.11.2017 11:28:02 +00.16220E+00  1865 034067 1 00018286 00018164 131308 359 43064.4778034491
25.11.2017 11:28:02 +00.16220E+00  1876 034067 1 00018287 00018164 131308 406 43064.4778081481
25.11.2017 11:28:02 +00.16220E+00  1899 034067 1 00018288 00018164 131308 358 43064.4778123032
25.11.2017 11:28:03 +00.16220E+00  1916 034067 1 00018289 00018164 131308 359 43064.4778164468
25.11.2017 11:28:03 +00.16220E+00  1930 034067 1 00018290 00018164 131308 406 43064.4778211458
25.11.2017 11:28:04 +00.16220E+00  1944 034067 1 00018291 00018164 131308 359 43064.4778253009
25.11.2017 11:28:04 +00.16220E+00  1962 034067 1 00018292 00018164 131308 358 43064.477829456
25.11.2017 11:28:04 +00.16220E+00  1972 034067 1 00018293 00018164 131308 406 43064.4778341435
25.11.2017 11:28:05 +00.16220E+00  1994 034067 1 00018294 00018164 131308 359 43064.4778382986
25.11.2017 11:28:05 +00.16220E+00  2010 034067 1 00018295 00018164 131308 359 43064.4778424537
25.11.2017 11:28:05 +00.16220E+00  2028 034067 1 00018296 00018164 131308 405 43064.4778471412
25.11.2017 11:28:06 +00.16221E+00  2043 034067 1 00018297 00018164 131308 359 43064.4778512963
25.11.2017 11:28:06 +00.16220E+00  2065 034067 1 00018298 00018164 131308 359 43064.4778554514
25.11.2017 11:28:07 +00.16221E+00  2083 034067 1 00018299 00018164 131308 405 43064.4778601505
25.11.2017 11:28:07 +00.16220E+00  2104 034067 1 00018300 00018164 131308 359 43064.477864294
25.11.2017 11:28:07 +00.16221E+00  2123 034067 1 00018301 00018164 131308 359 43064.4778684491
25.11.2017 11:28:08 +00.16221E+00  2133 034067 1 00018302 00018164 131308 406 43064.4778731481
25.11.2017 11:28:08 +00.16220E+00  2152 034065 1 00018303 00018164 131308 358 43064.4778773032
25.11.2017 11:28:08 +00.16220E+00  2170 034065 1 00018304 00018164 131308 359 43064.4778814468
25.11.2017 11:28:09 +00.16220E+00  2180 034065 1 00018305 00018164 131308 406 43064.4778861458
25.11.2017 11:28:09 +00.16220E+00  2195 034065 1 00018306 00018164 131308 359 43064.4778903009
25.11.2017 11:28:10 +00.16220E+00  2209 034065 1 00018307 00018164 131308 358 43064.477894456
25.11.2017 11:28:10 +00.16220E+00  2221 034065 1 00018308 00018164 131308 406 43064.4778991435
25.11.2017 11:28:10 +00.16219E+00  2236 034065 1 00018309 00018164 131308 359 43064.4779032986
25.11.2017 11:28:11 +00.16220E+00  2248 034065 1 00018310 00018164 131308 359 43064.4779074537
25.11.2017 11:28:11 +00.16220E+00  2262 034065 1 00018311 00018164 131308 405 43064.4779121412
25.11.2017 11:28:11 +00.16220E+00  2286 034065 1 00018312 00018164 131308 359 43064.4779162963
25.11.2017 11:28:12 +00.16220E+00  2303 034065 1 00018313 00018164 131308 359 43064.4779204514
25.11.2017 11:28:12 +00.16219E+00  2321 034065 1 00018314 00018164 131308 405 43064.4779251505
25.11.2017 11:28:13 +00.16219E+00  2345 034065 1 00018315 00018164 131308 359 43064.477929294
25.11.2017 11:28:13 +00.16220E+00  2356 034065 1 00018316 00018164 131308 359 43064.4779334491
25.11.2017 11:28:13 +00.16219E+00  2372 034065 1 00018317 00018164 131308 406 43064.4779381481
25.11.2017 11:28:14 +00.16219E+00  2387 034065 1 00018318 00018164 131308 358 43064.4779423032
25.11.2017 11:28:14 +00.16220E+00  2402 034065 1 00018319 00018164 131308 359 43064.4779464468
25.11.2017 11:28:14 +00.16220E+00  2411 034065 1 00018320 00018164 131308 406 43064.4779511458
25.11.2017 11:28:15 +00.16220E+00  2423 034065 1 00018321 00018164 131308 359 43064.4779553009
25.11.2017 11:28:15 +00.16220E+00  2437 034065 1 00018322 00018164 131308 358 43064.477959456
25.11.2017 11:28:16 +00.16219E+00  2451 034065 1 00018323 00018164 131308 406 43064.4779641435
25.11.2017 11:28:16 +00.16220E+00  2469 034065 1 00018324 00018164 131308 359 43064.4779682986
25.11.2017 11:28:22 +00.16230E+00  0015 034087 1 00018325 00018325 131308 421 43064.4780358218
25.11.2017 11:28:22 +00.16230E+00  0034 034087 1 00018326 00018325 131308 359 43064.4780399768
25.11.2017 11:28:23 +00.16230E+00  0050 034087 1 00018327 00018325 131308 359 43064.4780441319
25.11.2017 11:28:23 +00.16230E+00  0065 034087 1 00018328 00018325 131308 405 43064.478048831
25.11.2017 11:28:23 +00.16230E+00  0086 034087 1 00018329 00018325 131308 359 43064.4780529745
25.11.2017 11:28:24 +00.16230E+00  0101 034087 1 00018330 00018325 131308 359 43064.4780571296
25.11.2017 11:28:24 +00.16230E+00  0117 034087 1 00018331 00018325 131308 406 43064.4780618287
25.11.2017 11:28:24 +00.16230E+00  0129 034087 1 00018332 00018325 131308 358 43064.4780659838
25.11.2017 11:28:25 +00.16230E+00  0147 034087 1 00018333 00018325 131308 359 43064.4780701273
25.11.2017 11:28:25 +00.16230E+00  0162 034087 1 00018334 00018325 131308 406 43064.4780748264
25.11.2017 11:28:26 +00.16230E+00  0174 034087 1 00018335 00018325 131308 359 43064.4780789815
25.11.2017 11:28:26 +00.16230E+00  0192 034087 1 00018336 00018325 131308 358 43064.4780831366
25.11.2017 11:28:26 +00.16230E+00  0209 034087 1 00018337 00018325 131308 406 43064.4780878241
25.11.2017 11:28:27 +00.16230E+00  0229 034087 1 00018338 00018325 131308 359 43064.4780919792
25.11.2017 11:28:27 +00.16230E+00  0240 034087 1 00018339 00018325 131308 359 43064.4780961343
25.11.2017 11:28:27 +00.16230E+00  0249 034087 1 00018340 00018325 131308 405 43064.4781008218
25.11.2017 11:28:28 +00.16230E+00  0263 034087 1 00018341 00018325 131308 359 43064.4781049768
25.11.2017 11:28:28 +00.16230E+00  0275 034087 1 00018342 00018325 131308 359 43064.4781091319
25.11.2017 11:28:29 +00.16230E+00  0286 034087 1 00018343 00018325 131308 405 43064.478113831
25.11.2017 11:28:29 +00.16230E+00  0307 034087 1 00018344 00018325 131308 359 43064.4781179745
25.11.2017 11:28:29 +00.16230E+00  0321 034087 1 00018345 00018325 131308 359 43064.4781221296
25.11.2017 11:28:30 +00.16230E+00  0339 034087 1 00018346 00018325 131308 406 43064.4781268287
25.11.2017 11:28:30 +00.16230E+00  0359 034087 1 00018347 00018325 131308 358 43064.4781309838
25.11.2017 11:28:30 +00.16230E+00  0378 034087 1 00018348 00018325 131308 359 43064.4781351273
25.11.2017 11:28:31 +00.16230E+00  0391 034087 1 00018349 00018325 131308 406 43064.4781398264
25.11.2017 11:28:31 +00.16230E+00  0409 034087 1 00018350 00018325 131308 359 43064.4781439815
25.11.2017 11:28:31 +00.16230E+00  0419 034087 1 00018351 00018325 131308 358 43064.4781481366
25.11.2017 11:28:32 +00.16230E+00  0435 034087 1 00018352 00018325 131308 406 43064.4781528241
25.11.2017 11:28:32 +00.16230E+00  0453 034087 1 00018353 00018325 131308 359 43064.4781569792
25.11.2017 11:28:33 +00.16230E+00  0468 034087 1 00018354 00018325 131308 359 43064.4781611343
25.11.2017 11:28:33 +00.16230E+00  0478 034087 1 00018355 00018325 131308 405 43064.4781658218
25.11.2017 11:28:33 +00.16230E+00  0492 034087 1 00018356 00018325 131308 359 43064.4781699769
25.11.2017 11:28:34 +00.16230E+00  0501 034087 1 00018357 00018325 131308 359 43064.4781741319
25.11.2017 11:28:34 +00.16230E+00  0514 034087 1 00018358 00018325 131308 405 43064.478178831
25.11.2017 11:28:35 +00.16230E+00  0529 034087 1 00018359 00018325 131308 359 43064.4781829745
25.11.2017 11:28:35 +00.16230E+00  0544 034087 1 00018360 00018325 131308 359 43064.4781871296
25.11.2017 11:28:35 +00.16230E+00  0554 034087 1 00018361 00018325 131308 406 43064.4781918287
25.11.2017 11:28:36 +00.16230E+00  0571 034087 1 00018362 00018325 131308 358 43064.4781959838
25.11.2017 11:28:36 +00.16230E+00  0584 034087 1 00018363 00018325 131308 359 43064.4782001273
25.11.2017 11:28:36 +00.16230E+00  0598 034087 1 00018364 00018325 131308 406 43064.4782048264
25.11.2017 11:28:37 +00.16230E+00  0615 034087 1 00018365 00018325 131308 359 43064.4782089815
25.11.2017 11:28:37 +00.16230E+00  0631 034087 1 00018366 00018325 131308 358 43064.4782131366
25.11.2017 11:28:38 +00.16230E+00  0646 034087 1 00018367 00018325 131308 406 43064.4782178241
25.11.2017 11:28:38 +00.16230E+00  0662 034087 1 00018368 00018325 131308 359 43064.4782219792
25.11.2017 11:28:38 +00.16230E+00  0681 034087 1 00018369 00018325 131308 359 43064.4782261343
25.11.2017 11:28:39 +00.16230E+00  0692 034087 1 00018370 00018325 131308 421 43064.4782310069
25.11.2017 11:28:39 +00.16230E+00  0708 034087 1 00018371 00018325 131308 359 43064.478235162
25.11.2017 11:28:39 +00.16230E+00  0720 034087 1 00018372 00018325 131308 358 43064.4782393171
25.11.2017 11:28:40 +00.16230E+00  0732 034087 1 00018373 00018325 131308 406 43064.4782440046
25.11.2017 11:28:40 +00.16230E+00  0751 034087 1 00018374 00018325 131308 359 43064.4782481597
25.11.2017 11:28:41 +00.16230E+00  0762 034087 1 00018375 00018325 131308 359 43064.4782523148
25.11.2017 11:28:41 +00.16230E+00  0776 034087 1 00018376 00018325 131308 405 43064.4782570023
25.11.2017 11:28:41 +00.16230E+00  0794 034087 1 00018377 00018325 131308 359 43064.4782611574
25.11.2017 11:28:42 +00.16230E+00  0811 034087 1 00018378 00018325 131308 359 43064.4782653125
25.11.2017 11:28:42 +00.16230E+00  0828 034087 1 00018379 00018325 131308 405 43064.4782700116
25.11.2017 11:28:42 +00.16230E+00  0849 034087 1 00018380 00018325 131308 359 43064.4782741551
25.11.2017 11:28:43 +00.16230E+00  0865 034087 1 00018381 00018325 131308 359 43064.4782783102
25.11.2017 11:28:43 +00.16230E+00  0878 034087 1 00018382 00018325 131308 406 43064.4782830093
25.11.2017 11:28:44 +00.16230E+00  0901 034087 1 00018383 00018325 131308 358 43064.4782871644
25.11.2017 11:28:44 +00.16230E+00  0916 034087 1 00018384 00018325 131308 359 43064.4782913079
25.11.2017 11:28:44 +00.16230E+00  0932 034087 1 00018385 00018325 131308 406 43064.4782960069
25.11.2017 11:28:45 +00.16230E+00  0948 034087 1 00018386 00018325 131308 359 43064.478300162
25.11.2017 11:28:45 +00.16230E+00  0966 034087 1 00018387 00018325 131308 358 43064.4783043171
25.11.2017 11:28:45 +00.16230E+00  0974 034087 1 00018388 00018325 131308 406 43064.4783090046
25.11.2017 11:28:46 +00.16230E+00  0993 034087 1 00018389 00018325 131308 359 43064.4783131597
25.11.2017 11:28:46 +00.16230E+00  1002 034087 1 00018390 00018325 131308 359 43064.4783173148
25.11.2017 11:28:47 +00.16230E+00  1021 034087 1 00018391 00018325 131308 405 43064.4783220023
25.11.2017 11:28:47 +00.16230E+00  1032 034087 1 00018392 00018325 131308 359 43064.4783261574
25.11.2017 11:28:47 +00.16230E+00  1048 034087 1 00018393 00018325 131308 359 43064.4783303125
25.11.2017 11:28:48 +00.16230E+00  1063 034087 1 00018394 00018325 131308 405 43064.4783350116
25.11.2017 11:28:48 +00.16230E+00  1080 034087 1 00018395 00018325 131308 359 43064.4783391551
25.11.2017 11:28:48 +00.16230E+00  1095 034087 1 00018396 00018325 131308 359 43064.4783433102
25.11.2017 11:28:49 +00.16230E+00  1110 034087 1 00018397 00018325 131308 406 43064.4783480093
25.11.2017 11:28:49 +00.16230E+00  1132 034087 1 00018398 00018325 131308 358 43064.4783521644
25.11.2017 11:28:49 +00.16230E+00  1147 034087 1 00018399 00018325 131308 359 43064.4783563079
25.11.2017 11:28:50 +00.16230E+00  1161 034087 1 00018400 00018325 131308 406 43064.4783610069
25.11.2017 11:28:50 +00.16230E+00  1176 034087 1 00018401 00018325 131308 359 43064.478365162
25.11.2017 11:28:51 +00.16230E+00  1183 034087 1 00018402 00018325 131308 358 43064.4783693171
25.11.2017 11:28:51 +00.16230E+00  1198 034087 1 00018403 00018325 131308 406 43064.4783740046
25.11.2017 11:28:51 +00.16230E+00  1216 034087 1 00018404 00018325 131308 359 43064.4783781597
25.11.2017 11:28:52 +00.16230E+00  1231 034087 1 00018405 00018325 131308 359 43064.4783823148
25.11.2017 11:28:52 +00.16230E+00  1241 034087 1 00018406 00018325 131308 405 43064.4783870023
25.11.2017 11:28:52 +00.16230E+00  1265 034087 1 00018407 00018325 131308 359 43064.4783911574
25.11.2017 11:28:53 +00.16230E+00  1284 034087 1 00018408 00018325 131308 359 43064.4783953125
25.11.2017 11:28:53 +00.16230E+00  1299 034087 1 00018409 00018325 131308 405 43064.4784000116
25.11.2017 11:28:54 +00.16230E+00  1319 034087 1 00018410 00018325 131308 359 43064.4784041551
25.11.2017 11:28:54 +00.16230E+00  1341 034087 1 00018411 00018325 131308 359 43064.4784083102
25.11.2017 11:28:54 +00.16230E+00  1354 034087 1 00018412 00018325 131308 406 43064.4784130093
25.11.2017 11:28:55 +00.16230E+00  1369 034087 1 00018413 00018325 131308 358 43064.4784171644
25.11.2017 11:28:55 +00.16230E+00  1381 034087 1 00018414 00018325 131308 359 43064.4784213079
25.11.2017 11:28:56 +00.16230E+00  1397 034087 1 00018415 00018325 131308 406 43064.4784260069
25.11.2017 11:28:56 +00.16230E+00  1406 034087 1 00018416 00018325 131308 359 43064.478430162
25.11.2017 11:28:56 +00.16230E+00  1415 034087 1 00018417 00018325 131308 358 43064.4784343171
25.11.2017 11:28:57 +00.16230E+00  1436 034087 1 00018418 00018325 131308 406 43064.4784390046
25.11.2017 11:28:57 +00.16230E+00  1451 034087 1 00018419 00018325 131308 359 43064.4784431597
25.11.2017 11:28:57 +00.16230E+00  1457 034087 1 00018420 00018325 131308 359 43064.4784473148
25.11.2017 11:28:58 +00.16230E+00  1482 034087 1 00018421 00018325 131308 405 43064.4784520023
25.11.2017 11:28:58 +00.16230E+00  1497 034087 1 00018422 00018325 131308 359 43064.4784561574
25.11.2017 11:28:58 +00.16230E+00  1515 034087 1 00018423 00018325 131308 359 43064.4784603125
25.11.2017 11:28:59 +00.16230E+00  1533 034087 1 00018424 00018325 131308 405 43064.4784650116
25.11.2017 11:28:59 +00.16230E+00  1552 034087 1 00018425 00018325 131308 359 43064.4784691551
25.11.2017 11:29:00 +00.16230E+00  1571 034087 1 00018426 00018325 131308 359 43064.4784733102
25.11.2017 11:29:00 +00.16230E+00  1584 034087 1 00018427 00018325 131308 421 43064.4784781829
25.11.2017 11:29:00 +00.16230E+00  1602 034087 1 00018428 00018325 131308 359 43064.478482338
25.11.2017 11:29:01 +00.16230E+00  1611 034087 1 00018429 00018325 131308 359 43064.4784864931
25.11.2017 11:29:01 +00.16230E+00  1632 034087 1 00018430 00018325 131308 405 43064.4784911921
25.11.2017 11:29:01 +00.16230E+00  1650 034087 1 00018431 00018325 131308 359 43064.4784953357
25.11.2017 11:29:02 +00.16230E+00  1666 034087 1 00018432 00018325 131308 359 43064.4784994907
25.11.2017 11:29:02 +00.16230E+00  1678 034087 1 00018433 00018325 131308 406 43064.4785041898
25.11.2017 11:29:03 +00.16230E+00  1689 034087 1 00018434 00018325 131308 358 43064.4785083449
25.11.2017 11:29:03 +00.16230E+00  1700 034087 1 00018435 00018325 131308 359 43064.4785124884
25.11.2017 11:29:03 +00.16230E+00  1718 034087 1 00018436 00018325 131308 406 43064.4785171875
25.11.2017 11:29:04 +00.16230E+00  1732 034087 1 00018437 00018325 131308 359 43064.4785213426
25.11.2017 11:29:04 +00.16230E+00  1748 034087 1 00018438 00018325 131308 358 43064.4785254977
25.11.2017 11:29:05 +00.16230E+00  1760 034087 1 00018439 00018325 131308 406 43064.4785301852
25.11.2017 11:29:05 +00.16230E+00  1775 034087 1 00018440 00018325 131308 359 43064.4785343403
25.11.2017 11:29:05 +00.16230E+00  1793 034087 1 00018441 00018325 131308 359 43064.4785384954
25.11.2017 11:29:06 +00.16230E+00  1810 034087 1 00018442 00018325 131308 405 43064.4785431829
25.11.2017 11:29:06 +00.16230E+00  1831 034087 1 00018443 00018325 131308 359 43064.478547338
25.11.2017 11:29:06 +00.16230E+00  1852 034087 1 00018444 00018325 131308 359 43064.4785514931
25.11.2017 11:29:07 +00.16230E+00  1871 034087 1 00018445 00018325 131308 405 43064.4785561921
25.11.2017 11:29:07 +00.16230E+00  1888 034087 1 00018446 00018325 131308 359 43064.4785603357
25.11.2017 11:29:07 +00.16230E+00  1900 034087 1 00018447 00018325 131308 359 43064.4785644907
25.11.2017 11:29:08 +00.16230E+00  1917 034087 1 00018448 00018325 131308 406 43064.4785691898
25.11.2017 11:29:08 +00.16230E+00  1944 034087 1 00018449 00018325 131308 358 43064.4785733449
25.11.2017 11:29:09 +00.16230E+00  1956 034087 1 00018450 00018325 131308 359 43064.4785774884
25.11.2017 11:29:09 +00.16230E+00  1980 034087 1 00018451 00018325 131308 406 43064.4785821875
25.11.2017 11:29:09 +00.16230E+00  1996 034087 1 00018452 00018325 131308 359 43064.4785863426
25.11.2017 11:29:10 +00.16230E+00  2019 034087 1 00018453 00018325 131308 358 43064.4785904977
25.11.2017 11:29:10 +00.16230E+00  2032 034087 1 00018454 00018325 131308 406 43064.4785951852
25.11.2017 11:29:10 +00.16230E+00  2044 034087 1 00018455 00018325 131308 359 43064.4785993403
25.11.2017 11:29:11 +00.16230E+00  2059 034087 1 00018456 00018325 131308 359 43064.4786034954
25.11.2017 11:29:11 +00.16230E+00  2074 034087 1 00018457 00018325 131308 405 43064.4786081829
25.11.2017 11:29:12 +00.16230E+00  2092 034087 1 00018458 00018325 131308 359 43064.478612338
25.11.2017 11:29:12 +00.16230E+00  2110 034087 1 00018459 00018325 131308 359 43064.4786164931
25.11.2017 11:29:12 +00.16230E+00  2126 034087 1 00018460 00018325 131308 405 43064.4786211921
25.11.2017 11:29:13 +00.16230E+00  2137 034087 1 00018461 00018325 131308 359 43064.4786253357
25.11.2017 11:29:13 +00.16230E+00  2150 034087 1 00018462 00018325 131308 359 43064.4786294907
25.11.2017 11:29:13 +00.16230E+00  2164 034087 1 00018463 00018325 131308 406 43064.4786341898
25.11.2017 11:29:14 +00.16230E+00  2182 034087 1 00018464 00018325 131308 358 43064.4786383449
25.11.2017 11:29:14 +00.16230E+00  2192 034087 1 00018465 00018325 131308 359 43064.4786424884
25.11.2017 11:29:15 +00.16230E+00  2207 034087 1 00018466 00018325 131308 406 43064.4786471875
25.11.2017 11:29:15 +00.16230E+00  2221 034087 1 00018467 00018325 131308 359 43064.4786513426
25.11.2017 11:29:15 +00.16230E+00  2233 034087 1 00018468 00018325 131308 358 43064.4786554977
25.11.2017 11:29:16 +00.16230E+00  2252 034087 1 00018469 00018325 131308 406 43064.4786601852
25.11.2017 11:29:16 +00.16230E+00  2260 034087 1 00018470 00018325 131308 359 43064.4786643403
25.11.2017 11:29:16 +00.16230E+00  2276 034087 1 00018471 00018325 131308 359 43064.4786684954
25.11.2017 11:29:17 +00.16230E+00  2297 034087 1 00018472 00018325 131308 405 43064.4786731829
25.11.2017 11:29:17 +00.16230E+00  2309 034087 1 00018473 00018325 131308 359 43064.478677338
25.11.2017 11:29:18 +00.16230E+00  2330 034087 1 00018474 00018325 131308 359 43064.4786814931
25.11.2017 11:29:18 +00.16230E+00  2346 034087 1 00018475 00018325 131308 405 43064.4786861921
25.11.2017 11:29:18 +00.16230E+00  2370 034087 1 00018476 00018325 131308 359 43064.4786903357
25.11.2017 11:29:19 +00.16230E+00  2386 034087 1 00018477 00018325 131308 359 43064.4786944907
25.11.2017 11:29:19 +00.16230E+00  2397 034087 1 00018478 00018325 131308 406 43064.4786991898
25.11.2017 11:29:19 +00.16230E+00  2418 034087 1 00018479 00018325 131308 358 43064.4787033449
25.11.2017 11:29:20 +00.16230E+00  2437 034087 1 00018480 00018325 131308 359 43064.4787074884
25.11.2017 11:29:20 +00.16230E+00  2452 034087 1 00018481 00018325 131308 406 43064.4787121875
25.11.2017 11:29:21 +00.16230E+00  2468 034087 1 00018482 00018325 131308 359 43064.4787163426
25.11.2017 11:29:21 +00.16230E+00  2486 034087 1 00018483 00018325 131308 358 43064.4787204977
25.11.2017 11:29:21 +00.16230E+00  2500 034087 1 00018484 00018325 131308 422 43064.4787253704
25.11.2017 11:29:27 +00.16240E+00  0007 034107 1 00018485 00018485 131308 359 43064.4787916319
25.11.2017 11:29:27 +00.16239E+00  0022 034107 1 00018486 00018485 131308 359 43064.478795787
25.11.2017 11:29:28 +00.16239E+00  0041 034107 1 00018487 00018485 131308 374 43064.4788001157
25.11.2017 11:29:28 +00.16239E+00  0056 034107 1 00018488 00018485 131308 359 43064.4788042708
25.11.2017 11:29:29 +00.16239E+00  0083 034107 1 00018489 00018485 131308 359 43064.4788084259
25.11.2017 11:29:29 +00.16239E+00  0107 034107 1 00018490 00018485 131308 405 43064.4788131134
25.11.2017 11:29:29 +00.16239E+00  0125 034107 1 00018491 00018485 131308 359 43064.4788172685
25.11.2017 11:29:30 +00.16239E+00  0142 034107 1 00018492 00018485 131308 359 43064.4788214236
25.11.2017 11:29:30 +00.16239E+00  0158 034107 1 00018493 00018485 131308 405 43064.4788261227
25.11.2017 11:29:30 +00.16239E+00  0176 034107 1 00018494 00018485 131308 359 43064.4788302662
25.11.2017 11:29:31 +00.16239E+00  0192 034107 1 00018495 00018485 131308 359 43064.4788344213
25.11.2017 11:29:31 +00.16240E+00  0203 034107 1 00018496 00018485 131308 406 43064.4788391204
25.11.2017 11:29:32 +00.16239E+00  0220 034107 1 00018497 00018485 131308 358 43064.4788432755
25.11.2017 11:29:32 +00.16239E+00  0247 034107 1 00018498 00018485 131308 359 43064.478847419
25.11.2017 11:29:32 +00.16240E+00  0260 034109 1 00018499 00018485 131308 406 43064.4788521181
25.11.2017 11:29:33 +00.16240E+00  0283 034109 1 00018500 00018485 131308 359 43064.4788562731
25.11.2017 11:29:33 +00.16240E+00  0295 034109 1 00018501 00018485 131308 358 43064.4788604282
25.11.2017 11:29:33 +00.16240E+00  0311 034109 1 00018502 00018485 131308 406 43064.4788651157
25.11.2017 11:29:34 +00.16240E+00  0327 034109 1 00018503 00018485 131308 359 43064.4788692708
25.11.2017 11:29:34 +00.16240E+00  0343 034109 1 00018504 00018485 131308 359 43064.4788734259
25.11.2017 11:29:35 +00.16240E+00  0362 034109 1 00018505 00018485 131308 405 43064.4788781134
25.11.2017 11:29:35 +00.16240E+00  0386 034109 1 00018506 00018485 131308 359 43064.4788822685
25.11.2017 11:29:35 +00.16240E+00  0403 034109 1 00018507 00018485 131308 359 43064.4788864236
25.11.2017 11:29:36 +00.16240E+00  0419 034109 1 00018508 00018485 131308 405 43064.4788911227
25.11.2017 11:29:36 +00.16240E+00  0435 034109 1 00018509 00018485 131308 359 43064.4788952662
25.11.2017 11:29:36 +00.16240E+00  0460 034109 1 00018510 00018485 131308 359 43064.4788994213
25.11.2017 11:29:37 +00.16241E+00  0476 034109 1 00018511 00018485 131308 406 43064.4789041204
25.11.2017 11:29:37 +00.16241E+00  0496 034109 1 00018512 00018485 131308 358 43064.4789082755
25.11.2017 11:29:38 +00.16240E+00  0511 034107 1 00018513 00018485 131308 359 43064.478912419
25.11.2017 11:29:38 +00.16240E+00  0523 034107 1 00018514 00018485 131308 406 43064.4789171181
25.11.2017 11:29:38 +00.16240E+00  0544 034107 1 00018515 00018485 131308 359 43064.4789212731
25.11.2017 11:29:39 +00.16239E+00  0562 034107 1 00018516 00018485 131308 358 43064.4789254282
25.11.2017 11:29:39 +00.16239E+00  0570 034107 1 00018517 00018485 131308 406 43064.4789301157
25.11.2017 11:29:39 +00.16239E+00  0584 034107 1 00018518 00018485 131308 359 43064.4789342708
25.11.2017 11:29:40 +00.16239E+00  0593 034107 1 00018519 00018485 131308 359 43064.4789384259
25.11.2017 11:29:40 +00.16240E+00  0610 034107 1 00018520 00018485 131308 405 43064.4789431134
25.11.2017 11:29:41 +00.16239E+00  0629 034107 1 00018521 00018485 131308 359 43064.4789472685
25.11.2017 11:29:41 +00.16239E+00  0645 034107 1 00018522 00018485 131308 359 43064.4789514236
25.11.2017 11:29:41 +00.16240E+00  0660 034107 1 00018523 00018485 131308 405 43064.4789561227
25.11.2017 11:29:42 +00.16239E+00  0678 034107 1 00018524 00018485 131308 359 43064.4789602662
25.11.2017 11:29:42 +00.16240E+00  0688 034107 1 00018525 00018485 131308 359 43064.4789644213
25.11.2017 11:29:42 +00.16240E+00  0705 034107 1 00018526 00018485 131308 406 43064.4789691204
25.11.2017 11:29:43 +00.16240E+00  0717 034107 1 00018527 00018485 131308 358 43064.4789732755
25.11.2017 11:29:43 +00.16240E+00  0736 034107 1 00018528 00018485 131308 359 43064.478977419
25.11.2017 11:29:44 +00.16240E+00  0748 034107 1 00018529 00018485 131308 421 43064.4789823032
25.11.2017 11:29:44 +00.16239E+00  0767 034107 1 00018530 00018485 131308 359 43064.4789864468
25.11.2017 11:29:44 +00.16240E+00  0776 034107 1 00018531 00018485 131308 359 43064.4789906018
25.11.2017 11:29:45 +00.16240E+00  0791 034107 1 00018532 00018485 131308 406 43064.4789953009
25.11.2017 11:29:45 +00.16240E+00  0803 034107 1 00018533 00018485 131308 358 43064.478999456
25.11.2017 11:29:45 +00.16239E+00  0819 034107 1 00018534 00018485 131308 359 43064.4790035995
25.11.2017 11:29:46 +00.16240E+00  0836 034107 1 00018535 00018485 131308 406 43064.4790082986
25.11.2017 11:29:46 +00.16240E+00  0854 034107 1 00018536 00018485 131308 359 43064.4790124537
25.11.2017 11:29:47 +00.16239E+00  0870 034107 1 00018537 00018485 131308 358 43064.4790166088
25.11.2017 11:29:47 +00.16239E+00  0889 034107 1 00018538 00018485 131308 406 43064.4790212963
25.11.2017 11:29:47 +00.16239E+00  0907 034107 1 00018539 00018485 131308 359 43064.4790254514
25.11.2017 11:29:48 +00.16239E+00  0929 034109 1 00018540 00018485 131308 359 43064.4790296065
25.11.2017 11:29:48 +00.16240E+00  0941 034109 1 00018541 00018485 131308 405 43064.479034294
25.11.2017 11:29:48 +00.16240E+00  0961 034109 1 00018542 00018485 131308 359 43064.4790384491
25.11.2017 11:29:49 +00.16240E+00  0974 034109 1 00018543 00018485 131308 359 43064.4790426042
25.11.2017 11:29:49 +00.16240E+00  0993 034109 1 00018544 00018485 131308 405 43064.4790473032
25.11.2017 11:29:50 +00.16240E+00  1012 034109 1 00018545 00018485 131308 359 43064.4790514468
25.11.2017 11:29:50 +00.16240E+00  1033 034109 1 00018546 00018485 131308 359 43064.4790556018
25.11.2017 11:29:50 +00.16240E+00  1040 034109 1 00018547 00018485 131308 406 43064.4790603009
25.11.2017 11:29:51 +00.16241E+00  1051 034109 1 00018548 00018485 131308 358 43064.479064456
25.11.2017 11:29:51 +00.16240E+00  1065 034109 1 00018549 00018485 131308 359 43064.4790685995
25.11.2017 11:29:51 +00.16240E+00  1077 034109 1 00018550 00018485 131308 406 43064.4790732986
25.11.2017 11:29:52 +00.16241E+00  1103 034109 1 00018551 00018485 131308 359 43064.4790774537
25.11.2017 11:29:52 +00.16241E+00  1121 034109 1 00018552 00018485 131308 358 43064.4790816088
25.11.2017 11:29:53 +00.16241E+00  1132 034109 1 00018553 00018485 131308 406 43064.4790862963
25.11.2017 11:29:53 +00.16240E+00  1149 034107 1 00018554 00018485 131308 359 43064.4790904514
25.11.2017 11:29:53 +00.16240E+00  1164 034107 1 00018555 00018485 131308 359 43064.4790946065
25.11.2017 11:29:54 +00.16239E+00  1180 034107 1 00018556 00018485 131308 405 43064.479099294
25.11.2017 11:29:54 +00.16239E+00  1195 034107 1 00018557 00018485 131308 359 43064.4791034491
25.11.2017 11:29:54 +00.16239E+00  1208 034107 1 00018558 00018485 131308 359 43064.4791076042
25.11.2017 11:29:55 +00.16240E+00  1219 034107 1 00018559 00018485 131308 405 43064.4791123032
25.11.2017 11:29:55 +00.16239E+00  1241 034107 1 00018560 00018485 131308 359 43064.4791164468
25.11.2017 11:29:56 +00.16240E+00  1252 034107 1 00018561 00018485 131308 359 43064.4791206018
25.11.2017 11:29:56 +00.16239E+00  1267 034107 1 00018562 00018485 131308 406 43064.4791253009
25.11.2017 11:29:56 +00.16240E+00  1282 034107 1 00018563 00018485 131308 358 43064.479129456
25.11.2017 11:29:57 +00.16239E+00  1302 034107 1 00018564 00018485 131308 359 43064.4791335995
25.11.2017 11:29:57 +00.16239E+00  1316 034107 1 00018565 00018485 131308 406 43064.4791382986
25.11.2017 11:29:57 +00.16239E+00  1333 034107 1 00018566 00018485 131308 359 43064.4791424537
25.11.2017 11:29:58 +00.16239E+00  1350 034107 1 00018567 00018485 131308 358 43064.4791466088
25.11.2017 11:29:58 +00.16240E+00  1360 034109 1 00018568 00018485 131308 406 43064.4791512963
25.11.2017 11:29:59 +00.16240E+00  1372 034109 1 00018569 00018485 131308 359 43064.4791554514
25.11.2017 11:29:59 +00.16240E+00  1393 034109 1 00018570 00018485 131308 359 43064.4791596065
25.11.2017 11:29:59 +00.16240E+00  1408 034109 1 00018571 00018485 131308 405 43064.479164294
25.11.2017 11:30:00 +00.16240E+00  1421 034109 1 00018572 00018485 131308 359 43064.4791684491
25.11.2017 11:30:00 +00.16241E+00  1436 034109 1 00018573 00018485 131308 359 43064.4791726042
25.11.2017 11:30:00 +00.16240E+00  1450 034109 1 00018574 00018485 131308 405 43064.4791773032
25.11.2017 11:30:01 +00.16240E+00  1469 034109 1 00018575 00018485 131308 359 43064.4791814468
25.11.2017 11:30:01 +00.16240E+00  1484 034109 1 00018576 00018485 131308 359 43064.4791856018
25.11.2017 11:30:02 +00.16240E+00  1497 034109 1 00018577 00018485 131308 406 43064.4791903009
25.11.2017 11:30:02 +00.16240E+00  1512 034109 1 00018578 00018485 131308 358 43064.479194456
25.11.2017 11:30:02 +00.16240E+00  1521 034109 1 00018579 00018485 131308 359 43064.4791985995
25.11.2017 11:30:03 +00.16240E+00  1537 034109 1 00018580 00018485 131308 406 43064.4792032986
25.11.2017 11:30:03 +00.16240E+00  1548 034109 1 00018581 00018485 131308 359 43064.4792074537
25.11.2017 11:30:03 +00.16241E+00  1574 034109 1 00018582 00018485 131308 358 43064.4792116088
25.11.2017 11:30:04 +00.16240E+00  1584 034109 1 00018583 00018485 131308 406 43064.4792162963
25.11.2017 11:30:04 +00.16241E+00  1594 034109 1 00018584 00018485 131308 359 43064.4792204514
25.11.2017 11:30:05 +00.16240E+00  1606 034109 1 00018585 00018485 131308 359 43064.4792246065
25.11.2017 11:30:05 +00.16240E+00  1618 034109 1 00018586 00018485 131308 421 43064.4792294792
25.11.2017 11:30:05 +00.16240E+00  1642 034109 1 00018587 00018485 131308 359 43064.4792336343
25.11.2017 11:30:06 +00.16240E+00  1660 034109 1 00018588 00018485 131308 358 43064.4792377894
25.11.2017 11:30:06 +00.16240E+00  1670 034109 1 00018589 00018485 131308 406 43064.4792424769
25.11.2017 11:30:06 +00.16240E+00  1690 034109 1 00018590 00018485 131308 359 43064.4792466319
25.11.2017 11:30:07 +00.16240E+00  1709 034109 1 00018591 00018485 131308 359 43064.479250787
25.11.2017 11:30:07 +00.16241E+00  1722 034109 1 00018592 00018485 131308 405 43064.4792554745
25.11.2017 11:30:08 +00.16240E+00  1735 034109 1 00018593 00018485 131308 359 43064.4792596296
25.11.2017 11:30:08 +00.16240E+00  1749 034109 1 00018594 00018485 131308 359 43064.4792637847
25.11.2017 11:30:08 +00.16240E+00  1765 034109 1 00018595 00018485 131308 405 43064.4792684838
25.11.2017 11:30:09 +00.16240E+00  1781 034109 1 00018596 00018485 131308 359 43064.4792726273
25.11.2017 11:30:09 +00.16240E+00  1792 034109 1 00018597 00018485 131308 359 43064.4792767824
25.11.2017 11:30:09 +00.16241E+00  1810 034109 1 00018598 00018485 131308 406 43064.4792814815
25.11.2017 11:30:10 +00.16241E+00  1829 034109 1 00018599 00018485 131308 358 43064.4792856366
25.11.2017 11:30:10 +00.16240E+00  1841 034109 1 00018600 00018485 131308 359 43064.4792897801
25.11.2017 11:30:11 +00.16240E+00  1858 034109 1 00018601 00018485 131308 406 43064.4792944792
25.11.2017 11:30:11 +00.16241E+00  1870 034109 1 00018602 00018485 131308 359 43064.4792986343
25.11.2017 11:30:11 +00.16241E+00  1888 034109 1 00018603 00018485 131308 358 43064.4793027894
25.11.2017 11:30:12 +00.16241E+00  1899 034109 1 00018604 00018485 131308 406 43064.4793074769
25.11.2017 11:30:12 +00.16241E+00  1914 034109 1 00018605 00018485 131308 359 43064.4793116319
25.11.2017 11:30:12 +00.16240E+00  1931 034109 1 00018606 00018485 131308 359 43064.479315787
25.11.2017 11:30:13 +00.16241E+00  1948 034109 1 00018607 00018485 131308 405 43064.4793204745
25.11.2017 11:30:13 +00.16240E+00  1961 034109 1 00018608 00018485 131308 359 43064.4793246296
25.11.2017 11:30:14 +00.16240E+00  1977 034109 1 00018609 00018485 131308 359 43064.4793287847
25.11.2017 11:30:14 +00.16240E+00  1988 034109 1 00018610 00018485 131308 405 43064.4793334838
25.11.2017 11:30:14 +00.16240E+00  2007 034109 1 00018611 00018485 131308 359 43064.4793376273
25.11.2017 11:30:15 +00.16240E+00  2025 034109 1 00018612 00018485 131308 359 43064.4793417824
25.11.2017 11:30:15 +00.16240E+00  2043 034109 1 00018613 00018485 131308 406 43064.4793464815
25.11.2017 11:30:15 +00.16240E+00  2065 034109 1 00018614 00018485 131308 358 43064.4793506366
25.11.2017 11:30:16 +00.16240E+00  2078 034109 1 00018615 00018485 131308 359 43064.4793547801
25.11.2017 11:30:16 +00.16240E+00  2092 034109 1 00018616 00018485 131308 406 43064.4793594792
25.11.2017 11:30:17 +00.16240E+00  2109 034109 1 00018617 00018485 131308 359 43064.4793636343
25.11.2017 11:30:17 +00.16240E+00  2117 034109 1 00018618 00018485 131308 358 43064.4793677894
25.11.2017 11:30:17 +00.16240E+00  2131 034109 1 00018619 00018485 131308 406 43064.4793724769
25.11.2017 11:30:18 +00.16241E+00  2142 034109 1 00018620 00018485 131308 359 43064.4793766319
25.11.2017 11:30:18 +00.16240E+00  2161 034109 1 00018621 00018485 131308 359 43064.479380787
25.11.2017 11:30:18 +00.16241E+00  2175 034109 1 00018622 00018485 131308 405 43064.4793854745
25.11.2017 11:30:19 +00.16240E+00  2194 034107 1 00018623 00018485 131308 359 43064.4793896296
25.11.2017 11:30:19 +00.16240E+00  2206 034107 1 00018624 00018485 131308 359 43064.4793937847
25.11.2017 11:30:20 +00.16240E+00  2221 034107 1 00018625 00018485 131308 405 43064.4793984838
25.11.2017 11:30:20 +00.16240E+00  2238 034107 1 00018626 00018485 131308 359 43064.4794026273
25.11.2017 11:30:20 +00.16239E+00  2254 034107 1 00018627 00018485 131308 359 43064.4794067824
25.11.2017 11:30:21 +00.16240E+00  2273 034107 1 00018628 00018485 131308 406 43064.4794114815
25.11.2017 11:30:21 +00.16240E+00  2289 034107 1 00018629 00018485 131308 358 43064.4794156366
25.11.2017 11:30:21 +00.16240E+00  2306 034107 1 00018630 00018485 131308 359 43064.4794197801
25.11.2017 11:30:22 +00.16240E+00  2315 034107 1 00018631 00018485 131308 406 43064.4794244792
25.11.2017 11:30:22 +00.16240E+00  2328 034107 1 00018632 00018485 131308 359 43064.4794286343
25.11.2017 11:30:22 +00.16240E+00  2345 034107 1 00018633 00018485 131308 358 43064.4794327894
25.11.2017 11:30:23 +00.16239E+00  2353 034107 1 00018634 00018485 131308 406 43064.4794374769
25.11.2017 11:30:23 +00.16239E+00  2372 034107 1 00018635 00018485 131308 359 43064.4794416319
25.11.2017 11:30:24 +00.16239E+00  2390 034107 1 00018636 00018485 131308 359 43064.479445787
25.11.2017 11:30:24 +00.16240E+00  2401 034109 1 00018637 00018485 131308 405 43064.4794504745
25.11.2017 11:30:24 +00.16240E+00  2413 034109 1 00018638 00018485 131308 359 43064.4794546296
25.11.2017 11:30:25 +00.16241E+00  2423 034109 1 00018639 00018485 131308 359 43064.4794587847
25.11.2017 11:30:25 +00.16240E+00  2442 034109 1 00018640 00018485 131308 405 43064.4794634838
25.11.2017 11:30:26 +00.16240E+00  2455 034109 1 00018641 00018485 131308 359 43064.4794676273
25.11.2017 11:30:26 +00.16240E+00  2467 034109 1 00018642 00018485 131308 359 43064.4794717824
25.11.2017 11:30:26 +00.16240E+00  2481 034109 1 00018643 00018485 131308 421 43064.4794766551
25.11.2017 11:30:27 +00.16240E+00  2500 034109 1 00018644 00018485 131308 359 43064.4794808102
25.11.2017 11:30:32 +00.16250E+00  0013 034129 1 00018645 00018645 131308 421 43064.4795481597
25.11.2017 11:30:33 +00.16250E+00  0031 034129 1 00018646 00018645 131308 359 43064.4795523148
25.11.2017 11:30:33 +00.16250E+00  0049 034129 1 00018647 00018645 131308 358 43064.4795564699
25.11.2017 11:30:34 +00.16250E+00  0068 034129 1 00018648 00018645 131308 406 43064.4795611574
25.11.2017 11:30:34 +00.16250E+00  0085 034129 1 00018649 00018645 131308 359 43064.4795653125
25.11.2017 11:30:34 +00.16250E+00  0101 034129 1 00018650 00018645 131308 359 43064.4795694676
25.11.2017 11:30:35 +00.16250E+00  0113 034129 1 00018651 00018645 131308 405 43064.4795741551
25.11.2017 11:30:35 +00.16250E+00  0136 034129 1 00018652 00018645 131308 359 43064.4795783102
25.11.2017 11:30:35 +00.16250E+00  0147 034129 1 00018653 00018645 131308 359 43064.4795824653
25.11.2017 11:30:36 +00.16250E+00  0163 034129 1 00018654 00018645 131308 405 43064.4795871644
25.11.2017 11:30:36 +00.16250E+00  0182 034129 1 00018655 00018645 131308 359 43064.4795913079
25.11.2017 11:30:37 +00.16250E+00  0201 034129 1 00018656 00018645 131308 359 43064.479595463
25.11.2017 11:30:37 +00.16250E+00  0215 034129 1 00018657 00018645 131308 406 43064.479600162
25.11.2017 11:30:37 +00.16250E+00  0236 034129 1 00018658 00018645 131308 358 43064.4796043171
25.11.2017 11:30:38 +00.16250E+00  0250 034129 1 00018659 00018645 131308 359 43064.4796084606
25.11.2017 11:30:38 +00.16250E+00  0269 034129 1 00018660 00018645 131308 406 43064.4796131597
25.11.2017 11:30:38 +00.16250E+00  0289 034129 1 00018661 00018645 131308 359 43064.4796173148
25.11.2017 11:30:39 +00.16250E+00  0301 034129 1 00018662 00018645 131308 358 43064.4796214699
25.11.2017 11:30:39 +00.16250E+00  0310 034129 1 00018663 00018645 131308 406 43064.4796261574
25.11.2017 11:30:40 +00.16250E+00  0322 034129 1 00018664 00018645 131308 359 43064.4796303125
25.11.2017 11:30:40 +00.16250E+00  0338 034129 1 00018665 00018645 131308 359 43064.4796344676
25.11.2017 11:30:40 +00.16250E+00  0351 034129 1 00018666 00018645 131308 405 43064.4796391551
25.11.2017 11:30:41 +00.16250E+00  0370 034129 1 00018667 00018645 131308 359 43064.4796433102
25.11.2017 11:30:41 +00.16250E+00  0381 034129 1 00018668 00018645 131308 359 43064.4796474653
25.11.2017 11:30:41 +00.16250E+00  0397 034129 1 00018669 00018645 131308 405 43064.4796521644
25.11.2017 11:30:42 +00.16250E+00  0414 034129 1 00018670 00018645 131308 359 43064.4796563079
25.11.2017 11:30:42 +00.16250E+00  0438 034129 1 00018671 00018645 131308 359 43064.479660463
25.11.2017 11:30:43 +00.16250E+00  0450 034129 1 00018672 00018645 131308 406 43064.479665162
25.11.2017 11:30:43 +00.16250E+00  0468 034129 1 00018673 00018645 131308 358 43064.4796693171
25.11.2017 11:30:43 +00.16250E+00  0481 034129 1 00018674 00018645 131308 359 43064.4796734606
25.11.2017 11:30:44 +00.16250E+00  0493 034129 1 00018675 00018645 131308 406 43064.4796781597
25.11.2017 11:30:44 +00.16250E+00  0509 034129 1 00018676 00018645 131308 359 43064.4796823148
25.11.2017 11:30:44 +00.16250E+00  0525 034129 1 00018677 00018645 131308 358 43064.4796864699
25.11.2017 11:30:45 +00.16250E+00  0536 034129 1 00018678 00018645 131308 406 43064.4796911574
25.11.2017 11:30:45 +00.16250E+00  0547 034129 1 00018679 00018645 131308 359 43064.4796953125
25.11.2017 11:30:46 +00.16250E+00  0564 034129 1 00018680 00018645 131308 359 43064.4796994676
25.11.2017 11:30:46 +00.16250E+00  0579 034129 1 00018681 00018645 131308 405 43064.4797041551
25.11.2017 11:30:46 +00.16250E+00  0597 034129 1 00018682 00018645 131308 359 43064.4797083102
25.11.2017 11:30:47 +00.16250E+00  0610 034129 1 00018683 00018645 131308 359 43064.4797124653
25.11.2017 11:30:47 +00.16250E+00  0626 034129 1 00018684 00018645 131308 421 43064.479717338
25.11.2017 11:30:47 +00.16250E+00  0646 034129 1 00018685 00018645 131308 359 43064.4797214931
25.11.2017 11:30:48 +00.16250E+00  0670 034129 1 00018686 00018645 131308 359 43064.4797256481
25.11.2017 11:30:48 +00.16250E+00  0689 034129 1 00018687 00018645 131308 405 43064.4797303356
25.11.2017 11:30:49 +00.16250E+00  0709 034129 1 00018688 00018645 131308 359 43064.4797344907
25.11.2017 11:30:49 +00.16250E+00  0724 034129 1 00018689 00018645 131308 359 43064.4797386458
25.11.2017 11:30:49 +00.16250E+00  0740 034129 1 00018690 00018645 131308 405 43064.4797433449
25.11.2017 11:30:50 +00.16250E+00  0754 034129 1 00018691 00018645 131308 359 43064.4797474884
25.11.2017 11:30:50 +00.16250E+00  0765 034129 1 00018692 00018645 131308 359 43064.4797516435
25.11.2017 11:30:50 +00.16250E+00  0785 034129 1 00018693 00018645 131308 406 43064.4797563426
25.11.2017 11:30:51 +00.16250E+00  0803 034129 1 00018694 00018645 131308 358 43064.4797604977
25.11.2017 11:30:51 +00.16250E+00  0820 034129 1 00018695 00018645 131308 359 43064.4797646412
25.11.2017 11:30:52 +00.16250E+00  0826 034129 1 00018696 00018645 131308 406 43064.4797693403
25.11.2017 11:30:52 +00.16250E+00  0840 034129 1 00018697 00018645 131308 359 43064.4797734954
25.11.2017 11:30:52 +00.16249E+00  0855 034129 1 00018698 00018645 131308 358 43064.4797776505
25.11.2017 11:30:53 +00.16249E+00  0868 034129 1 00018699 00018645 131308 406 43064.479782338
25.11.2017 11:30:53 +00.16250E+00  0892 034131 1 00018700 00018645 131308 359 43064.4797864931
25.11.2017 11:30:53 +00.16250E+00  0909 034131 1 00018701 00018645 131308 359 43064.4797906481
25.11.2017 11:30:54 +00.16251E+00  0933 034131 1 00018702 00018645 131308 405 43064.4797953356
25.11.2017 11:30:54 +00.16251E+00  0955 034131 1 00018703 00018645 131308 359 43064.4797994907
25.11.2017 11:30:55 +00.16251E+00  0971 034131 1 00018704 00018645 131308 359 43064.4798036458
25.11.2017 11:30:55 +00.16251E+00  0991 034131 1 00018705 00018645 131308 405 43064.4798083449
25.11.2017 11:30:55 +00.16251E+00  1003 034131 1 00018706 00018645 131308 359 43064.4798124884
25.11.2017 11:30:56 +00.16251E+00  1019 034131 1 00018707 00018645 131308 359 43064.4798166435
25.11.2017 11:30:56 +00.16251E+00  1031 034131 1 00018708 00018645 131308 406 43064.4798213426
25.11.2017 11:30:56 +00.16251E+00  1044 034131 1 00018709 00018645 131308 358 43064.4798254977
25.11.2017 11:30:57 +00.16251E+00  1060 034131 1 00018710 00018645 131308 359 43064.4798296412
25.11.2017 11:30:57 +00.16251E+00  1075 034131 1 00018711 00018645 131308 406 43064.4798343403
25.11.2017 11:30:58 +00.16251E+00  1097 034131 1 00018712 00018645 131308 359 43064.4798384954
25.11.2017 11:30:58 +00.16251E+00  1117 034131 1 00018713 00018645 131308 358 43064.4798426505
25.11.2017 11:30:58 +00.16251E+00  1125 034129 1 00018714 00018645 131308 406 43064.479847338
25.11.2017 11:30:59 +00.16250E+00  1143 034129 1 00018715 00018645 131308 359 43064.4798514931
25.11.2017 11:30:59 +00.16250E+00  1164 034129 1 00018716 00018645 131308 359 43064.4798556481
25.11.2017 11:30:59 +00.16250E+00  1182 034129 1 00018717 00018645 131308 405 43064.4798603356
25.11.2017 11:31:00 +00.16250E+00  1197 034129 1 00018718 00018645 131308 359 43064.4798644907
25.11.2017 11:31:00 +00.16250E+00  1210 034129 1 00018719 00018645 131308 359 43064.4798686458
25.11.2017 11:31:01 +00.16250E+00  1235 034129 1 00018720 00018645 131308 405 43064.4798733449
25.11.2017 11:31:01 +00.16250E+00  1253 034129 1 00018721 00018645 131308 359 43064.4798774884
25.11.2017 11:31:01 +00.16250E+00  1273 034129 1 00018722 00018645 131308 359 43064.4798816435
25.11.2017 11:31:02 +00.16250E+00  1293 034129 1 00018723 00018645 131308 406 43064.4798863426
25.11.2017 11:31:02 +00.16250E+00  1311 034129 1 00018724 00018645 131308 358 43064.4798904977
25.11.2017 11:31:02 +00.16250E+00  1330 034129 1 00018725 00018645 131308 359 43064.4798946412
25.11.2017 11:31:03 +00.16250E+00  1350 034129 1 00018726 00018645 131308 406 43064.4798993403
25.11.2017 11:31:03 +00.16250E+00  1366 034129 1 00018727 00018645 131308 359 43064.4799034954
25.11.2017 11:31:04 +00.16250E+00  1381 034129 1 00018728 00018645 131308 358 43064.4799076505
25.11.2017 11:31:04 +00.16250E+00  1393 034129 1 00018729 00018645 131308 406 43064.479912338
25.11.2017 11:31:04 +00.16250E+00  1414 034129 1 00018730 00018645 131308 359 43064.4799164931
25.11.2017 11:31:05 +00.16250E+00  1435 034129 1 00018731 00018645 131308 359 43064.4799206481
25.11.2017 11:31:05 +00.16250E+00  1449 034129 1 00018732 00018645 131308 405 43064.4799253356
25.11.2017 11:31:05 +00.16250E+00  1466 034129 1 00018733 00018645 131308 359 43064.4799294907
25.11.2017 11:31:06 +00.16250E+00  1478 034129 1 00018734 00018645 131308 359 43064.4799336458
25.11.2017 11:31:06 +00.16250E+00  1495 034129 1 00018735 00018645 131308 405 43064.4799383449
25.11.2017 11:31:07 +00.16250E+00  1509 034129 1 00018736 00018645 131308 359 43064.4799424884
25.11.2017 11:31:07 +00.16250E+00  1518 034129 1 00018737 00018645 131308 359 43064.4799466435
25.11.2017 11:31:07 +00.16250E+00  1536 034129 1 00018738 00018645 131308 406 43064.4799513426
25.11.2017 11:31:08 +00.16250E+00  1545 034129 1 00018739 00018645 131308 358 43064.4799554977
25.11.2017 11:31:08 +00.16250E+00  1556 034129 1 00018740 00018645 131308 359 43064.4799596412
25.11.2017 11:31:08 +00.16250E+00  1564 034129 1 00018741 00018645 131308 421 43064.4799645255
25.11.2017 11:31:09 +00.16250E+00  1578 034129 1 00018742 00018645 131308 359 43064.479968669
25.11.2017 11:31:09 +00.16250E+00  1594 034129 1 00018743 00018645 131308 359 43064.4799728241
25.11.2017 11:31:10 +00.16250E+00  1602 034129 1 00018744 00018645 131308 406 43064.4799775232
25.11.2017 11:31:10 +00.16250E+00  1619 034129 1 00018745 00018645 131308 358 43064.4799816782
25.11.2017 11:31:10 +00.16250E+00  1627 034129 1 00018746 00018645 131308 359 43064.4799858218
25.11.2017 11:31:11 +00.16250E+00  1643 034129 1 00018747 00018645 131308 406 43064.4799905208
25.11.2017 11:31:11 +00.16250E+00  1660 034129 1 00018748 00018645 131308 359 43064.4799946759
25.11.2017 11:31:11 +00.16250E+00  1677 034129 1 00018749 00018645 131308 358 43064.479998831
25.11.2017 11:31:12 +00.16250E+00  1694 034129 1 00018750 00018645 131308 406 43064.4800035185
25.11.2017 11:31:12 +00.16250E+00  1719 034129 1 00018751 00018645 131308 359 43064.4800076736
25.11.2017 11:31:13 +00.16250E+00  1737 034129 1 00018752 00018645 131308 359 43064.4800118287
25.11.2017 11:31:13 +00.16250E+00  1757 034129 1 00018753 00018645 131308 405 43064.4800165162
25.11.2017 11:31:13 +00.16250E+00  1774 034129 1 00018754 00018645 131308 359 43064.4800206713
25.11.2017 11:31:14 +00.16250E+00  1794 034129 1 00018755 00018645 131308 359 43064.4800248264
25.11.2017 11:31:14 +00.16250E+00  1806 034129 1 00018756 00018645 131308 405 43064.4800295255
25.11.2017 11:31:14 +00.16250E+00  1816 034129 1 00018757 00018645 131308 359 43064.480033669
25.11.2017 11:31:15 +00.16250E+00  1833 034129 1 00018758 00018645 131308 359 43064.4800378241
25.11.2017 11:31:15 +00.16250E+00  1848 034129 1 00018759 00018645 131308 406 43064.4800425232
25.11.2017 11:31:16 +00.16250E+00  1858 034129 1 00018760 00018645 131308 358 43064.4800466782
25.11.2017 11:31:16 +00.16250E+00  1872 034129 1 00018761 00018645 131308 359 43064.4800508218
25.11.2017 11:31:16 +00.16250E+00  1890 034129 1 00018762 00018645 131308 406 43064.4800555208
25.11.2017 11:31:17 +00.16250E+00  1906 034129 1 00018763 00018645 131308 359 43064.4800596759
25.11.2017 11:31:17 +00.16250E+00  1920 034129 1 00018764 00018645 131308 358 43064.480063831
25.11.2017 11:31:17 +00.16250E+00  1936 034129 1 00018765 00018645 131308 406 43064.4800685185
25.11.2017 11:31:18 +00.16250E+00  1954 034129 1 00018766 00018645 131308 359 43064.4800726736
25.11.2017 11:31:18 +00.16250E+00  1971 034129 1 00018767 00018645 131308 359 43064.4800768287
25.11.2017 11:31:19 +00.16250E+00  1987 034129 1 00018768 00018645 131308 405 43064.4800815162
25.11.2017 11:31:19 +00.16250E+00  2010 034129 1 00018769 00018645 131308 359 43064.4800856713
25.11.2017 11:31:19 +00.16250E+00  2029 034129 1 00018770 00018645 131308 359 43064.4800898264
25.11.2017 11:31:20 +00.16250E+00  2047 034129 1 00018771 00018645 131308 405 43064.4800945255
25.11.2017 11:31:20 +00.16250E+00  2056 034129 1 00018772 00018645 131308 359 43064.480098669
25.11.2017 11:31:20 +00.16250E+00  2070 034129 1 00018773 00018645 131308 359 43064.4801028241
25.11.2017 11:31:21 +00.16250E+00  2090 034129 1 00018774 00018645 131308 406 43064.4801075232
25.11.2017 11:31:21 +00.16250E+00  2114 034129 1 00018775 00018645 131308 358 43064.4801116782
25.11.2017 11:31:22 +00.16250E+00  2133 034129 1 00018776 00018645 131308 359 43064.4801158218
25.11.2017 11:31:22 +00.16250E+00  2147 034129 1 00018777 00018645 131308 406 43064.4801205208
25.11.2017 11:31:22 +00.16250E+00  2163 034129 1 00018778 00018645 131308 359 43064.4801246759
25.11.2017 11:31:23 +00.16250E+00  2179 034129 1 00018779 00018645 131308 358 43064.480128831
25.11.2017 11:31:23 +00.16250E+00  2197 034129 1 00018780 00018645 131308 406 43064.4801335185
25.11.2017 11:31:23 +00.16250E+00  2213 034129 1 00018781 00018645 131308 359 43064.4801376736
25.11.2017 11:31:24 +00.16250E+00  2227 034129 1 00018782 00018645 131308 359 43064.4801418287
25.11.2017 11:31:24 +00.16250E+00  2240 034129 1 00018783 00018645 131308 405 43064.4801465162
25.11.2017 11:31:25 +00.16250E+00  2252 034129 1 00018784 00018645 131308 359 43064.4801506713
25.11.2017 11:31:25 +00.16250E+00  2274 034129 1 00018785 00018645 131308 359 43064.4801548264
25.11.2017 11:31:25 +00.16250E+00  2293 034129 1 00018786 00018645 131308 405 43064.4801595255
25.11.2017 11:31:26 +00.16250E+00  2309 034129 1 00018787 00018645 131308 359 43064.480163669
25.11.2017 11:31:26 +00.16250E+00  2320 034129 1 00018788 00018645 131308 359 43064.4801678241
25.11.2017 11:31:26 +00.16250E+00  2331 034129 1 00018789 00018645 131308 406 43064.4801725231
25.11.2017 11:31:27 +00.16250E+00  2344 034129 1 00018790 00018645 131308 358 43064.4801766782
25.11.2017 11:31:27 +00.16250E+00  2353 034129 1 00018791 00018645 131308 359 43064.4801808218
25.11.2017 11:31:28 +00.16250E+00  2374 034129 1 00018792 00018645 131308 406 43064.4801855208
25.11.2017 11:31:28 +00.16250E+00  2388 034129 1 00018793 00018645 131308 359 43064.4801896759
25.11.2017 11:31:28 +00.16250E+00  2408 034129 1 00018794 00018645 131308 358 43064.480193831
25.11.2017 11:31:29 +00.16250E+00  2418 034129 1 00018795 00018645 131308 406 43064.4801985185
25.11.2017 11:31:29 +00.16250E+00  2434 034129 1 00018796 00018645 131308 359 43064.4802026736
25.11.2017 11:31:29 +00.16250E+00  2443 034129 1 00018797 00018645 131308 359 43064.4802068287
25.11.2017 11:31:30 +00.16250E+00  2460 034129 1 00018798 00018645 131308 405 43064.4802115162
25.11.2017 11:31:30 +00.16250E+00  2483 034129 1 00018799 00018645 131308 359 43064.4802156713
25.11.2017 11:31:30 +00.16250E+00  2495 034129 1 00018800 00018645 131308 359 43064.4802198264
25.11.2017 11:31:31 +00.16250E+00  2509 034129 1 00018801 00018645 131308 421 43064.4802246991
25.11.2017 11:31:31 +00.16250E+00  2524 034129 1 00018802 00018645 131308 359 43064.4802288542
25.11.2017 11:31:32 +00.16250E+00  2539 034129 1 00018803 00018645 131308 359 43064.4802330093
25.11.2017 11:31:32 +00.16250E+00  2554 034129 1 00018804 00018645 131308 405 43064.4802376968