
25.11.2017 11:44:19 +00.16300E+00  0015 034234 1 00020548 00020548 131308 406 43064.4891100231
25.11.2017 11:44:19 +00.16300E+00  0033 034234 1 00020549 00020548 131308 358 43064.4891141782
25.11.2017 11:44:19 +00.16300E+00  0050 034234 1 00020550 00020548 131308 359 43064.4891183218
25.11.2017 11:44:20 +00.16300E+00  0064 034234 1 00020551 00020548 131308 406 43064.4891230208
25.11.2017 11:44:20 +00.16300E+00  0080 034234 1 00020552 00020548 131308 359 43064.4891271759
25.11.2017 11:44:20 +00.16300E+00  0097 034234 1 00020553 00020548 131308 358 43064.489131331
25.11.2017 11:44:21 +00.16300E+00  0109 034234 1 00020554 00020548 131308 406 43064.4891360185
25.11.2017 11:44:21 +00.16300E+00  0121 034234 1 00020555 00020548 131308 359 43064.4891401736
25.11.2017 11:44:22 +00.16300E+00  0133 034234 1 00020556 00020548 131308 359 43064.4891443287
25.11.2017 11:44:22 +00.16300E+00  0156 034234 1 00020557 00020548 131308 405 43064.4891490162
25.11.2017 11:44:22 +00.16300E+00  0174 034234 1 00020558 00020548 131308 359 43064.4891531713
25.11.2017 11:44:23 +00.16300E+00  0191 034234 1 00020559 00020548 131308 359 43064.4891573264
25.11.2017 11:44:23 +00.16300E+00  0211 034234 1 00020560 00020548 131308 421 43064.4891621991
25.11.2017 11:44:23 +00.16300E+00  0233 034234 1 00020561 00020548 131308 359 43064.4891663542
25.11.2017 11:44:24 +00.16300E+00  0245 034234 1 00020562 00020548 131308 359 43064.4891705093
25.11.2017 11:44:24 +00.16300E+00  0264 034234 1 00020563 00020548 131308 405 43064.4891751968
25.11.2017 11:44:25 +00.16300E+00  0290 034234 1 00020564 00020548 131308 359 43064.4891793519
25.11.2017 11:44:25 +00.16300E+00  0305 034234 1 00020565 00020548 131308 359 43064.4891835069
25.11.2017 11:44:25 +00.16300E+00  0327 034234 1 00020566 00020548 131308 405 43064.489188206
25.11.2017 11:44:26 +00.16300E+00  0352 034234 1 00020567 00020548 131308 359 43064.4891923495
25.11.2017 11:44:26 +00.16300E+00  0373 034234 1 00020568 00020548 131308 359 43064.4891965046
25.11.2017 11:44:26 +00.16300E+00  0385 034234 1 00020569 00020548 131308 406 43064.4892012037
25.11.2017 11:44:27 +00.16300E+00  0411 034234 1 00020570 00020548 131308 358 43064.4892053588
25.11.2017 11:44:27 +00.16300E+00  0423 034234 1 00020571 00020548 131308 359 43064.4892095023
25.11.2017 11:44:28 +00.16300E+00  0442 034234 1 00020572 00020548 131308 406 43064.4892142014
25.11.2017 11:44:28 +00.16300E+00  0464 034234 1 00020573 00020548 131308 359 43064.4892183565
25.11.2017 11:44:28 +00.16300E+00  0476 034234 1 00020574 00020548 131308 358 43064.4892225116
25.11.2017 11:44:29 +00.16300E+00  0496 034234 1 00020575 00020548 131308 406 43064.4892271991
25.11.2017 11:44:29 +00.16300E+00  0515 034234 1 00020576 00020548 131308 359 43064.4892313542
25.11.2017 11:44:29 +00.16300E+00  0537 034234 1 00020577 00020548 131308 359 43064.4892355093
25.11.2017 11:44:30 +00.16300E+00  0549 034234 1 00020578 00020548 131308 405 43064.4892401968
25.11.2017 11:44:30 +00.16300E+00  0573 034234 1 00020579 00020548 131308 359 43064.4892443519
25.11.2017 11:44:31 +00.16300E+00  0589 034234 1 00020580 00020548 131308 359 43064.4892485069
25.11.2017 11:44:31 +00.16300E+00  0600 034234 1 00020581 00020548 131308 405 43064.489253206
25.11.2017 11:44:31 +00.16300E+00  0617 034234 1 00020582 00020548 131308 359 43064.4892573495
25.11.2017 11:44:32 +00.16300E+00  0635 034234 1 00020583 00020548 131308 359 43064.4892615046
25.11.2017 11:44:32 +00.16300E+00  0653 034234 1 00020584 00020548 131308 406 43064.4892662037
25.11.2017 11:44:32 +00.16300E+00  0665 034234 1 00020585 00020548 131308 358 43064.4892703588
25.11.2017 11:44:33 +00.16300E+00  0684 034234 1 00020586 00020548 131308 359 43064.4892745023
25.11.2017 11:44:33 +00.16300E+00  0707 034234 1 00020587 00020548 131308 406 43064.4892792014
25.11.2017 11:44:34 +00.16300E+00  0729 034234 1 00020588 00020548 131308 359 43064.4892833565
25.11.2017 11:44:34 +00.16300E+00  0739 034234 1 00020589 00020548 131308 358 43064.4892875116
25.11.2017 11:44:34 +00.16300E+00  0753 034234 1 00020590 00020548 131308 406 43064.4892921991
25.11.2017 11:44:35 +00.16300E+00  0767 034234 1 00020591 00020548 131308 359 43064.4892963542
25.11.2017 11:44:35 +00.16300E+00  0783 034234 1 00020592 00020548 131308 359 43064.4893005093
25.11.2017 11:44:35 +00.16300E+00  0796 034234 1 00020593 00020548 131308 405 43064.4893051968
25.11.2017 11:44:36 +00.16300E+00  0808 034234 1 00020594 00020548 131308 359 43064.4893093519
25.11.2017 11:44:36 +00.16300E+00  0815 034234 1 00020595 00020548 131308 359 43064.4893135069
25.11.2017 11:44:37 +00.16300E+00  0831 034234 1 00020596 00020548 131308 405 43064.489318206
25.11.2017 11:44:37 +00.16300E+00  0843 034234 1 00020597 00020548 131308 359 43064.4893223495
25.11.2017 11:44:37 +00.16300E+00  0858 034234 1 00020598 00020548 131308 359 43064.4893265046
25.11.2017 11:44:38 +00.16300E+00  0874 034234 1 00020599 00020548 131308 406 43064.4893312037
25.11.2017 11:44:38 +00.16300E+00  0890 034234 1 00020600 00020548 131308 358 43064.4893353588
25.11.2017 11:44:38 +00.16300E+00  0902 034234 1 00020601 00020548 131308 359 43064.4893395023
25.11.2017 11:44:39 +00.16300E+00  0911 034234 1 00020602 00020548 131308 406 43064.4893442014
25.11.2017 11:44:39 +00.16300E+00  0924 034234 1 00020603 00020548 131308 359 43064.4893483565
25.11.2017 11:44:40 +00.16300E+00  0942 034234 1 00020604 00020548 131308 358 43064.4893525116
25.11.2017 11:44:40 +00.16300E+00  0956 034234 1 00020605 00020548 131308 406 43064.4893571991
25.11.2017 11:44:40 +00.16300E+00  0979 034234 1 00020606 00020548 131308 359 43064.4893613542
25.11.2017 11:44:41 +00.16300E+00  0996 034234 1 00020607 00020548 131308 359 43064.4893655093
25.11.2017 11:44:41 +00.16300E+00  1008 034234 1 00020608 00020548 131308 405 43064.4893701968
25.11.2017 11:44:41 +00.16300E+00  1021 034234 1 00020609 00020548 131308 359 43064.4893743519
25.11.2017 11:44:42 +00.16300E+00  1039 034234 1 00020610 00020548 131308 359 43064.4893785069
25.11.2017 11:44:42 +00.16300E+00  1058 034234 1 00020611 00020548 131308 405 43064.489383206
25.11.2017 11:44:43 +00.16300E+00  1077 034234 1 00020612 00020548 131308 359 43064.4893873495
25.11.2017 11:44:43 +00.16300E+00  1101 034234 1 00020613 00020548 131308 359 43064.4893915046
25.11.2017 11:44:43 +00.16300E+00  1113 034234 1 00020614 00020548 131308 406 43064.4893962037
25.11.2017 11:44:44 +00.16300E+00  1130 034234 1 00020615 00020548 131308 358 43064.4894003588
25.11.2017 11:44:44 +00.16300E+00  1144 034234 1 00020616 00020548 131308 359 43064.4894045023
25.11.2017 11:44:44 +00.16300E+00  1151 034234 1 00020617 00020548 131308 421 43064.4894093866
25.11.2017 11:44:45 +00.16300E+00  1173 034234 1 00020618 00020548 131308 359 43064.4894135301
25.11.2017 11:44:45 +00.16300E+00  1187 034234 1 00020619 00020548 131308 359 43064.4894176852
25.11.2017 11:44:46 +00.16300E+00  1200 034234 1 00020620 00020548 131308 406 43064.4894223843
25.11.2017 11:44:46 +00.16300E+00  1217 034234 1 00020621 00020548 131308 358 43064.4894265394
25.11.2017 11:44:46 +00.16300E+00  1227 034234 1 00020622 00020548 131308 359 43064.4894306829
25.11.2017 11:44:47 +00.16300E+00  1238 034234 1 00020623 00020548 131308 406 43064.4894353819
25.11.2017 11:44:47 +00.16300E+00  1264 034234 1 00020624 00020548 131308 359 43064.489439537
25.11.2017 11:44:47 +00.16300E+00  1278 034234 1 00020625 00020548 131308 358 43064.4894436921
25.11.2017 11:44:48 +00.16300E+00  1295 034234 1 00020626 00020548 131308 406 43064.4894483796
25.11.2017 11:44:48 +00.16300E+00  1313 034234 1 00020627 00020548 131308 359 43064.4894525347
25.11.2017 11:44:54 +00.16320E+00  0010 034275 1 00020628 00020628 131308 422 43064.4895198843
25.11.2017 11:44:54 +00.16319E+00  0031 034275 1 00020629 00020628 131308 358 43064.4895240394
25.11.2017 11:44:55 +00.16319E+00  0048 034275 1 00020630 00020628 131308 359 43064.4895281829
25.11.2017 11:44:55 +00.16320E+00  0061 034275 1 00020631 00020628 131308 406 43064.4895328819
25.11.2017 11:44:56 +00.16320E+00  0084 034275 1 00020632 00020628 131308 359 43064.489537037
25.11.2017 11:44:56 +00.16320E+00  0100 034275 1 00020633 00020628 131308 358 43064.4895411921
25.11.2017 11:44:56 +00.16319E+00  0118 034275 1 00020634 00020628 131308 406 43064.4895458796
25.11.2017 11:44:57 +00.16320E+00  0129 034275 1 00020635 00020628 131308 359 43064.4895500347
25.11.2017 11:44:57 +00.16319E+00  0148 034275 1 00020636 00020628 131308 359 43064.4895541898
25.11.2017 11:44:57 +00.16320E+00  0162 034275 1 00020637 00020628 131308 405 43064.4895588773
25.11.2017 11:44:58 +00.16320E+00  0175 034275 1 00020638 00020628 131308 359 43064.4895630324
25.11.2017 11:44:58 +00.16320E+00  0191 034275 1 00020639 00020628 131308 359 43064.4895671875
25.11.2017 11:44:59 +00.16320E+00  0201 034275 1 00020640 00020628 131308 405 43064.4895718866
25.11.2017 11:44:59 +00.16320E+00  0218 034275 1 00020641 00020628 131308 359 43064.4895760301
25.11.2017 11:44:59 +00.16319E+00  0232 034275 1 00020642 00020628 131308 359 43064.4895801852
25.11.2017 11:45:00 +00.16319E+00  0249 034275 1 00020643 00020628 131308 406 43064.4895848843
25.11.2017 11:45:00 +00.16320E+00  0273 034275 1 00020644 00020628 131308 358 43064.4895890394
25.11.2017 11:45:00 +00.16319E+00  0294 034275 1 00020645 00020628 131308 359 43064.4895931829
25.11.2017 11:45:01 +00.16320E+00  0307 034275 1 00020646 00020628 131308 406 43064.4895978819
25.11.2017 11:45:01 +00.16320E+00  0323 034275 1 00020647 00020628 131308 359 43064.489602037
25.11.2017 11:45:01 +00.16320E+00  0342 034275 1 00020648 00020628 131308 358 43064.4896061921
25.11.2017 11:45:02 +00.16320E+00  0364 034275 1 00020649 00020628 131308 406 43064.4896108796
25.11.2017 11:45:02 +00.16319E+00  0382 034275 1 00020650 00020628 131308 359 43064.4896150347
25.11.2017 11:45:03 +00.16320E+00  0409 034275 1 00020651 00020628 131308 359 43064.4896191898
25.11.2017 11:45:03 +00.16320E+00  0430 034275 1 00020652 00020628 131308 405 43064.4896238773
25.11.2017 11:45:03 +00.16319E+00  0449 034275 1 00020653 00020628 131308 359 43064.4896280324
25.11.2017 11:45:04 +00.16320E+00  0474 034275 1 00020654 00020628 131308 359 43064.4896321875
25.11.2017 11:45:04 +00.16320E+00  0488 034275 1 00020655 00020628 131308 405 43064.4896368866
25.11.2017 11:45:04 +00.16320E+00  0513 034275 1 00020656 00020628 131308 359 43064.4896410301
25.11.2017 11:45:05 +00.16319E+00  0532 034275 1 00020657 00020628 131308 359 43064.4896451852
25.11.2017 11:45:05 +00.16319E+00  0540 034275 1 00020658 00020628 131308 421 43064.4896500579
25.11.2017 11:45:06 +00.16319E+00  0562 034275 1 00020659 00020628 131308 359 43064.489654213
25.11.2017 11:45:06 +00.16319E+00  0577 034275 1 00020660 00020628 131308 359 43064.4896583681
25.11.2017 11:45:06 +00.16320E+00  0591 034275 1 00020661 00020628 131308 405 43064.4896630671
25.11.2017 11:45:07 +00.16319E+00  0608 034275 1 00020662 00020628 131308 359 43064.4896672106
25.11.2017 11:45:07 +00.16320E+00  0623 034275 1 00020663 00020628 131308 359 43064.4896713657
25.11.2017 11:45:08 +00.16319E+00  0637 034275 1 00020664 00020628 131308 406 43064.4896760648
25.11.2017 11:45:08 +00.16320E+00  0658 034275 1 00020665 00020628 131308 358 43064.4896802199
25.11.2017 11:45:08 +00.16319E+00  0673 034275 1 00020666 00020628 131308 359 43064.4896843634
25.11.2017 11:45:09 +00.16319E+00  0686 034275 1 00020667 00020628 131308 406 43064.4896890625
25.11.2017 11:45:09 +00.16320E+00  0703 034275 1 00020668 00020628 131308 359 43064.4896932176
25.11.2017 11:45:09 +00.16319E+00  0714 034275 1 00020669 00020628 131308 358 43064.4896973727
25.11.2017 11:45:10 +00.16320E+00  0729 034275 1 00020670 00020628 131308 406 43064.4897020602
25.11.2017 11:45:10 +00.16320E+00  0739 034275 1 00020671 00020628 131308 359 43064.4897062153
25.11.2017 11:45:10 +00.16319E+00  0752 034275 1 00020672 00020628 131308 359 43064.4897103704
25.11.2017 11:45:11 +00.16319E+00  0770 034275 1 00020673 00020628 131308 405 43064.4897150579
25.11.2017 11:45:11 +00.16319E+00  0785 034275 1 00020674 00020628 131308 359 43064.489719213
25.11.2017 11:45:12 +00.16319E+00  0802 034275 1 00020675 00020628 131308 359 43064.4897233681
25.11.2017 11:45:12 +00.16320E+00  0815 034275 1 00020676 00020628 131308 405 43064.4897280671
25.11.2017 11:45:12 +00.16319E+00  0833 034275 1 00020677 00020628 131308 359 43064.4897322106
25.11.2017 11:45:13 +00.16319E+00  0854 034275 1 00020678 00020628 131308 359 43064.4897363657
25.11.2017 11:45:13 +00.16320E+00  0868 034275 1 00020679 00020628 131308 406 43064.4897410648
25.11.2017 11:45:13 +00.16320E+00  0882 034275 1 00020680 00020628 131308 358 43064.4897452199
25.11.2017 11:45:14 +00.16319E+00  0900 034275 1 00020681 00020628 131308 359 43064.4897493634
25.11.2017 11:45:14 +00.16319E+00  0915 034275 1 00020682 00020628 131308 406 43064.4897540625
25.11.2017 11:45:15 +00.16319E+00  0936 034277 1 00020683 00020628 131308 359 43064.4897582176
25.11.2017 11:45:15 +00.16320E+00  0957 034277 1 00020684 00020628 131308 358 43064.4897623727
25.11.2017 11:45:15 +00.16320E+00  0970 034277 1 00020685 00020628 131308 406 43064.4897670602
25.11.2017 11:45:16 +00.16320E+00  0981 034277 1 00020686 00020628 131308 359 43064.4897712153
25.11.2017 11:45:16 +00.16320E+00  0995 034277 1 00020687 00020628 131308 359 43064.4897753704
25.11.2017 11:45:16 +00.16320E+00  1014 034277 1 00020688 00020628 131308 405 43064.4897800579
25.11.2017 11:45:17 +00.16321E+00  1033 034277 1 00020689 00020628 131308 359 43064.489784213
25.11.2017 11:45:17 +00.16321E+00  1045 034277 1 00020690 00020628 131308 359 43064.4897883681
25.11.2017 11:45:18 +00.16320E+00  1069 034277 1 00020691 00020628 131308 405 43064.4897930671
25.11.2017 11:45:18 +00.16320E+00  1091 034277 1 00020692 00020628 131308 359 43064.4897972106
25.11.2017 11:45:18 +00.16320E+00  1102 034277 1 00020693 00020628 131308 359 43064.4898013657
25.11.2017 11:45:19 +00.16320E+00  1113 034277 1 00020694 00020628 131308 406 43064.4898060648
25.11.2017 11:45:19 +00.16320E+00  1142 034277 1 00020695 00020628 131308 358 43064.4898102199
25.11.2017 11:45:19 +00.16321E+00  1153 034277 1 00020696 00020628 131308 359 43064.4898143634
25.11.2017 11:45:20 +00.16320E+00  1176 034275 1 00020697 00020628 131308 406 43064.4898190625
25.11.2017 11:45:20 +00.16320E+00  1201 034275 1 00020698 00020628 131308 359 43064.4898232176
25.11.2017 11:45:21 +00.16319E+00  1219 034275 1 00020699 00020628 131308 358 43064.4898273727
25.11.2017 11:45:21 +00.16320E+00  1234 034275 1 00020700 00020628 131308 406 43064.4898320602
25.11.2017 11:45:21 +00.16320E+00  1247 034275 1 00020701 00020628 131308 359 43064.4898362153
25.11.2017 11:45:22 +00.16319E+00  1264 034275 1 00020702 00020628 131308 359 43064.4898403704
25.11.2017 11:45:22 +00.16319E+00  1280 034275 1 00020703 00020628 131308 405 43064.4898450579
25.11.2017 11:45:22 +00.16319E+00  1296 034275 1 00020704 00020628 131308 359 43064.489849213
25.11.2017 11:45:23 +00.16319E+00  1309 034275 1 00020705 00020628 131308 359 43064.4898533681
25.11.2017 11:45:23 +00.16319E+00  1325 034275 1 00020706 00020628 131308 405 43064.4898580671
25.11.2017 11:45:24 +00.16319E+00  1343 034275 1 00020707 00020628 131308 359 43064.4898622106
25.11.2017 11:45:29 +00.16340E+00  0007 034317 1 00020708 00020708 131308 359 43064.4899245023
25.11.2017 11:45:29 +00.16340E+00  0026 034317 1 00020709 00020708 131308 359 43064.4899286574
25.11.2017 11:45:30 +00.16340E+00  0034 034317 1 00020710 00020708 131308 374 43064.4899329977
25.11.2017 11:45:30 +00.16340E+00  0052 034317 1 00020711 00020708 131308 359 43064.4899371412
25.11.2017 11:45:30 +00.16340E+00  0067 034317 1 00020712 00020708 131308 359 43064.4899412963
25.11.2017 11:45:31 +00.16340E+00  0084 034317 1 00020713 00020708 131308 406 43064.4899459954
25.11.2017 11:45:31 +00.16340E+00  0100 034317 1 00020714 00020708 131308 358 43064.4899501505
25.11.2017 11:45:32 +00.16340E+00  0121 034317 1 00020715 00020708 131308 359 43064.489954294
25.11.2017 11:45:32 +00.16340E+00  0130 034317 1 00020716 00020708 131308 406 43064.4899589931
25.11.2017 11:45:32 +00.16340E+00  0152 034317 1 00020717 00020708 131308 359 43064.4899631481
25.11.2017 11:45:33 +00.16340E+00  0167 034317 1 00020718 00020708 131308 358 43064.4899673032
25.11.2017 11:45:33 +00.16340E+00  0181 034317 1 00020719 00020708 131308 406 43064.4899719907
25.11.2017 11:45:33 +00.16340E+00  0197 034317 1 00020720 00020708 131308 359 43064.4899761458
25.11.2017 11:45:34 +00.16340E+00  0213 034317 1 00020721 00020708 131308 359 43064.4899803009
25.11.2017 11:45:34 +00.16340E+00  0225 034317 1 00020722 00020708 131308 405 43064.4899849884
25.11.2017 11:45:35 +00.16340E+00  0246 034317 1 00020723 00020708 131308 359 43064.4899891435
25.11.2017 11:45:35 +00.16340E+00  0258 034317 1 00020724 00020708 131308 359 43064.4899932986
25.11.2017 11:45:35 +00.16340E+00  0273 034317 1 00020725 00020708 131308 405 43064.4899979977
25.11.2017 11:45:36 +00.16340E+00  0284 034317 1 00020726 00020708 131308 359 43064.4900021412
25.11.2017 11:45:36 +00.16340E+00  0298 034317 1 00020727 00020708 131308 359 43064.4900062963
25.11.2017 11:45:36 +00.16340E+00  0313 034317 1 00020728 00020708 131308 406 43064.4900109954
25.11.2017 11:45:37 +00.16340E+00  0332 034317 1 00020729 00020708 131308 358 43064.4900151505
25.11.2017 11:45:37 +00.16340E+00  0346 034317 1 00020730 00020708 131308 359 43064.490019294
25.11.2017 11:45:38 +00.16340E+00  0360 034317 1 00020731 00020708 131308 406 43064.4900239931
25.11.2017 11:45:38 +00.16340E+00  0378 034317 1 00020732 00020708 131308 359 43064.4900281481
25.11.2017 11:45:38 +00.16340E+00  0388 034317 1 00020733 00020708 131308 358 43064.4900323032
25.11.2017 11:45:39 +00.16340E+00  0402 034317 1 00020734 00020708 131308 406 43064.4900369907
25.11.2017 11:45:39 +00.16340E+00  0417 034317 1 00020735 00020708 131308 359 43064.4900411458
25.11.2017 11:45:39 +00.16340E+00  0438 034317 1 00020736 00020708 131308 359 43064.4900453009
25.11.2017 11:45:40 +00.16340E+00  0448 034317 1 00020737 00020708 131308 405 43064.4900499884
25.11.2017 11:45:40 +00.16340E+00  0468 034317 1 00020738 00020708 131308 359 43064.4900541435
25.11.2017 11:45:41 +00.16340E+00  0478 034317 1 00020739 00020708 131308 359 43064.4900582986
25.11.2017 11:45:41 +00.16340E+00  0497 034317 1 00020740 00020708 131308 405 43064.4900629977
25.11.2017 11:45:41 +00.16340E+00  0514 034317 1 00020741 00020708 131308 359 43064.4900671412
25.11.2017 11:45:42 +00.16340E+00  0533 034317 1 00020742 00020708 131308 359 43064.4900712963
25.11.2017 11:45:42 +00.16340E+00  0553 034317 1 00020743 00020708 131308 406 43064.4900759954
25.11.2017 11:45:42 +00.16340E+00  0570 034317 1 00020744 00020708 131308 358 43064.4900801505
25.11.2017 11:45:43 +00.16340E+00  0583 034317 1 00020745 00020708 131308 359 43064.490084294
25.11.2017 11:45:43 +00.16340E+00  0594 034317 1 00020746 00020708 131308 406 43064.4900889931
25.11.2017 11:45:44 +00.16340E+00  0610 034317 1 00020747 00020708 131308 359 43064.4900931481
25.11.2017 11:45:44 +00.16340E+00  0622 034317 1 00020748 00020708 131308 358 43064.4900973032
25.11.2017 11:45:44 +00.16340E+00  0641 034317 1 00020749 00020708 131308 406 43064.4901019907
25.11.2017 11:45:45 +00.16340E+00  0657 034317 1 00020750 00020708 131308 359 43064.4901061458
25.11.2017 11:45:45 +00.16340E+00  0674 034317 1 00020751 00020708 131308 359 43064.4901103009
25.11.2017 11:45:45 +00.16340E+00  0696 034317 1 00020752 00020708 131308 405 43064.4901149884
25.11.2017 11:45:46 +00.16340E+00  0714 034317 1 00020753 00020708 131308 359 43064.4901191435
25.11.2017 11:45:46 +00.16340E+00  0729 034317 1 00020754 00020708 131308 359 43064.4901232986
25.11.2017 11:45:47 +00.16340E+00  0749 034317 1 00020755 00020708 131308 405 43064.4901279977
25.11.2017 11:45:47 +00.16340E+00  0760 034317 1 00020756 00020708 131308 359 43064.4901321412
25.11.2017 11:45:47 +00.16340E+00  0778 034317 1 00020757 00020708 131308 359 43064.4901362963
25.11.2017 11:45:48 +00.16340E+00  0789 034317 1 00020758 00020708 131308 406 43064.4901409954
25.11.2017 11:45:48 +00.16340E+00  0801 034317 1 00020759 00020708 131308 358 43064.4901451505
25.11.2017 11:45:48 +00.16340E+00  0819 034317 1 00020760 00020708 131308 359 43064.490149294
25.11.2017 11:45:49 +00.16340E+00  0833 034317 1 00020761 00020708 131308 421 43064.4901541782
25.11.2017 11:45:49 +00.16340E+00  0848 034317 1 00020762 00020708 131308 359 43064.4901583218
25.11.2017 11:45:50 +00.16340E+00  0863 034317 1 00020763 00020708 131308 359 43064.4901624769
25.11.2017 11:45:50 +00.16340E+00  0876 034317 1 00020764 00020708 131308 406 43064.4901671759
25.11.2017 11:45:50 +00.16340E+00  0892 034317 1 00020765 00020708 131308 358 43064.490171331
25.11.2017 11:45:51 +00.16340E+00  0912 034317 1 00020766 00020708 131308 359 43064.4901754745
25.11.2017 11:45:51 +00.16340E+00  0935 034317 1 00020767 00020708 131308 406 43064.4901801736
25.11.2017 11:45:51 +00.16340E+00  0954 034317 1 00020768 00020708 131308 359 43064.4901843287
25.11.2017 11:45:52 +00.16340E+00  0969 034317 1 00020769 00020708 131308 358 43064.4901884838
25.11.2017 11:45:52 +00.16340E+00  0987 034317 1 00020770 00020708 131308 406 43064.4901931713
25.11.2017 11:45:53 +00.16340E+00  1005 034317 1 00020771 00020708 131308 359 43064.4901973264
25.11.2017 11:45:53 +00.16340E+00  1023 034317 1 00020772 00020708 131308 359 43064.4902014815
25.11.2017 11:45:53 +00.16340E+00  1038 034317 1 00020773 00020708 131308 405 43064.490206169
25.11.2017 11:45:54 +00.16340E+00  1060 034317 1 00020774 00020708 131308 359 43064.4902103241
25.11.2017 11:45:54 +00.16340E+00  1068 034317 1 00020775 00020708 131308 359 43064.4902144792
25.11.2017 11:45:54 +00.16340E+00  1082 034317 1 00020776 00020708 131308 405 43064.4902191782
25.11.2017 11:45:55 +00.16340E+00  1096 034317 1 00020777 00020708 131308 359 43064.4902233218
25.11.2017 11:45:55 +00.16340E+00  1111 034317 1 00020778 00020708 131308 359 43064.4902274769
25.11.2017 11:45:56 +00.16340E+00  1124 034317 1 00020779 00020708 131308 406 43064.4902321759
25.11.2017 11:45:56 +00.16340E+00  1152 034317 1 00020780 00020708 131308 358 43064.490236331
25.11.2017 11:45:56 +00.16340E+00  1165 034317 1 00020781 00020708 131308 359 43064.4902404745
25.11.2017 11:45:57 +00.16340E+00  1175 034317 1 00020782 00020708 131308 406 43064.4902451736
25.11.2017 11:45:57 +00.16340E+00  1198 034317 1 00020783 00020708 131308 359 43064.4902493287
25.11.2017 11:45:57 +00.16340E+00  1214 034317 1 00020784 00020708 131308 358 43064.4902534838
25.11.2017 11:45:58 +00.16340E+00  1233 034317 1 00020785 00020708 131308 406 43064.4902581713
25.11.2017 11:45:58 +00.16340E+00  1245 034317 1 00020786 00020708 131308 359 43064.4902623264
25.11.2017 11:45:59 +00.16340E+00  1260 034317 1 00020787 00020708 131308 359 43064.4902664815
25.11.2017 11:45:59 +00.16340E+00  1279 034317 1 00020788 00020708 131308 405 43064.490271169
25.11.2017 11:46:05 +00.16360E+00  0011 034358 1 00020789 00020789 131308 358 43064.4903374421
25.11.2017 11:46:05 +00.16359E+00  0024 034358 1 00020790 00020789 131308 359 43064.4903415856
25.11.2017 11:46:05 +00.16359E+00  0035 034358 1 00020791 00020789 131308 375 43064.4903459259
25.11.2017 11:46:06 +00.16359E+00  0053 034358 1 00020792 00020789 131308 358 43064.490350081
25.11.2017 11:46:06 +00.16359E+00  0073 034358 1 00020793 00020789 131308 359 43064.4903542245
25.11.2017 11:46:07 +00.16359E+00  0082 034358 1 00020794 00020789 131308 406 43064.4903589236
25.11.2017 11:46:07 +00.16359E+00  0093 034358 1 00020795 00020789 131308 359 43064.4903630787
25.11.2017 11:46:07 +00.16359E+00  0110 034358 1 00020796 00020789 131308 358 43064.4903672338
25.11.2017 11:46:08 +00.16359E+00  0123 034358 1 00020797 00020789 131308 406 43064.4903719213
25.11.2017 11:46:08 +00.16359E+00  0140 034358 1 00020798 00020789 131308 359 43064.4903760764
25.11.2017 11:46:08 +00.16359E+00  0153 034358 1 00020799 00020789 131308 359 43064.4903802315
25.11.2017 11:46:09 +00.16359E+00  0166 034358 1 00020800 00020789 131308 405 43064.490384919
25.11.2017 11:46:09 +00.16359E+00  0192 034358 1 00020801 00020789 131308 359 43064.4903890741
25.11.2017 11:46:09 +00.16359E+00  0208 034358 1 00020802 00020789 131308 359 43064.4903932292
25.11.2017 11:46:10 +00.16360E+00  0223 034360 1 00020803 00020789 131308 421 43064.4903981019
25.11.2017 11:46:10 +00.16360E+00  0239 034360 1 00020804 00020789 131308 359 43064.4904022569
25.11.2017 11:46:11 +00.16360E+00  0253 034360 1 00020805 00020789 131308 359 43064.490406412
25.11.2017 11:46:11 +00.16360E+00  0260 034360 1 00020806 00020789 131308 405 43064.4904110995
25.11.2017 11:46:11 +00.16360E+00  0271 034360 1 00020807 00020789 131308 359 43064.4904152546
25.11.2017 11:46:12 +00.16360E+00  0283 034360 1 00020808 00020789 131308 359 43064.4904194097
25.11.2017 11:46:12 +00.16360E+00  0297 034360 1 00020809 00020789 131308 405 43064.4904241088
25.11.2017 11:46:13 +00.16360E+00  0310 034360 1 00020810 00020789 131308 359 43064.4904282523
25.11.2017 11:46:13 +00.16360E+00  0328 034360 1 00020811 00020789 131308 359 43064.4904324074
25.11.2017 11:46:13 +00.16360E+00  0343 034360 1 00020812 00020789 131308 406 43064.4904371065
25.11.2017 11:46:14 +00.16360E+00  0356 034360 1 00020813 00020789 131308 358 43064.4904412616
25.11.2017 11:46:14 +00.16360E+00  0378 034360 1 00020814 00020789 131308 359 43064.4904454051
25.11.2017 11:46:14 +00.16360E+00  0390 034360 1 00020815 00020789 131308 406 43064.4904501042
25.11.2017 11:46:15 +00.16360E+00  0405 034360 1 00020816 00020789 131308 359 43064.4904542593
25.11.2017 11:46:15 +00.16360E+00  0416 034360 1 00020817 00020789 131308 358 43064.4904584144
25.11.2017 11:46:16 +00.16360E+00  0427 034360 1 00020818 00020789 131308 406 43064.4904631019
25.11.2017 11:46:16 +00.16360E+00  0444 034360 1 00020819 00020789 131308 359 43064.4904672569
25.11.2017 11:46:16 +00.16360E+00  0464 034360 1 00020820 00020789 131308 359 43064.490471412
25.11.2017 11:46:17 +00.16360E+00  0478 034360 1 00020821 00020789 131308 405 43064.4904760995
25.11.2017 11:46:17 +00.16360E+00  0499 034360 1 00020822 00020789 131308 359 43064.4904802546
25.11.2017 11:46:17 +00.16360E+00  0519 034360 1 00020823 00020789 131308 359 43064.4904844097
25.11.2017 11:46:18 +00.16360E+00  0537 034360 1 00020824 00020789 131308 405 43064.4904891088
25.11.2017 11:46:18 +00.16360E+00  0553 034360 1 00020825 00020789 131308 359 43064.4904932523
25.11.2017 11:46:18 +00.16360E+00  0564 034360 1 00020826 00020789 131308 359 43064.4904974074
25.11.2017 11:46:19 +00.16360E+00  0578 034360 1 00020827 00020789 131308 406 43064.4905021065
25.11.2017 11:46:19 +00.16360E+00  0594 034360 1 00020828 00020789 131308 358 43064.4905062616
25.11.2017 11:46:20 +00.16361E+00  0607 034360 1 00020829 00020789 131308 359 43064.4905104051
25.11.2017 11:46:20 +00.16360E+00  0618 034358 1 00020830 00020789 131308 406 43064.4905151042
25.11.2017 11:46:20 +00.16360E+00  0631 034358 1 00020831 00020789 131308 359 43064.4905192593
25.11.2017 11:46:21 +00.16360E+00  0643 034358 1 00020832 00020789 131308 358 43064.4905234144
25.11.2017 11:46:21 +00.16359E+00  0657 034358 1 00020833 00020789 131308 406 43064.4905281019
25.11.2017 11:46:21 +00.16359E+00  0671 034358 1 00020834 00020789 131308 359 43064.4905322569
25.11.2017 11:46:22 +00.16359E+00  0688 034358 1 00020835 00020789 131308 359 43064.490536412
25.11.2017 11:46:22 +00.16359E+00  0699 034358 1 00020836 00020789 131308 405 43064.4905410995
25.11.2017 11:46:23 +00.16359E+00  0721 034358 1 00020837 00020789 131308 359 43064.4905452546
25.11.2017 11:46:23 +00.16359E+00  0740 034358 1 00020838 00020789 131308 359 43064.4905494097
25.11.2017 11:46:23 +00.16359E+00  0756 034358 1 00020839 00020789 131308 405 43064.4905541088
25.11.2017 11:46:24 +00.16359E+00  0775 034358 1 00020840 00020789 131308 359 43064.4905582523
25.11.2017 11:46:24 +00.16359E+00  0786 034358 1 00020841 00020789 131308 359 43064.4905624074
25.11.2017 11:46:24 +00.16359E+00  0804 034358 1 00020842 00020789 131308 406 43064.4905671065
25.11.2017 11:46:25 +00.16359E+00  0827 034358 1 00020843 00020789 131308 358 43064.4905712616
25.11.2017 11:46:25 +00.16359E+00  0843 034360 1 00020844 00020789 131308 359 43064.4905754051
25.11.2017 11:46:26 +00.16360E+00  0853 034360 1 00020845 00020789 131308 406 43064.4905801042
25.11.2017 11:46:26 +00.16360E+00  0861 034360 1 00020846 00020789 131308 359 43064.4905842593
25.11.2017 11:46:26 +00.16360E+00  0877 034360 1 00020847 00020789 131308 358 43064.4905884144
25.11.2017 11:46:27 +00.16360E+00  0891 034360 1 00020848 00020789 131308 406 43064.4905931019
25.11.2017 11:46:27 +00.16360E+00  0909 034360 1 00020849 00020789 131308 359 43064.4905972569
25.11.2017 11:46:27 +00.16360E+00  0927 034360 1 00020850 00020789 131308 359 43064.490601412
25.11.2017 11:46:28 +00.16360E+00  0940 034360 1 00020851 00020789 131308 405 43064.4906060995
25.11.2017 11:46:28 +00.16360E+00  0952 034360 1 00020852 00020789 131308 359 43064.4906102546
25.11.2017 11:46:29 +00.16360E+00  0961 034360 1 00020853 00020789 131308 359 43064.4906144097
25.11.2017 11:46:29 +00.16360E+00  0985 034360 1 00020854 00020789 131308 405 43064.4906191088
25.11.2017 11:46:29 +00.16360E+00  1001 034360 1 00020855 00020789 131308 359 43064.4906232523
25.11.2017 11:46:30 +00.16360E+00  1016 034360 1 00020856 00020789 131308 359 43064.4906274074
25.11.2017 11:46:30 +00.16360E+00  1030 034360 1 00020857 00020789 131308 406 43064.4906321065
25.11.2017 11:46:30 +00.16360E+00  1049 034360 1 00020858 00020789 131308 358 43064.4906362616
25.11.2017 11:46:31 +00.16360E+00  1058 034360 1 00020859 00020789 131308 359 43064.4906404051
25.11.2017 11:46:31 +00.16360E+00  1073 034360 1 00020860 00020789 131308 421 43064.4906452893
25.11.2017 11:46:32 +00.16360E+00  1088 034360 1 00020861 00020789 131308 359 43064.4906494329
25.11.2017 11:46:32 +00.16360E+00  1101 034360 1 00020862 00020789 131308 359 43064.490653588
25.11.2017 11:46:32 +00.16360E+00  1115 034360 1 00020863 00020789 131308 406 43064.490658287
25.11.2017 11:46:33 +00.16360E+00  1130 034360 1 00020864 00020789 131308 358 43064.4906624421
25.11.2017 11:46:33 +00.16360E+00  1147 034360 1 00020865 00020789 131308 359 43064.4906665856
25.11.2017 11:46:33 +00.16360E+00  1164 034360 1 00020866 00020789 131308 406 43064.4906712847
25.11.2017 11:46:34 +00.16360E+00  1186 034360 1 00020867 00020789 131308 359 43064.4906754398
25.11.2017 11:46:34 +00.16360E+00  1201 034360 1 00020868 00020789 131308 358 43064.4906795949