
25.11.2017 11:50:29 +00.16200E+00  0009 034023 1 00021327 00021327 131308 359 43064.4933980324
25.11.2017 11:50:29 +00.16200E+00  0029 034023 1 00021328 00021327 131308 359 43064.4934021875
25.11.2017 11:50:30 +00.16200E+00  0039 034023 1 00021329 00021327 131308 374 43064.4934065162
25.11.2017 11:50:30 +00.16199E+00  0058 034023 1 00021330 00021327 131308 359 43064.4934106713
25.11.2017 11:50:31 +00.16199E+00  0073 034023 1 00021331 00021327 131308 359 43064.4934148264
25.11.2017 11:50:31 +00.16200E+00  0092 034023 1 00021332 00021327 131308 405 43064.4934195255
25.11.2017 11:50:31 +00.16199E+00  0102 034023 1 00021333 00021327 131308 359 43064.493423669
25.11.2017 11:50:32 +00.16200E+00  0112 034023 1 00021334 00021327 131308 359 43064.4934278241
25.11.2017 11:50:32 +00.16200E+00  0128 034023 1 00021335 00021327 131308 406 43064.4934325232
25.11.2017 11:50:32 +00.16200E+00  0138 034023 1 00021336 00021327 131308 358 43064.4934366782
25.11.2017 11:50:33 +00.16200E+00  0143 034023 1 00021337 00021327 131308 359 43064.4934408218
25.11.2017 11:50:33 +00.16199E+00  0153 034023 1 00021338 00021327 131308 406 43064.4934455208
25.11.2017 11:50:34 +00.16199E+00  0174 034023 1 00021339 00021327 131308 359 43064.4934496759
25.11.2017 11:50:34 +00.16199E+00  0192 034023 1 00021340 00021327 131308 358 43064.493453831
25.11.2017 11:50:34 +00.16199E+00  0207 034025 1 00021341 00021327 131308 406 43064.4934585185
25.11.2017 11:50:35 +00.16200E+00  0230 034025 1 00021342 00021327 131308 359 43064.4934626736
25.11.2017 11:50:35 +00.16200E+00  0253 034025 1 00021343 00021327 131308 359 43064.4934668287
25.11.2017 11:50:35 +00.16200E+00  0265 034025 1 00021344 00021327 131308 405 43064.4934715162
25.11.2017 11:50:36 +00.16201E+00  0277 034025 1 00021345 00021327 131308 359 43064.4934756713
25.11.2017 11:50:36 +00.16200E+00  0293 034025 1 00021346 00021327 131308 359 43064.4934798264
25.11.2017 11:50:37 +00.16200E+00  0307 034025 1 00021347 00021327 131308 405 43064.4934845255
25.11.2017 11:50:37 +00.16201E+00  0330 034025 1 00021348 00021327 131308 359 43064.493488669
25.11.2017 11:50:37 +00.16200E+00  0346 034025 1 00021349 00021327 131308 359 43064.4934928241
25.11.2017 11:50:38 +00.16200E+00  0362 034025 1 00021350 00021327 131308 406 43064.4934975232
25.11.2017 11:50:38 +00.16200E+00  0375 034025 1 00021351 00021327 131308 358 43064.4935016782
25.11.2017 11:50:38 +00.16201E+00  0383 034025 1 00021352 00021327 131308 359 43064.4935058218
25.11.2017 11:50:39 +00.16201E+00  0400 034025 1 00021353 00021327 131308 406 43064.4935105208
25.11.2017 11:50:39 +00.16201E+00  0419 034025 1 00021354 00021327 131308 359 43064.4935146759
25.11.2017 11:50:40 +00.16201E+00  0433 034023 1 00021355 00021327 131308 358 43064.493518831
25.11.2017 11:50:40 +00.16200E+00  0451 034023 1 00021356 00021327 131308 406 43064.4935235185
25.11.2017 11:50:40 +00.16200E+00  0468 034023 1 00021357 00021327 131308 359 43064.4935276736
25.11.2017 11:50:41 +00.16200E+00  0484 034023 1 00021358 00021327 131308 359 43064.4935318287
25.11.2017 11:50:41 +00.16200E+00  0506 034023 1 00021359 00021327 131308 405 43064.4935365162
25.11.2017 11:50:41 +00.16200E+00  0522 034023 1 00021360 00021327 131308 359 43064.4935406713
25.11.2017 11:50:42 +00.16200E+00  0532 034023 1 00021361 00021327 131308 359 43064.4935448264
25.11.2017 11:50:42 +00.16200E+00  0554 034023 1 00021362 00021327 131308 405 43064.4935495255
25.11.2017 11:50:43 +00.16200E+00  0570 034023 1 00021363 00021327 131308 359 43064.493553669
25.11.2017 11:50:43 +00.16200E+00  0582 034023 1 00021364 00021327 131308 359 43064.4935578241
25.11.2017 11:50:43 +00.16199E+00  0594 034023 1 00021365 00021327 131308 406 43064.4935625231
25.11.2017 11:50:44 +00.16199E+00  0607 034023 1 00021366 00021327 131308 358 43064.4935666782
25.11.2017 11:50:44 +00.16199E+00  0623 034023 1 00021367 00021327 131308 359 43064.4935708218
25.11.2017 11:50:44 +00.16200E+00  0645 034023 1 00021368 00021327 131308 406 43064.4935755208
25.11.2017 11:50:45 +00.16200E+00  0657 034023 1 00021369 00021327 131308 359 43064.4935796759
25.11.2017 11:50:45 +00.16200E+00  0675 034023 1 00021370 00021327 131308 358 43064.493583831
25.11.2017 11:50:46 +00.16200E+00  0689 034023 1 00021371 00021327 131308 406 43064.4935885185
25.11.2017 11:50:46 +00.16200E+00  0702 034023 1 00021372 00021327 131308 359 43064.4935926736
25.11.2017 11:50:46 +00.16200E+00  0713 034023 1 00021373 00021327 131308 359 43064.4935968287
25.11.2017 11:50:47 +00.16199E+00  0727 034023 1 00021374 00021327 131308 405 43064.4936015162
25.11.2017 11:50:47 +00.16199E+00  0737 034023 1 00021375 00021327 131308 359 43064.4936056713
25.11.2017 11:50:47 +00.16199E+00  0749 034023 1 00021376 00021327 131308 359 43064.4936098264
25.11.2017 11:50:48 +00.16200E+00  0771 034023 1 00021377 00021327 131308 405 43064.4936145255
25.11.2017 11:50:48 +00.16200E+00  0787 034023 1 00021378 00021327 131308 359 43064.493618669
25.11.2017 11:50:49 +00.16199E+00  0810 034023 1 00021379 00021327 131308 359 43064.4936228241
25.11.2017 11:50:49 +00.16200E+00  0826 034023 1 00021380 00021327 131308 421 43064.4936276968
25.11.2017 11:50:49 +00.16199E+00  0841 034023 1 00021381 00021327 131308 359 43064.4936318519
25.11.2017 11:50:50 +00.16199E+00  0858 034023 1 00021382 00021327 131308 359 43064.4936360069
25.11.2017 11:50:50 +00.16200E+00  0877 034025 1 00021383 00021327 131308 405 43064.493640706
25.11.2017 11:50:50 +00.16200E+00  0898 034025 1 00021384 00021327 131308 359 43064.4936448495
25.11.2017 11:50:51 +00.16200E+00  0908 034025 1 00021385 00021327 131308 359 43064.4936490046
25.11.2017 11:50:51 +00.16201E+00  0917 034025 1 00021386 00021327 131308 406 43064.4936537037
25.11.2017 11:50:52 +00.16200E+00  0929 034025 1 00021387 00021327 131308 358 43064.4936578588
25.11.2017 11:50:52 +00.16201E+00  0942 034025 1 00021388 00021327 131308 359 43064.4936620023
25.11.2017 11:50:52 +00.16201E+00  0954 034025 1 00021389 00021327 131308 406 43064.4936667014
25.11.2017 11:50:53 +00.16201E+00  0967 034025 1 00021390 00021327 131308 359 43064.4936708565
25.11.2017 11:50:53 +00.16201E+00  0983 034025 1 00021391 00021327 131308 358 43064.4936750116
25.11.2017 11:50:53 +00.16201E+00  0998 034025 1 00021392 00021327 131308 406 43064.4936796991
25.11.2017 11:50:54 +00.16201E+00  1016 034025 1 00021393 00021327 131308 359 43064.4936838542
25.11.2017 11:50:54 +00.16200E+00  1030 034025 1 00021394 00021327 131308 359 43064.4936880093
25.11.2017 11:50:55 +00.16200E+00  1046 034025 1 00021395 00021327 131308 405 43064.4936926968
25.11.2017 11:50:55 +00.16200E+00  1063 034025 1 00021396 00021327 131308 359 43064.4936968519
25.11.2017 11:50:55 +00.16200E+00  1076 034025 1 00021397 00021327 131308 359 43064.4937010069
25.11.2017 11:50:56 +00.16200E+00  1095 034025 1 00021398 00021327 131308 405 43064.493705706
25.11.2017 11:50:56 +00.16200E+00  1108 034025 1 00021399 00021327 131308 359 43064.4937098495
25.11.2017 11:50:56 +00.16200E+00  1127 034025 1 00021400 00021327 131308 359 43064.4937140046
25.11.2017 11:50:57 +00.16201E+00  1145 034025 1 00021401 00021327 131308 406 43064.4937187037
25.11.2017 11:50:57 +00.16200E+00  1167 034025 1 00021402 00021327 131308 358 43064.4937228588
25.11.2017 11:50:58 +00.16200E+00  1178 034025 1 00021403 00021327 131308 359 43064.4937270023
25.11.2017 11:50:58 +00.16200E+00  1189 034025 1 00021404 00021327 131308 406 43064.4937317014
25.11.2017 11:50:58 +00.16200E+00  1211 034025 1 00021405 00021327 131308 359 43064.4937358565
25.11.2017 11:50:59 +00.16200E+00  1222 034025 1 00021406 00021327 131308 358 43064.4937400116
25.11.2017 11:50:59 +00.16201E+00  1233 034025 1 00021407 00021327 131308 406 43064.4937446991
25.11.2017 11:50:59 +00.16200E+00  1248 034025 1 00021408 00021327 131308 359 43064.4937488542
25.11.2017 11:51:00 +00.16201E+00  1260 034025 1 00021409 00021327 131308 359 43064.4937530093
25.11.2017 11:51:00 +00.16200E+00  1273 034025 1 00021410 00021327 131308 405 43064.4937576968
25.11.2017 11:51:01 +00.16201E+00  1286 034025 1 00021411 00021327 131308 359 43064.4937618519
25.11.2017 11:51:01 +00.16201E+00  1302 034025 1 00021412 00021327 131308 359 43064.4937660069
25.11.2017 11:51:01 +00.16201E+00  1314 034025 1 00021413 00021327 131308 405 43064.493770706
25.11.2017 11:51:02 +00.16200E+00  1332 034025 1 00021414 00021327 131308 359 43064.4937748495
25.11.2017 11:51:02 +00.16200E+00  1346 034025 1 00021415 00021327 131308 359 43064.4937790046
25.11.2017 11:51:02 +00.16201E+00  1356 034025 1 00021416 00021327 131308 406 43064.4937837037
25.11.2017 11:51:03 +00.16200E+00  1367 034025 1 00021417 00021327 131308 358 43064.4937878588
25.11.2017 11:51:03 +00.16200E+00  1383 034025 1 00021418 00021327 131308 359 43064.4937920023
25.11.2017 11:51:04 +00.16201E+00  1396 034025 1 00021419 00021327 131308 406 43064.4937967014
25.11.2017 11:51:04 +00.16201E+00  1405 034025 1 00021420 00021327 131308 359 43064.4938008565
25.11.2017 11:51:04 +00.16201E+00  1422 034025 1 00021421 00021327 131308 358 43064.4938050116
25.11.2017 11:51:05 +00.16201E+00  1436 034025 1 00021422 00021327 131308 406 43064.4938096991
25.11.2017 11:51:05 +00.16200E+00  1464 034025 1 00021423 00021327 131308 359 43064.4938138542
25.11.2017 11:51:05 +00.16200E+00  1476 034025 1 00021424 00021327 131308 359 43064.4938180093
25.11.2017 11:51:06 +00.16200E+00  1493 034025 1 00021425 00021327 131308 405 43064.4938226968
25.11.2017 11:51:06 +00.16200E+00  1508 034025 1 00021426 00021327 131308 359 43064.4938268519
25.11.2017 11:51:06 +00.16200E+00  1530 034025 1 00021427 00021327 131308 359 43064.4938310069
25.11.2017 11:51:07 +00.16200E+00  1550 034025 1 00021428 00021327 131308 405 43064.493835706
25.11.2017 11:51:07 +00.16200E+00  1569 034025 1 00021429 00021327 131308 359 43064.4938398495
25.11.2017 11:51:08 +00.16200E+00  1580 034025 1 00021430 00021327 131308 359 43064.4938440046
25.11.2017 11:51:08 +00.16201E+00  1602 034025 1 00021431 00021327 131308 406 43064.4938487037
25.11.2017 11:51:08 +00.16201E+00  1613 034025 1 00021432 00021327 131308 358 43064.4938528588
25.11.2017 11:51:09 +00.16201E+00  1627 034025 1 00021433 00021327 131308 359 43064.4938570023
25.11.2017 11:51:09 +00.16201E+00  1644 034025 1 00021434 00021327 131308 406 43064.4938617014
25.11.2017 11:51:10 +00.16200E+00  1655 034025 1 00021435 00021327 131308 359 43064.4938658565
25.11.2017 11:51:10 +00.16200E+00  1675 034025 1 00021436 00021327 131308 358 43064.4938700116
25.11.2017 11:51:10 +00.16201E+00  1694 034025 1 00021437 00021327 131308 422 43064.4938748843
25.11.2017 11:51:11 +00.16200E+00  1714 034023 1 00021438 00021327 131308 358 43064.4938790393
25.11.2017 11:51:11 +00.16200E+00  1742 034023 1 00021439 00021327 131308 359 43064.4938831829
25.11.2017 11:51:11 +00.16200E+00  1753 034023 1 00021440 00021327 131308 406 43064.4938878819
25.11.2017 11:51:12 +00.16200E+00  1771 034023 1 00021441 00021327 131308 359 43064.493892037
25.11.2017 11:51:12 +00.16199E+00  1792 034023 1 00021442 00021327 131308 358 43064.4938961921
25.11.2017 11:51:13 +00.16200E+00  1807 034023 1 00021443 00021327 131308 406 43064.4939008796
25.11.2017 11:51:13 +00.16200E+00  1819 034023 1 00021444 00021327 131308 359 43064.4939050347
25.11.2017 11:51:13 +00.16199E+00  1834 034023 1 00021445 00021327 131308 359 43064.4939091898
25.11.2017 11:51:14 +00.16199E+00  1847 034023 1 00021446 00021327 131308 405 43064.4939138773
25.11.2017 11:51:14 +00.16199E+00  1862 034023 1 00021447 00021327 131308 359 43064.4939180324
25.11.2017 11:51:14 +00.16199E+00  1877 034023 1 00021448 00021327 131308 359 43064.4939221875
25.11.2017 11:51:15 +00.16199E+00  1894 034023 1 00021449 00021327 131308 405 43064.4939268866
25.11.2017 11:51:15 +00.16199E+00  1910 034023 1 00021450 00021327 131308 359 43064.4939310301
25.11.2017 11:51:16 +00.16199E+00  1930 034023 1 00021451 00021327 131308 359 43064.4939351852
25.11.2017 11:51:16 +00.16200E+00  1941 034025 1 00021452 00021327 131308 406 43064.4939398843
25.11.2017 11:51:16 +00.16200E+00  1960 034025 1 00021453 00021327 131308 358 43064.4939440394
25.11.2017 11:51:17 +00.16200E+00  1983 034025 1 00021454 00021327 131308 359 43064.4939481829
25.11.2017 11:51:17 +00.16201E+00  1996 034025 1 00021455 00021327 131308 406 43064.4939528819
25.11.2017 11:51:17 +00.16201E+00  2017 034025 1 00021456 00021327 131308 359 43064.493957037
25.11.2017 11:51:18 +00.16201E+00  2033 034025 1 00021457 00021327 131308 358 43064.4939611921
25.11.2017 11:51:18 +00.16200E+00  2059 034025 1 00021458 00021327 131308 406 43064.4939658796
25.11.2017 11:51:19 +00.16201E+00  2072 034025 1 00021459 00021327 131308 359 43064.4939700347
25.11.2017 11:51:19 +00.16200E+00  2085 034025 1 00021460 00021327 131308 359 43064.4939741898
25.11.2017 11:51:19 +00.16201E+00  2103 034025 1 00021461 00021327 131308 405 43064.4939788773
25.11.2017 11:51:20 +00.16201E+00  2123 034025 1 00021462 00021327 131308 359 43064.4939830324
25.11.2017 11:51:20 +00.16200E+00  2136 034025 1 00021463 00021327 131308 359 43064.4939871875
25.11.2017 11:51:20 +00.16200E+00  2148 034025 1 00021464 00021327 131308 405 43064.4939918866
25.11.2017 11:51:21 +00.16200E+00  2174 034025 1 00021465 00021327 131308 359 43064.4939960301
25.11.2017 11:51:21 +00.16201E+00  2197 034025 1 00021466 00021327 131308 359 43064.4940001852
25.11.2017 11:51:22 +00.16200E+00  2216 034025 1 00021467 00021327 131308 406 43064.4940048843
25.11.2017 11:51:22 +00.16201E+00  2225 034025 1 00021468 00021327 131308 358 43064.4940090394
25.11.2017 11:51:22 +00.16201E+00  2236 034025 1 00021469 00021327 131308 359 43064.4940131829
25.11.2017 11:51:23 +00.16201E+00  2250 034025 1 00021470 00021327 131308 406 43064.4940178819
25.11.2017 11:51:23 +00.16200E+00  2267 034025 1 00021471 00021327 131308 359 43064.494022037
25.11.2017 11:51:23 +00.16200E+00  2281 034025 1 00021472 00021327 131308 358 43064.4940261921
25.11.2017 11:51:24 +00.16200E+00  2294 034025 1 00021473 00021327 131308 406 43064.4940308796
25.11.2017 11:51:24 +00.16200E+00  2310 034025 1 00021474 00021327 131308 359 43064.4940350347
25.11.2017 11:51:24 +00.16200E+00  2322 034025 1 00021475 00021327 131308 359 43064.4940391898
25.11.2017 11:51:25 +00.16201E+00  2344 034025 1 00021476 00021327 131308 405 43064.4940438773
25.11.2017 11:51:25 +00.16200E+00  2358 034025 1 00021477 00021327 131308 359 43064.4940480324
25.11.2017 11:51:26 +00.16201E+00  2376 034025 1 00021478 00021327 131308 359 43064.4940521875
25.11.2017 11:51:26 +00.16200E+00  2388 034025 1 00021479 00021327 131308 405 43064.4940568866
25.11.2017 11:51:26 +00.16201E+00  2399 034025 1 00021480 00021327 131308 359 43064.4940610301
25.11.2017 11:51:27 +00.16200E+00  2408 034025 1 00021481 00021327 131308 359 43064.4940651852
25.11.2017 11:51:27 +00.16201E+00  2424 034025 1 00021482 00021327 131308 406 43064.4940698843
25.11.2017 11:51:27 +00.16200E+00  2436 034025 1 00021483 00021327 131308 358 43064.4940740394
25.11.2017 11:51:28 +00.16201E+00  2453 034025 1 00021484 00021327 131308 359 43064.4940781829
25.11.2017 11:51:28 +00.16201E+00  2469 034025 1 00021485 00021327 131308 406 43064.4940828819
25.11.2017 11:51:29 +00.16201E+00  2475 034025 1 00021486 00021327 131308 359 43064.494087037
25.11.2017 11:51:29 +00.16200E+00  2498 034025 1 00021487 00021327 131308 358 43064.4940911921
25.11.2017 11:51:35 +00.16210E+00  0011 034045 1 00021488 00021488 131308 359 43064.4941590741
25.11.2017 11:51:35 +00.16210E+00  0024 034045 1 00021489 00021488 131308 359 43064.4941632292
25.11.2017 11:51:36 +00.16210E+00  0041 034045 1 00021490 00021488 131308 374 43064.4941675579
25.11.2017 11:51:36 +00.16210E+00  0054 034045 1 00021491 00021488 131308 359 43064.494171713
25.11.2017 11:51:36 +00.16210E+00  0066 034045 1 00021492 00021488 131308 359 43064.4941758681
25.11.2017 11:51:37 +00.16210E+00  0074 034045 1 00021493 00021488 131308 405 43064.4941805671
25.11.2017 11:51:37 +00.16210E+00  0092 034045 1 00021494 00021488 131308 359 43064.4941847106
25.11.2017 11:51:37 +00.16210E+00  0104 034045 1 00021495 00021488 131308 359 43064.4941888657
25.11.2017 11:51:38 +00.16210E+00  0128 034045 1 00021496 00021488 131308 406 43064.4941935648
25.11.2017 11:51:38 +00.16210E+00  0143 034045 1 00021497 00021488 131308 358 43064.4941977199
25.11.2017 11:51:39 +00.16210E+00  0158 034045 1 00021498 00021488 131308 359 43064.4942018634
25.11.2017 11:51:39 +00.16210E+00  0172 034045 1 00021499 00021488 131308 406 43064.4942065625
25.11.2017 11:51:39 +00.16210E+00  0186 034045 1 00021500 00021488 131308 359 43064.4942107176
25.11.2017 11:51:40 +00.16210E+00  0201 034045 1 00021501 00021488 131308 358 43064.4942148727
25.11.2017 11:51:40 +00.16210E+00  0225 034045 1 00021502 00021488 131308 406 43064.4942195602
25.11.2017 11:51:40 +00.16210E+00  0238 034045 1 00021503 00021488 131308 359 43064.4942237153
25.11.2017 11:51:41 +00.16210E+00  0254 034045 1 00021504 00021488 131308 359 43064.4942278704
25.11.2017 11:51:41 +00.16210E+00  0273 034045 1 00021505 00021488 131308 405 43064.4942325579
25.11.2017 11:51:42 +00.16210E+00  0286 034045 1 00021506 00021488 131308 359 43064.494236713
25.11.2017 11:51:42 +00.16210E+00  0298 034045 1 00021507 00021488 131308 359 43064.4942408681
25.11.2017 11:51:42 +00.16210E+00  0313 034045 1 00021508 00021488 131308 405 43064.4942455671
25.11.2017 11:51:43 +00.16210E+00  0326 034045 1 00021509 00021488 131308 359 43064.4942497106
25.11.2017 11:51:43 +00.16210E+00  0340 034045 1 00021510 00021488 131308 359 43064.4942538657
25.11.2017 11:51:43 +00.16210E+00  0357 034045 1 00021511 00021488 131308 406 43064.4942585648
25.11.2017 11:51:44 +00.16210E+00  0378 034045 1 00021512 00021488 131308 358 43064.4942627199
25.11.2017 11:51:44 +00.16210E+00  0396 034045 1 00021513 00021488 131308 359 43064.4942668634
25.11.2017 11:51:45 +00.16210E+00  0414 034045 1 00021514 00021488 131308 406 43064.4942715625
25.11.2017 11:51:45 +00.16210E+00  0431 034045 1 00021515 00021488 131308 359 43064.4942757176
25.11.2017 11:51:45 +00.16210E+00  0445 034045 1 00021516 00021488 131308 358 43064.4942798727
25.11.2017 11:51:46 +00.16210E+00  0457 034045 1 00021517 00021488 131308 406 43064.4942845602
25.11.2017 11:51:46 +00.16210E+00  0479 034045 1 00021518 00021488 131308 359 43064.4942887153
25.11.2017 11:51:46 +00.16210E+00  0495 034045 1 00021519 00021488 131308 359 43064.4942928704
25.11.2017 11:51:47 +00.16210E+00  0511 034045 1 00021520 00021488 131308 405 43064.4942975579
25.11.2017 11:51:47 +00.16210E+00  0535 034045 1 00021521 00021488 131308 359 43064.494301713
25.11.2017 11:51:48 +00.16210E+00  0552 034045 1 00021522 00021488 131308 359 43064.4943058681
25.11.2017 11:51:48 +00.16210E+00  0565 034045 1 00021523 00021488 131308 405 43064.4943105671
25.11.2017 11:51:48 +00.16210E+00  0580 034045 1 00021524 00021488 131308 359 43064.4943147106
25.11.2017 11:51:49 +00.16210E+00  0592 034045 1 00021525 00021488 131308 359 43064.4943188657
25.11.2017 11:51:49 +00.16210E+00  0602 034045 1 00021526 00021488 131308 406 43064.4943235648
25.11.2017 11:51:49 +00.16210E+00  0627 034045 1 00021527 00021488 131308 358 43064.4943277199
25.11.2017 11:51:50 +00.16210E+00  0649 034045 1 00021528 00021488 131308 359 43064.4943318634
25.11.2017 11:51:50 +00.16210E+00  0664 034045 1 00021529 00021488 131308 406 43064.4943365625
25.11.2017 11:51:51 +00.16210E+00  0679 034045 1 00021530 00021488 131308 359 43064.4943407176
25.11.2017 11:51:51 +00.16210E+00  0701 034045 1 00021531 00021488 131308 358 43064.4943448727
25.11.2017 11:51:51 +00.16210E+00  0723 034045 1 00021532 00021488 131308 406 43064.4943495602
25.11.2017 11:51:52 +00.16210E+00  0735 034045 1 00021533 00021488 131308 359 43064.4943537153
25.11.2017 11:51:52 +00.16210E+00  0746 034045 1 00021534 00021488 131308 359 43064.4943578704
25.11.2017 11:51:52 +00.16210E+00  0757 034045 1 00021535 00021488 131308 405 43064.4943625579
25.11.2017 11:51:53 +00.16210E+00  0779 034045 1 00021536 00021488 131308 359 43064.494366713
25.11.2017 11:51:53 +00.16210E+00  0799 034045 1 00021537 00021488 131308 359 43064.4943708681
25.11.2017 11:51:54 +00.16210E+00  0815 034045 1 00021538 00021488 131308 421 43064.4943757407
25.11.2017 11:51:54 +00.16210E+00  0831 034045 1 00021539 00021488 131308 359 43064.4943798958
25.11.2017 11:51:54 +00.16210E+00  0841 034045 1 00021540 00021488 131308 359 43064.4943840509
25.11.2017 11:51:55 +00.16210E+00  0863 034045 1 00021541 00021488 131308 405 43064.4943887384
25.11.2017 11:51:55 +00.16210E+00  0881 034045 1 00021542 00021488 131308 359 43064.4943928935
25.11.2017 11:51:55 +00.16210E+00  0896 034045 1 00021543 00021488 131308 359 43064.4943970486
25.11.2017 11:51:56 +00.16210E+00  0911 034045 1 00021544 00021488 131308 405 43064.4944017477
25.11.2017 11:51:56 +00.16210E+00  0928 034045 1 00021545 00021488 131308 359 43064.4944058912
25.11.2017 11:51:57 +00.16210E+00  0948 034045 1 00021546 00021488 131308 359 43064.4944100463
25.11.2017 11:51:57 +00.16210E+00  0969 034045 1 00021547 00021488 131308 406 43064.4944147454
25.11.2017 11:51:57 +00.16210E+00  0989 034045 1 00021548 00021488 131308 358 43064.4944189005
25.11.2017 11:51:58 +00.16210E+00  1008 034045 1 00021549 00021488 131308 359 43064.494423044
25.11.2017 11:51:58 +00.16210E+00  1030 034045 1 00021550 00021488 131308 406 43064.4944277431
25.11.2017 11:51:58 +00.16210E+00  1042 034045 1 00021551 00021488 131308 359 43064.4944318982
25.11.2017 11:51:59 +00.16210E+00  1052 034045 1 00021552 00021488 131308 358 43064.4944360532
25.11.2017 11:51:59 +00.16210E+00  1065 034045 1 00021553 00021488 131308 406 43064.4944407407
25.11.2017 11:52:00 +00.16210E+00  1083 034045 1 00021554 00021488 131308 359 43064.4944448958
25.11.2017 11:52:00 +00.16210E+00  1099 034045 1 00021555 00021488 131308 359 43064.4944490509
25.11.2017 11:52:00 +00.16210E+00  1113 034045 1 00021556 00021488 131308 405 43064.4944537384
25.11.2017 11:52:01 +00.16210E+00  1126 034045 1 00021557 00021488 131308 359 43064.4944578935
25.11.2017 11:52:01 +00.16210E+00  1144 034045 1 00021558 00021488 131308 359 43064.4944620486
25.11.2017 11:52:01 +00.16210E+00  1153 034045 1 00021559 00021488 131308 405 43064.4944667477
25.11.2017 11:52:02 +00.16210E+00  1172 034045 1 00021560 00021488 131308 359 43064.4944708912
25.11.2017 11:52:02 +00.16210E+00  1184 034045 1 00021561 00021488 131308 359 43064.4944750463
25.11.2017 11:52:03 +00.16210E+00  1203 034045 1 00021562 00021488 131308 406 43064.4944797454
25.11.2017 11:52:03 +00.16210E+00  1214 034045 1 00021563 00021488 131308 358 43064.4944839005
25.11.2017 11:52:03 +00.16210E+00  1233 034045 1 00021564 00021488 131308 359 43064.494488044
25.11.2017 11:52:04 +00.16210E+00  1247 034045 1 00021565 00021488 131308 406 43064.4944927431
25.11.2017 11:52:04 +00.16210E+00  1261 034045 1 00021566 00021488 131308 359 43064.4944968982
25.11.2017 11:52:04 +00.16210E+00  1270 034045 1 00021567 00021488 131308 358 43064.4945010532
25.11.2017 11:52:05 +00.16210E+00  1288 034045 1 00021568 00021488 131308 406 43064.4945057407
25.11.2017 11:52:05 +00.16210E+00  1308 034045 1 00021569 00021488 131308 359 43064.4945098958
25.11.2017 11:52:06 +00.16210E+00  1321 034045 1 00021570 00021488 131308 359 43064.4945140509
25.11.2017 11:52:06 +00.16210E+00  1336 034045 1 00021571 00021488 131308 405 43064.4945187384
25.11.2017 11:52:06 +00.16210E+00  1357 034045 1 00021572 00021488 131308 359 43064.4945228935
25.11.2017 11:52:07 +00.16210E+00  1374 034045 1 00021573 00021488 131308 359 43064.4945270486
25.11.2017 11:52:07 +00.16210E+00  1395 034045 1 00021574 00021488 131308 405 43064.4945317477
25.11.2017 11:52:07 +00.16210E+00  1409 034045 1 00021575 00021488 131308 359 43064.4945358912
25.11.2017 11:52:08 +00.16210E+00  1418 034045 1 00021576 00021488 131308 359 43064.4945400463
25.11.2017 11:52:08 +00.16210E+00  1430 034045 1 00021577 00021488 131308 406 43064.4945447454
25.11.2017 11:52:09 +00.16210E+00  1445 034045 1 00021578 00021488 131308 358 43064.4945489005
25.11.2017 11:52:09 +00.16210E+00  1459 034045 1 00021579 00021488 131308 359 43064.494553044
25.11.2017 11:52:09 +00.16210E+00  1481 034045 1 00021580 00021488 131308 406 43064.4945577431
25.11.2017 11:52:10 +00.16210E+00  1500 034045 1 00021581 00021488 131308 359 43064.4945618982
25.11.2017 11:52:10 +00.16210E+00  1509 034045 1 00021582 00021488 131308 358 43064.4945660532
25.11.2017 11:52:10 +00.16210E+00  1524 034045 1 00021583 00021488 131308 406 43064.4945707407
25.11.2017 11:52:11 +00.16210E+00  1531 034045 1 00021584 00021488 131308 359 43064.4945748958
25.11.2017 11:52:11 +00.16210E+00  1543 034045 1 00021585 00021488 131308 359 43064.4945790509
25.11.2017 11:52:12 +00.16210E+00  1554 034045 1 00021586 00021488 131308 405 43064.4945837384
25.11.2017 11:52:12 +00.16210E+00  1567 034045 1 00021587 00021488 131308 359 43064.4945878935
25.11.2017 11:52:12 +00.16210E+00  1584 034045 1 00021588 00021488 131308 359 43064.4945920486
25.11.2017 11:52:13 +00.16210E+00  1593 034045 1 00021589 00021488 131308 405 43064.4945967477
25.11.2017 11:52:13 +00.16210E+00  1606 034045 1 00021590 00021488 131308 359 43064.4946008912
25.11.2017 11:52:13 +00.16210E+00  1622 034045 1 00021591 00021488 131308 359 43064.4946050463
25.11.2017 11:52:14 +00.16210E+00  1634 034045 1 00021592 00021488 131308 406 43064.4946097454
25.11.2017 11:52:14 +00.16210E+00  1650 034045 1 00021593 00021488 131308 358 43064.4946139005
25.11.2017 11:52:14 +00.16210E+00  1667 034045 1 00021594 00021488 131308 359 43064.494618044
25.11.2017 11:52:15 +00.16210E+00  1683 034045 1 00021595 00021488 131308 421 43064.4946229282
25.11.2017 11:52:15 +00.16210E+00  1698 034045 1 00021596 00021488 131308 359 43064.4946270718
25.11.2017 11:52:16 +00.16210E+00  1708 034045 1 00021597 00021488 131308 359 43064.4946312269
25.11.2017 11:52:16 +00.16210E+00  1720 034045 1 00021598 00021488 131308 406 43064.4946359259
25.11.2017 11:52:16 +00.16210E+00  1731 034045 1 00021599 00021488 131308 358 43064.494640081
25.11.2017 11:52:17 +00.16210E+00  1749 034045 1 00021600 00021488 131308 359 43064.4946442245
25.11.2017 11:52:17 +00.16210E+00  1768 034045 1 00021601 00021488 131308 406 43064.4946489236
25.11.2017 11:52:18 +00.16210E+00  1783 034045 1 00021602 00021488 131308 359 43064.4946530787
25.11.2017 11:52:18 +00.16210E+00  1794 034045 1 00021603 00021488 131308 358 43064.4946572338
25.11.2017 11:52:18 +00.16210E+00  1805 034045 1 00021604 00021488 131308 406 43064.4946619213
25.11.2017 11:52:19 +00.16210E+00  1822 034045 1 00021605 00021488 131308 359 43064.4946660764
25.11.2017 11:52:19 +00.16210E+00  1840 034045 1 00021606 00021488 131308 359 43064.4946702315
25.11.2017 11:52:19 +00.16210E+00  1862 034045 1 00021607 00021488 131308 405 43064.494674919
25.11.2017 11:52:20 +00.16210E+00  1878 034045 1 00021608 00021488 131308 359 43064.4946790741
25.11.2017 11:52:20 +00.16210E+00  1898 034045 1 00021609 00021488 131308 359 43064.4946832292
25.11.2017 11:52:21 +00.16210E+00  1910 034045 1 00021610 00021488 131308 405 43064.4946879282
25.11.2017 11:52:21 +00.16210E+00  1932 034045 1 00021611 00021488 131308 359 43064.4946920718
25.11.2017 11:52:21 +00.16210E+00  1952 034045 1 00021612 00021488 131308 359 43064.4946962269
25.11.2017 11:52:22 +00.16210E+00  1969 034045 1 00021613 00021488 131308 406 43064.4947009259
25.11.2017 11:52:22 +00.16210E+00  1981 034045 1 00021614 00021488 131308 358 43064.494705081
25.11.2017 11:52:22 +00.16210E+00  1996 034045 1 00021615 00021488 131308 359 43064.4947092245
25.11.2017 11:52:23 +00.16210E+00  2012 034045 1 00021616 00021488 131308 406 43064.4947139236
25.11.2017 11:52:23 +00.16210E+00  2027 034045 1 00021617 00021488 131308 359 43064.4947180787
25.11.2017 11:52:24 +00.16210E+00  2040 034045 1 00021618 00021488 131308 358 43064.4947222338
25.11.2017 11:52:24 +00.16210E+00  2059 034045 1 00021619 00021488 131308 406 43064.4947269213
25.11.2017 11:52:24 +00.16210E+00  2078 034045 1 00021620 00021488 131308 359 43064.4947310764
25.11.2017 11:52:25 +00.16210E+00  2094 034045 1 00021621 00021488 131308 359 43064.4947352315
25.11.2017 11:52:25 +00.16210E+00  2108 034045 1 00021622 00021488 131308 405 43064.494739919
25.11.2017 11:52:25 +00.16210E+00  2135 034045 1 00021623 00021488 131308 359 43064.4947440741
25.11.2017 11:52:26 +00.16210E+00  2148 034045 1 00021624 00021488 131308 359 43064.4947482292
25.11.2017 11:52:26 +00.16210E+00  2156 034045 1 00021625 00021488 131308 405 43064.4947529282
25.11.2017 11:52:27 +00.16210E+00  2175 034045 1 00021626 00021488 131308 359 43064.4947570718
25.11.2017 11:52:27 +00.16210E+00  2186 034045 1 00021627 00021488 131308 359 43064.4947612269
25.11.2017 11:52:27 +00.16210E+00  2201 034045 1 00021628 00021488 131308 406 43064.4947659259
25.11.2017 11:52:28 +00.16210E+00  2220 034045 1 00021629 00021488 131308 358 43064.494770081
25.11.2017 11:52:28 +00.16210E+00  2232 034045 1 00021630 00021488 131308 359 43064.4947742245
25.11.2017 11:52:28 +00.16210E+00  2246 034045 1 00021631 00021488 131308 406 43064.4947789236
25.11.2017 11:52:29 +00.16210E+00  2275 034045 1 00021632 00021488 131308 359 43064.4947830787
25.11.2017 11:52:29 +00.16210E+00  2286 034045 1 00021633 00021488 131308 358 43064.4947872338
25.11.2017 11:52:30 +00.16210E+00  2310 034045 1 00021634 00021488 131308 406 43064.4947919213
25.11.2017 11:52:30 +00.16210E+00  2333 034045 1 00021635 00021488 131308 359 43064.4947960764
25.11.2017 11:52:30 +00.16210E+00  2344 034045 1 00021636 00021488 131308 359 43064.4948002315
25.11.2017 11:52:31 +00.16210E+00  2351 034045 1 00021637 00021488 131308 405 43064.494804919
25.11.2017 11:52:31 +00.16210E+00  2371 034045 1 00021638 00021488 131308 359 43064.4948090741
25.11.2017 11:52:31 +00.16210E+00  2386 034045 1 00021639 00021488 131308 359 43064.4948132292
25.11.2017 11:52:32 +00.16210E+00  2400 034045 1 00021640 00021488 131308 405 43064.4948179282
25.11.2017 11:52:32 +00.16210E+00  2422 034045 1 00021641 00021488 131308 359 43064.4948220718
25.11.2017 11:52:32 +00.16210E+00  2435 034045 1 00021642 00021488 131308 359 43064.4948262269
25.11.2017 11:52:33 +00.16210E+00  2453 034045 1 00021643 00021488 131308 406 43064.4948309259
25.11.2017 11:52:33 +00.16210E+00  2468 034045 1 00021644 00021488 131308 358 43064.494835081
25.11.2017 11:52:34 +00.16210E+00  2487 034045 1 00021645 00021488 131308 359 43064.4948392245
25.11.2017 11:52:34 +00.16210E+00  2502 034045 1 00021646 00021488 131308 406 43064.4948439236
25.11.2017 11:52:34 +00.16210E+00  2523 034045 1 00021647 00021488 131308 359 43064.4948480787
25.11.2017 11:52:40 +00.16220E+00  0018 034065 1 00021648 00021648 131308 421 43064.4949156018
25.11.2017 11:52:41 +00.16219E+00  0030 034065 1 00021649 00021648 131308 359 43064.4949197569
25.11.2017 11:52:41 +00.16220E+00  0046 034065 1 00021650 00021648 131308 359 43064.494923912
25.11.2017 11:52:41 +00.16219E+00  0061 034065 1 00021651 00021648 131308 405 43064.4949285995
25.11.2017 11:52:42 +00.16220E+00  0083 034065 1 00021652 00021648 131308 359 43064.4949327546
25.11.2017 11:52:42 +00.16219E+00  0094 034065 1 00021653 00021648 131308 359 43064.4949369097
25.11.2017 11:52:42 +00.16219E+00  0113 034065 1 00021654 00021648 131308 405 43064.4949416088
25.11.2017 11:52:43 +00.16219E+00  0126 034065 1 00021655 00021648 131308 359 43064.4949457523
25.11.2017 11:52:43 +00.16220E+00  0135 034065 1 00021656 00021648 131308 359 43064.4949499074
25.11.2017 11:52:44 +00.16219E+00  0157 034065 1 00021657 00021648 131308 406 43064.4949546065
25.11.2017 11:52:44 +00.16220E+00  0171 034065 1 00021658 00021648 131308 358 43064.4949587616
25.11.2017 11:52:44 +00.16219E+00  0183 034065 1 00021659 00021648 131308 359 43064.4949629051
25.11.2017 11:52:45 +00.16220E+00  0201 034065 1 00021660 00021648 131308 406 43064.4949676042
25.11.2017 11:52:45 +00.16219E+00  0222 034065 1 00021661 00021648 131308 359 43064.4949717593
25.11.2017 11:52:45 +00.16220E+00  0236 034067 1 00021662 00021648 131308 358 43064.4949759143
25.11.2017 11:52:46 +00.16220E+00  0247 034067 1 00021663 00021648 131308 406 43064.4949806018
25.11.2017 11:52:46 +00.16220E+00  0259 034067 1 00021664 00021648 131308 359 43064.4949847569
25.11.2017 11:52:47 +00.16220E+00  0269 034067 1 00021665 00021648 131308 359 43064.494988912
25.11.2017 11:52:47 +00.16220E+00  0283 034067 1 00021666 00021648 131308 405 43064.4949935995
25.11.2017 11:52:47 +00.16220E+00  0301 034067 1 00021667 00021648 131308 359 43064.4949977546
25.11.2017 11:52:48 +00.16220E+00  0311 034067 1 00021668 00021648 131308 359 43064.4950019097
25.11.2017 11:52:48 +00.16220E+00  0325 034067 1 00021669 00021648 131308 405 43064.4950066088
25.11.2017 11:52:48 +00.16221E+00  0347 034067 1 00021670 00021648 131308 359 43064.4950107523
25.11.2017 11:52:49 +00.16220E+00  0364 034067 1 00021671 00021648 131308 359 43064.4950149074
25.11.2017 11:52:49 +00.16221E+00  0376 034067 1 00021672 00021648 131308 406 43064.4950196065
25.11.2017 11:52:50 +00.16220E+00  0396 034067 1 00021673 00021648 131308 358 43064.4950237616
25.11.2017 11:52:50 +00.16220E+00  0410 034067 1 00021674 00021648 131308 359 43064.4950279051
25.11.2017 11:52:50 +00.16220E+00  0421 034067 1 00021675 00021648 131308 406 43064.4950326042
25.11.2017 11:52:51 +00.16220E+00  0435 034067 1 00021676 00021648 131308 359 43064.4950367593
25.11.2017 11:52:51 +00.16220E+00  0446 034067 1 00021677 00021648 131308 358 43064.4950409143
25.11.2017 11:52:51 +00.16220E+00  0460 034067 1 00021678 00021648 131308 406 43064.4950456018
25.11.2017 11:52:52 +00.16221E+00  0481 034067 1 00021679 00021648 131308 359 43064.4950497569
25.11.2017 11:52:52 +00.16220E+00  0495 034067 1 00021680 00021648 131308 359 43064.495053912
25.11.2017 11:52:53 +00.16220E+00  0508 034067 1 00021681 00021648 131308 405 43064.4950585995
25.11.2017 11:52:53 +00.16220E+00  0522 034067 1 00021682 00021648 131308 359 43064.4950627546
25.11.2017 11:52:53 +00.16220E+00  0534 034067 1 00021683 00021648 131308 359 43064.4950669097
25.11.2017 11:52:54 +00.16220E+00  0543 034067 1 00021684 00021648 131308 405 43064.4950716088
25.11.2017 11:52:54 +00.16220E+00  0560 034067 1 00021685 00021648 131308 359 43064.4950757523
25.11.2017 11:52:54 +00.16220E+00  0573 034067 1 00021686 00021648 131308 359 43064.4950799074
25.11.2017 11:52:55 +00.16221E+00  0588 034067 1 00021687 00021648 131308 406 43064.4950846065
25.11.2017 11:52:55 +00.16220E+00  0604 034067 1 00021688 00021648 131308 358 43064.4950887616
25.11.2017 11:52:56 +00.16220E+00  0615 034067 1 00021689 00021648 131308 359 43064.4950929051
25.11.2017 11:52:56 +00.16221E+00  0629 034067 1 00021690 00021648 131308 406 43064.4950976042
25.11.2017 11:52:56 +00.16220E+00  0646 034067 1 00021691 00021648 131308 359 43064.4951017593
25.11.2017 11:52:57 +00.16221E+00  0662 034067 1 00021692 00021648 131308 358 43064.4951059143
25.11.2017 11:52:57 +00.16220E+00  0675 034067 1 00021693 00021648 131308 422 43064.495110787
25.11.2017 11:52:57 +00.16220E+00  0697 034067 1 00021694 00021648 131308 358 43064.4951149421
25.11.2017 11:52:58 +00.16221E+00  0712 034067 1 00021695 00021648 131308 359 43064.4951190856
25.11.2017 11:52:58 +00.16220E+00  0729 034067 1 00021696 00021648 131308 406 43064.4951237847
25.11.2017 11:52:59 +00.16220E+00  0743 034067 1 00021697 00021648 131308 359 43064.4951279398
25.11.2017 11:52:59 +00.16220E+00  0758 034067 1 00021698 00021648 131308 358 43064.4951320949
25.11.2017 11:52:59 +00.16220E+00  0774 034067 1 00021699 00021648 131308 406 43064.4951367824
25.11.2017 11:53:00 +00.16220E+00  0792 034067 1 00021700 00021648 131308 359 43064.4951409375
25.11.2017 11:53:00 +00.16221E+00  0811 034067 1 00021701 00021648 131308 359 43064.4951450926
25.11.2017 11:53:00 +00.16221E+00  0829 034067 1 00021702 00021648 131308 405 43064.4951497801
25.11.2017 11:53:01 +00.16221E+00  0846 034065 1 00021703 00021648 131308 359 43064.4951539352
25.11.2017 11:53:01 +00.16220E+00  0862 034065 1 00021704 00021648 131308 359 43064.4951580903
25.11.2017 11:53:02 +00.16220E+00  0876 034065 1 00021705 00021648 131308 405 43064.4951627894
25.11.2017 11:53:02 +00.16220E+00  0893 034065 1 00021706 00021648 131308 359 43064.4951669329
25.11.2017 11:53:02 +00.16219E+00  0900 034065 1 00021707 00021648 131308 359 43064.495171088
25.11.2017 11:53:03 +00.16220E+00  0917 034065 1 00021708 00021648 131308 406 43064.495175787
25.11.2017 11:53:03 +00.16220E+00  0933 034065 1 00021709 00021648 131308 358 43064.4951799421
25.11.2017 11:53:03 +00.16220E+00  0950 034065 1 00021710 00021648 131308 359 43064.4951840856
25.11.2017 11:53:04 +00.16219E+00  0959 034065 1 00021711 00021648 131308 406 43064.4951887847
25.11.2017 11:53:04 +00.16219E+00  0978 034065 1 00021712 00021648 131308 359 43064.4951929398
25.11.2017 11:53:05 +00.16220E+00  0990 034065 1 00021713 00021648 131308 358 43064.4951970949
25.11.2017 11:53:05 +00.16219E+00  1006 034065 1 00021714 00021648 131308 406 43064.4952017824
25.11.2017 11:53:05 +00.16220E+00  1025 034065 1 00021715 00021648 131308 359 43064.4952059375
25.11.2017 11:53:06 +00.16220E+00  1037 034065 1 00021716 00021648 131308 359 43064.4952100926
25.11.2017 11:53:06 +00.16219E+00  1056 034065 1 00021717 00021648 131308 405 43064.4952147801
25.11.2017 11:53:06 +00.16220E+00  1072 034065 1 00021718 00021648 131308 359 43064.4952189352
25.11.2017 11:53:07 +00.16220E+00  1094 034065 1 00021719 00021648 131308 359 43064.4952230903
25.11.2017 11:53:07 +00.16220E+00  1104 034065 1 00021720 00021648 131308 405 43064.4952277894
25.11.2017 11:53:08 +00.16219E+00  1122 034065 1 00021721 00021648 131308 359 43064.4952319329
25.11.2017 11:53:08 +00.16220E+00  1134 034065 1 00021722 00021648 131308 359 43064.495236088
25.11.2017 11:53:08 +00.16219E+00  1144 034065 1 00021723 00021648 131308 406 43064.495240787
25.11.2017 11:53:09 +00.16220E+00  1159 034065 1 00021724 00021648 131308 358 43064.4952449421
25.11.2017 11:53:09 +00.16220E+00  1172 034065 1 00021725 00021648 131308 359 43064.4952490856
25.11.2017 11:53:09 +00.16219E+00  1191 034065 1 00021726 00021648 131308 406 43064.4952537847
25.11.2017 11:53:10 +00.16220E+00  1211 034065 1 00021727 00021648 131308 359 43064.4952579398
25.11.2017 11:53:10 +00.16219E+00  1222 034065 1 00021728 00021648 131308 358 43064.4952620949
25.11.2017 11:53:11 +00.16220E+00  1238 034065 1 00021729 00021648 131308 406 43064.4952667824
25.11.2017 11:53:11 +00.16220E+00  1250 034065 1 00021730 00021648 131308 359 43064.4952709375
25.11.2017 11:53:11 +00.16220E+00  1262 034065 1 00021731 00021648 131308 359 43064.4952750926
25.11.2017 11:53:12 +00.16220E+00  1281 034065 1 00021732 00021648 131308 405 43064.4952797801
25.11.2017 11:53:12 +00.16220E+00  1296 034065 1 00021733 00021648 131308 359 43064.4952839352
25.11.2017 11:53:12 +00.16219E+00  1316 034065 1 00021734 00021648 131308 359 43064.4952880903
25.11.2017 11:53:13 +00.16219E+00  1331 034065 1 00021735 00021648 131308 405 43064.4952927894
25.11.2017 11:53:13 +00.16219E+00  1346 034065 1 00021736 00021648 131308 359 43064.4952969329
25.11.2017 11:53:14 +00.16220E+00  1366 034065 1 00021737 00021648 131308 359 43064.495301088
25.11.2017 11:53:14 +00.16219E+00  1384 034065 1 00021738 00021648 131308 406 43064.495305787
25.11.2017 11:53:14 +00.16220E+00  1404 034065 1 00021739 00021648 131308 358 43064.4953099421
25.11.2017 11:53:15 +00.16220E+00  1413 034065 1 00021740 00021648 131308 359 43064.4953140856
25.11.2017 11:53:15 +00.16220E+00  1429 034065 1 00021741 00021648 131308 406 43064.4953187847
25.11.2017 11:53:15 +00.16219E+00  1441 034065 1 00021742 00021648 131308 359 43064.4953229398
25.11.2017 11:53:16 +00.16220E+00  1459 034065 1 00021743 00021648 131308 358 43064.4953270949
25.11.2017 11:53:16 +00.16219E+00  1470 034065 1 00021744 00021648 131308 406 43064.4953317824
25.11.2017 11:53:17 +00.16220E+00  1496 034067 1 00021745 00021648 131308 359 43064.4953359375
25.11.2017 11:53:17 +00.16220E+00  1505 034067 1 00021746 00021648 131308 359 43064.4953400926
25.11.2017 11:53:17 +00.16220E+00  1518 034067 1 00021747 00021648 131308 405 43064.4953447801
25.11.2017 11:53:18 +00.16221E+00  1540 034067 1 00021748 00021648 131308 359 43064.4953489352
25.11.2017 11:53:18 +00.16221E+00  1547 034067 1 00021749 00021648 131308 359 43064.4953530903
25.11.2017 11:53:18 +00.16221E+00  1563 034067 1 00021750 00021648 131308 405 43064.4953577894
25.11.2017 11:53:19 +00.16221E+00  1570 034067 1 00021751 00021648 131308 359 43064.4953619329
25.11.2017 11:53:19 +00.16221E+00  1579 034067 1 00021752 00021648 131308 359 43064.495366088
25.11.2017 11:53:20 +00.16221E+00  1598 034067 1 00021753 00021648 131308 421 43064.4953709606
25.11.2017 11:53:20 +00.16220E+00  1621 034067 1 00021754 00021648 131308 359 43064.4953751157
25.11.2017 11:53:20 +00.16220E+00  1635 034067 1 00021755 00021648 131308 359 43064.4953792708
25.11.2017 11:53:21 +00.16220E+00  1644 034067 1 00021756 00021648 131308 405 43064.4953839699
25.11.2017 11:53:21 +00.16220E+00  1656 034067 1 00021757 00021648 131308 359 43064.4953881134
25.11.2017 11:53:21 +00.16220E+00  1677 034067 1 00021758 00021648 131308 359 43064.4953922685
25.11.2017 11:53:22 +00.16221E+00  1689 034067 1 00021759 00021648 131308 406 43064.4953969676
25.11.2017 11:53:22 +00.16220E+00  1703 034067 1 00021760 00021648 131308 358 43064.4954011227
25.11.2017 11:53:23 +00.16220E+00  1717 034067 1 00021761 00021648 131308 359 43064.4954052662
25.11.2017 11:53:23 +00.16221E+00  1732 034067 1 00021762 00021648 131308 406 43064.4954099653
25.11.2017 11:53:23 +00.16220E+00  1746 034067 1 00021763 00021648 131308 359 43064.4954141204
25.11.2017 11:53:24 +00.16221E+00  1756 034067 1 00021764 00021648 131308 358 43064.4954182755
25.11.2017 11:53:24 +00.16221E+00  1766 034067 1 00021765 00021648 131308 406 43064.495422963
25.11.2017 11:53:24 +00.16221E+00  1778 034067 1 00021766 00021648 131308 359 43064.4954271181
25.11.2017 11:53:25 +00.16221E+00  1799 034067 1 00021767 00021648 131308 359 43064.4954312731
25.11.2017 11:53:25 +00.16220E+00  1814 034067 1 00021768 00021648 131308 405 43064.4954359606
25.11.2017 11:53:26 +00.16220E+00  1831 034067 1 00021769 00021648 131308 359 43064.4954401157
25.11.2017 11:53:26 +00.16220E+00  1845 034067 1 00021770 00021648 131308 359 43064.4954442708
25.11.2017 11:53:26 +00.16221E+00  1860 034067 1 00021771 00021648 131308 405 43064.4954489699
25.11.2017 11:53:27 +00.16221E+00  1878 034067 1 00021772 00021648 131308 359 43064.4954531134
25.11.2017 11:53:27 +00.16220E+00  1896 034065 1 00021773 00021648 131308 359 43064.4954572685
25.11.2017 11:53:27 +00.16220E+00  1914 034065 1 00021774 00021648 131308 406 43064.4954619676
25.11.2017 11:53:28 +00.16220E+00  1934 034065 1 00021775 00021648 131308 358 43064.4954661227
25.11.2017 11:53:28 +00.16219E+00  1948 034065 1 00021776 00021648 131308 359 43064.4954702662
25.11.2017 11:53:29 +00.16220E+00  1960 034065 1 00021777 00021648 131308 406 43064.4954749653
25.11.2017 11:53:29 +00.16219E+00  1983 034065 1 00021778 00021648 131308 359 43064.4954791204
25.11.2017 11:53:29 +00.16219E+00  2003 034065 1 00021779 00021648 131308 358 43064.4954832755
25.11.2017 11:53:30 +00.16220E+00  2020 034065 1 00021780 00021648 131308 406 43064.495487963
25.11.2017 11:53:30 +00.16220E+00  2040 034065 1 00021781 00021648 131308 359 43064.4954921181
25.11.2017 11:53:30 +00.16220E+00  2052 034065 1 00021782 00021648 131308 359 43064.4954962731
25.11.2017 11:53:31 +00.16219E+00  2064 034065 1 00021783 00021648 131308 405 43064.4955009606
25.11.2017 11:53:31 +00.16220E+00  2081 034065 1 00021784 00021648 131308 359 43064.4955051157
25.11.2017 11:53:32 +00.16219E+00  2101 034065 1 00021785 00021648 131308 359 43064.4955092708
25.11.2017 11:53:32 +00.16220E+00  2120 034065 1 00021786 00021648 131308 405 43064.4955139699
25.11.2017 11:53:32 +00.16220E+00  2149 034065 1 00021787 00021648 131308 359 43064.4955181134
25.11.2017 11:53:33 +00.16220E+00  2162 034065 1 00021788 00021648 131308 359 43064.4955222685
25.11.2017 11:53:33 +00.16219E+00  2182 034065 1 00021789 00021648 131308 406 43064.4955269676
25.11.2017 11:53:33 +00.16220E+00  2198 034065 1 00021790 00021648 131308 358 43064.4955311227
25.11.2017 11:53:34 +00.16220E+00  2224 034065 1 00021791 00021648 131308 359 43064.4955352662
25.11.2017 11:53:34 +00.16220E+00  2239 034065 1 00021792 00021648 131308 406 43064.4955399653
25.11.2017 11:53:35 +00.16219E+00  2263 034065 1 00021793 00021648 131308 359 43064.4955441204
25.11.2017 11:53:35 +00.16220E+00  2276 034065 1 00021794 00021648 131308 358 43064.4955482755
25.11.2017 11:53:35 +00.16219E+00  2289 034065 1 00021795 00021648 131308 406 43064.495552963
25.11.2017 11:53:36 +00.16220E+00  2305 034065 1 00021796 00021648 131308 359 43064.4955571181
25.11.2017 11:53:36 +00.16220E+00  2316 034065 1 00021797 00021648 131308 359 43064.4955612732
25.11.2017 11:53:36 +00.16220E+00  2338 034065 1 00021798 00021648 131308 405 43064.4955659606
25.11.2017 11:53:37 +00.16220E+00  2348 034065 1 00021799 00021648 131308 359 43064.4955701157
25.11.2017 11:53:37 +00.16219E+00  2362 034065 1 00021800 00021648 131308 359 43064.4955742708
25.11.2017 11:53:38 +00.16220E+00  2376 034067 1 00021801 00021648 131308 405 43064.4955789699
25.11.2017 11:53:38 +00.16220E+00  2390 034067 1 00021802 00021648 131308 359 43064.4955831134
25.11.2017 11:53:38 +00.16220E+00  2405 034067 1 00021803 00021648 131308 359 43064.4955872685
25.11.2017 11:53:39 +00.16221E+00  2417 034067 1 00021804 00021648 131308 406 43064.4955919676
25.11.2017 11:53:39 +00.16221E+00  2429 034067 1 00021805 00021648 131308 358 43064.4955961227
25.11.2017 11:53:39 +00.16221E+00  2442 034067 1 00021806 00021648 131308 359 43064.4956002662
25.11.2017 11:53:40 +00.16220E+00  2454 034067 1 00021807 00021648 131308 406 43064.4956049653
25.11.2017 11:53:40 +00.16220E+00  2470 034067 1 00021808 00021648 131308 359 43064.4956091204
25.11.2017 11:53:46 +00.16230E+00  0011 034087 1 00021809 00021809 131308 359 43064.495671412
25.11.2017 11:53:46 +00.16230E+00  0035 034087 1 00021810 00021809 131308 358 43064.4956755671
25.11.2017 11:53:46 +00.16230E+00  0045 034087 1 00021811 00021809 131308 375 43064.4956798958
25.11.2017 11:53:47 +00.16230E+00  0057 034087 1 00021812 00021809 131308 359 43064.4956840509
25.11.2017 11:53:47 +00.16230E+00  0071 034087 1 00021813 00021809 131308 358 43064.495688206
25.11.2017 11:53:47 +00.16230E+00  0079 034087 1 00021814 00021809 131308 406 43064.4956928935
25.11.2017 11:53:48 +00.16230E+00  0094 034087 1 00021815 00021809 131308 359 43064.4956970486
25.11.2017 11:53:48 +00.16230E+00  0105 034087 1 00021816 00021809 131308 359 43064.4957012037
25.11.2017 11:53:48 +00.16230E+00  0123 034087 1 00021817 00021809 131308 405 43064.4957058912
25.11.2017 11:53:49 +00.16230E+00  0138 034087 1 00021818 00021809 131308 359 43064.4957100463
25.11.2017 11:53:49 +00.16230E+00  0161 034087 1 00021819 00021809 131308 359 43064.4957142014
25.11.2017 11:53:50 +00.16230E+00  0173 034087 1 00021820 00021809 131308 405 43064.4957189005
25.11.2017 11:53:50 +00.16230E+00  0189 034087 1 00021821 00021809 131308 359 43064.495723044
25.11.2017 11:53:50 +00.16230E+00  0202 034087 1 00021822 00021809 131308 359 43064.4957271991
25.11.2017 11:53:51 +00.16230E+00  0215 034087 1 00021823 00021809 131308 406 43064.4957318981
25.11.2017 11:53:51 +00.16230E+00  0235 034087 1 00021824 00021809 131308 358 43064.4957360532
25.11.2017 11:53:51 +00.16230E+00  0254 034087 1 00021825 00021809 131308 359 43064.4957401968
25.11.2017 11:53:52 +00.16230E+00  0274 034087 1 00021826 00021809 131308 406 43064.4957448958
25.11.2017 11:53:52 +00.16230E+00  0293 034087 1 00021827 00021809 131308 359 43064.4957490509
25.11.2017 11:53:53 +00.16230E+00  0298 034087 1 00021828 00021809 131308 358 43064.495753206
25.11.2017 11:53:53 +00.16230E+00  0311 034087 1 00021829 00021809 131308 406 43064.4957578935
25.11.2017 11:53:53 +00.16230E+00  0329 034087 1 00021830 00021809 131308 359 43064.4957620486
25.11.2017 11:53:54 +00.16230E+00  0345 034087 1 00021831 00021809 131308 359 43064.4957662037
25.11.2017 11:53:54 +00.16230E+00  0359 034087 1 00021832 00021809 131308 405 43064.4957708912
25.11.2017 11:53:54 +00.16230E+00  0376 034087 1 00021833 00021809 131308 359 43064.4957750463
25.11.2017 11:53:55 +00.16230E+00  0390 034087 1 00021834 00021809 131308 359 43064.4957792014
25.11.2017 11:53:55 +00.16230E+00  0395 034087 1 00021835 00021809 131308 405 43064.4957839005
25.11.2017 11:53:56 +00.16230E+00  0406 034087 1 00021836 00021809 131308 359 43064.495788044
25.11.2017 11:53:56 +00.16230E+00  0417 034087 1 00021837 00021809 131308 359 43064.4957921991
25.11.2017 11:53:56 +00.16230E+00  0431 034087 1 00021838 00021809 131308 406 43064.4957968981
25.11.2017 11:53:57 +00.16230E+00  0456 034087 1 00021839 00021809 131308 358 43064.4958010532
25.11.2017 11:53:57 +00.16230E+00  0469 034087 1 00021840 00021809 131308 359 43064.4958051968
25.11.2017 11:53:57 +00.16230E+00  0477 034087 1 00021841 00021809 131308 406 43064.4958098958
25.11.2017 11:53:58 +00.16230E+00  0505 034087 1 00021842 00021809 131308 359 43064.4958140509
25.11.2017 11:53:58 +00.16230E+00  0516 034087 1 00021843 00021809 131308 358 43064.495818206
25.11.2017 11:53:59 +00.16230E+00  0530 034087 1 00021844 00021809 131308 406 43064.4958228935
25.11.2017 11:53:59 +00.16230E+00  0546 034087 1 00021845 00021809 131308 359 43064.4958270486
25.11.2017 11:53:59 +00.16230E+00  0561 034087 1 00021846 00021809 131308 359 43064.4958312037
25.11.2017 11:54:00 +00.16230E+00  0580 034087 1 00021847 00021809 131308 405 43064.4958358912
25.11.2017 11:54:00 +00.16230E+00  0595 034087 1 00021848 00021809 131308 359 43064.4958400463
25.11.2017 11:54:00 +00.16230E+00  0614 034087 1 00021849 00021809 131308 359 43064.4958442014
25.11.2017 11:54:01 +00.16230E+00  0624 034087 1 00021850 00021809 131308 405 43064.4958489005
25.11.2017 11:54:01 +00.16230E+00  0646 034087 1 00021851 00021809 131308 359 43064.495853044
25.11.2017 11:54:02 +00.16230E+00  0662 034087 1 00021852 00021809 131308 359 43064.4958571991
25.11.2017 11:54:02 +00.16230E+00  0672 034087 1 00021853 00021809 131308 421 43064.4958620718
25.11.2017 11:54:02 +00.16230E+00  0682 034087 1 00021854 00021809 131308 359 43064.4958662269
25.11.2017 11:54:03 +00.16230E+00  0699 034087 1 00021855 00021809 131308 359 43064.4958703819
25.11.2017 11:54:03 +00.16230E+00  0714 034087 1 00021856 00021809 131308 405 43064.495875081
25.11.2017 11:54:03 +00.16230E+00  0727 034087 1 00021857 00021809 131308 359 43064.4958792245
25.11.2017 11:54:04 +00.16230E+00  0741 034087 1 00021858 00021809 131308 359 43064.4958833796
25.11.2017 11:54:04 +00.16230E+00  0754 034087 1 00021859 00021809 131308 406 43064.4958880787
25.11.2017 11:54:05 +00.16230E+00  0768 034087 1 00021860 00021809 131308 358 43064.4958922338
25.11.2017 11:54:05 +00.16230E+00  0775 034087 1 00021861 00021809 131308 359 43064.4958963773
25.11.2017 11:54:05 +00.16230E+00  0789 034087 1 00021862 00021809 131308 406 43064.4959010764
25.11.2017 11:54:06 +00.16230E+00  0798 034087 1 00021863 00021809 131308 359 43064.4959052315
25.11.2017 11:54:06 +00.16230E+00  0813 034087 1 00021864 00021809 131308 358 43064.4959093866
25.11.2017 11:54:06 +00.16230E+00  0829 034087 1 00021865 00021809 131308 406 43064.4959140741
25.11.2017 11:54:07 +00.16230E+00  0840 034087 1 00021866 00021809 131308 359 43064.4959182292
25.11.2017 11:54:07 +00.16230E+00  0854 034087 1 00021867 00021809 131308 359 43064.4959223843
25.11.2017 11:54:08 +00.16230E+00  0870 034087 1 00021868 00021809 131308 405 43064.4959270718
25.11.2017 11:54:08 +00.16230E+00  0883 034087 1 00021869 00021809 131308 359 43064.4959312269
25.11.2017 11:54:08 +00.16230E+00  0897 034087 1 00021870 00021809 131308 359 43064.4959353819
25.11.2017 11:54:09 +00.16230E+00  0919 034087 1 00021871 00021809 131308 405 43064.495940081
25.11.2017 11:54:09 +00.16230E+00  0933 034087 1 00021872 00021809 131308 359 43064.4959442245
25.11.2017 11:54:09 +00.16230E+00  0950 034087 1 00021873 00021809 131308 359 43064.4959483796
25.11.2017 11:54:10 +00.16230E+00  0967 034087 1 00021874 00021809 131308 406 43064.4959530787
25.11.2017 11:54:10 +00.16230E+00  0981 034087 1 00021875 00021809 131308 358 43064.4959572338
25.11.2017 11:54:11 +00.16230E+00  0997 034087 1 00021876 00021809 131308 359 43064.4959613773
25.11.2017 11:54:11 +00.16230E+00  1009 034087 1 00021877 00021809 131308 406 43064.4959660764
25.11.2017 11:54:11 +00.16230E+00  1031 034087 1 00021878 00021809 131308 359 43064.4959702315
25.11.2017 11:54:12 +00.16230E+00  1045 034087 1 00021879 00021809 131308 358 43064.4959743866
25.11.2017 11:54:12 +00.16230E+00  1054 034087 1 00021880 00021809 131308 406 43064.4959790741
25.11.2017 11:54:12 +00.16230E+00  1067 034087 1 00021881 00021809 131308 359 43064.4959832292
25.11.2017 11:54:13 +00.16230E+00  1082 034087 1 00021882 00021809 131308 359 43064.4959873843
25.11.2017 11:54:13 +00.16230E+00  1100 034087 1 00021883 00021809 131308 405 43064.4959920718
25.11.2017 11:54:14 +00.16230E+00  1113 034087 1 00021884 00021809 131308 359 43064.4959962269
25.11.2017 11:54:14 +00.16230E+00  1135 034087 1 00021885 00021809 131308 359 43064.4960003819
25.11.2017 11:54:14 +00.16230E+00  1151 034087 1 00021886 00021809 131308 405 43064.496005081
25.11.2017 11:54:15 +00.16230E+00  1170 034087 1 00021887 00021809 131308 359 43064.4960092245
25.11.2017 11:54:15 +00.16230E+00  1189 034087 1 00021888 00021809 131308 359 43064.4960133796
25.11.2017 11:54:15 +00.16230E+00  1206 034087 1 00021889 00021809 131308 406 43064.4960180787
25.11.2017 11:54:16 +00.16230E+00  1216 034087 1 00021890 00021809 131308 358 43064.4960222338
25.11.2017 11:54:16 +00.16230E+00  1233 034087 1 00021891 00021809 131308 359 43064.4960263773
25.11.2017 11:54:17 +00.16230E+00  1244 034087 1 00021892 00021809 131308 406 43064.4960310764
25.11.2017 11:54:17 +00.16230E+00  1266 034087 1 00021893 00021809 131308 359 43064.4960352315
25.11.2017 11:54:17 +00.16230E+00  1282 034087 1 00021894 00021809 131308 358 43064.4960393866
25.11.2017 11:54:18 +00.16230E+00  1305 034087 1 00021895 00021809 131308 406 43064.4960440741
25.11.2017 11:54:18 +00.16230E+00  1332 034087 1 00021896 00021809 131308 359 43064.4960482292
25.11.2017 11:54:18 +00.16230E+00  1346 034087 1 00021897 00021809 131308 359 43064.4960523843
25.11.2017 11:54:19 +00.16230E+00  1364 034087 1 00021898 00021809 131308 405 43064.4960570718
25.11.2017 11:54:19 +00.16230E+00  1387 034087 1 00021899 00021809 131308 359 43064.4960612269
25.11.2017 11:54:20 +00.16230E+00  1400 034087 1 00021900 00021809 131308 359 43064.4960653819
25.11.2017 11:54:20 +00.16230E+00  1419 034087 1 00021901 00021809 131308 405 43064.496070081
25.11.2017 11:54:20 +00.16230E+00  1431 034087 1 00021902 00021809 131308 359 43064.4960742245
25.11.2017 11:54:21 +00.16230E+00  1450 034087 1 00021903 00021809 131308 359 43064.4960783796
25.11.2017 11:54:21 +00.16230E+00  1465 034087 1 00021904 00021809 131308 406 43064.4960830787
25.11.2017 11:54:21 +00.16230E+00  1478 034087 1 00021905 00021809 131308 358 43064.4960872338
25.11.2017 11:54:22 +00.16230E+00  1492 034087 1 00021906 00021809 131308 359 43064.4960913773
25.11.2017 11:54:22 +00.16230E+00  1507 034087 1 00021907 00021809 131308 406 43064.4960960764
25.11.2017 11:54:23 +00.16230E+00  1522 034087 1 00021908 00021809 131308 359 43064.4961002315
25.11.2017 11:54:23 +00.16230E+00  1534 034087 1 00021909 00021809 131308 358 43064.4961043866
25.11.2017 11:54:23 +00.16230E+00  1549 034087 1 00021910 00021809 131308 422 43064.4961092593
25.11.2017 11:54:24 +00.16230E+00  1563 034087 1 00021911 00021809 131308 358 43064.4961134144
25.11.2017 11:54:24 +00.16230E+00  1579 034087 1 00021912 00021809 131308 359 43064.4961175579
25.11.2017 11:54:24 +00.16230E+00  1594 034087 1 00021913 00021809 131308 406 43064.4961222569
25.11.2017 11:54:25 +00.16230E+00  1610 034087 1 00021914 00021809 131308 359 43064.496126412
25.11.2017 11:54:25 +00.16230E+00  1627 034087 1 00021915 00021809 131308 358 43064.4961305671
25.11.2017 11:54:26 +00.16230E+00  1642 034087 1 00021916 00021809 131308 406 43064.4961352546
25.11.2017 11:54:26 +00.16230E+00  1657 034087 1 00021917 00021809 131308 359 43064.4961394097
25.11.2017 11:54:26 +00.16230E+00  1670 034087 1 00021918 00021809 131308 359 43064.4961435648
25.11.2017 11:54:27 +00.16230E+00  1680 034087 1 00021919 00021809 131308 405 43064.4961482523
25.11.2017 11:54:27 +00.16230E+00  1700 034087 1 00021920 00021809 131308 359 43064.4961524074
25.11.2017 11:54:27 +00.16230E+00  1717 034087 1 00021921 00021809 131308 359 43064.4961565625
25.11.2017 11:54:28 +00.16230E+00  1734 034087 1 00021922 00021809 131308 405 43064.4961612616
25.11.2017 11:54:28 +00.16230E+00  1749 034087 1 00021923 00021809 131308 359 43064.4961654051
25.11.2017 11:54:29 +00.16230E+00  1759 034087 1 00021924 00021809 131308 359 43064.4961695602
25.11.2017 11:54:29 +00.16230E+00  1770 034087 1 00021925 00021809 131308 406 43064.4961742593
25.11.2017 11:54:29 +00.16230E+00  1784 034087 1 00021926 00021809 131308 358 43064.4961784144
25.11.2017 11:54:30 +00.16230E+00  1798 034087 1 00021927 00021809 131308 359 43064.4961825579
25.11.2017 11:54:30 +00.16230E+00  1809 034087 1 00021928 00021809 131308 406 43064.4961872569
25.11.2017 11:54:30 +00.16230E+00  1828 034087 1 00021929 00021809 131308 359 43064.496191412
25.11.2017 11:54:31 +00.16230E+00  1847 034087 1 00021930 00021809 131308 358 43064.4961955671
25.11.2017 11:54:31 +00.16230E+00  1861 034087 1 00021931 00021809 131308 406 43064.4962002546
25.11.2017 11:54:32 +00.16230E+00  1876 034087 1 00021932 00021809 131308 359 43064.4962044097
25.11.2017 11:54:32 +00.16230E+00  1888 034087 1 00021933 00021809 131308 359 43064.4962085648
25.11.2017 11:54:32 +00.16230E+00  1908 034087 1 00021934 00021809 131308 405 43064.4962132523
25.11.2017 11:54:33 +00.16230E+00  1923 034087 1 00021935 00021809 131308 359 43064.4962174074
25.11.2017 11:54:33 +00.16230E+00  1932 034087 1 00021936 00021809 131308 359 43064.4962215625
25.11.2017 11:54:33 +00.16230E+00  1941 034087 1 00021937 00021809 131308 405 43064.4962262616
25.11.2017 11:54:34 +00.16230E+00  1949 034087 1 00021938 00021809 131308 359 43064.4962304051
25.11.2017 11:54:34 +00.16230E+00  1966 034087 1 00021939 00021809 131308 359 43064.4962345602
25.11.2017 11:54:35 +00.16230E+00  1976 034087 1 00021940 00021809 131308 406 43064.4962392593
25.11.2017 11:54:35 +00.16230E+00  1998 034087 1 00021941 00021809 131308 358 43064.4962434144
25.11.2017 11:54:35 +00.16230E+00  2007 034087 1 00021942 00021809 131308 359 43064.4962475579
25.11.2017 11:54:36 +00.16230E+00  2026 034087 1 00021943 00021809 131308 406 43064.4962522569
25.11.2017 11:54:36 +00.16230E+00  2048 034087 1 00021944 00021809 131308 359 43064.496256412
25.11.2017 11:54:36 +00.16230E+00  2062 034087 1 00021945 00021809 131308 358 43064.4962605671
25.11.2017 11:54:37 +00.16230E+00  2073 034087 1 00021946 00021809 131308 406 43064.4962652546
25.11.2017 11:54:37 +00.16230E+00  2084 034087 1 00021947 00021809 131308 359 43064.4962694097
25.11.2017 11:54:38 +00.16230E+00  2102 034087 1 00021948 00021809 131308 359 43064.4962735648
25.11.2017 11:54:38 +00.16230E+00  2109 034087 1 00021949 00021809 131308 405 43064.4962782523
25.11.2017 11:54:38 +00.16230E+00  2121 034087 1 00021950 00021809 131308 359 43064.4962824074
25.11.2017 11:54:39 +00.16230E+00  2138 034087 1 00021951 00021809 131308 359 43064.4962865625
25.11.2017 11:54:39 +00.16230E+00  2154 034087 1 00021952 00021809 131308 405 43064.4962912616
25.11.2017 11:54:39 +00.16230E+00  2174 034087 1 00021953 00021809 131308 359 43064.4962954051
25.11.2017 11:54:40 +00.16230E+00  2186 034087 1 00021954 00021809 131308 359 43064.4962995602
25.11.2017 11:54:40 +00.16230E+00  2200 034087 1 00021955 00021809 131308 406 43064.4963042593
25.11.2017 11:54:41 +00.16230E+00  2218 034087 1 00021956 00021809 131308 358 43064.4963084144
25.11.2017 11:54:41 +00.16230E+00  2240 034087 1 00021957 00021809 131308 359 43064.4963125579
25.11.2017 11:54:41 +00.16230E+00  2259 034087 1 00021958 00021809 131308 406 43064.4963172569
25.11.2017 11:54:42 +00.16230E+00  2279 034087 1 00021959 00021809 131308 359 43064.496321412
25.11.2017 11:54:42 +00.16230E+00  2286 034087 1 00021960 00021809 131308 358 43064.4963255671
25.11.2017 11:54:42 +00.16230E+00  2306 034087 1 00021961 00021809 131308 406 43064.4963302546
25.11.2017 11:54:43 +00.16230E+00  2323 034087 1 00021962 00021809 131308 359 43064.4963344097
25.11.2017 11:54:43 +00.16230E+00  2339 034087 1 00021963 00021809 131308 359 43064.4963385648
25.11.2017 11:54:44 +00.16230E+00  2356 034087 1 00021964 00021809 131308 405 43064.4963432523
25.11.2017 11:54:44 +00.16230E+00  2371 034087 1 00021965 00021809 131308 359 43064.4963474074
25.11.2017 11:54:44 +00.16230E+00  2389 034087 1 00021966 00021809 131308 359 43064.4963515625
25.11.2017 11:54:45 +00.16230E+00  2403 034087 1 00021967 00021809 131308 421 43064.4963564352
25.11.2017 11:54:45 +00.16230E+00  2424 034087 1 00021968 00021809 131308 359 43064.4963605903
25.11.2017 11:54:45 +00.16230E+00  2438 034087 1 00021969 00021809 131308 359 43064.4963647454
25.11.2017 11:54:51 +00.16240E+00  0018 034107 1 00021970 00021970 131308 359 43064.4964324537
25.11.2017 11:54:52 +00.16240E+00  0035 034107 1 00021971 00021970 131308 358 43064.4964366088
25.11.2017 11:54:52 +00.16240E+00  0048 034107 1 00021972 00021970 131308 375 43064.4964409375
25.11.2017 11:54:52 +00.16239E+00  0065 034107 1 00021973 00021970 131308 359 43064.4964450926
25.11.2017 11:54:53 +00.16240E+00  0081 034107 1 00021974 00021970 131308 358 43064.4964492477
25.11.2017 11:54:53 +00.16239E+00  0102 034107 1 00021975 00021970 131308 406 43064.4964539352
25.11.2017 11:54:53 +00.16240E+00  0124 034107 1 00021976 00021970 131308 359 43064.4964580903
25.11.2017 11:54:54 +00.16239E+00  0139 034107 1 00021977 00021970 131308 359 43064.4964622454
25.11.2017 11:54:54 +00.16239E+00  0155 034107 1 00021978 00021970 131308 405 43064.4964669329
25.11.2017 11:54:55 +00.16240E+00  0173 034107 1 00021979 00021970 131308 359 43064.496471088
25.11.2017 11:54:55 +00.16240E+00  0186 034107 1 00021980 00021970 131308 359 43064.4964752431
25.11.2017 11:54:55 +00.16239E+00  0197 034107 1 00021981 00021970 131308 405 43064.4964799421
25.11.2017 11:54:56 +00.16239E+00  0208 034107 1 00021982 00021970 131308 359 43064.4964840856
25.11.2017 11:54:56 +00.16239E+00  0217 034107 1 00021983 00021970 131308 359 43064.4964882407
25.11.2017 11:54:56 +00.16240E+00  0228 034109 1 00021984 00021970 131308 406 43064.4964929398
25.11.2017 11:54:57 +00.16240E+00  0249 034109 1 00021985 00021970 131308 358 43064.4964970949
25.11.2017 11:54:57 +00.16240E+00  0266 034109 1 00021986 00021970 131308 359 43064.4965012384
25.11.2017 11:54:58 +00.16241E+00  0286 034109 1 00021987 00021970 131308 406 43064.4965059375
25.11.2017 11:54:58 +00.16241E+00  0301 034109 1 00021988 00021970 131308 359 43064.4965100926
25.11.2017 11:54:58 +00.16241E+00  0308 034109 1 00021989 00021970 131308 358 43064.4965142477
25.11.2017 11:54:59 +00.16241E+00  0320 034109 1 00021990 00021970 131308 406 43064.4965189352
25.11.2017 11:54:59 +00.16240E+00  0337 034109 1 00021991 00021970 131308 359 43064.4965230903
25.11.2017 11:54:59 +00.16241E+00  0347 034109 1 00021992 00021970 131308 359 43064.4965272454
25.11.2017 11:55:00 +00.16240E+00  0359 034109 1 00021993 00021970 131308 405 43064.4965319329
25.11.2017 11:55:00 +00.16240E+00  0379 034109 1 00021994 00021970 131308 359 43064.496536088
25.11.2017 11:55:01 +00.16241E+00  0390 034109 1 00021995 00021970 131308 359 43064.4965402431
25.11.2017 11:55:01 +00.16240E+00  0407 034109 1 00021996 00021970 131308 405 43064.4965449421
25.11.2017 11:55:01 +00.16240E+00  0417 034109 1 00021997 00021970 131308 359 43064.4965490856
25.11.2017 11:55:02 +00.16241E+00  0424 034109 1 00021998 00021970 131308 359 43064.4965532407
25.11.2017 11:55:02 +00.16241E+00  0434 034109 1 00021999 00021970 131308 406 43064.4965579398
25.11.2017 11:55:02 +00.16241E+00  0446 034109 1 00022000 00021970 131308 358 43064.4965620949
25.11.2017 11:55:03 +00.16241E+00  0461 034109 1 00022001 00021970 131308 359 43064.4965662384
25.11.2017 11:55:03 +00.16240E+00  0472 034109 1 00022002 00021970 131308 406 43064.4965709375
25.11.2017 11:55:04 +00.16240E+00  0488 034109 1 00022003 00021970 131308 359 43064.4965750926
25.11.2017 11:55:04 +00.16240E+00  0498 034109 1 00022004 00021970 131308 358 43064.4965792477
25.11.2017 11:55:04 +00.16240E+00  0512 034109 1 00022005 00021970 131308 406 43064.4965839352
25.11.2017 11:55:05 +00.16240E+00  0530 034109 1 00022006 00021970 131308 359 43064.4965880903
25.11.2017 11:55:05 +00.16240E+00  0547 034109 1 00022007 00021970 131308 359 43064.4965922454
25.11.2017 11:55:05 +00.16240E+00  0567 034109 1 00022008 00021970 131308 405 43064.4965969329
25.11.2017 11:55:06 +00.16240E+00  0588 034109 1 00022009 00021970 131308 359 43064.496601088
25.11.2017 11:55:06 +00.16240E+00  0602 034109 1 00022010 00021970 131308 359 43064.4966052431
25.11.2017 11:55:07 +00.16240E+00  0612 034109 1 00022011 00021970 131308 421 43064.4966101157
25.11.2017 11:55:07 +00.16240E+00  0626 034109 1 00022012 00021970 131308 359 43064.4966142708
25.11.2017 11:55:07 +00.16240E+00  0639 034109 1 00022013 00021970 131308 359 43064.4966184259
25.11.2017 11:55:08 +00.16240E+00  0651 034109 1 00022014 00021970 131308 405 43064.4966231134
25.11.2017 11:55:08 +00.16241E+00  0672 034109 1 00022015 00021970 131308 359 43064.4966272685
25.11.2017 11:55:08 +00.16240E+00  0685 034109 1 00022016 00021970 131308 359 43064.4966314236
25.11.2017 11:55:09 +00.16240E+00  0696 034109 1 00022017 00021970 131308 405 43064.4966361227
25.11.2017 11:55:09 +00.16240E+00  0708 034109 1 00022018 00021970 131308 359 43064.4966402662
25.11.2017 11:55:10 +00.16241E+00  0722 034109 1 00022019 00021970 131308 359 43064.4966444213
25.11.2017 11:55:10 +00.16240E+00  0739 034109 1 00022020 00021970 131308 406 43064.4966491204
25.11.2017 11:55:10 +00.16241E+00  0754 034109 1 00022021 00021970 131308 358 43064.4966532755
25.11.2017 11:55:11 +00.16240E+00  0761 034109 1 00022022 00021970 131308 359 43064.496657419
25.11.2017 11:55:11 +00.16240E+00  0777 034109 1 00022023 00021970 131308 406 43064.4966621181
25.11.2017 11:55:11 +00.16241E+00  0797 034109 1 00022024 00021970 131308 359 43064.4966662731
25.11.2017 11:55:12 +00.16241E+00  0812 034107 1 00022025 00021970 131308 358 43064.4966704282
25.11.2017 11:55:12 +00.16240E+00  0826 034107 1 00022026 00021970 131308 406 43064.4966751157
25.11.2017 11:55:13 +00.16240E+00  0843 034107 1 00022027 00021970 131308 359 43064.4966792708
25.11.2017 11:55:13 +00.16240E+00  0856 034107 1 00022028 00021970 131308 359 43064.4966834259
25.11.2017 11:55:13 +00.16240E+00  0878 034107 1 00022029 00021970 131308 405 43064.4966881134
25.11.2017 11:55:14 +00.16240E+00  0896 034107 1 00022030 00021970 131308 359 43064.4966922685
25.11.2017 11:55:14 +00.16240E+00  0909 034107 1 00022031 00021970 131308 359 43064.4966964236
25.11.2017 11:55:14 +00.16240E+00  0925 034107 1 00022032 00021970 131308 405 43064.4967011227
25.11.2017 11:55:15 +00.16240E+00  0948 034107 1 00022033 00021970 131308 359 43064.4967052662
25.11.2017 11:55:15 +00.16240E+00  0964 034107 1 00022034 00021970 131308 359 43064.4967094213
25.11.2017 11:55:16 +00.16240E+00  0981 034107 1 00022035 00021970 131308 406 43064.4967141204
25.11.2017 11:55:16 +00.16240E+00  0999 034107 1 00022036 00021970 131308 358 43064.4967182755
25.11.2017 11:55:16 +00.16240E+00  1017 034107 1 00022037 00021970 131308 359 43064.496722419
25.11.2017 11:55:17 +00.16239E+00  1021 034107 1 00022038 00021970 131308 406 43064.4967271181
25.11.2017 11:55:17 +00.16240E+00  1037 034109 1 00022039 00021970 131308 359 43064.4967312731
25.11.2017 11:55:17 +00.16240E+00  1051 034109 1 00022040 00021970 131308 358 43064.4967354282
25.11.2017 11:55:18 +00.16240E+00  1069 034109 1 00022041 00021970 131308 406 43064.4967401157
25.11.2017 11:55:18 +00.16240E+00  1081 034109 1 00022042 00021970 131308 359 43064.4967442708
25.11.2017 11:55:19 +00.16241E+00  1094 034109 1 00022043 00021970 131308 359 43064.4967484259
25.11.2017 11:55:19 +00.16241E+00  1111 034109 1 00022044 00021970 131308 405 43064.4967531134
25.11.2017 11:55:19 +00.16240E+00  1124 034109 1 00022045 00021970 131308 359 43064.4967572685
25.11.2017 11:55:20 +00.16241E+00  1140 034109 1 00022046 00021970 131308 359 43064.4967614236
25.11.2017 11:55:20 +00.16240E+00  1153 034109 1 00022047 00021970 131308 405 43064.4967661227
25.11.2017 11:55:20 +00.16240E+00  1168 034109 1 00022048 00021970 131308 359 43064.4967702662
25.11.2017 11:55:21 +00.16240E+00  1186 034109 1 00022049 00021970 131308 359 43064.4967744213
25.11.2017 11:55:21 +00.16240E+00  1199 034109 1 00022050 00021970 131308 406 43064.4967791204
25.11.2017 11:55:22 +00.16241E+00  1211 034109 1 00022051 00021970 131308 358 43064.4967832755
25.11.2017 11:55:22 +00.16240E+00  1227 034109 1 00022052 00021970 131308 359 43064.496787419
25.11.2017 11:55:22 +00.16241E+00  1241 034109 1 00022053 00021970 131308 406 43064.4967921181
25.11.2017 11:55:23 +00.16240E+00  1255 034109 1 00022054 00021970 131308 359 43064.4967962731
25.11.2017 11:55:23 +00.16241E+00  1272 034109 1 00022055 00021970 131308 358 43064.4968004282
25.11.2017 11:55:23 +00.16240E+00  1284 034109 1 00022056 00021970 131308 406 43064.4968051157
25.11.2017 11:55:24 +00.16240E+00  1294 034109 1 00022057 00021970 131308 359 43064.4968092708
25.11.2017 11:55:24 +00.16240E+00  1312 034109 1 00022058 00021970 131308 359 43064.4968134259
25.11.2017 11:55:25 +00.16240E+00  1330 034109 1 00022059 00021970 131308 405 43064.4968181134
25.11.2017 11:55:25 +00.16240E+00  1347 034109 1 00022060 00021970 131308 359 43064.4968222685
25.11.2017 11:55:25 +00.16241E+00  1360 034109 1 00022061 00021970 131308 359 43064.4968264236
25.11.2017 11:55:26 +00.16240E+00  1375 034109 1 00022062 00021970 131308 405 43064.4968311227
25.11.2017 11:55:26 +00.16240E+00  1390 034109 1 00022063 00021970 131308 359 43064.4968352662
25.11.2017 11:55:26 +00.16240E+00  1404 034109 1 00022064 00021970 131308 359 43064.4968394213
25.11.2017 11:55:27 +00.16240E+00  1418 034109 1 00022065 00021970 131308 406 43064.4968441204
25.11.2017 11:55:27 +00.16240E+00  1440 034109 1 00022066 00021970 131308 358 43064.4968482755
25.11.2017 11:55:28 +00.16240E+00  1453 034109 1 00022067 00021970 131308 359 43064.496852419
25.11.2017 11:55:28 +00.16240E+00  1467 034109 1 00022068 00021970 131308 421 43064.4968573032
25.11.2017 11:55:28 +00.16240E+00  1491 034109 1 00022069 00021970 131308 359 43064.4968614468
25.11.2017 11:55:29 +00.16240E+00  1500 034109 1 00022070 00021970 131308 359 43064.4968656019
25.11.2017 11:55:29 +00.16240E+00  1514 034109 1 00022071 00021970 131308 406 43064.4968703009
25.11.2017 11:55:29 +00.16240E+00  1525 034109 1 00022072 00021970 131308 358 43064.496874456
25.11.2017 11:55:30 +00.16240E+00  1540 034109 1 00022073 00021970 131308 359 43064.4968785995
25.11.2017 11:55:30 +00.16240E+00  1556 034109 1 00022074 00021970 131308 406 43064.4968832986
25.11.2017 11:55:31 +00.16240E+00  1583 034109 1 00022075 00021970 131308 359 43064.4968874537
25.11.2017 11:55:31 +00.16241E+00  1598 034109 1 00022076 00021970 131308 358 43064.4968916088
25.11.2017 11:55:31 +00.16240E+00  1609 034109 1 00022077 00021970 131308 406 43064.4968962963
25.11.2017 11:55:32 +00.16241E+00  1624 034109 1 00022078 00021970 131308 359 43064.4969004514
25.11.2017 11:55:32 +00.16240E+00  1643 034109 1 00022079 00021970 131308 359 43064.4969046065
25.11.2017 11:55:32 +00.16240E+00  1660 034109 1 00022080 00021970 131308 405 43064.496909294
25.11.2017 11:55:33 +00.16241E+00  1672 034109 1 00022081 00021970 131308 359 43064.4969134491
25.11.2017 11:55:33 +00.16240E+00  1682 034109 1 00022082 00021970 131308 359 43064.4969176042
25.11.2017 11:55:34 +00.16240E+00  1696 034109 1 00022083 00021970 131308 405 43064.4969223032
25.11.2017 11:55:34 +00.16240E+00  1713 034109 1 00022084 00021970 131308 359 43064.4969264468
25.11.2017 11:55:34 +00.16240E+00  1728 034109 1 00022085 00021970 131308 359 43064.4969306019
25.11.2017 11:55:35 +00.16240E+00  1737 034109 1 00022086 00021970 131308 406 43064.4969353009
25.11.2017 11:55:35 +00.16240E+00  1752 034109 1 00022087 00021970 131308 358 43064.496939456
25.11.2017 11:55:35 +00.16240E+00  1768 034109 1 00022088 00021970 131308 359 43064.4969435995
25.11.2017 11:55:36 +00.16241E+00  1786 034109 1 00022089 00021970 131308 406 43064.4969482986
25.11.2017 11:55:36 +00.16241E+00  1800 034109 1 00022090 00021970 131308 359 43064.4969524537
25.11.2017 11:55:37 +00.16240E+00  1818 034109 1 00022091 00021970 131308 358 43064.4969566088
25.11.2017 11:55:37 +00.16240E+00  1832 034109 1 00022092 00021970 131308 406 43064.4969612963
25.11.2017 11:55:37 +00.16241E+00  1843 034109 1 00022093 00021970 131308 359 43064.4969654514
25.11.2017 11:55:38 +00.16240E+00  1856 034109 1 00022094 00021970 131308 359 43064.4969696065
25.11.2017 11:55:38 +00.16240E+00  1871 034109 1 00022095 00021970 131308 405 43064.496974294
25.11.2017 11:55:38 +00.16240E+00  1881 034109 1 00022096 00021970 131308 359 43064.4969784491
25.11.2017 11:55:39 +00.16240E+00  1895 034109 1 00022097 00021970 131308 359 43064.4969826042
25.11.2017 11:55:39 +00.16240E+00  1905 034109 1 00022098 00021970 131308 405 43064.4969873032
25.11.2017 11:55:40 +00.16240E+00  1918 034109 1 00022099 00021970 131308 359 43064.4969914468
25.11.2017 11:55:40 +00.16240E+00  1929 034109 1 00022100 00021970 131308 359 43064.4969956019
25.11.2017 11:55:40 +00.16240E+00  1942 034109 1 00022101 00021970 131308 406 43064.4970003009
25.11.2017 11:55:41 +00.16240E+00  1956 034109 1 00022102 00021970 131308 358 43064.497004456
25.11.2017 11:55:41 +00.16240E+00  1976 034109 1 00022103 00021970 131308 359 43064.4970085995
25.11.2017 11:55:41 +00.16240E+00  1992 034109 1 00022104 00021970 131308 406 43064.4970132986
25.11.2017 11:55:42 +00.16240E+00  2002 034109 1 00022105 00021970 131308 359 43064.4970174537
25.11.2017 11:55:42 +00.16240E+00  2021 034109 1 00022106 00021970 131308 358 43064.4970216088
25.11.2017 11:55:43 +00.16240E+00  2034 034109 1 00022107 00021970 131308 406 43064.4970262963
25.11.2017 11:55:43 +00.16240E+00  2056 034109 1 00022108 00021970 131308 359 43064.4970304514
25.11.2017 11:55:43 +00.16241E+00  2067 034109 1 00022109 00021970 131308 359 43064.4970346065
25.11.2017 11:55:44 +00.16241E+00  2080 034109 1 00022110 00021970 131308 405 43064.497039294
25.11.2017 11:55:44 +00.16241E+00  2094 034109 1 00022111 00021970 131308 359 43064.4970434491
25.11.2017 11:55:44 +00.16241E+00  2112 034109 1 00022112 00021970 131308 359 43064.4970476042
25.11.2017 11:55:45 +00.16241E+00  2128 034109 1 00022113 00021970 131308 405 43064.4970523032
25.11.2017 11:55:45 +00.16240E+00  2141 034109 1 00022114 00021970 131308 359 43064.4970564468
25.11.2017 11:55:46 +00.16240E+00  2153 034109 1 00022115 00021970 131308 359 43064.4970606019
25.11.2017 11:55:46 +00.16241E+00  2163 034109 1 00022116 00021970 131308 406 43064.4970653009
25.11.2017 11:55:46 +00.16241E+00  2180 034109 1 00022117 00021970 131308 358 43064.497069456
25.11.2017 11:55:47 +00.16240E+00  2196 034109 1 00022118 00021970 131308 359 43064.4970735995
25.11.2017 11:55:47 +00.16241E+00  2220 034109 1 00022119 00021970 131308 406 43064.4970782986
25.11.2017 11:55:47 +00.16240E+00  2238 034109 1 00022120 00021970 131308 359 43064.4970824537
25.11.2017 11:55:48 +00.16240E+00  2246 034109 1 00022121 00021970 131308 358 43064.4970866088
25.11.2017 11:55:48 +00.16240E+00  2257 034109 1 00022122 00021970 131308 406 43064.4970912963
25.11.2017 11:55:49 +00.16241E+00  2271 034109 1 00022123 00021970 131308 359 43064.4970954514
25.11.2017 11:55:49 +00.16240E+00  2285 034109 1 00022124 00021970 131308 359 43064.4970996065
25.11.2017 11:55:49 +00.16240E+00  2295 034109 1 00022125 00021970 131308 421 43064.4971044792
25.11.2017 11:55:50 +00.16241E+00  2309 034109 1 00022126 00021970 131308 359 43064.4971086343
25.11.2017 11:55:50 +00.16241E+00  2325 034109 1 00022127 00021970 131308 358 43064.4971127894
25.11.2017 11:55:50 +00.16240E+00  2337 034109 1 00022128 00021970 131308 406 43064.4971174769
25.11.2017 11:55:51 +00.16240E+00  2354 034109 1 00022129 00021970 131308 359 43064.4971216319
25.11.2017 11:55:51 +00.16240E+00  2378 034109 1 00022130 00021970 131308 359 43064.497125787
25.11.2017 11:55:57 +00.16250E+00  0010 034129 1 00022131 00022131 131308 422 43064.4971889815
25.11.2017 11:55:57 +00.16250E+00  0037 034129 1 00022132 00022131 131308 358 43064.4971931366
25.11.2017 11:55:57 +00.16250E+00  0055 034129 1 00022133 00022131 131308 359 43064.4971972801
25.11.2017 11:55:58 +00.16250E+00  0066 034129 1 00022134 00022131 131308 406 43064.4972019792
25.11.2017 11:55:58 +00.16250E+00  0078 034129 1 00022135 00022131 131308 359 43064.4972061343
25.11.2017 11:55:58 +00.16250E+00  0098 034129 1 00022136 00022131 131308 358 43064.4972102894
25.11.2017 11:55:59 +00.16250E+00  0107 034129 1 00022137 00022131 131308 406 43064.4972149769
25.11.2017 11:55:59 +00.16250E+00  0122 034129 1 00022138 00022131 131308 359 43064.4972191319
25.11.2017 11:56:00 +00.16250E+00  0144 034129 1 00022139 00022131 131308 359 43064.497223287
25.11.2017 11:56:00 +00.16250E+00  0160 034129 1 00022140 00022131 131308 405 43064.4972279745
25.11.2017 11:56:00 +00.16250E+00  0176 034129 1 00022141 00022131 131308 359 43064.4972321296
25.11.2017 11:56:01 +00.16250E+00  0189 034129 1 00022142 00022131 131308 359 43064.4972362847
25.11.2017 11:56:01 +00.16250E+00  0198 034129 1 00022143 00022131 131308 405 43064.4972409838
25.11.2017 11:56:01 +00.16250E+00  0217 034129 1 00022144 00022131 131308 359 43064.4972451273
25.11.2017 11:56:02 +00.16250E+00  0239 034129 1 00022145 00022131 131308 359 43064.4972492824
25.11.2017 11:56:02 +00.16250E+00  0249 034129 1 00022146 00022131 131308 406 43064.4972539815
25.11.2017 11:56:03 +00.16250E+00  0260 034129 1 00022147 00022131 131308 358 43064.4972581366
25.11.2017 11:56:03 +00.16250E+00  0283 034129 1 00022148 00022131 131308 359 43064.4972622801
25.11.2017 11:56:03 +00.16250E+00  0303 034129 1 00022149 00022131 131308 406 43064.4972669792
25.11.2017 11:56:04 +00.16250E+00  0312 034129 1 00022150 00022131 131308 359 43064.4972711343
25.11.2017 11:56:04 +00.16250E+00  0327 034129 1 00022151 00022131 131308 358 43064.4972752894
25.11.2017 11:56:04 +00.16250E+00  0340 034129 1 00022152 00022131 131308 406 43064.4972799769
25.11.2017 11:56:05 +00.16250E+00  0357 034129 1 00022153 00022131 131308 359 43064.4972841319
25.11.2017 11:56:05 +00.16250E+00  0379 034129 1 00022154 00022131 131308 359 43064.497288287
25.11.2017 11:56:06 +00.16250E+00  0382 034129 1 00022155 00022131 131308 405 43064.4972929745
25.11.2017 11:56:06 +00.16250E+00  0393 034129 1 00022156 00022131 131308 359 43064.4972971296
25.11.2017 11:56:06 +00.16250E+00  0408 034129 1 00022157 00022131 131308 359 43064.4973012847
25.11.2017 11:56:07 +00.16250E+00  0421 034129 1 00022158 00022131 131308 405 43064.4973059838
25.11.2017 11:56:07 +00.16250E+00  0440 034129 1 00022159 00022131 131308 359 43064.4973101273
25.11.2017 11:56:07 +00.16250E+00  0460 034129 1 00022160 00022131 131308 359 43064.4973142824
25.11.2017 11:56:08 +00.16250E+00  0470 034129 1 00022161 00022131 131308 406 43064.4973189815
25.11.2017 11:56:08 +00.16250E+00  0486 034129 1 00022162 00022131 131308 358 43064.4973231366
25.11.2017 11:56:09 +00.16250E+00  0506 034129 1 00022163 00022131 131308 359 43064.4973272801
25.11.2017 11:56:09 +00.16250E+00  0517 034129 1 00022164 00022131 131308 406 43064.4973319792
25.11.2017 11:56:09 +00.16250E+00  0544 034129 1 00022165 00022131 131308 359 43064.4973361343
25.11.2017 11:56:10 +00.16250E+00  0555 034129 1 00022166 00022131 131308 358 43064.4973402894
25.11.2017 11:56:10 +00.16250E+00  0565 034129 1 00022167 00022131 131308 422 43064.497345162
25.11.2017 11:56:10 +00.16250E+00  0586 034129 1 00022168 00022131 131308 358 43064.4973493171
25.11.2017 11:56:11 +00.16250E+00  0608 034129 1 00022169 00022131 131308 359 43064.4973534606
25.11.2017 11:56:11 +00.16250E+00  0629 034129 1 00022170 00022131 131308 406 43064.4973581597
25.11.2017 11:56:12 +00.16250E+00  0647 034129 1 00022171 00022131 131308 359 43064.4973623148
25.11.2017 11:56:12 +00.16250E+00  0661 034129 1 00022172 00022131 131308 358 43064.4973664699
25.11.2017 11:56:12 +00.16250E+00  0684 034129 1 00022173 00022131 131308 406 43064.4973711574
25.11.2017 11:56:13 +00.16250E+00  0702 034129 1 00022174 00022131 131308 359 43064.4973753125
25.11.2017 11:56:13 +00.16250E+00  0717 034129 1 00022175 00022131 131308 359 43064.4973794676
25.11.2017 11:56:13 +00.16250E+00  0736 034129 1 00022176 00022131 131308 405 43064.4973841551
25.11.2017 11:56:14 +00.16250E+00  0748 034129 1 00022177 00022131 131308 359 43064.4973883102
25.11.2017 11:56:14 +00.16250E+00  0766 034129 1 00022178 00022131 131308 359 43064.4973924653
25.11.2017 11:56:15 +00.16250E+00  0787 034129 1 00022179 00022131 131308 405 43064.4973971643
25.11.2017 11:56:15 +00.16250E+00  0803 034129 1 00022180 00022131 131308 359 43064.4974013079
25.11.2017 11:56:15 +00.16250E+00  0820 034129 1 00022181 00022131 131308 359 43064.497405463
25.11.2017 11:56:16 +00.16250E+00  0837 034129 1 00022182 00022131 131308 406 43064.497410162
25.11.2017 11:56:16 +00.16250E+00  0855 034129 1 00022183 00022131 131308 358 43064.4974143171
25.11.2017 11:56:16 +00.16250E+00  0865 034129 1 00022184 00022131 131308 359 43064.4974184606
25.11.2017 11:56:17 +00.16250E+00  0876 034129 1 00022185 00022131 131308 406 43064.4974231597
25.11.2017 11:56:17 +00.16250E+00  0893 034129 1 00022186 00022131 131308 359 43064.4974273148
25.11.2017 11:56:18 +00.16250E+00  0911 034129 1 00022187 00022131 131308 358 43064.4974314699
25.11.2017 11:56:18 +00.16250E+00  0923 034129 1 00022188 00022131 131308 406 43064.4974361574
25.11.2017 11:56:18 +00.16250E+00  0943 034129 1 00022189 00022131 131308 359 43064.4974403125
25.11.2017 11:56:19 +00.16250E+00  0957 034129 1 00022190 00022131 131308 359 43064.4974444676
25.11.2017 11:56:19 +00.16250E+00  0975 034129 1 00022191 00022131 131308 405 43064.4974491551
25.11.2017 11:56:19 +00.16250E+00  0996 034129 1 00022192 00022131 131308 359 43064.4974533102
25.11.2017 11:56:20 +00.16250E+00  1014 034129 1 00022193 00022131 131308 359 43064.4974574653
25.11.2017 11:56:20 +00.16250E+00  1033 034129 1 00022194 00022131 131308 405 43064.4974621643
25.11.2017 11:56:21 +00.16250E+00  1056 034129 1 00022195 00022131 131308 359 43064.4974663079
25.11.2017 11:56:21 +00.16250E+00  1074 034129 1 00022196 00022131 131308 359 43064.497470463
25.11.2017 11:56:21 +00.16250E+00  1095 034129 1 00022197 00022131 131308 406 43064.497475162
25.11.2017 11:56:22 +00.16250E+00  1109 034129 1 00022198 00022131 131308 358 43064.4974793171
25.11.2017 11:56:22 +00.16250E+00  1133 034129 1 00022199 00022131 131308 359 43064.4974834606
25.11.2017 11:56:22 +00.16250E+00  1141 034129 1 00022200 00022131 131308 406 43064.4974881597
25.11.2017 11:56:23 +00.16250E+00  1153 034129 1 00022201 00022131 131308 359 43064.4974923148
25.11.2017 11:56:23 +00.16250E+00  1166 034129 1 00022202 00022131 131308 358 43064.4974964699
25.11.2017 11:56:24 +00.16250E+00  1182 034129 1 00022203 00022131 131308 406 43064.4975011574
25.11.2017 11:56:24 +00.16250E+00  1201 034129 1 00022204 00022131 131308 359 43064.4975053125
25.11.2017 11:56:24 +00.16250E+00  1216 034129 1 00022205 00022131 131308 359 43064.4975094676
25.11.2017 11:56:25 +00.16250E+00  1235 034129 1 00022206 00022131 131308 405 43064.4975141551
25.11.2017 11:56:25 +00.16250E+00  1253 034129 1 00022207 00022131 131308 359 43064.4975183102
25.11.2017 11:56:25 +00.16250E+00  1274 034129 1 00022208 00022131 131308 359 43064.4975224653
25.11.2017 11:56:26 +00.16250E+00  1288 034129 1 00022209 00022131 131308 405 43064.4975271643
25.11.2017 11:56:26 +00.16250E+00  1301 034129 1 00022210 00022131 131308 359 43064.4975313079
25.11.2017 11:56:27 +00.16250E+00  1326 034129 1 00022211 00022131 131308 359 43064.497535463
25.11.2017 11:56:27 +00.16250E+00  1343 034129 1 00022212 00022131 131308 406 43064.497540162
25.11.2017 11:56:27 +00.16250E+00  1363 034129 1 00022213 00022131 131308 358 43064.4975443171
25.11.2017 11:56:28 +00.16250E+00  1378 034129 1 00022214 00022131 131308 359 43064.4975484606
25.11.2017 11:56:28 +00.16250E+00  1394 034129 1 00022215 00022131 131308 406 43064.4975531597
25.11.2017 11:56:28 +00.16250E+00  1412 034129 1 00022216 00022131 131308 359 43064.4975573148
25.11.2017 11:56:29 +00.16250E+00  1423 034129 1 00022217 00022131 131308 358 43064.4975614699
25.11.2017 11:56:29 +00.16250E+00  1446 034129 1 00022218 00022131 131308 406 43064.4975661574
25.11.2017 11:56:30 +00.16250E+00  1457 034129 1 00022219 00022131 131308 359 43064.4975703125
25.11.2017 11:56:30 +00.16250E+00  1467 034129 1 00022220 00022131 131308 359 43064.4975744676
25.11.2017 11:56:30 +00.16250E+00  1486 034129 1 00022221 00022131 131308 405 43064.4975791551
25.11.2017 11:56:31 +00.16250E+00  1498 034129 1 00022222 00022131 131308 359 43064.4975833102
25.11.2017 11:56:31 +00.16250E+00  1510 034129 1 00022223 00022131 131308 359 43064.4975874653
25.11.2017 11:56:31 +00.16250E+00  1523 034129 1 00022224 00022131 131308 405 43064.4975921643
25.11.2017 11:56:32 +00.16250E+00  1535 034129 1 00022225 00022131 131308 359 43064.4975963079
25.11.2017 11:56:32 +00.16250E+00  1549 034129 1 00022226 00022131 131308 359 43064.497600463
25.11.2017 11:56:33 +00.16250E+00  1568 034129 1 00022227 00022131 131308 421 43064.4976053357
25.11.2017 11:56:33 +00.16250E+00  1588 034129 1 00022228 00022131 131308 359 43064.4976094907
25.11.2017 11:56:33 +00.16250E+00  1605 034129 1 00022229 00022131 131308 359 43064.4976136458
25.11.2017 11:56:34 +00.16250E+00  1620 034129 1 00022230 00022131 131308 405 43064.4976183449
25.11.2017 11:56:34 +00.16250E+00  1634 034129 1 00022231 00022131 131308 359 43064.4976224884
25.11.2017 11:56:34 +00.16250E+00  1648 034129 1 00022232 00022131 131308 359 43064.4976266435
25.11.2017 11:56:35 +00.16250E+00  1666 034129 1 00022233 00022131 131308 406 43064.4976313426
25.11.2017 11:56:35 +00.16250E+00  1691 034129 1 00022234 00022131 131308 358 43064.4976354977
25.11.2017 11:56:36 +00.16250E+00  1709 034129 1 00022235 00022131 131308 359 43064.4976396412
25.11.2017 11:56:36 +00.16250E+00  1724 034129 1 00022236 00022131 131308 406 43064.4976443403
25.11.2017 11:56:36 +00.16250E+00  1747 034129 1 00022237 00022131 131308 359 43064.4976484954
25.11.2017 11:56:37 +00.16250E+00  1760 034129 1 00022238 00022131 131308 358 43064.4976526505
25.11.2017 11:56:37 +00.16250E+00  1775 034129 1 00022239 00022131 131308 406 43064.497657338
25.11.2017 11:56:37 +00.16250E+00  1799 034129 1 00022240 00022131 131308 359 43064.4976614931
25.11.2017 11:56:38 +00.16250E+00  1820 034129 1 00022241 00022131 131308 359 43064.4976656481
25.11.2017 11:56:38 +00.16250E+00  1834 034129 1 00022242 00022131 131308 405 43064.4976703357
25.11.2017 11:56:39 +00.16250E+00  1863 034129 1 00022243 00022131 131308 359 43064.4976744907
25.11.2017 11:56:39 +00.16250E+00  1882 034129 1 00022244 00022131 131308 359 43064.4976786458
25.11.2017 11:56:39 +00.16250E+00  1894 034129 1 00022245 00022131 131308 405 43064.4976833449
25.11.2017 11:56:40 +00.16250E+00  1912 034129 1 00022246 00022131 131308 359 43064.4976874884
25.11.2017 11:56:40 +00.16250E+00  1922 034129 1 00022247 00022131 131308 359 43064.4976916435
25.11.2017 11:56:40 +00.16250E+00  1941 034129 1 00022248 00022131 131308 406 43064.4976963426
25.11.2017 11:56:41 +00.16250E+00  1956 034129 1 00022249 00022131 131308 358 43064.4977004977
25.11.2017 11:56:41 +00.16250E+00  1975 034129 1 00022250 00022131 131308 359 43064.4977046412
25.11.2017 11:56:42 +00.16250E+00  1980 034129 1 00022251 00022131 131308 406 43064.4977093403
25.11.2017 11:56:42 +00.16250E+00  2000 034129 1 00022252 00022131 131308 359 43064.4977134954
25.11.2017 11:56:42 +00.16250E+00  2023 034129 1 00022253 00022131 131308 358 43064.4977176505
25.11.2017 11:56:43 +00.16250E+00  2041 034129 1 00022254 00022131 131308 406 43064.497722338
25.11.2017 11:56:43 +00.16250E+00  2063 034129 1 00022255 00022131 131308 359 43064.4977264931
25.11.2017 11:56:43 +00.16250E+00  2082 034129 1 00022256 00022131 131308 359 43064.4977306481
25.11.2017 11:56:44 +00.16250E+00  2093 034129 1 00022257 00022131 131308 405 43064.4977353357
25.11.2017 11:56:44 +00.16250E+00  2107 034129 1 00022258 00022131 131308 359 43064.4977394907
25.11.2017 11:56:45 +00.16250E+00  2125 034129 1 00022259 00022131 131308 359 43064.4977436458
25.11.2017 11:56:45 +00.16250E+00  2142 034129 1 00022260 00022131 131308 405 43064.4977483449
25.11.2017 11:56:45 +00.16250E+00  2160 034129 1 00022261 00022131 131308 359 43064.4977524884
25.11.2017 11:56:46 +00.16250E+00  2175 034129 1 00022262 00022131 131308 359 43064.4977566435
25.11.2017 11:56:46 +00.16251E+00  2199 034129 1 00022263 00022131 131308 406 43064.4977613426
25.11.2017 11:56:46 +00.16250E+00  2215 034129 1 00022264 00022131 131308 358 43064.4977654977
25.11.2017 11:56:47 +00.16249E+00  2227 034129 1 00022265 00022131 131308 359 43064.4977696412
25.11.2017 11:56:47 +00.16250E+00  2241 034129 1 00022266 00022131 131308 406 43064.4977743403
25.11.2017 11:56:48 +00.16250E+00  2263 034129 1 00022267 00022131 131308 359 43064.4977784954
25.11.2017 11:56:48 +00.16250E+00  2280 034129 1 00022268 00022131 131308 358 43064.4977826505
25.11.2017 11:56:48 +00.16250E+00  2292 034129 1 00022269 00022131 131308 406 43064.497787338
25.11.2017 11:56:49 +00.16250E+00  2301 034129 1 00022270 00022131 131308 359 43064.4977914931
25.11.2017 11:56:49 +00.16250E+00  2318 034129 1 00022271 00022131 131308 359 43064.4977956481
25.11.2017 11:56:49 +00.16250E+00  2333 034129 1 00022272 00022131 131308 405 43064.4978003356
25.11.2017 11:56:50 +00.16250E+00  2352 034129 1 00022273 00022131 131308 359 43064.4978044907
25.11.2017 11:56:50 +00.16250E+00  2364 034129 1 00022274 00022131 131308 359 43064.4978086458
25.11.2017 11:56:51 +00.16250E+00  2379 034129 1 00022275 00022131 131308 405 43064.4978133449
25.11.2017 11:56:51 +00.16250E+00  2394 034129 1 00022276 00022131 131308 359 43064.4978174884
25.11.2017 11:56:51 +00.16250E+00  2402 034129 1 00022277 00022131 131308 359 43064.4978216435
25.11.2017 11:56:52 +00.16250E+00  2419 034129 1 00022278 00022131 131308 406 43064.4978263426
25.11.2017 11:56:52 +00.16250E+00  2435 034129 1 00022279 00022131 131308 358 43064.4978304977
25.11.2017 11:56:52 +00.16250E+00  2453 034129 1 00022280 00022131 131308 359 43064.4978346412
25.11.2017 11:56:53 +00.16250E+00  2474 034129 1 00022281 00022131 131308 406 43064.4978393403
25.11.2017 11:56:53 +00.16250E+00  2486 034129 1 00022282 00022131 131308 359 43064.4978434954
25.11.2017 11:56:54 +00.16250E+00  2503 034129 1 00022283 00022131 131308 358 43064.4978476505
25.11.2017 11:56:54 +00.16250E+00  2522 034129 1 00022284 00022131 131308 422 43064.4978525231
25.11.2017 11:56:54 +00.16250E+00  2538 034129 1 00022285 00022131 131308 358 43064.4978566782
25.11.2017 11:56:55 +00.16250E+00  2548 034129 1 00022286 00022131 131308 359 43064.4978608218
25.11.2017 11:56:55 +00.16250E+00  2561 034129 1 00022287 00022131 131308 406 43064.4978655208
25.11.2017 11:56:55 +00.16250E+00  2578 034129 1 00022288 00022131 131308 359 43064.4978696759
25.11.2017 11:56:56 +00.16250E+00  2595 034129 1 00022289 00022131 131308 358 43064.497873831
25.11.2017 11:56:56 +00.16250E+00  2611 034129 1 00022290 00022131 131308 406 43064.4978785185