
25.11.2017 11:57:01 +00.16300E+00  0016 034233 1 00022291 00022291 131308 421 43064.4979305208
25.11.2017 11:57:01 +00.16300E+00  0039 034233 1 00022292 00022291 131308 359 43064.4979346759
25.11.2017 11:57:01 +00.16300E+00  0050 034233 1 00022293 00022291 131308 358 43064.497938831
25.11.2017 11:57:02 +00.16299E+00  0069 034233 1 00022294 00022291 131308 406 43064.4979435185
25.11.2017 11:57:02 +00.16300E+00  0088 034233 1 00022295 00022291 131308 359 43064.4979476736
25.11.2017 11:57:03 +00.16300E+00  0105 034233 1 00022296 00022291 131308 359 43064.4979518287
25.11.2017 11:57:03 +00.16300E+00  0123 034233 1 00022297 00022291 131308 405 43064.4979565162
25.11.2017 11:57:03 +00.16300E+00  0140 034233 1 00022298 00022291 131308 359 43064.4979606713
25.11.2017 11:57:04 +00.16300E+00  0151 034233 1 00022299 00022291 131308 359 43064.4979648264
25.11.2017 11:57:04 +00.16300E+00  0158 034233 1 00022300 00022291 131308 405 43064.4979695255
25.11.2017 11:57:04 +00.16299E+00  0170 034233 1 00022301 00022291 131308 359 43064.497973669
25.11.2017 11:57:05 +00.16299E+00  0181 034233 1 00022302 00022291 131308 359 43064.4979778241
25.11.2017 11:57:05 +00.16300E+00  0195 034233 1 00022303 00022291 131308 406 43064.4979825231
25.11.2017 11:57:06 +00.16300E+00  0211 034233 1 00022304 00022291 131308 358 43064.4979866782
25.11.2017 11:57:06 +00.16300E+00  0225 034233 1 00022305 00022291 131308 359 43064.4979908218
25.11.2017 11:57:06 +00.16299E+00  0240 034233 1 00022306 00022291 131308 406 43064.4979955208
25.11.2017 11:57:07 +00.16300E+00  0259 034233 1 00022307 00022291 131308 359 43064.4979996759
25.11.2017 11:57:07 +00.16300E+00  0275 034233 1 00022308 00022291 131308 358 43064.498003831
25.11.2017 11:57:07 +00.16299E+00  0288 034233 1 00022309 00022291 131308 406 43064.4980085185
25.11.2017 11:57:08 +00.16299E+00  0303 034233 1 00022310 00022291 131308 359 43064.4980126736
25.11.2017 11:57:08 +00.16299E+00  0317 034233 1 00022311 00022291 131308 359 43064.4980168287
25.11.2017 11:57:09 +00.16299E+00  0331 034233 1 00022312 00022291 131308 405 43064.4980215162
25.11.2017 11:57:09 +00.16299E+00  0345 034233 1 00022313 00022291 131308 359 43064.4980256713
25.11.2017 11:57:09 +00.16300E+00  0360 034233 1 00022314 00022291 131308 359 43064.4980298264
25.11.2017 11:57:10 +00.16299E+00  0384 034233 1 00022315 00022291 131308 405 43064.4980345255
25.11.2017 11:57:10 +00.16299E+00  0398 034233 1 00022316 00022291 131308 359 43064.498038669
25.11.2017 11:57:10 +00.16299E+00  0414 034233 1 00022317 00022291 131308 359 43064.4980428241
25.11.2017 11:57:11 +00.16299E+00  0428 034233 1 00022318 00022291 131308 406 43064.4980475231
25.11.2017 11:57:11 +00.16300E+00  0443 034235 1 00022319 00022291 131308 358 43064.4980516782
25.11.2017 11:57:12 +00.16300E+00  0454 034235 1 00022320 00022291 131308 359 43064.4980558218
25.11.2017 11:57:12 +00.16300E+00  0467 034235 1 00022321 00022291 131308 406 43064.4980605208
25.11.2017 11:57:12 +00.16300E+00  0492 034235 1 00022322 00022291 131308 359 43064.4980646759
25.11.2017 11:57:13 +00.16300E+00  0505 034235 1 00022323 00022291 131308 358 43064.498068831
25.11.2017 11:57:13 +00.16300E+00  0517 034235 1 00022324 00022291 131308 406 43064.4980735185
25.11.2017 11:57:13 +00.16298E+00  0528 034235 1 00022325 00022291 131308 359 43064.4980776736
25.11.2017 11:57:14 +00.16301E+00  0548 034235 1 00022326 00022291 131308 359 43064.4980818287
25.11.2017 11:57:14 +00.16301E+00  0563 034235 1 00022327 00022291 131308 405 43064.4980865162
25.11.2017 11:57:15 +00.16301E+00  0574 034235 1 00022328 00022291 131308 359 43064.4980906713
25.11.2017 11:57:15 +00.16300E+00  0586 034235 1 00022329 00022291 131308 359 43064.4980948264
25.11.2017 11:57:15 +00.16300E+00  0602 034235 1 00022330 00022291 131308 421 43064.4980996991
25.11.2017 11:57:16 +00.16301E+00  0624 034235 1 00022331 00022291 131308 359 43064.4981038542
25.11.2017 11:57:16 +00.16301E+00  0643 034235 1 00022332 00022291 131308 359 43064.4981080093
25.11.2017 11:57:16 +00.16299E+00  0661 034233 1 00022333 00022291 131308 405 43064.4981126968
25.11.2017 11:57:17 +00.16295E+00  0681 034233 1 00022334 00022291 131308 359 43064.4981168518
25.11.2017 11:57:17 +00.16301E+00  0699 034233 1 00022335 00022291 131308 359 43064.4981210069
25.11.2017 11:57:18 +00.16302E+00  0717 034233 1 00022336 00022291 131308 405 43064.498125706
25.11.2017 11:57:18 +00.16301E+00  0729 034233 1 00022337 00022291 131308 359 43064.4981298495
25.11.2017 11:57:18 +00.16300E+00  0744 034233 1 00022338 00022291 131308 359 43064.4981340046
25.11.2017 11:57:19 +00.16299E+00  0762 034233 1 00022339 00022291 131308 406 43064.4981387037
25.11.2017 11:57:19 +00.16299E+00  0778 034233 1 00022340 00022291 131308 358 43064.4981428588
25.11.2017 11:57:19 +00.16300E+00  0792 034233 1 00022341 00022291 131308 359 43064.4981470023
25.11.2017 11:57:20 +00.16300E+00  0808 034233 1 00022342 00022291 131308 406 43064.4981517014
25.11.2017 11:57:20 +00.16299E+00  0825 034233 1 00022343 00022291 131308 359 43064.4981558565
25.11.2017 11:57:21 +00.16299E+00  0846 034233 1 00022344 00022291 131308 358 43064.4981600116
25.11.2017 11:57:21 +00.16300E+00  0860 034233 1 00022345 00022291 131308 406 43064.4981646991
25.11.2017 11:57:21 +00.16299E+00  0876 034233 1 00022346 00022291 131308 359 43064.4981688542
25.11.2017 11:57:22 +00.16299E+00  0894 034235 1 00022347 00022291 131308 359 43064.4981730093
25.11.2017 11:57:22 +00.16300E+00  0907 034235 1 00022348 00022291 131308 405 43064.4981776968
25.11.2017 11:57:22 +00.16300E+00  0925 034235 1 00022349 00022291 131308 359 43064.4981818519
25.11.2017 11:57:23 +00.16300E+00  0934 034235 1 00022350 00022291 131308 359 43064.4981860069
25.11.2017 11:57:23 +00.16300E+00  0947 034235 1 00022351 00022291 131308 405 43064.498190706
25.11.2017 11:57:24 +00.16300E+00  0958 034235 1 00022352 00022291 131308 359 43064.4981948495
25.11.2017 11:57:24 +00.16301E+00  0975 034235 1 00022353 00022291 131308 359 43064.4981990046
25.11.2017 11:57:24 +00.16300E+00  0991 034235 1 00022354 00022291 131308 406 43064.4982037037
25.11.2017 11:57:25 +00.16300E+00  1006 034235 1 00022355 00022291 131308 358 43064.4982078588
25.11.2017 11:57:25 +00.16301E+00  1017 034235 1 00022356 00022291 131308 359 43064.4982120023
25.11.2017 11:57:25 +00.16301E+00  1034 034235 1 00022357 00022291 131308 406 43064.4982167014
25.11.2017 11:57:26 +00.16300E+00  1044 034235 1 00022358 00022291 131308 359 43064.4982208565
25.11.2017 11:57:26 +00.16300E+00  1063 034235 1 00022359 00022291 131308 358 43064.4982250116
25.11.2017 11:57:27 +00.16301E+00  1078 034235 1 00022360 00022291 131308 406 43064.4982296991
25.11.2017 11:57:27 +00.16301E+00  1097 034235 1 00022361 00022291 131308 359 43064.4982338542
25.11.2017 11:57:27 +00.16300E+00  1112 034233 1 00022362 00022291 131308 359 43064.4982380093
25.11.2017 11:57:28 +00.16300E+00  1123 034233 1 00022363 00022291 131308 405 43064.4982426968
25.11.2017 11:57:28 +00.16299E+00  1140 034233 1 00022364 00022291 131308 359 43064.4982468519
25.11.2017 11:57:28 +00.16300E+00  1144 034233 1 00022365 00022291 131308 359 43064.4982510069
25.11.2017 11:57:29 +00.16300E+00  1159 034233 1 00022366 00022291 131308 405 43064.498255706
25.11.2017 11:57:29 +00.16300E+00  1178 034233 1 00022367 00022291 131308 359 43064.4982598495
25.11.2017 11:57:30 +00.16299E+00  1197 034233 1 00022368 00022291 131308 359 43064.4982640046
25.11.2017 11:57:30 +00.16300E+00  1218 034233 1 00022369 00022291 131308 406 43064.4982687037
25.11.2017 11:57:30 +00.16300E+00  1232 034233 1 00022370 00022291 131308 358 43064.4982728588
25.11.2017 11:57:31 +00.16300E+00  1243 034233 1 00022371 00022291 131308 359 43064.4982770023
25.11.2017 11:57:31 +00.16300E+00  1256 034233 1 00022372 00022291 131308 406 43064.4982817014
25.11.2017 11:57:31 +00.16299E+00  1288 034233 1 00022373 00022291 131308 359 43064.4982858565
25.11.2017 11:57:37 +00.16320E+00  0015 034275 1 00022374 00022374 131308 359 43064.4983481481
25.11.2017 11:57:37 +00.16319E+00  0033 034275 1 00022375 00022374 131308 358 43064.4983523032
25.11.2017 11:57:38 +00.16319E+00  0048 034275 1 00022376 00022374 131308 375 43064.4983566319
25.11.2017 11:57:38 +00.16319E+00  0068 034275 1 00022377 00022374 131308 359 43064.498360787
25.11.2017 11:57:38 +00.16319E+00  0089 034275 1 00022378 00022374 131308 358 43064.4983649421
25.11.2017 11:57:39 +00.16319E+00  0109 034275 1 00022379 00022374 131308 406 43064.4983696296
25.11.2017 11:57:39 +00.16319E+00  0117 034275 1 00022380 00022374 131308 359 43064.4983737847
25.11.2017 11:57:39 +00.16319E+00  0133 034275 1 00022381 00022374 131308 359 43064.4983779398
25.11.2017 11:57:40 +00.16319E+00  0148 034275 1 00022382 00022374 131308 405 43064.4983826273
25.11.2017 11:57:40 +00.16319E+00  0164 034275 1 00022383 00022374 131308 359 43064.4983867824
25.11.2017 11:57:40 +00.16320E+00  0187 034275 1 00022384 00022374 131308 359 43064.4983909375
25.11.2017 11:57:41 +00.16320E+00  0199 034275 1 00022385 00022374 131308 405 43064.4983956366
25.11.2017 11:57:41 +00.16320E+00  0218 034275 1 00022386 00022374 131308 359 43064.4983997801
25.11.2017 11:57:42 +00.16320E+00  0234 034275 1 00022387 00022374 131308 359 43064.4984039352
25.11.2017 11:57:42 +00.16319E+00  0252 034275 1 00022388 00022374 131308 406 43064.4984086343
25.11.2017 11:57:42 +00.16320E+00  0276 034275 1 00022389 00022374 131308 358 43064.4984127894
25.11.2017 11:57:43 +00.16319E+00  0288 034275 1 00022390 00022374 131308 359 43064.4984169329
25.11.2017 11:57:43 +00.16320E+00  0297 034275 1 00022391 00022374 131308 406 43064.4984216319
25.11.2017 11:57:43 +00.16320E+00  0315 034275 1 00022392 00022374 131308 359 43064.498425787
25.11.2017 11:57:44 +00.16320E+00  0333 034275 1 00022393 00022374 131308 358 43064.4984299421
25.11.2017 11:57:44 +00.16320E+00  0345 034275 1 00022394 00022374 131308 406 43064.4984346296
25.11.2017 11:57:45 +00.16319E+00  0356 034275 1 00022395 00022374 131308 359 43064.4984387847
25.11.2017 11:57:45 +00.16320E+00  0371 034275 1 00022396 00022374 131308 359 43064.4984429398
25.11.2017 11:57:45 +00.16320E+00  0381 034275 1 00022397 00022374 131308 405 43064.4984476273
25.11.2017 11:57:46 +00.16320E+00  0396 034275 1 00022398 00022374 131308 359 43064.4984517824
25.11.2017 11:57:46 +00.16320E+00  0412 034275 1 00022399 00022374 131308 359 43064.4984559375
25.11.2017 11:57:46 +00.16320E+00  0425 034275 1 00022400 00022374 131308 405 43064.4984606366
25.11.2017 11:57:47 +00.16319E+00  0448 034275 1 00022401 00022374 131308 359 43064.4984647801
25.11.2017 11:57:47 +00.16320E+00  0458 034277 1 00022402 00022374 131308 359 43064.4984689352
25.11.2017 11:57:48 +00.16320E+00  0475 034277 1 00022403 00022374 131308 406 43064.4984736343
25.11.2017 11:57:48 +00.16320E+00  0487 034277 1 00022404 00022374 131308 358 43064.4984777894
25.11.2017 11:57:48 +00.16320E+00  0500 034277 1 00022405 00022374 131308 359 43064.4984819329
25.11.2017 11:57:49 +00.16320E+00  0515 034277 1 00022406 00022374 131308 406 43064.4984866319
25.11.2017 11:57:49 +00.16320E+00  0529 034277 1 00022407 00022374 131308 359 43064.498490787
25.11.2017 11:57:49 +00.16320E+00  0542 034277 1 00022408 00022374 131308 358 43064.4984949421
25.11.2017 11:57:50 +00.16320E+00  0554 034277 1 00022409 00022374 131308 406 43064.4984996296
25.11.2017 11:57:50 +00.16320E+00  0568 034277 1 00022410 00022374 131308 359 43064.4985037847
25.11.2017 11:57:51 +00.16320E+00  0590 034277 1 00022411 00022374 131308 359 43064.4985079398
25.11.2017 11:57:51 +00.16320E+00  0597 034277 1 00022412 00022374 131308 405 43064.4985126273
25.11.2017 11:57:51 +00.16320E+00  0620 034277 1 00022413 00022374 131308 359 43064.4985167824
25.11.2017 11:57:52 +00.16320E+00  0629 034277 1 00022414 00022374 131308 359 43064.4985209375
25.11.2017 11:57:52 +00.16320E+00  0645 034277 1 00022415 00022374 131308 405 43064.4985256366
25.11.2017 11:57:52 +00.16320E+00  0657 034277 1 00022416 00022374 131308 359 43064.4985297801
25.11.2017 11:57:53 +00.16320E+00  0673 034277 1 00022417 00022374 131308 359 43064.4985339352
25.11.2017 11:57:53 +00.16321E+00  0692 034277 1 00022418 00022374 131308 406 43064.4985386343
25.11.2017 11:57:54 +00.16321E+00  0709 034277 1 00022419 00022374 131308 358 43064.4985427894
25.11.2017 11:57:54 +00.16321E+00  0728 034277 1 00022420 00022374 131308 359 43064.4985469329
25.11.2017 11:57:54 +00.16320E+00  0746 034277 1 00022421 00022374 131308 406 43064.4985516319
25.11.2017 11:57:55 +00.16320E+00  0756 034277 1 00022422 00022374 131308 359 43064.498555787
25.11.2017 11:57:55 +00.16320E+00  0777 034277 1 00022423 00022374 131308 358 43064.4985599421
25.11.2017 11:57:55 +00.16320E+00  0790 034277 1 00022424 00022374 131308 406 43064.4985646296
25.11.2017 11:57:56 +00.16320E+00  0808 034277 1 00022425 00022374 131308 359 43064.4985687847
25.11.2017 11:57:56 +00.16320E+00  0822 034277 1 00022426 00022374 131308 359 43064.4985729398
25.11.2017 11:57:57 +00.16320E+00  0834 034277 1 00022427 00022374 131308 405 43064.4985776273
25.11.2017 11:57:57 +00.16321E+00  0847 034277 1 00022428 00022374 131308 359 43064.4985817824
25.11.2017 11:57:57 +00.16321E+00  0864 034277 1 00022429 00022374 131308 359 43064.4985859375
25.11.2017 11:57:58 +00.16320E+00  0881 034277 1 00022430 00022374 131308 421 43064.4985908102
25.11.2017 11:57:58 +00.16320E+00  0892 034277 1 00022431 00022374 131308 359 43064.4985949653
25.11.2017 11:57:58 +00.16320E+00  0908 034277 1 00022432 00022374 131308 359 43064.4985991204
25.11.2017 11:57:59 +00.16321E+00  0928 034277 1 00022433 00022374 131308 405 43064.4986038079
25.11.2017 11:57:59 +00.16320E+00  0941 034277 1 00022434 00022374 131308 359 43064.498607963
25.11.2017 11:58:00 +00.16320E+00  0956 034277 1 00022435 00022374 131308 359 43064.4986121181
25.11.2017 11:58:00 +00.16321E+00  0976 034277 1 00022436 00022374 131308 405 43064.4986168171
25.11.2017 11:58:00 +00.16321E+00  0993 034277 1 00022437 00022374 131308 359 43064.4986209607
25.11.2017 11:58:01 +00.16321E+00  1003 034277 1 00022438 00022374 131308 359 43064.4986251157
25.11.2017 11:58:01 +00.16320E+00  1015 034277 1 00022439 00022374 131308 406 43064.4986298148
25.11.2017 11:58:01 +00.16320E+00  1033 034277 1 00022440 00022374 131308 358 43064.4986339699
25.11.2017 11:58:02 +00.16320E+00  1049 034277 1 00022441 00022374 131308 359 43064.4986381134
25.11.2017 11:58:02 +00.16320E+00  1065 034277 1 00022442 00022374 131308 406 43064.4986428125
25.11.2017 11:58:03 +00.16321E+00  1081 034277 1 00022443 00022374 131308 359 43064.4986469676
25.11.2017 11:58:03 +00.16320E+00  1094 034277 1 00022444 00022374 131308 358 43064.4986511227
25.11.2017 11:58:03 +00.16321E+00  1108 034277 1 00022445 00022374 131308 406 43064.4986558102
25.11.2017 11:58:04 +00.16320E+00  1125 034275 1 00022446 00022374 131308 359 43064.4986599653
25.11.2017 11:58:04 +00.16320E+00  1139 034275 1 00022447 00022374 131308 359 43064.4986641204
25.11.2017 11:58:04 +00.16319E+00  1149 034275 1 00022448 00022374 131308 405 43064.4986688079
25.11.2017 11:58:05 +00.16319E+00  1169 034275 1 00022449 00022374 131308 359 43064.498672963
25.11.2017 11:58:05 +00.16319E+00  1185 034275 1 00022450 00022374 131308 359 43064.4986771181
25.11.2017 11:58:06 +00.16319E+00  1203 034275 1 00022451 00022374 131308 405 43064.4986818171
25.11.2017 11:58:06 +00.16320E+00  1217 034275 1 00022452 00022374 131308 359 43064.4986859607
25.11.2017 11:58:06 +00.16320E+00  1233 034275 1 00022453 00022374 131308 359 43064.4986901157
25.11.2017 11:58:07 +00.16320E+00  1249 034275 1 00022454 00022374 131308 406 43064.4986948148
25.11.2017 11:58:07 +00.16319E+00  1267 034275 1 00022455 00022374 131308 358 43064.4986989699
25.11.2017 11:58:07 +00.16320E+00  1279 034275 1 00022456 00022374 131308 359 43064.4987031134
25.11.2017 11:58:13 +00.16339E+00  0009 034316 1 00022457 00022457 131308 421 43064.4987663079
25.11.2017 11:58:13 +00.16339E+00  0020 034316 1 00022458 00022457 131308 359 43064.498770463
25.11.2017 11:58:14 +00.16339E+00  0025 034316 1 00022459 00022457 131308 359 43064.4987746181
25.11.2017 11:58:14 +00.16339E+00  0044 034316 1 00022460 00022457 131308 405 43064.4987793171
25.11.2017 11:58:14 +00.16339E+00  0063 034316 1 00022461 00022457 131308 359 43064.4987834607
25.11.2017 11:58:15 +00.16339E+00  0084 034316 1 00022462 00022457 131308 359 43064.4987876157
25.11.2017 11:58:15 +00.16339E+00  0098 034316 1 00022463 00022457 131308 406 43064.4987923148
25.11.2017 11:58:16 +00.16339E+00  0116 034316 1 00022464 00022457 131308 358 43064.4987964699
25.11.2017 11:58:16 +00.16339E+00  0128 034316 1 00022465 00022457 131308 359 43064.4988006134
25.11.2017 11:58:16 +00.16339E+00  0150 034316 1 00022466 00022457 131308 406 43064.4988053125
25.11.2017 11:58:17 +00.16339E+00  0164 034316 1 00022467 00022457 131308 359 43064.4988094676
25.11.2017 11:58:17 +00.16339E+00  0175 034316 1 00022468 00022457 131308 358 43064.4988136227
25.11.2017 11:58:17 +00.16339E+00  0192 034316 1 00022469 00022457 131308 406 43064.4988183102
25.11.2017 11:58:18 +00.16339E+00  0209 034316 1 00022470 00022457 131308 359 43064.4988224653
25.11.2017 11:58:18 +00.16340E+00  0217 034316 1 00022471 00022457 131308 359 43064.4988266204
25.11.2017 11:58:19 +00.16339E+00  0232 034316 1 00022472 00022457 131308 405 43064.4988313079
25.11.2017 11:58:19 +00.16339E+00  0246 034316 1 00022473 00022457 131308 359 43064.498835463
25.11.2017 11:58:19 +00.16339E+00  0259 034316 1 00022474 00022457 131308 359 43064.4988396181
25.11.2017 11:58:20 +00.16339E+00  0271 034316 1 00022475 00022457 131308 421 43064.4988444907
25.11.2017 11:58:20 +00.16339E+00  0293 034316 1 00022476 00022457 131308 359 43064.4988486458
25.11.2017 11:58:20 +00.16339E+00  0310 034316 1 00022477 00022457 131308 359 43064.4988528009
25.11.2017 11:58:21 +00.16339E+00  0332 034316 1 00022478 00022457 131308 405 43064.4988574884
25.11.2017 11:58:21 +00.16339E+00  0355 034316 1 00022479 00022457 131308 359 43064.4988616435
25.11.2017 11:58:22 +00.16339E+00  0364 034316 1 00022480 00022457 131308 359 43064.4988657986
25.11.2017 11:58:22 +00.16340E+00  0384 034316 1 00022481 00022457 131308 405 43064.4988704977
25.11.2017 11:58:22 +00.16339E+00  0403 034316 1 00022482 00022457 131308 359 43064.4988746412
25.11.2017 11:58:23 +00.16339E+00  0420 034316 1 00022483 00022457 131308 359 43064.4988787963
25.11.2017 11:58:23 +00.16339E+00  0433 034316 1 00022484 00022457 131308 406 43064.4988834954
25.11.2017 11:58:23 +00.16339E+00  0443 034318 1 00022485 00022457 131308 358 43064.4988876505
25.11.2017 11:58:24 +00.16339E+00  0450 034318 1 00022486 00022457 131308 359 43064.498891794
25.11.2017 11:58:24 +00.16340E+00  0462 034318 1 00022487 00022457 131308 406 43064.4988964931
25.11.2017 11:58:25 +00.16340E+00  0488 034318 1 00022488 00022457 131308 359 43064.4989006481
25.11.2017 11:58:25 +00.16340E+00  0502 034318 1 00022489 00022457 131308 358 43064.4989048032
25.11.2017 11:58:25 +00.16340E+00  0528 034318 1 00022490 00022457 131308 406 43064.4989094907
25.11.2017 11:58:26 +00.16340E+00  0548 034318 1 00022491 00022457 131308 359 43064.4989136458
25.11.2017 11:58:26 +00.16340E+00  0565 034318 1 00022492 00022457 131308 359 43064.4989178009
25.11.2017 11:58:26 +00.16340E+00  0576 034318 1 00022493 00022457 131308 405 43064.4989224884
25.11.2017 11:58:27 +00.16340E+00  0594 034318 1 00022494 00022457 131308 359 43064.4989266435
25.11.2017 11:58:27 +00.16340E+00  0613 034318 1 00022495 00022457 131308 359 43064.4989307986
25.11.2017 11:58:28 +00.16340E+00  0626 034318 1 00022496 00022457 131308 405 43064.4989354977
25.11.2017 11:58:28 +00.16340E+00  0643 034318 1 00022497 00022457 131308 359 43064.4989396412
25.11.2017 11:58:28 +00.16340E+00  0660 034318 1 00022498 00022457 131308 359 43064.4989437963
25.11.2017 11:58:29 +00.16340E+00  0673 034318 1 00022499 00022457 131308 406 43064.4989484954
25.11.2017 11:58:29 +00.16340E+00  0687 034318 1 00022500 00022457 131308 358 43064.4989526505
25.11.2017 11:58:29 +00.16340E+00  0705 034318 1 00022501 00022457 131308 359 43064.498956794
25.11.2017 11:58:30 +00.16340E+00  0720 034318 1 00022502 00022457 131308 406 43064.4989614931
25.11.2017 11:58:30 +00.16340E+00  0744 034318 1 00022503 00022457 131308 359 43064.4989656481
25.11.2017 11:58:30 +00.16340E+00  0756 034318 1 00022504 00022457 131308 358 43064.4989698032
25.11.2017 11:58:31 +00.16340E+00  0776 034318 1 00022505 00022457 131308 406 43064.4989744907
25.11.2017 11:58:31 +00.16340E+00  0786 034318 1 00022506 00022457 131308 359 43064.4989786458
25.11.2017 11:58:32 +00.16340E+00  0804 034318 1 00022507 00022457 131308 359 43064.4989828009
25.11.2017 11:58:32 +00.16340E+00  0821 034318 1 00022508 00022457 131308 405 43064.4989874884
25.11.2017 11:58:32 +00.16340E+00  0835 034318 1 00022509 00022457 131308 359 43064.4989916435
25.11.2017 11:58:33 +00.16340E+00  0848 034318 1 00022510 00022457 131308 359 43064.4989957986
25.11.2017 11:58:33 +00.16340E+00  0861 034318 1 00022511 00022457 131308 405 43064.4990004977
25.11.2017 11:58:34 +00.16340E+00  0879 034318 1 00022512 00022457 131308 359 43064.4990046412
25.11.2017 11:58:34 +00.16340E+00  0894 034318 1 00022513 00022457 131308 359 43064.4990087963
25.11.2017 11:58:34 +00.16340E+00  0913 034318 1 00022514 00022457 131308 406 43064.4990134954
25.11.2017 11:58:35 +00.16340E+00  0933 034318 1 00022515 00022457 131308 358 43064.4990176505
25.11.2017 11:58:35 +00.16340E+00  0951 034318 1 00022516 00022457 131308 359 43064.499021794
25.11.2017 11:58:35 +00.16340E+00  0964 034318 1 00022517 00022457 131308 406 43064.4990264931
25.11.2017 11:58:36 +00.16340E+00  0982 034318 1 00022518 00022457 131308 359 43064.4990306481
25.11.2017 11:58:36 +00.16340E+00  0998 034318 1 00022519 00022457 131308 358 43064.4990348032
25.11.2017 11:58:37 +00.16340E+00  1024 034318 1 00022520 00022457 131308 406 43064.4990394907
25.11.2017 11:58:37 +00.16340E+00  1036 034318 1 00022521 00022457 131308 359 43064.4990436458
25.11.2017 11:58:37 +00.16340E+00  1056 034318 1 00022522 00022457 131308 359 43064.4990478009
25.11.2017 11:58:38 +00.16340E+00  1071 034318 1 00022523 00022457 131308 405 43064.4990524884
25.11.2017 11:58:38 +00.16340E+00  1088 034318 1 00022524 00022457 131308 359 43064.4990566435
25.11.2017 11:58:38 +00.16340E+00  1102 034318 1 00022525 00022457 131308 359 43064.4990607986
25.11.2017 11:58:39 +00.16340E+00  1119 034318 1 00022526 00022457 131308 405 43064.4990654977
25.11.2017 11:58:39 +00.16340E+00  1141 034318 1 00022527 00022457 131308 359 43064.4990696412
25.11.2017 11:58:39 +00.16340E+00  1152 034318 1 00022528 00022457 131308 359 43064.4990737963
25.11.2017 11:58:40 +00.16340E+00  1165 034318 1 00022529 00022457 131308 406 43064.4990784954
25.11.2017 11:58:40 +00.16340E+00  1175 034318 1 00022530 00022457 131308 358 43064.4990826505
25.11.2017 11:58:41 +00.16340E+00  1184 034318 1 00022531 00022457 131308 359 43064.499086794
25.11.2017 11:58:41 +00.16340E+00  1196 034318 1 00022532 00022457 131308 421 43064.4990916782
25.11.2017 11:58:41 +00.16340E+00  1210 034318 1 00022533 00022457 131308 359 43064.4990958218
25.11.2017 11:58:42 +00.16340E+00  1224 034318 1 00022534 00022457 131308 359 43064.4990999768
25.11.2017 11:58:42 +00.16340E+00  1238 034318 1 00022535 00022457 131308 406 43064.4991046759
25.11.2017 11:58:43 +00.16340E+00  1253 034318 1 00022536 00022457 131308 358 43064.499108831
25.11.2017 11:58:43 +00.16340E+00  1265 034318 1 00022537 00022457 131308 359 43064.4991129745
25.11.2017 11:58:43 +00.16340E+00  1279 034318 1 00022538 00022457 131308 406 43064.4991176736
25.11.2017 11:58:49 +00.16360E+00  0019 034359 1 00022539 00022539 131308 359 43064.4991839352
25.11.2017 11:58:49 +00.16360E+00  0031 034359 1 00022540 00022539 131308 359 43064.4991880903
25.11.2017 11:58:50 +00.16360E+00  0044 034359 1 00022541 00022539 131308 374 43064.499192419
25.11.2017 11:58:50 +00.16360E+00  0071 034359 1 00022542 00022539 131308 359 43064.4991965741
25.11.2017 11:58:50 +00.16360E+00  0088 034359 1 00022543 00022539 131308 359 43064.4992007292
25.11.2017 11:58:51 +00.16360E+00  0099 034359 1 00022544 00022539 131308 405 43064.4992054282
25.11.2017 11:58:51 +00.16360E+00  0122 034359 1 00022545 00022539 131308 359 43064.4992095718
25.11.2017 11:58:52 +00.16360E+00  0131 034359 1 00022546 00022539 131308 359 43064.4992137268
25.11.2017 11:58:52 +00.16360E+00  0140 034359 1 00022547 00022539 131308 406 43064.4992184259
25.11.2017 11:58:52 +00.16360E+00  0159 034359 1 00022548 00022539 131308 358 43064.499222581
25.11.2017 11:58:53 +00.16360E+00  0177 034359 1 00022549 00022539 131308 359 43064.4992267245
25.11.2017 11:58:53 +00.16360E+00  0192 034359 1 00022550 00022539 131308 406 43064.4992314236
25.11.2017 11:58:53 +00.16360E+00  0196 034359 1 00022551 00022539 131308 359 43064.4992355787
25.11.2017 11:58:54 +00.16360E+00  0209 034359 1 00022552 00022539 131308 358 43064.4992397338
25.11.2017 11:58:54 +00.16360E+00  0228 034359 1 00022553 00022539 131308 406 43064.4992444213
25.11.2017 11:58:55 +00.16360E+00  0245 034359 1 00022554 00022539 131308 359 43064.4992485764
25.11.2017 11:58:55 +00.16360E+00  0263 034359 1 00022555 00022539 131308 359 43064.4992527315
25.11.2017 11:58:55 +00.16360E+00  0283 034359 1 00022556 00022539 131308 405 43064.499257419
25.11.2017 11:58:56 +00.16360E+00  0296 034359 1 00022557 00022539 131308 359 43064.4992615741
25.11.2017 11:58:56 +00.16360E+00  0317 034359 1 00022558 00022539 131308 359 43064.4992657292
25.11.2017 11:58:56 +00.16360E+00  0329 034359 1 00022559 00022539 131308 405 43064.4992704282
25.11.2017 11:58:57 +00.16360E+00  0347 034359 1 00022560 00022539 131308 359 43064.4992745718
25.11.2017 11:58:57 +00.16360E+00  0361 034359 1 00022561 00022539 131308 359 43064.4992787268
25.11.2017 11:58:58 +00.16360E+00  0374 034359 1 00022562 00022539 131308 406 43064.4992834259
25.11.2017 11:58:58 +00.16360E+00  0390 034359 1 00022563 00022539 131308 358 43064.499287581
25.11.2017 11:58:58 +00.16360E+00  0406 034359 1 00022564 00022539 131308 359 43064.4992917245
25.11.2017 11:58:59 +00.16360E+00  0418 034359 1 00022565 00022539 131308 406 43064.4992964236
25.11.2017 11:58:59 +00.16360E+00  0428 034359 1 00022566 00022539 131308 359 43064.4993005787
25.11.2017 11:58:59 +00.16360E+00  0446 034359 1 00022567 00022539 131308 358 43064.4993047338
25.11.2017 11:59:00 +00.16360E+00  0457 034359 1 00022568 00022539 131308 406 43064.4993094213
25.11.2017 11:59:00 +00.16360E+00  0470 034359 1 00022569 00022539 131308 359 43064.4993135764
25.11.2017 11:59:01 +00.16360E+00  0487 034359 1 00022570 00022539 131308 359 43064.4993177315
25.11.2017 11:59:01 +00.16360E+00  0506 034359 1 00022571 00022539 131308 405 43064.499322419
25.11.2017 11:59:01 +00.16360E+00  0526 034359 1 00022572 00022539 131308 359 43064.4993265741
25.11.2017 11:59:02 +00.16360E+00  0549 034359 1 00022573 00022539 131308 359 43064.4993307292
25.11.2017 11:59:02 +00.16360E+00  0561 034359 1 00022574 00022539 131308 421 43064.4993356019
25.11.2017 11:59:02 +00.16360E+00  0578 034359 1 00022575 00022539 131308 359 43064.4993397569
25.11.2017 11:59:03 +00.16360E+00  0593 034359 1 00022576 00022539 131308 359 43064.499343912
25.11.2017 11:59:03 +00.16360E+00  0607 034359 1 00022577 00022539 131308 405 43064.4993485995
25.11.2017 11:59:04 +00.16360E+00  0626 034359 1 00022578 00022539 131308 359 43064.4993527546
25.11.2017 11:59:04 +00.16360E+00  0637 034359 1 00022579 00022539 131308 359 43064.4993569097
25.11.2017 11:59:04 +00.16360E+00  0656 034359 1 00022580 00022539 131308 405 43064.4993616088
25.11.2017 11:59:05 +00.16360E+00  0673 034359 1 00022581 00022539 131308 359 43064.4993657523
25.11.2017 11:59:05 +00.16360E+00  0693 034359 1 00022582 00022539 131308 359 43064.4993699074
25.11.2017 11:59:05 +00.16360E+00  0705 034359 1 00022583 00022539 131308 406 43064.4993746065
25.11.2017 11:59:06 +00.16360E+00  0724 034359 1 00022584 00022539 131308 358 43064.4993787616
25.11.2017 11:59:06 +00.16360E+00  0737 034359 1 00022585 00022539 131308 359 43064.4993829051
25.11.2017 11:59:07 +00.16360E+00  0750 034359 1 00022586 00022539 131308 406 43064.4993876042
25.11.2017 11:59:07 +00.16360E+00  0765 034359 1 00022587 00022539 131308 359 43064.4993917593
25.11.2017 11:59:07 +00.16360E+00  0781 034359 1 00022588 00022539 131308 358 43064.4993959144
25.11.2017 11:59:08 +00.16360E+00  0797 034359 1 00022589 00022539 131308 406 43064.4994006019
25.11.2017 11:59:08 +00.16360E+00  0819 034359 1 00022590 00022539 131308 359 43064.4994047569
25.11.2017 11:59:08 +00.16360E+00  0833 034359 1 00022591 00022539 131308 359 43064.499408912
25.11.2017 11:59:09 +00.16360E+00  0851 034359 1 00022592 00022539 131308 405 43064.4994135995
25.11.2017 11:59:09 +00.16360E+00  0867 034359 1 00022593 00022539 131308 359 43064.4994177546
25.11.2017 11:59:10 +00.16360E+00  0880 034359 1 00022594 00022539 131308 359 43064.4994219097
25.11.2017 11:59:10 +00.16360E+00  0896 034359 1 00022595 00022539 131308 405 43064.4994266088
25.11.2017 11:59:10 +00.16360E+00  0911 034359 1 00022596 00022539 131308 359 43064.4994307523
25.11.2017 11:59:11 +00.16360E+00  0927 034359 1 00022597 00022539 131308 359 43064.4994349074
25.11.2017 11:59:11 +00.16360E+00  0940 034359 1 00022598 00022539 131308 406 43064.4994396065
25.11.2017 11:59:11 +00.16360E+00  0958 034359 1 00022599 00022539 131308 358 43064.4994437616
25.11.2017 11:59:12 +00.16360E+00  0970 034359 1 00022600 00022539 131308 359 43064.4994479051
25.11.2017 11:59:12 +00.16360E+00  0984 034359 1 00022601 00022539 131308 406 43064.4994526042
25.11.2017 11:59:13 +00.16360E+00  1006 034359 1 00022602 00022539 131308 359 43064.4994567593
25.11.2017 11:59:13 +00.16360E+00  1032 034359 1 00022603 00022539 131308 358 43064.4994609144
25.11.2017 11:59:13 +00.16360E+00  1052 034359 1 00022604 00022539 131308 406 43064.4994656019
25.11.2017 11:59:14 +00.16360E+00  1067 034359 1 00022605 00022539 131308 359 43064.4994697569
25.11.2017 11:59:14 +00.16360E+00  1086 034359 1 00022606 00022539 131308 359 43064.499473912
25.11.2017 11:59:14 +00.16360E+00  1103 034359 1 00022607 00022539 131308 405 43064.4994785995
25.11.2017 11:59:15 +00.16360E+00  1123 034359 1 00022608 00022539 131308 359 43064.4994827546
25.11.2017 11:59:15 +00.16360E+00  1142 034359 1 00022609 00022539 131308 359 43064.4994869097
25.11.2017 11:59:16 +00.16360E+00  1155 034359 1 00022610 00022539 131308 405 43064.4994916088
25.11.2017 11:59:16 +00.16360E+00  1170 034359 1 00022611 00022539 131308 359 43064.4994957523
25.11.2017 11:59:16 +00.16360E+00  1183 034359 1 00022612 00022539 131308 359 43064.4994999074
25.11.2017 11:59:17 +00.16360E+00  1198 034359 1 00022613 00022539 131308 406 43064.4995046065
25.11.2017 11:59:17 +00.16360E+00  1217 034359 1 00022614 00022539 131308 358 43064.4995087616
25.11.2017 11:59:17 +00.16360E+00  1232 034359 1 00022615 00022539 131308 359 43064.4995129051
25.11.2017 11:59:18 +00.16360E+00  1248 034359 1 00022616 00022539 131308 406 43064.4995176042
25.11.2017 11:59:18 +00.16360E+00  1272 034359 1 00022617 00022539 131308 359 43064.4995217593
25.11.2017 11:59:19 +00.16360E+00  1281 034359 1 00022618 00022539 131308 358 43064.4995259144