
25.11.2017 09:37:16 +00.16300E+00  0009 034233 1 00002904 00002904 000 342 43064.400887419
25.11.2017 09:37:17 +00.16300E+00  0028 034233 1 00002905 00002904 000 343 43064.4008913889
25.11.2017 09:37:17 +00.16300E+00  0047 034233 1 00002906 00002904 000 421 43064.4008962731
25.11.2017 09:37:17 +00.16300E+00  0065 034233 1 00002907 00002904 000 340 43064.4009002199
25.11.2017 09:37:18 +00.16299E+00  0076 034233 1 00002908 00002904 000 342 43064.4009041782
25.11.2017 09:37:18 +00.16299E+00  0087 034233 1 00002909 00002904 000 343 43064.4009081481
25.11.2017 09:37:18 +00.16299E+00  0104 034233 1 00002910 00002904 000 378 43064.4009125347
25.11.2017 09:37:19 +00.16299E+00  0120 034233 1 00002911 00002904 000 344 43064.4009165278
25.11.2017 09:37:19 +00.16299E+00  0129 034233 1 00002912 00002904 000 343 43064.4009204977
25.11.2017 09:37:19 +00.16299E+00  0133 034233 1 00002913 00002904 000 342 43064.4009244676
25.11.2017 09:37:20 +00.16299E+00  0148 034233 1 00002914 00002904 000 373 43064.4009287963
25.11.2017 09:37:20 +00.16299E+00  0162 034233 1 00002915 00002904 000 343 43064.4009327778
25.11.2017 09:37:20 +00.16299E+00  0181 034233 1 00002916 00002904 000 343 43064.4009367477
25.11.2017 09:37:21 +00.16299E+00  0197 034233 1 00002917 00002904 000 343 43064.4009407176
25.11.2017 09:37:21 +00.16299E+00  0213 034233 1 00002918 00002904 000 375 43064.4009450579
25.11.2017 09:37:21 +00.16300E+00  0235 034235 1 00002919 00002904 000 342 43064.4009490278
25.11.2017 09:37:22 +00.16300E+00  0246 034235 1 00002920 00002904 000 343 43064.4009529977
25.11.2017 09:37:22 +00.16300E+00  0256 034235 1 00002921 00002904 000 343 43064.4009569676
25.11.2017 09:37:23 +00.16300E+00  0270 034235 1 00002922 00002904 000 376 43064.4009613194
25.11.2017 09:37:23 +00.16300E+00  0284 034235 1 00002923 00002904 000 342 43064.4009652778
25.11.2017 09:37:23 +00.16301E+00  0300 034235 1 00002924 00002904 000 343 43064.4009692477
25.11.2017 09:37:24 +00.16300E+00  0314 034235 1 00002925 00002904 000 343 43064.4009732176
25.11.2017 09:37:24 +00.16300E+00  0330 034235 1 00002926 00002904 000 377 43064.400977581
25.11.2017 09:37:24 +00.16301E+00  0345 034235 1 00002927 00002904 000 341 43064.4009815278
25.11.2017 09:37:25 +00.16300E+00  0355 034235 1 00002928 00002904 000 342 43064.4009854861
25.11.2017 09:37:25 +00.16300E+00  0368 034235 1 00002929 00002904 000 342 43064.400989456
25.11.2017 09:37:25 +00.16301E+00  0376 034235 1 00002930 00002904 000 378 43064.4009938426
25.11.2017 09:37:26 +00.16300E+00  0389 034235 1 00002931 00002904 000 345 43064.4009978472
25.11.2017 09:37:26 +00.16300E+00  0406 034235 1 00002932 00002904 000 342 43064.4010018056
25.11.2017 09:37:26 +00.16301E+00  0416 034235 1 00002933 00002904 000 343 43064.401005787
25.11.2017 09:37:27 +00.16300E+00  0432 034233 1 00002934 00002904 000 373 43064.4010101042
25.11.2017 09:37:27 +00.16300E+00  0451 034233 1 00002935 00002904 000 344 43064.4010140856
25.11.2017 09:37:27 +00.16299E+00  0471 034233 1 00002936 00002904 000 343 43064.4010180556
25.11.2017 09:37:28 +00.16300E+00  0482 034233 1 00002937 00002904 000 342 43064.4010220255
25.11.2017 09:37:28 +00.16299E+00  0492 034233 1 00002938 00002904 000 375 43064.4010263657
25.11.2017 09:37:29 +00.16299E+00  0504 034233 1 00002939 00002904 000 343 43064.4010303472
25.11.2017 09:37:29 +00.16299E+00  0523 034233 1 00002940 00002904 000 342 43064.4010343056
25.11.2017 09:37:29 +00.16299E+00  0532 034233 1 00002941 00002904 000 343 43064.4010382755
25.11.2017 09:37:30 +00.16299E+00  0554 034233 1 00002942 00002904 000 376 43064.4010426273
25.11.2017 09:37:30 +00.16299E+00  0569 034233 1 00002943 00002904 000 341 43064.4010465856
25.11.2017 09:37:30 +00.16299E+00  0586 034233 1 00002944 00002904 000 343 43064.4010505556
25.11.2017 09:37:31 +00.16299E+00  0595 034233 1 00002945 00002904 000 343 43064.4010545255
25.11.2017 09:37:31 +00.16299E+00  0606 034233 1 00002946 00002904 000 377 43064.4010588889
25.11.2017 09:37:31 +00.16300E+00  0627 034233 1 00002947 00002904 000 341 43064.4010628356
25.11.2017 09:37:32 +00.16299E+00  0641 034233 1 00002948 00002904 000 343 43064.4010668056
25.11.2017 09:37:32 +00.16299E+00  0657 034233 1 00002949 00002904 000 343 43064.4010707755
25.11.2017 09:37:32 +00.16299E+00  0679 034233 1 00002950 00002904 000 378 43064.4010751505
25.11.2017 09:37:33 +00.16299E+00  0688 034233 1 00002951 00002904 000 340 43064.4010790856
25.11.2017 09:37:33 +00.16299E+00  0707 034233 1 00002952 00002904 000 342 43064.401083044
25.11.2017 09:37:33 +00.16300E+00  0720 034233 1 00002953 00002904 000 343 43064.4010870255
25.11.2017 09:37:34 +00.16299E+00  0736 034233 1 00002954 00002904 000 379 43064.401091412
25.11.2017 09:37:34 +00.16299E+00  0754 034233 1 00002955 00002904 000 344 43064.4010953935
25.11.2017 09:37:34 +00.16299E+00  0767 034233 1 00002956 00002904 000 343 43064.401099375
25.11.2017 09:37:35 +00.16299E+00  0787 034233 1 00002957 00002904 000 343 43064.4011033449
25.11.2017 09:37:35 +00.16299E+00  0804 034233 1 00002958 00002904 000 374 43064.4011076736
25.11.2017 09:37:36 +00.16299E+00  0813 034233 1 00002959 00002904 000 343 43064.4011116435
25.11.2017 09:37:36 +00.16300E+00  0828 034233 1 00002960 00002904 000 342 43064.4011156134
25.11.2017 09:37:36 +00.16300E+00  0840 034233 1 00002961 00002904 000 342 43064.4011195833
25.11.2017 09:37:37 +00.16300E+00  0856 034233 1 00002962 00002904 000 375 43064.4011239352
25.11.2017 09:37:37 +00.16299E+00  0872 034233 1 00002963 00002904 000 341 43064.4011278935
25.11.2017 09:37:37 +00.16299E+00  0885 034233 1 00002964 00002904 000 342 43064.4011318634
25.11.2017 09:37:38 +00.16299E+00  0901 034233 1 00002965 00002904 000 343 43064.4011358333
25.11.2017 09:37:38 +00.16300E+00  0917 034233 1 00002966 00002904 000 376 43064.4011401968
25.11.2017 09:37:38 +00.16300E+00  0937 034233 1 00002967 00002904 000 340 43064.4011441435
25.11.2017 09:37:39 +00.16300E+00  0950 034233 1 00002968 00002904 000 342 43064.4011481134
25.11.2017 09:37:39 +00.16299E+00  0960 034233 1 00002969 00002904 000 342 43064.4011520833
25.11.2017 09:37:39 +00.16300E+00  0969 034233 1 00002970 00002904 000 378 43064.4011564583
25.11.2017 09:37:40 +00.16300E+00  0985 034233 1 00002971 00002904 000 340 43064.4011603935
25.11.2017 09:37:40 +00.16299E+00  0997 034233 1 00002972 00002904 000 342 43064.4011643634
25.11.2017 09:37:40 +00.16299E+00  1013 034233 1 00002973 00002904 000 343 43064.4011683333
25.11.2017 09:37:41 +00.16299E+00  1032 034233 1 00002974 00002904 000 379 43064.4011727199
25.11.2017 09:37:41 +00.16299E+00  1046 034233 1 00002975 00002904 000 345 43064.401176713
25.11.2017 09:37:42 +00.16299E+00  1051 034233 1 00002976 00002904 000 343 43064.4011806829
25.11.2017 09:37:42 +00.16299E+00  1068 034233 1 00002977 00002904 000 343 43064.4011846528
25.11.2017 09:37:42 +00.16300E+00  1084 034235 1 00002978 00002904 000 374 43064.4011889815
25.11.2017 09:37:43 +00.16300E+00  1102 034235 1 00002979 00002904 000 344 43064.401192963
25.11.2017 09:37:43 +00.16300E+00  1112 034235 1 00002980 00002904 000 343 43064.4011969329
25.11.2017 09:37:43 +00.16300E+00  1126 034235 1 00002981 00002904 000 343 43064.4012009028
25.11.2017 09:37:44 +00.16300E+00  1137 034235 1 00002982 00002904 000 375 43064.4012052431
25.11.2017 09:37:44 +00.16300E+00  1153 034235 1 00002983 00002904 000 342 43064.4012092014
25.11.2017 09:37:44 +00.16300E+00  1161 034235 1 00002984 00002904 000 342 43064.4012131713
25.11.2017 09:37:45 +00.16300E+00  1172 034235 1 00002985 00002904 000 342 43064.4012171412
25.11.2017 09:37:45 +00.16300E+00  1191 034235 1 00002986 00002904 000 377 43064.4012215162
25.11.2017 09:37:45 +00.16300E+00  1207 034235 1 00002987 00002904 000 340 43064.4012254514
25.11.2017 09:37:46 +00.16300E+00  1216 034235 1 00002988 00002904 000 343 43064.4012294213
25.11.2017 09:37:46 +00.16300E+00  1231 034235 1 00002989 00002904 000 342 43064.4012333912
25.11.2017 09:37:51 +00.16320E+00  0014 034276 1 00002990 00002990 000 342 43064.4012940046
25.11.2017 09:37:52 +00.16320E+00  0026 034276 1 00002991 00002990 000 343 43064.4012979745
25.11.2017 09:37:52 +00.16320E+00  0038 034276 1 00002992 00002990 000 418 43064.4013028125
25.11.2017 09:37:52 +00.16320E+00  0054 034276 1 00002993 00002990 000 344 43064.401306794
25.11.2017 09:37:53 +00.16320E+00  0066 034276 1 00002994 00002990 000 343 43064.4013107639
25.11.2017 09:37:53 +00.16320E+00  0088 034276 1 00002995 00002990 000 343 43064.4013147338
25.11.2017 09:37:53 +00.16320E+00  0108 034276 1 00002996 00002990 000 375 43064.4013190741
25.11.2017 09:37:54 +00.16320E+00  0123 034276 1 00002997 00002990 000 343 43064.401323044
25.11.2017 09:37:54 +00.16320E+00  0138 034276 1 00002998 00002990 000 343 43064.4013270139
25.11.2017 09:37:54 +00.16320E+00  0149 034276 1 00002999 00002990 000 343 43064.4013309838
25.11.2017 09:37:55 +00.16320E+00  0164 034276 1 00003000 00002990 000 377 43064.4013353472
25.11.2017 09:37:55 +00.16320E+00  0176 034276 1 00003001 00002990 000 341 43064.401339294
25.11.2017 09:37:56 +00.16320E+00  0190 034276 1 00003002 00002990 000 343 43064.4013432639
25.11.2017 09:37:56 +00.16320E+00  0202 034276 1 00003003 00002990 000 343 43064.4013472338
25.11.2017 09:37:56 +00.16320E+00  0215 034276 1 00003004 00002990 000 378 43064.4013516088
25.11.2017 09:37:57 +00.16320E+00  0233 034276 1 00003005 00002990 000 340 43064.401355544
25.11.2017 09:37:57 +00.16320E+00  0239 034276 1 00003006 00002990 000 341 43064.4013595023
25.11.2017 09:37:57 +00.16320E+00  0256 034276 1 00003007 00002990 000 343 43064.4013634838
25.11.2017 09:37:58 +00.16320E+00  0269 034276 1 00003008 00002990 000 378 43064.4013678588
25.11.2017 09:37:58 +00.16320E+00  0286 034276 1 00003009 00002990 000 344 43064.4013718519
25.11.2017 09:37:58 +00.16320E+00  0303 034276 1 00003010 00002990 000 342 43064.4013758218
25.11.2017 09:37:59 +00.16320E+00  0318 034276 1 00003011 00002990 000 344 43064.4013798032
25.11.2017 09:37:59 +00.16320E+00  0326 034276 1 00003012 00002990 000 373 43064.4013841204
25.11.2017 09:37:59 +00.16320E+00  0342 034276 1 00003013 00002990 000 343 43064.4013881019
25.11.2017 09:38:00 +00.16320E+00  0356 034276 1 00003014 00002990 000 343 43064.4013920718
25.11.2017 09:38:00 +00.16320E+00  0380 034276 1 00003015 00002990 000 342 43064.4013960417
25.11.2017 09:38:00 +00.16320E+00  0395 034276 1 00003016 00002990 000 374 43064.4014003819
25.11.2017 09:38:01 +00.16320E+00  0408 034276 1 00003017 00002990 000 342 43064.4014043519
25.11.2017 09:38:01 +00.16320E+00  0425 034276 1 00003018 00002990 000 343 43064.4014083218
25.11.2017 09:38:02 +00.16320E+00  0440 034276 1 00003019 00002990 000 343 43064.4014122917
25.11.2017 09:38:02 +00.16320E+00  0456 034276 1 00003020 00002990 000 377 43064.4014166551
25.11.2017 09:38:02 +00.16320E+00  0471 034276 1 00003021 00002990 000 341 43064.4014206019
25.11.2017 09:38:03 +00.16320E+00  0484 034276 1 00003022 00002990 000 343 43064.4014245718
25.11.2017 09:38:03 +00.16320E+00  0497 034276 1 00003023 00002990 000 343 43064.4014285417
25.11.2017 09:38:03 +00.16320E+00  0510 034276 1 00003024 00002990 000 378 43064.4014329167
25.11.2017 09:38:04 +00.16320E+00  0526 034276 1 00003025 00002990 000 340 43064.4014368519
25.11.2017 09:38:04 +00.16320E+00  0546 034276 1 00003026 00002990 000 342 43064.4014408218
25.11.2017 09:38:04 +00.16320E+00  0558 034276 1 00003027 00002990 000 343 43064.4014447917
25.11.2017 09:38:05 +00.16320E+00  0575 034276 1 00003028 00002990 000 379 43064.4014491782
25.11.2017 09:38:05 +00.16320E+00  0595 034276 1 00003029 00002990 000 345 43064.4014531713
25.11.2017 09:38:05 +00.16320E+00  0619 034276 1 00003030 00002990 000 343 43064.4014571412
25.11.2017 09:38:06 +00.16320E+00  0631 034276 1 00003031 00002990 000 343 43064.4014611111
25.11.2017 09:38:06 +00.16320E+00  0648 034276 1 00003032 00002990 000 374 43064.4014654398
25.11.2017 09:38:06 +00.16320E+00  0669 034276 1 00003033 00002990 000 343 43064.4014694097
25.11.2017 09:38:07 +00.16320E+00  0689 034276 1 00003034 00002990 000 343 43064.4014733912
25.11.2017 09:38:07 +00.16320E+00  0701 034276 1 00003035 00002990 000 343 43064.4014773611
25.11.2017 09:38:08 +00.16320E+00  0715 034276 1 00003036 00002990 000 375 43064.4014817014
25.11.2017 09:38:08 +00.16320E+00  0727 034276 1 00003037 00002990 000 342 43064.4014856597
25.11.2017 09:38:08 +00.16320E+00  0741 034276 1 00003038 00002990 000 343 43064.4014896296
25.11.2017 09:38:09 +00.16320E+00  0751 034276 1 00003039 00002990 000 342 43064.4014935995
25.11.2017 09:38:09 +00.16320E+00  0771 034276 1 00003040 00002990 000 375 43064.4014979514
25.11.2017 09:38:09 +00.16320E+00  0785 034276 1 00003041 00002990 000 341 43064.4015019097
25.11.2017 09:38:10 +00.16320E+00  0801 034276 1 00003042 00002990 000 343 43064.4015058796
25.11.2017 09:38:10 +00.16320E+00  0816 034276 1 00003043 00002990 000 343 43064.4015098495
25.11.2017 09:38:10 +00.16320E+00  0837 034276 1 00003044 00002990 000 378 43064.4015142245
25.11.2017 09:38:11 +00.16320E+00  0856 034276 1 00003045 00002990 000 340 43064.4015181597
25.11.2017 09:38:11 +00.16320E+00  0875 034276 1 00003046 00002990 000 342 43064.4015221296
25.11.2017 09:38:11 +00.16320E+00  0889 034276 1 00003047 00002990 000 343 43064.4015260995
25.11.2017 09:38:12 +00.16320E+00  0903 034276 1 00003048 00002990 000 379 43064.4015304861
25.11.2017 09:38:12 +00.16320E+00  0916 034276 1 00003049 00002990 000 340 43064.4015344213
25.11.2017 09:38:12 +00.16320E+00  0933 034276 1 00003050 00002990 000 342 43064.4015383796
25.11.2017 09:38:13 +00.16320E+00  0947 034276 1 00003051 00002990 000 343 43064.4015423495
25.11.2017 09:38:13 +00.16320E+00  0960 034276 1 00003052 00002990 000 380 43064.4015467477
25.11.2017 09:38:13 +00.16320E+00  0974 034276 1 00003053 00002990 000 344 43064.4015507292
25.11.2017 09:38:14 +00.16320E+00  0987 034276 1 00003054 00002990 000 343 43064.4015546991
25.11.2017 09:38:14 +00.16320E+00  1003 034276 1 00003055 00002990 000 343 43064.401558669
25.11.2017 09:38:15 +00.16320E+00  1021 034276 1 00003056 00002990 000 375 43064.4015630093
25.11.2017 09:38:15 +00.16320E+00  1033 034276 1 00003057 00002990 000 343 43064.4015669792
25.11.2017 09:38:15 +00.16320E+00  1045 034276 1 00003058 00002990 000 343 43064.4015709491
25.11.2017 09:38:16 +00.16320E+00  1053 034276 1 00003059 00002990 000 343 43064.401574919
25.11.2017 09:38:16 +00.16320E+00  1069 034276 1 00003060 00002990 000 376 43064.4015792708
25.11.2017 09:38:16 +00.16320E+00  1091 034276 1 00003061 00002990 000 341 43064.4015832176
25.11.2017 09:38:17 +00.16320E+00  1109 034276 1 00003062 00002990 000 343 43064.4015871875
25.11.2017 09:38:17 +00.16320E+00  1130 034276 1 00003063 00002990 000 343 43064.401591169
25.11.2017 09:38:17 +00.16320E+00  1153 034276 1 00003064 00002990 000 376 43064.4015955324
25.11.2017 09:38:18 +00.16320E+00  1169 034276 1 00003065 00002990 000 340 43064.4015994676
25.11.2017 09:38:18 +00.16320E+00  1183 034276 1 00003066 00002990 000 342 43064.4016034375
25.11.2017 09:38:18 +00.16320E+00  1196 034276 1 00003067 00002990 000 342 43064.4016074074
25.11.2017 09:38:19 +00.16320E+00  1209 034276 1 00003068 00002990 000 379 43064.401611794
25.11.2017 09:38:19 +00.16320E+00  1224 034276 1 00003069 00002990 000 340 43064.4016157292
25.11.2017 09:38:19 +00.16320E+00  1233 034276 1 00003070 00002990 000 342 43064.4016196875
25.11.2017 09:38:20 +00.16320E+00  1253 034276 1 00003071 00002990 000 343 43064.4016236574
25.11.2017 09:38:20 +00.16320E+00  1266 034276 1 00003072 00002990 000 380 43064.4016280556
25.11.2017 09:38:21 +00.16320E+00  1284 034276 1 00003073 00002990 000 344 43064.401632037
25.11.2017 09:38:21 +00.16320E+00  1299 034276 1 00003074 00002990 000 343 43064.4016360069
25.11.2017 09:38:21 +00.16320E+00  1314 034276 1 00003075 00002990 000 343 43064.4016399769
25.11.2017 09:38:26 +00.16340E+00  0011 034317 1 00003076 00003076 000 342 43064.4017005093
25.11.2017 09:38:27 +00.16340E+00  0023 034317 1 00003077 00003076 000 342 43064.4017044792
25.11.2017 09:38:27 +00.16340E+00  0046 034317 1 00003078 00003076 000 421 43064.4017093634
25.11.2017 09:38:28 +00.16340E+00  0061 034317 1 00003079 00003076 000 340 43064.4017133102
25.11.2017 09:38:28 +00.16340E+00  0074 034317 1 00003080 00003076 000 341 43064.4017172685
25.11.2017 09:38:28 +00.16340E+00  0089 034317 1 00003081 00003076 000 342 43064.4017212384
25.11.2017 09:38:29 +00.16340E+00  0101 034317 1 00003082 00003076 000 378 43064.401725625
25.11.2017 09:38:29 +00.16340E+00  0116 034317 1 00003083 00003076 000 340 43064.4017295602
25.11.2017 09:38:29 +00.16339E+00  0128 034317 1 00003084 00003076 000 341 43064.4017335185
25.11.2017 09:38:30 +00.16340E+00  0144 034317 1 00003085 00003076 000 342 43064.4017374884
25.11.2017 09:38:30 +00.16339E+00  0165 034317 1 00003086 00003076 000 379 43064.4017418866
25.11.2017 09:38:30 +00.16339E+00  0179 034317 1 00003087 00003076 000 343 43064.4017458681
25.11.2017 09:38:31 +00.16340E+00  0190 034317 1 00003088 00003076 000 342 43064.401749838
25.11.2017 09:38:31 +00.16339E+00  0206 034317 1 00003089 00003076 000 342 43064.4017538079
25.11.2017 09:38:31 +00.16340E+00  0216 034319 1 00003090 00003076 000 374 43064.4017581481
25.11.2017 09:38:32 +00.16340E+00  0231 034319 1 00003091 00003076 000 342 43064.4017621181
25.11.2017 09:38:32 +00.16340E+00  0245 034319 1 00003092 00003076 000 343 43064.401766088
25.11.2017 09:38:32 +00.16340E+00  0258 034319 1 00003093 00003076 000 342 43064.4017700579
25.11.2017 09:38:33 +00.16340E+00  0276 034319 1 00003094 00003076 000 375 43064.4017744097
25.11.2017 09:38:33 +00.16340E+00  0292 034319 1 00003095 00003076 000 341 43064.4017783681
25.11.2017 09:38:33 +00.16341E+00  0303 034319 1 00003096 00003076 000 343 43064.401782338
25.11.2017 09:38:34 +00.16340E+00  0321 034319 1 00003097 00003076 000 343 43064.4017863079
25.11.2017 09:38:34 +00.16341E+00  0333 034319 1 00003098 00003076 000 377 43064.4017906713
25.11.2017 09:38:35 +00.16341E+00  0351 034319 1 00003099 00003076 000 341 43064.4017946181
25.11.2017 09:38:35 +00.16341E+00  0362 034319 1 00003100 00003076 000 343 43064.401798588
25.11.2017 09:38:35 +00.16341E+00  0375 034319 1 00003101 00003076 000 343 43064.4018025579
25.11.2017 09:38:36 +00.16341E+00  0388 034319 1 00003102 00003076 000 378 43064.4018069329
25.11.2017 09:38:36 +00.16341E+00  0405 034319 1 00003103 00003076 000 340 43064.4018108681
25.11.2017 09:38:36 +00.16341E+00  0417 034319 1 00003104 00003076 000 341 43064.4018148264
25.11.2017 09:38:37 +00.16341E+00  0432 034317 1 00003105 00003076 000 343 43064.4018188079
25.11.2017 09:38:37 +00.16340E+00  0446 034317 1 00003106 00003076 000 379 43064.4018231944
25.11.2017 09:38:37 +00.16340E+00  0463 034317 1 00003107 00003076 000 345 43064.4018271875
25.11.2017 09:38:38 +00.16340E+00  0473 034317 1 00003108 00003076 000 343 43064.4018311574
25.11.2017 09:38:38 +00.16340E+00  0490 034317 1 00003109 00003076 000 343 43064.4018351273
25.11.2017 09:38:38 +00.16339E+00  0502 034317 1 00003110 00003076 000 374 43064.401839456
25.11.2017 09:38:39 +00.16340E+00  0524 034317 1 00003111 00003076 000 343 43064.4018434259
25.11.2017 09:38:39 +00.16340E+00  0533 034317 1 00003112 00003076 000 343 43064.4018474074
25.11.2017 09:38:39 +00.16340E+00  0549 034317 1 00003113 00003076 000 343 43064.4018513773
25.11.2017 09:38:40 +00.16339E+00  0566 034317 1 00003114 00003076 000 375 43064.4018557176
25.11.2017 09:38:40 +00.16339E+00  0574 034317 1 00003115 00003076 000 341 43064.4018596759
25.11.2017 09:38:41 +00.16339E+00  0591 034317 1 00003116 00003076 000 343 43064.4018636458
25.11.2017 09:38:41 +00.16339E+00  0608 034317 1 00003117 00003076 000 342 43064.4018676157
25.11.2017 09:38:41 +00.16340E+00  0620 034317 1 00003118 00003076 000 376 43064.4018719792
25.11.2017 09:38:42 +00.16340E+00  0640 034317 1 00003119 00003076 000 340 43064.4018759259
25.11.2017 09:38:42 +00.16340E+00  0654 034317 1 00003120 00003076 000 342 43064.4018798958
25.11.2017 09:38:42 +00.16340E+00  0663 034317 1 00003121 00003076 000 344 43064.4018838773
25.11.2017 09:38:43 +00.16340E+00  0681 034317 1 00003122 00003076 000 377 43064.4018882407
25.11.2017 09:38:43 +00.16340E+00  0694 034317 1 00003123 00003076 000 341 43064.4018921875
25.11.2017 09:38:43 +00.16340E+00  0708 034317 1 00003124 00003076 000 341 43064.4018961458
25.11.2017 09:38:44 +00.16340E+00  0715 034317 1 00003125 00003076 000 343 43064.4019001157
25.11.2017 09:38:44 +00.16340E+00  0731 034317 1 00003126 00003076 000 379 43064.4019045023
25.11.2017 09:38:44 +00.16339E+00  0744 034317 1 00003127 00003076 000 340 43064.4019084375
25.11.2017 09:38:45 +00.16340E+00  0761 034317 1 00003128 00003076 000 342 43064.4019123958
25.11.2017 09:38:45 +00.16340E+00  0772 034317 1 00003129 00003076 000 343 43064.4019163657
25.11.2017 09:38:45 +00.16340E+00  0786 034317 1 00003130 00003076 000 380 43064.4019207639
25.11.2017 09:38:46 +00.16340E+00  0809 034317 1 00003131 00003076 000 344 43064.4019247454
25.11.2017 09:38:46 +00.16340E+00  0820 034317 1 00003132 00003076 000 343 43064.4019287153
25.11.2017 09:38:46 +00.16340E+00  0835 034317 1 00003133 00003076 000 343 43064.4019326852
25.11.2017 09:38:47 +00.16340E+00  0850 034317 1 00003134 00003076 000 376 43064.401937037
25.11.2017 09:38:47 +00.16340E+00  0863 034317 1 00003135 00003076 000 341 43064.4019409838
25.11.2017 09:38:48 +00.16340E+00  0882 034317 1 00003136 00003076 000 342 43064.4019449537
25.11.2017 09:38:48 +00.16340E+00  0899 034317 1 00003137 00003076 000 342 43064.4019489236
25.11.2017 09:38:48 +00.16340E+00  0913 034317 1 00003138 00003076 000 376 43064.401953287
25.11.2017 09:38:49 +00.16340E+00  0926 034317 1 00003139 00003076 000 341 43064.4019572338
25.11.2017 09:38:49 +00.16340E+00  0939 034317 1 00003140 00003076 000 342 43064.4019612037
25.11.2017 09:38:49 +00.16340E+00  0960 034317 1 00003141 00003076 000 342 43064.4019651736
25.11.2017 09:38:50 +00.16340E+00  0982 034317 1 00003142 00003076 000 377 43064.4019695486
25.11.2017 09:38:50 +00.16340E+00  0990 034317 1 00003143 00003076 000 340 43064.4019734954
25.11.2017 09:38:50 +00.16340E+00  1003 034317 1 00003144 00003076 000 342 43064.4019774537
25.11.2017 09:38:51 +00.16340E+00  1016 034317 1 00003145 00003076 000 343 43064.4019814236
25.11.2017 09:38:51 +00.16340E+00  1028 034317 1 00003146 00003076 000 379 43064.4019858102
25.11.2017 09:38:51 +00.16340E+00  1051 034317 1 00003147 00003076 000 344 43064.4019898032
25.11.2017 09:38:52 +00.16340E+00  1071 034317 1 00003148 00003076 000 343 43064.4019937732
25.11.2017 09:38:52 +00.16340E+00  1083 034317 1 00003149 00003076 000 343 43064.4019977431
25.11.2017 09:38:52 +00.16340E+00  1093 034317 1 00003150 00003076 000 373 43064.4020020718
25.11.2017 09:38:53 +00.16340E+00  1110 034317 1 00003151 00003076 000 343 43064.4020060532
25.11.2017 09:38:53 +00.16340E+00  1114 034317 1 00003152 00003076 000 343 43064.4020100232
25.11.2017 09:38:54 +00.16340E+00  1134 034317 1 00003153 00003076 000 343 43064.4020139931
25.11.2017 09:38:54 +00.16340E+00  1143 034317 1 00003154 00003076 000 375 43064.4020183333
25.11.2017 09:38:54 +00.16340E+00  1165 034317 1 00003155 00003076 000 343 43064.4020223032
25.11.2017 09:38:55 +00.16340E+00  1184 034317 1 00003156 00003076 000 343 43064.4020262732
25.11.2017 09:38:55 +00.16340E+00  1197 034317 1 00003157 00003076 000 343 43064.4020302431
25.11.2017 09:38:55 +00.16340E+00  1215 034317 1 00003158 00003076 000 376 43064.4020345949
25.11.2017 09:38:56 +00.16340E+00  1239 034317 1 00003159 00003076 000 342 43064.4020385532
25.11.2017 09:38:56 +00.16340E+00  1253 034317 1 00003160 00003076 000 343 43064.4020425232
25.11.2017 09:39:02 +00.16359E+00  0004 034358 1 00003161 00003161 000 342 43064.4021071065
25.11.2017 09:39:02 +00.16359E+00  0015 034358 1 00003162 00003161 000 343 43064.402111088
25.11.2017 09:39:02 +00.16359E+00  0025 034358 1 00003163 00003161 000 417 43064.4021159144
25.11.2017 09:39:03 +00.16359E+00  0040 034358 1 00003164 00003161 000 344 43064.4021198958
25.11.2017 09:39:03 +00.16359E+00  0048 034358 1 00003165 00003161 000 343 43064.4021238773
25.11.2017 09:39:03 +00.16359E+00  0060 034358 1 00003166 00003161 000 343 43064.4021278472
25.11.2017 09:39:04 +00.16359E+00  0082 034358 1 00003167 00003161 000 374 43064.4021321759
25.11.2017 09:39:04 +00.16359E+00  0096 034358 1 00003168 00003161 000 343 43064.4021361458
25.11.2017 09:39:04 +00.16359E+00  0111 034358 1 00003169 00003161 000 342 43064.4021401157
25.11.2017 09:39:05 +00.16359E+00  0127 034358 1 00003170 00003161 000 342 43064.4021440856
25.11.2017 09:39:05 +00.16359E+00  0137 034358 1 00003171 00003161 000 375 43064.4021484375
25.11.2017 09:39:05 +00.16359E+00  0153 034358 1 00003172 00003161 000 342 43064.4021523958
25.11.2017 09:39:06 +00.16359E+00  0168 034358 1 00003173 00003161 000 343 43064.4021563773
25.11.2017 09:39:06 +00.16359E+00  0184 034358 1 00003174 00003161 000 342 43064.4021603356
25.11.2017 09:39:07 +00.16359E+00  0194 034360 1 00003175 00003161 000 375 43064.4021646875
25.11.2017 09:39:07 +00.16360E+00  0208 034360 1 00003176 00003161 000 342 43064.4021686458
25.11.2017 09:39:07 +00.16360E+00  0224 034360 1 00003177 00003161 000 343 43064.4021726157
25.11.2017 09:39:08 +00.16360E+00  0236 034360 1 00003178 00003161 000 343 43064.4021765856
25.11.2017 09:39:08 +00.16360E+00  0249 034360 1 00003179 00003161 000 378 43064.4021809606
25.11.2017 09:39:08 +00.16360E+00  0261 034360 1 00003180 00003161 000 340 43064.4021848958
25.11.2017 09:39:09 +00.16360E+00  0278 034360 1 00003181 00003161 000 342 43064.4021888657
25.11.2017 09:39:09 +00.16360E+00  0293 034360 1 00003182 00003161 000 343 43064.4021928356
25.11.2017 09:39:09 +00.16360E+00  0308 034360 1 00003183 00003161 000 379 43064.4021972222
25.11.2017 09:39:10 +00.16360E+00  0328 034360 1 00003184 00003161 000 345 43064.4022012153
25.11.2017 09:39:10 +00.16360E+00  0349 034360 1 00003185 00003161 000 343 43064.4022051852
25.11.2017 09:39:10 +00.16360E+00  0363 034360 1 00003186 00003161 000 343 43064.4022091551
25.11.2017 09:39:11 +00.16360E+00  0385 034360 1 00003187 00003161 000 374 43064.4022134838
25.11.2017 09:39:11 +00.16360E+00  0397 034360 1 00003188 00003161 000 344 43064.4022174653
25.11.2017 09:39:11 +00.16360E+00  0409 034360 1 00003189 00003161 000 343 43064.4022214352
25.11.2017 09:39:12 +00.16360E+00  0430 034360 1 00003190 00003161 000 343 43064.4022254051
25.11.2017 09:39:12 +00.16361E+00  0443 034360 1 00003191 00003161 000 375 43064.4022297454
25.11.2017 09:39:12 +00.16360E+00  0466 034360 1 00003192 00003161 000 342 43064.4022337037
25.11.2017 09:39:13 +00.16360E+00  0486 034360 1 00003193 00003161 000 343 43064.4022376736
25.11.2017 09:39:13 +00.16360E+00  0493 034360 1 00003194 00003161 000 342 43064.4022416435
25.11.2017 09:39:14 +00.16360E+00  0517 034360 1 00003195 00003161 000 375 43064.4022459954
25.11.2017 09:39:14 +00.16360E+00  0536 034360 1 00003196 00003161 000 341 43064.4022499537
25.11.2017 09:39:14 +00.16360E+00  0545 034360 1 00003197 00003161 000 343 43064.4022539236
25.11.2017 09:39:15 +00.16360E+00  0555 034360 1 00003198 00003161 000 342 43064.4022578935
25.11.2017 09:39:15 +00.16360E+00  0578 034360 1 00003199 00003161 000 376 43064.4022622569
25.11.2017 09:39:15 +00.16360E+00  0598 034360 1 00003200 00003161 000 340 43064.4022662037
25.11.2017 09:39:16 +00.16360E+00  0611 034360 1 00003201 00003161 000 342 43064.4022701736
25.11.2017 09:39:16 +00.16360E+00  0620 034360 1 00003202 00003161 000 344 43064.4022741551
25.11.2017 09:39:16 +00.16360E+00  0633 034360 1 00003203 00003161 000 378 43064.4022785301
25.11.2017 09:39:17 +00.16360E+00  0643 034360 1 00003204 00003161 000 344 43064.4022825232
25.11.2017 09:39:17 +00.16360E+00  0659 034360 1 00003205 00003161 000 343 43064.4022864931
25.11.2017 09:39:17 +00.16360E+00  0669 034360 1 00003206 00003161 000 343 43064.402290463
25.11.2017 09:39:18 +00.16360E+00  0689 034360 1 00003207 00003161 000 373 43064.4022947917
25.11.2017 09:39:18 +00.16360E+00  0702 034360 1 00003208 00003161 000 343 43064.4022987732
25.11.2017 09:39:18 +00.16360E+00  0716 034360 1 00003209 00003161 000 343 43064.4023027431
25.11.2017 09:39:19 +00.16360E+00  0731 034360 1 00003210 00003161 000 343 43064.402306713
25.11.2017 09:39:19 +00.16360E+00  0745 034360 1 00003211 00003161 000 375 43064.4023110532
25.11.2017 09:39:20 +00.16360E+00  0771 034360 1 00003212 00003161 000 343 43064.4023150232
25.11.2017 09:39:20 +00.16360E+00  0787 034360 1 00003213 00003161 000 343 43064.4023189931
25.11.2017 09:39:20 +00.16360E+00  0799 034360 1 00003214 00003161 000 343 43064.402322963
25.11.2017 09:39:21 +00.16360E+00  0808 034360 1 00003215 00003161 000 376 43064.4023273148
25.11.2017 09:39:21 +00.16360E+00  0824 034360 1 00003216 00003161 000 341 43064.4023312616
25.11.2017 09:39:21 +00.16360E+00  0836 034360 1 00003217 00003161 000 343 43064.4023352431
25.11.2017 09:39:22 +00.16360E+00  0853 034360 1 00003218 00003161 000 343 43064.402339213
25.11.2017 09:39:22 +00.16360E+00  0871 034360 1 00003219 00003161 000 377 43064.4023435764
25.11.2017 09:39:22 +00.16360E+00  0889 034360 1 00003220 00003161 000 341 43064.4023475232
25.11.2017 09:39:23 +00.16360E+00  0899 034360 1 00003221 00003161 000 342 43064.4023514815
25.11.2017 09:39:23 +00.16360E+00  0914 034360 1 00003222 00003161 000 342 43064.4023554514
25.11.2017 09:39:23 +00.16360E+00  0926 034360 1 00003223 00003161 000 378 43064.402359838
25.11.2017 09:39:24 +00.16360E+00  0940 034360 1 00003224 00003161 000 344 43064.402363831
25.11.2017 09:39:24 +00.16360E+00  0953 034360 1 00003225 00003161 000 342 43064.4023678009
25.11.2017 09:39:24 +00.16360E+00  0971 034360 1 00003226 00003161 000 343 43064.4023717708
25.11.2017 09:39:25 +00.16360E+00  0989 034360 1 00003227 00003161 000 372 43064.402376088
25.11.2017 09:39:25 +00.16360E+00  1000 034360 1 00003228 00003161 000 344 43064.402380081
25.11.2017 09:39:25 +00.16360E+00  1009 034360 1 00003229 00003161 000 343 43064.4023840509
25.11.2017 09:39:26 +00.16360E+00  1027 034360 1 00003230 00003161 000 343 43064.4023880208
25.11.2017 09:39:26 +00.16360E+00  1045 034360 1 00003231 00003161 000 374 43064.4023923611
25.11.2017 09:39:27 +00.16360E+00  1063 034360 1 00003232 00003161 000 343 43064.402396331
25.11.2017 09:39:27 +00.16360E+00  1072 034360 1 00003233 00003161 000 343 43064.4024003009
25.11.2017 09:39:27 +00.16360E+00  1092 034360 1 00003234 00003161 000 343 43064.4024042708
25.11.2017 09:39:28 +00.16360E+00  1104 034360 1 00003235 00003161 000 376 43064.4024086227
25.11.2017 09:39:28 +00.16360E+00  1125 034360 1 00003236 00003161 000 342 43064.402412581
25.11.2017 09:39:28 +00.16360E+00  1136 034360 1 00003237 00003161 000 343 43064.4024165509
25.11.2017 09:39:29 +00.16360E+00  1153 034360 1 00003238 00003161 000 343 43064.4024205208
25.11.2017 09:39:29 +00.16360E+00  1170 034360 1 00003239 00003161 000 377 43064.4024248843
25.11.2017 09:39:29 +00.16360E+00  1184 034360 1 00003240 00003161 000 341 43064.402428831
25.11.2017 09:39:30 +00.16360E+00  1203 034360 1 00003241 00003161 000 343 43064.4024328009
25.11.2017 09:39:30 +00.16360E+00  1220 034360 1 00003242 00003161 000 343 43064.4024367708
25.11.2017 09:39:30 +00.16360E+00  1234 034360 1 00003243 00003161 000 378 43064.4024411458
25.11.2017 09:39:31 +00.16360E+00  1246 034360 1 00003244 00003161 000 341 43064.4024450926
25.11.2017 09:39:31 +00.16360E+00  1261 034360 1 00003245 00003161 000 341 43064.4024490393