
25.11.2017 09:39:36 +00.16400E+00  0016 034443 1 00003246 00003246 000 341 43064.4025005787
25.11.2017 09:39:36 +00.16400E+00  0033 034443 1 00003247 00003246 000 343 43064.4025045602
25.11.2017 09:39:36 +00.16400E+00  0049 034443 1 00003248 00003246 000 343 43064.4025085301
25.11.2017 09:39:37 +00.16400E+00  0058 034443 1 00003249 00003246 000 360 43064.4025126968
25.11.2017 09:39:37 +00.16400E+00  0068 034443 1 00003250 00003246 000 345 43064.4025166898
25.11.2017 09:39:37 +00.16400E+00  0085 034443 1 00003251 00003246 000 343 43064.4025206597
25.11.2017 09:39:38 +00.16400E+00  0103 034443 1 00003252 00003246 000 343 43064.4025246296
25.11.2017 09:39:38 +00.16399E+00  0116 034443 1 00003253 00003246 000 374 43064.4025289583
25.11.2017 09:39:38 +00.16400E+00  0128 034443 1 00003254 00003246 000 344 43064.4025329398
25.11.2017 09:39:39 +00.16400E+00  0143 034443 1 00003255 00003246 000 342 43064.4025368981
25.11.2017 09:39:39 +00.16400E+00  0160 034443 1 00003256 00003246 000 342 43064.4025408681
25.11.2017 09:39:39 +00.16400E+00  0174 034443 1 00003257 00003246 000 376 43064.4025452315
25.11.2017 09:39:40 +00.16400E+00  0191 034443 1 00003258 00003246 000 341 43064.4025491782
25.11.2017 09:39:40 +00.16399E+00  0208 034443 1 00003259 00003246 000 342 43064.4025531481
25.11.2017 09:39:40 +00.16399E+00  0225 034443 1 00003260 00003246 000 342 43064.4025571181
25.11.2017 09:39:41 +00.16400E+00  0238 034445 1 00003261 00003246 000 376 43064.4025614815
25.11.2017 09:39:41 +00.16400E+00  0255 034445 1 00003262 00003246 000 341 43064.4025654398
25.11.2017 09:39:41 +00.16401E+00  0274 034445 1 00003263 00003246 000 342 43064.4025693981
25.11.2017 09:39:42 +00.16401E+00  0285 034445 1 00003264 00003246 000 343 43064.4025733681
25.11.2017 09:39:42 +00.16401E+00  0301 034445 1 00003265 00003246 000 378 43064.4025777431
25.11.2017 09:39:43 +00.16401E+00  0318 034445 1 00003266 00003246 000 340 43064.4025816898
25.11.2017 09:39:43 +00.16400E+00  0340 034445 1 00003267 00003246 000 341 43064.4025856481
25.11.2017 09:39:43 +00.16400E+00  0368 034445 1 00003268 00003246 000 343 43064.4025896181
25.11.2017 09:39:44 +00.16400E+00  0383 034445 1 00003269 00003246 000 379 43064.4025940046
25.11.2017 09:39:44 +00.16401E+00  0393 034445 1 00003270 00003246 000 345 43064.4025979977
25.11.2017 09:39:44 +00.16401E+00  0410 034445 1 00003271 00003246 000 343 43064.4026019676
25.11.2017 09:39:45 +00.16400E+00  0420 034445 1 00003272 00003246 000 344 43064.4026059491
25.11.2017 09:39:45 +00.16400E+00  0431 034445 1 00003273 00003246 000 373 43064.4026102662
25.11.2017 09:39:45 +00.16401E+00  0441 034445 1 00003274 00003246 000 344 43064.4026142477
25.11.2017 09:39:46 +00.16401E+00  0455 034445 1 00003275 00003246 000 343 43064.4026182176
25.11.2017 09:39:46 +00.16400E+00  0462 034443 1 00003276 00003246 000 343 43064.4026221875
25.11.2017 09:39:46 +00.16400E+00  0476 034443 1 00003277 00003246 000 375 43064.4026265278
25.11.2017 09:39:47 +00.16400E+00  0488 034443 1 00003278 00003246 000 342 43064.4026304861
25.11.2017 09:39:47 +00.16400E+00  0500 034443 1 00003279 00003246 000 342 43064.402634456
25.11.2017 09:39:47 +00.16400E+00  0516 034443 1 00003280 00003246 000 343 43064.4026384375
25.11.2017 09:39:48 +00.16400E+00  0535 034443 1 00003281 00003246 000 377 43064.4026428009
25.11.2017 09:39:48 +00.16400E+00  0550 034443 1 00003282 00003246 000 340 43064.4026467361
25.11.2017 09:39:49 +00.16400E+00  0563 034443 1 00003283 00003246 000 342 43064.402650706
25.11.2017 09:39:49 +00.16400E+00  0575 034443 1 00003284 00003246 000 343 43064.4026546759
25.11.2017 09:39:49 +00.16400E+00  0591 034443 1 00003285 00003246 000 377 43064.4026590509
25.11.2017 09:39:50 +00.16400E+00  0603 034443 1 00003286 00003246 000 340 43064.4026629977
25.11.2017 09:39:50 +00.16400E+00  0617 034443 1 00003287 00003246 000 342 43064.402666956
25.11.2017 09:39:50 +00.16400E+00  0630 034443 1 00003288 00003246 000 343 43064.4026709259
25.11.2017 09:39:51 +00.16400E+00  0649 034443 1 00003289 00003246 000 379 43064.4026753125
25.11.2017 09:39:56 +00.16429E+00  0009 034505 1 00003290 00003290 000 379 43064.4027403588
25.11.2017 09:39:57 +00.16429E+00  0031 034505 1 00003291 00003290 000 344 43064.4027443403
25.11.2017 09:39:57 +00.16429E+00  0046 034505 1 00003292 00003290 000 344 43064.4027483218
25.11.2017 09:39:57 +00.16429E+00  0063 034505 1 00003293 00003290 000 342 43064.4027522801
25.11.2017 09:39:58 +00.16429E+00  0083 034505 1 00003294 00003290 000 375 43064.4027566204
25.11.2017 09:39:58 +00.16429E+00  0104 034505 1 00003295 00003290 000 343 43064.4027605903
25.11.2017 09:39:58 +00.16429E+00  0119 034505 1 00003296 00003290 000 343 43064.4027645602
25.11.2017 09:39:59 +00.16429E+00  0126 034505 1 00003297 00003290 000 343 43064.4027685301
25.11.2017 09:39:59 +00.16429E+00  0136 034505 1 00003298 00003290 000 376 43064.4027728819
25.11.2017 09:39:59 +00.16429E+00  0150 034505 1 00003299 00003290 000 342 43064.4027768403
25.11.2017 09:40:00 +00.16429E+00  0165 034505 1 00003300 00003290 000 343 43064.4027808102
25.11.2017 09:40:00 +00.16429E+00  0177 034505 1 00003301 00003290 000 343 43064.4027847801
25.11.2017 09:40:00 +00.16429E+00  0191 034505 1 00003302 00003290 000 377 43064.4027891435
25.11.2017 09:40:01 +00.16429E+00  0205 034505 1 00003303 00003290 000 341 43064.4027930903
25.11.2017 09:40:01 +00.16429E+00  0229 034507 1 00003304 00003290 000 342 43064.4027970486
25.11.2017 09:40:02 +00.16430E+00  0244 034507 1 00003305 00003290 000 343 43064.4028010301
25.11.2017 09:40:02 +00.16430E+00  0258 034507 1 00003306 00003290 000 378 43064.4028054051
25.11.2017 09:40:02 +00.16430E+00  0271 034507 1 00003307 00003290 000 344 43064.4028093981
25.11.2017 09:40:03 +00.16430E+00  0289 034507 1 00003308 00003290 000 343 43064.4028133796
25.11.2017 09:40:03 +00.16430E+00  0305 034507 1 00003309 00003290 000 343 43064.4028173495
25.11.2017 09:40:03 +00.16430E+00  0313 034507 1 00003310 00003290 000 374 43064.4028216782
25.11.2017 09:40:04 +00.16430E+00  0331 034507 1 00003311 00003290 000 343 43064.4028256481
25.11.2017 09:40:04 +00.16430E+00  0343 034507 1 00003312 00003290 000 342 43064.4028296181
25.11.2017 09:40:04 +00.16430E+00  0356 034507 1 00003313 00003290 000 342 43064.402833588
25.11.2017 09:40:05 +00.16430E+00  0374 034507 1 00003314 00003290 000 374 43064.4028379282
25.11.2017 09:40:05 +00.16430E+00  0388 034507 1 00003315 00003290 000 342 43064.4028418981
25.11.2017 09:40:05 +00.16430E+00  0400 034507 1 00003316 00003290 000 343 43064.4028458681
25.11.2017 09:40:06 +00.16430E+00  0415 034507 1 00003317 00003290 000 343 43064.402849838
25.11.2017 09:40:06 +00.16430E+00  0435 034507 1 00003318 00003290 000 376 43064.4028542014
25.11.2017 09:40:06 +00.16430E+00  0456 034507 1 00003319 00003290 000 341 43064.4028581481
25.11.2017 09:40:07 +00.16430E+00  0467 034507 1 00003320 00003290 000 343 43064.4028621181
25.11.2017 09:40:07 +00.16430E+00  0478 034507 1 00003321 00003290 000 343 43064.402866088
25.11.2017 09:40:08 +00.16430E+00  0497 034507 1 00003322 00003290 000 378 43064.402870463
25.11.2017 09:40:08 +00.16430E+00  0511 034507 1 00003323 00003290 000 341 43064.4028744097
25.11.2017 09:40:08 +00.16430E+00  0529 034507 1 00003324 00003290 000 342 43064.4028783681
25.11.2017 09:40:09 +00.16430E+00  0544 034507 1 00003325 00003290 000 343 43064.402882338
25.11.2017 09:40:09 +00.16430E+00  0555 034507 1 00003326 00003290 000 379 43064.4028867245
25.11.2017 09:40:09 +00.16430E+00  0568 034507 1 00003327 00003290 000 345 43064.4028907176
25.11.2017 09:40:10 +00.16430E+00  0581 034507 1 00003328 00003290 000 343 43064.4028946875
25.11.2017 09:40:10 +00.16430E+00  0599 034507 1 00003329 00003290 000 343 43064.4028986574
25.11.2017 09:40:10 +00.16430E+00  0610 034507 1 00003330 00003290 000 374 43064.4029029861
25.11.2017 09:40:11 +00.16430E+00  0618 034507 1 00003331 00003290 000 343 43064.4029069676
25.11.2017 09:40:11 +00.16430E+00  0636 034507 1 00003332 00003290 000 343 43064.4029109375
25.11.2017 09:40:11 +00.16430E+00  0646 034507 1 00003333 00003290 000 343 43064.4029149074
25.11.2017 09:40:17 +00.16460E+00  0010 034569 1 00003334 00003334 000 342 43064.4029754398
25.11.2017 09:40:17 +00.16460E+00  0025 034569 1 00003335 00003334 000 343 43064.4029794097
25.11.2017 09:40:17 +00.16460E+00  0044 034569 1 00003336 00003334 000 422 43064.402984294
25.11.2017 09:40:18 +00.16460E+00  0058 034569 1 00003337 00003334 000 341 43064.4029882407
25.11.2017 09:40:18 +00.16460E+00  0073 034569 1 00003338 00003334 000 342 43064.4029921991
25.11.2017 09:40:18 +00.16460E+00  0097 034569 1 00003339 00003334 000 343 43064.402996169
25.11.2017 09:40:19 +00.16460E+00  0114 034569 1 00003340 00003334 000 379 43064.4030005556
25.11.2017 09:40:19 +00.16460E+00  0133 034569 1 00003341 00003334 000 340 43064.4030044907
25.11.2017 09:40:19 +00.16460E+00  0141 034569 1 00003342 00003334 000 341 43064.4030084491
25.11.2017 09:40:20 +00.16460E+00  0156 034569 1 00003343 00003334 000 343 43064.403012419
25.11.2017 09:40:20 +00.16460E+00  0163 034569 1 00003344 00003334 000 380 43064.4030168171
25.11.2017 09:40:20 +00.16460E+00  0176 034569 1 00003345 00003334 000 344 43064.4030207986
25.11.2017 09:40:21 +00.16460E+00  0201 034569 1 00003346 00003334 000 343 43064.4030247685
25.11.2017 09:40:21 +00.16460E+00  0218 034569 1 00003347 00003334 000 343 43064.4030287384
25.11.2017 09:40:22 +00.16460E+00  0235 034569 1 00003348 00003334 000 375 43064.4030330787
25.11.2017 09:40:22 +00.16459E+00  0250 034569 1 00003349 00003334 000 343 43064.4030370486
25.11.2017 09:40:22 +00.16460E+00  0274 034569 1 00003350 00003334 000 343 43064.4030410185
25.11.2017 09:40:23 +00.16460E+00  0285 034569 1 00003351 00003334 000 343 43064.4030449884
25.11.2017 09:40:23 +00.16460E+00  0303 034569 1 00003352 00003334 000 376 43064.4030493403
25.11.2017 09:40:23 +00.16460E+00  0315 034569 1 00003353 00003334 000 342 43064.4030532986
25.11.2017 09:40:24 +00.16460E+00  0330 034569 1 00003354 00003334 000 342 43064.4030572569
25.11.2017 09:40:24 +00.16460E+00  0341 034569 1 00003355 00003334 000 343 43064.4030612384
25.11.2017 09:40:24 +00.16460E+00  0357 034569 1 00003356 00003334 000 377 43064.4030656019
25.11.2017 09:40:25 +00.16460E+00  0370 034569 1 00003357 00003334 000 340 43064.403069537
25.11.2017 09:40:25 +00.16460E+00  0386 034569 1 00003358 00003334 000 342 43064.4030735069
25.11.2017 09:40:25 +00.16460E+00  0406 034569 1 00003359 00003334 000 342 43064.4030774769
25.11.2017 09:40:26 +00.16459E+00  0417 034569 1 00003360 00003334 000 377 43064.4030818519
25.11.2017 09:40:26 +00.16460E+00  0426 034569 1 00003361 00003334 000 340 43064.4030857986
25.11.2017 09:40:26 +00.16459E+00  0440 034569 1 00003362 00003334 000 341 43064.4030897569
25.11.2017 09:40:27 +00.16460E+00  0452 034569 1 00003363 00003334 000 343 43064.4030937269
25.11.2017 09:40:27 +00.16460E+00  0467 034569 1 00003364 00003334 000 380 43064.403098125
25.11.2017 09:40:28 +00.16460E+00  0480 034569 1 00003365 00003334 000 344 43064.4031021065
25.11.2017 09:40:28 +00.16459E+00  0494 034569 1 00003366 00003334 000 342 43064.4031060764
25.11.2017 09:40:28 +00.16460E+00  0509 034569 1 00003367 00003334 000 342 43064.4031100463
25.11.2017 09:40:29 +00.16459E+00  0524 034569 1 00003368 00003334 000 375 43064.4031143866
25.11.2017 09:40:29 +00.16460E+00  0532 034569 1 00003369 00003334 000 342 43064.4031183565
25.11.2017 09:40:29 +00.16459E+00  0548 034569 1 00003370 00003334 000 343 43064.4031223264
25.11.2017 09:40:30 +00.16459E+00  0555 034569 1 00003371 00003334 000 343 43064.4031262963
25.11.2017 09:40:30 +00.16459E+00  0571 034569 1 00003372 00003334 000 376 43064.4031306481
25.11.2017 09:40:30 +00.16460E+00  0590 034569 1 00003373 00003334 000 342 43064.4031346065
25.11.2017 09:40:31 +00.16460E+00  0606 034569 1 00003374 00003334 000 343 43064.4031385764
25.11.2017 09:40:31 +00.16460E+00  0623 034569 1 00003375 00003334 000 343 43064.4031425463
25.11.2017 09:40:31 +00.16460E+00  0641 034569 1 00003376 00003334 000 377 43064.4031469097
25.11.2017 09:40:32 +00.16460E+00  0658 034569 1 00003377 00003334 000 340 43064.4031508449
25.11.2017 09:40:32 +00.16459E+00  0669 034569 1 00003378 00003334 000 342 43064.4031548148
25.11.2017 09:40:37 +00.16489E+00  0013 034630 1 00003379 00003379 000 380 43064.4032152083
25.11.2017 09:40:38 +00.16489E+00  0025 034630 1 00003380 00003379 000 343 43064.4032191782
25.11.2017 09:40:38 +00.16489E+00  0039 034630 1 00003381 00003379 000 343 43064.4032231481
25.11.2017 09:40:38 +00.16489E+00  0053 034630 1 00003382 00003379 000 342 43064.4032271181
25.11.2017 09:40:39 +00.16489E+00  0070 034630 1 00003383 00003379 000 376 43064.4032314699
25.11.2017 09:40:39 +00.16489E+00  0083 034630 1 00003384 00003379 000 341 43064.4032354282
25.11.2017 09:40:39 +00.16489E+00  0096 034630 1 00003385 00003379 000 343 43064.4032393981
25.11.2017 09:40:40 +00.16488E+00  0105 034630 1 00003386 00003379 000 343 43064.4032433681
25.11.2017 09:40:40 +00.16489E+00  0121 034630 1 00003387 00003379 000 377 43064.4032477315
25.11.2017 09:40:40 +00.16489E+00  0136 034630 1 00003388 00003379 000 341 43064.4032516782
25.11.2017 09:40:41 +00.16489E+00  0148 034630 1 00003389 00003379 000 343 43064.4032556481
25.11.2017 09:40:41 +00.16489E+00  0160 034630 1 00003390 00003379 000 343 43064.4032596181
25.11.2017 09:40:42 +00.16489E+00  0177 034630 1 00003391 00003379 000 378 43064.4032639931
25.11.2017 09:40:42 +00.16489E+00  0192 034630 1 00003392 00003379 000 341 43064.4032679398
25.11.2017 09:40:42 +00.16489E+00  0208 034630 1 00003393 00003379 000 342 43064.4032718981
25.11.2017 09:40:43 +00.16489E+00  0220 034632 1 00003394 00003379 000 343 43064.4032758681
25.11.2017 09:40:43 +00.16489E+00  0231 034632 1 00003395 00003379 000 379 43064.4032802546
25.11.2017 09:40:43 +00.16489E+00  0243 034632 1 00003396 00003379 000 345 43064.4032842477
25.11.2017 09:40:44 +00.16490E+00  0257 034632 1 00003397 00003379 000 343 43064.4032882176
25.11.2017 09:40:44 +00.16490E+00  0272 034632 1 00003398 00003379 000 343 43064.4032921875
25.11.2017 09:40:44 +00.16490E+00  0281 034632 1 00003399 00003379 000 374 43064.4032965162
25.11.2017 09:40:45 +00.16489E+00  0287 034632 1 00003400 00003379 000 343 43064.4033004861
25.11.2017 09:40:45 +00.16490E+00  0304 034632 1 00003401 00003379 000 343 43064.4033044676
25.11.2017 09:40:45 +00.16489E+00  0321 034632 1 00003402 00003379 000 343 43064.4033084375
25.11.2017 09:40:46 +00.16489E+00  0336 034632 1 00003403 00003379 000 375 43064.4033127778
25.11.2017 09:40:46 +00.16490E+00  0345 034632 1 00003404 00003379 000 342 43064.4033167361
25.11.2017 09:40:46 +00.16490E+00  0355 034632 1 00003405 00003379 000 343 43064.4033207176
25.11.2017 09:40:47 +00.16489E+00  0371 034632 1 00003406 00003379 000 342 43064.4033246759
25.11.2017 09:40:47 +00.16490E+00  0394 034632 1 00003407 00003379 000 376 43064.4033290393
25.11.2017 09:40:47 +00.16490E+00  0407 034632 1 00003408 00003379 000 340 43064.4033329861
25.11.2017 09:40:48 +00.16489E+00  0422 034632 1 00003409 00003379 000 342 43064.403336956
25.11.2017 09:40:48 +00.16490E+00  0437 034632 1 00003410 00003379 000 343 43064.4033409259
25.11.2017 09:40:49 +00.16490E+00  0448 034632 1 00003411 00003379 000 377 43064.4033453009
25.11.2017 09:40:49 +00.16489E+00  0467 034632 1 00003412 00003379 000 340 43064.4033492477
25.11.2017 09:40:49 +00.16490E+00  0485 034632 1 00003413 00003379 000 341 43064.403353206
25.11.2017 09:40:50 +00.16489E+00  0498 034632 1 00003414 00003379 000 343 43064.4033571759
25.11.2017 09:40:50 +00.16490E+00  0511 034632 1 00003415 00003379 000 379 43064.4033615625
25.11.2017 09:40:50 +00.16490E+00  0526 034632 1 00003416 00003379 000 345 43064.4033655556
25.11.2017 09:40:51 +00.16490E+00  0534 034632 1 00003417 00003379 000 343 43064.4033695255
25.11.2017 09:40:51 +00.16490E+00  0550 034632 1 00003418 00003379 000 343 43064.4033734954
25.11.2017 09:40:51 +00.16489E+00  0562 034632 1 00003419 00003379 000 374 43064.4033778241
25.11.2017 09:40:52 +00.16489E+00  0575 034632 1 00003420 00003379 000 344 43064.4033818056
25.11.2017 09:40:52 +00.16489E+00  0596 034632 1 00003421 00003379 000 343 43064.4033857755
25.11.2017 09:40:52 +00.16490E+00  0607 034632 1 00003422 00003379 000 343 43064.4033897454
25.11.2017 09:40:53 +00.16490E+00  0622 034632 1 00003423 00003379 000 375 43064.4033940856
25.11.2017 09:40:58 +00.16519E+00  0018 034693 1 00003424 00003424 000 342 43064.403454537
25.11.2017 09:40:58 +00.16519E+00  0026 034693 1 00003425 00003424 000 396 43064.4034591319
25.11.2017 09:40:59 +00.16519E+00  0046 034693 1 00003426 00003424 000 340 43064.4034630671
25.11.2017 09:40:59 +00.16519E+00  0063 034693 1 00003427 00003424 000 342 43064.403467037
25.11.2017 09:40:59 +00.16519E+00  0078 034693 1 00003428 00003424 000 343 43064.4034710069
25.11.2017 09:41:00 +00.16519E+00  0088 034693 1 00003429 00003424 000 378 43064.4034753935
25.11.2017 09:41:00 +00.16519E+00  0105 034693 1 00003430 00003424 000 344 43064.4034793866
25.11.2017 09:41:00 +00.16519E+00  0117 034693 1 00003431 00003424 000 343 43064.4034833565
25.11.2017 09:41:01 +00.16519E+00  0133 034693 1 00003432 00003424 000 343 43064.403487338
25.11.2017 09:41:01 +00.16519E+00  0150 034693 1 00003433 00003424 000 373 43064.4034916551
25.11.2017 09:41:02 +00.16519E+00  0165 034693 1 00003434 00003424 000 343 43064.4034956366
25.11.2017 09:41:02 +00.16519E+00  0181 034693 1 00003435 00003424 000 343 43064.4034996065
25.11.2017 09:41:02 +00.16519E+00  0192 034693 1 00003436 00003424 000 343 43064.4035035764
25.11.2017 09:41:03 +00.16519E+00  0205 034693 1 00003437 00003424 000 375 43064.4035079167
25.11.2017 09:41:03 +00.16519E+00  0214 034693 1 00003438 00003424 000 342 43064.4035118866
25.11.2017 09:41:03 +00.16519E+00  0229 034695 1 00003439 00003424 000 343 43064.4035158565
25.11.2017 09:41:04 +00.16519E+00  0244 034695 1 00003440 00003424 000 343 43064.4035198264
25.11.2017 09:41:04 +00.16520E+00  0260 034695 1 00003441 00003424 000 376 43064.4035241782
25.11.2017 09:41:04 +00.16519E+00  0275 034695 1 00003442 00003424 000 342 43064.4035281366
25.11.2017 09:41:05 +00.16519E+00  0290 034695 1 00003443 00003424 000 343 43064.4035321065
25.11.2017 09:41:05 +00.16519E+00  0299 034695 1 00003444 00003424 000 343 43064.4035360764
25.11.2017 09:41:05 +00.16520E+00  0315 034695 1 00003445 00003424 000 377 43064.4035404398
25.11.2017 09:41:06 +00.16520E+00  0326 034695 1 00003446 00003424 000 340 43064.403544375
25.11.2017 09:41:06 +00.16520E+00  0341 034695 1 00003447 00003424 000 342 43064.4035483449
25.11.2017 09:41:06 +00.16520E+00  0359 034695 1 00003448 00003424 000 343 43064.4035523264
25.11.2017 09:41:07 +00.16519E+00  0372 034695 1 00003449 00003424 000 379 43064.403556713
25.11.2017 09:41:07 +00.16519E+00  0391 034695 1 00003450 00003424 000 345 43064.403560706
25.11.2017 09:41:07 +00.16519E+00  0403 034695 1 00003451 00003424 000 343 43064.4035646759
25.11.2017 09:41:08 +00.16520E+00  0418 034695 1 00003452 00003424 000 343 43064.4035686458
25.11.2017 09:41:08 +00.16519E+00  0436 034695 1 00003453 00003424 000 374 43064.4035729745
25.11.2017 09:41:09 +00.16520E+00  0455 034695 1 00003454 00003424 000 343 43064.4035769444
25.11.2017 09:41:09 +00.16520E+00  0477 034695 1 00003455 00003424 000 342 43064.4035809144
25.11.2017 09:41:09 +00.16519E+00  0489 034695 1 00003456 00003424 000 342 43064.4035848843
25.11.2017 09:41:10 +00.16519E+00  0498 034695 1 00003457 00003424 000 375 43064.4035892361
25.11.2017 09:41:10 +00.16519E+00  0516 034695 1 00003458 00003424 000 342 43064.4035931944
25.11.2017 09:41:10 +00.16520E+00  0524 034695 1 00003459 00003424 000 343 43064.4035971644
25.11.2017 09:41:11 +00.16520E+00  0548 034695 1 00003460 00003424 000 343 43064.4036011343
25.11.2017 09:41:11 +00.16520E+00  0564 034695 1 00003461 00003424 000 376 43064.4036054861
25.11.2017 09:41:11 +00.16520E+00  0577 034695 1 00003462 00003424 000 342 43064.4036094444
25.11.2017 09:41:12 +00.16520E+00  0590 034695 1 00003463 00003424 000 343 43064.4036134144
25.11.2017 09:41:12 +00.16519E+00  0593 034695 1 00003464 00003424 000 343 43064.4036173843
25.11.2017 09:41:12 +00.16520E+00  0602 034695 1 00003465 00003424 000 377 43064.4036217477
25.11.2017 09:41:13 +00.16519E+00  0613 034695 1 00003466 00003424 000 341 43064.4036256944
25.11.2017 09:41:13 +00.16519E+00  0624 034695 1 00003467 00003424 000 343 43064.4036296644
25.11.2017 09:41:19 +00.16550E+00  0013 034758 1 00003468 00003468 000 343 43064.4036942593
25.11.2017 09:41:19 +00.16550E+00  0028 034758 1 00003469 00003468 000 343 43064.4036982292
25.11.2017 09:41:19 +00.16549E+00  0041 034758 1 00003470 00003468 000 418 43064.4037030671
25.11.2017 09:41:20 +00.16549E+00  0068 034758 1 00003471 00003468 000 344 43064.4037070486
25.11.2017 09:41:20 +00.16550E+00  0083 034758 1 00003472 00003468 000 343 43064.4037110185
25.11.2017 09:41:20 +00.16550E+00  0091 034758 1 00003473 00003468 000 343 43064.4037149884
25.11.2017 09:41:21 +00.16550E+00  0103 034758 1 00003474 00003468 000 375 43064.4037193287
25.11.2017 09:41:21 +00.16550E+00  0118 034758 1 00003475 00003468 000 342 43064.403723287
25.11.2017 09:41:22 +00.16550E+00  0133 034758 1 00003476 00003468 000 343 43064.4037272685
25.11.2017 09:41:22 +00.16550E+00  0150 034758 1 00003477 00003468 000 343 43064.4037312384
25.11.2017 09:41:22 +00.16550E+00  0167 034758 1 00003478 00003468 000 376 43064.4037355903
25.11.2017 09:41:23 +00.16550E+00  0186 034758 1 00003479 00003468 000 341 43064.403739537
25.11.2017 09:41:23 +00.16550E+00  0199 034758 1 00003480 00003468 000 343 43064.4037435069
25.11.2017 09:41:23 +00.16549E+00  0217 034758 1 00003481 00003468 000 342 43064.4037474768
25.11.2017 09:41:24 +00.16550E+00  0228 034760 1 00003482 00003468 000 377 43064.4037518519
25.11.2017 09:41:24 +00.16550E+00  0252 034760 1 00003483 00003468 000 340 43064.403755787
25.11.2017 09:41:24 +00.16550E+00  0274 034760 1 00003484 00003468 000 342 43064.4037597569
25.11.2017 09:41:25 +00.16551E+00  0287 034760 1 00003485 00003468 000 343 43064.4037637268
25.11.2017 09:41:25 +00.16550E+00  0303 034760 1 00003486 00003468 000 378 43064.4037681134
25.11.2017 09:41:25 +00.16551E+00  0314 034760 1 00003487 00003468 000 344 43064.4037721065
25.11.2017 09:41:26 +00.16551E+00  0332 034760 1 00003488 00003468 000 343 43064.4037760764
25.11.2017 09:41:26 +00.16550E+00  0346 034760 1 00003489 00003468 000 342 43064.4037800463
25.11.2017 09:41:26 +00.16551E+00  0361 034760 1 00003490 00003468 000 373 43064.403784375
25.11.2017 09:41:27 +00.16551E+00  0369 034760 1 00003491 00003468 000 344 43064.4037883565
25.11.2017 09:41:27 +00.16550E+00  0384 034760 1 00003492 00003468 000 343 43064.4037923264
25.11.2017 09:41:28 +00.16551E+00  0396 034760 1 00003493 00003468 000 343 43064.4037962963
25.11.2017 09:41:28 +00.16550E+00  0404 034760 1 00003494 00003468 000 375 43064.4038006366
25.11.2017 09:41:28 +00.16551E+00  0417 034760 1 00003495 00003468 000 342 43064.4038046065
25.11.2017 09:41:29 +00.16550E+00  0430 034760 1 00003496 00003468 000 343 43064.4038085764
25.11.2017 09:41:29 +00.16550E+00  0442 034760 1 00003497 00003468 000 343 43064.4038125463
25.11.2017 09:41:29 +00.16551E+00  0456 034760 1 00003498 00003468 000 376 43064.4038168981
25.11.2017 09:41:30 +00.16551E+00  0467 034760 1 00003499 00003468 000 341 43064.4038208449
25.11.2017 09:41:30 +00.16551E+00  0484 034760 1 00003500 00003468 000 343 43064.4038248264
25.11.2017 09:41:30 +00.16551E+00  0497 034760 1 00003501 00003468 000 343 43064.4038287963
25.11.2017 09:41:31 +00.16550E+00  0504 034760 1 00003502 00003468 000 377 43064.4038331597
25.11.2017 09:41:31 +00.16550E+00  0517 034760 1 00003503 00003468 000 340 43064.4038370949
25.11.2017 09:41:31 +00.16551E+00  0532 034760 1 00003504 00003468 000 342 43064.4038410648
25.11.2017 09:41:32 +00.16551E+00  0546 034760 1 00003505 00003468 000 342 43064.4038450347
25.11.2017 09:41:32 +00.16550E+00  0554 034760 1 00003506 00003468 000 378 43064.4038494213
25.11.2017 09:41:32 +00.16550E+00  0565 034760 1 00003507 00003468 000 340 43064.4038533565
25.11.2017 09:41:33 +00.16550E+00  0577 034760 1 00003508 00003468 000 341 43064.4038573148
25.11.2017 09:41:33 +00.16551E+00  0596 034760 1 00003509 00003468 000 343 43064.4038612847
25.11.2017 09:41:33 +00.16551E+00  0606 034760 1 00003510 00003468 000 379 43064.4038656829
25.11.2017 09:41:34 +00.16551E+00  0623 034760 1 00003511 00003468 000 343 43064.4038696644
25.11.2017 09:41:39 +00.16580E+00  0008 034820 1 00003512 00003512 000 381 43064.4039307292
25.11.2017 09:41:39 +00.16579E+00  0032 034820 1 00003513 00003512 000 342 43064.4039346875
25.11.2017 09:41:40 +00.16579E+00  0048 034820 1 00003514 00003512 000 343 43064.4039386574
25.11.2017 09:41:40 +00.16579E+00  0061 034820 1 00003515 00003512 000 343 43064.4039426273
25.11.2017 09:41:41 +00.16579E+00  0073 034820 1 00003516 00003512 000 377 43064.4039469907
25.11.2017 09:41:41 +00.16579E+00  0090 034820 1 00003517 00003512 000 341 43064.4039509375
25.11.2017 09:41:41 +00.16579E+00  0105 034820 1 00003518 00003512 000 343 43064.4039549074
25.11.2017 09:41:42 +00.16579E+00  0118 034820 1 00003519 00003512 000 343 43064.4039588773
25.11.2017 09:41:42 +00.16579E+00  0134 034820 1 00003520 00003512 000 378 43064.4039632523
25.11.2017 09:41:42 +00.16579E+00  0143 034820 1 00003521 00003512 000 340 43064.4039671875
25.11.2017 09:41:43 +00.16579E+00  0147 034820 1 00003522 00003512 000 341 43064.4039711458
25.11.2017 09:41:43 +00.16579E+00  0158 034820 1 00003523 00003512 000 343 43064.4039751273
25.11.2017 09:41:43 +00.16579E+00  0179 034820 1 00003524 00003512 000 379 43064.4039795139
25.11.2017 09:41:44 +00.16579E+00  0192 034820 1 00003525 00003512 000 345 43064.4039835069
25.11.2017 09:41:44 +00.16579E+00  0207 034820 1 00003526 00003512 000 343 43064.4039874768
25.11.2017 09:41:44 +00.16579E+00  0221 034822 1 00003527 00003512 000 343 43064.4039914468
25.11.2017 09:41:45 +00.16580E+00  0229 034822 1 00003528 00003512 000 374 43064.4039957755
25.11.2017 09:41:45 +00.16580E+00  0246 034822 1 00003529 00003512 000 343 43064.4039997454
25.11.2017 09:41:45 +00.16580E+00  0264 034822 1 00003530 00003512 000 342 43064.4040037153
25.11.2017 09:41:46 +00.16580E+00  0277 034822 1 00003531 00003512 000 342 43064.4040076852
25.11.2017 09:41:46 +00.16580E+00  0292 034822 1 00003532 00003512 000 375 43064.404012037
25.11.2017 09:41:46 +00.16580E+00  0313 034822 1 00003533 00003512 000 342 43064.4040159954
25.11.2017 09:41:47 +00.16580E+00  0323 034822 1 00003534 00003512 000 342 43064.4040199653
25.11.2017 09:41:47 +00.16580E+00  0335 034822 1 00003535 00003512 000 342 43064.4040239352
25.11.2017 09:41:48 +00.16580E+00  0350 034822 1 00003536 00003512 000 377 43064.4040282986
25.11.2017 09:41:48 +00.16580E+00  0367 034822 1 00003537 00003512 000 340 43064.4040322454
25.11.2017 09:41:48 +00.16580E+00  0379 034822 1 00003538 00003512 000 343 43064.4040362153
25.11.2017 09:41:49 +00.16580E+00  0395 034822 1 00003539 00003512 000 344 43064.4040401968
25.11.2017 09:41:49 +00.16580E+00  0409 034822 1 00003540 00003512 000 377 43064.4040445602
25.11.2017 09:41:49 +00.16580E+00  0428 034822 1 00003541 00003512 000 340 43064.4040484954
25.11.2017 09:41:50 +00.16580E+00  0439 034822 1 00003542 00003512 000 343 43064.4040524653
25.11.2017 09:41:50 +00.16580E+00  0456 034822 1 00003543 00003512 000 343 43064.4040564352
25.11.2017 09:41:50 +00.16580E+00  0471 034822 1 00003544 00003512 000 379 43064.4040608218
25.11.2017 09:41:51 +00.16580E+00  0483 034822 1 00003545 00003512 000 345 43064.4040648148
25.11.2017 09:41:51 +00.16580E+00  0499 034822 1 00003546 00003512 000 343 43064.4040687847
25.11.2017 09:41:51 +00.16580E+00  0513 034822 1 00003547 00003512 000 343 43064.4040727546
25.11.2017 09:41:52 +00.16580E+00  0517 034822 1 00003548 00003512 000 374 43064.4040770833
25.11.2017 09:41:52 +00.16581E+00  0534 034822 1 00003549 00003512 000 344 43064.4040810648
25.11.2017 09:41:52 +00.16580E+00  0547 034822 1 00003550 00003512 000 343 43064.4040850347
25.11.2017 09:41:53 +00.16580E+00  0561 034822 1 00003551 00003512 000 343 43064.4040890046
25.11.2017 09:41:53 +00.16580E+00  0571 034822 1 00003552 00003512 000 375 43064.4040933449
25.11.2017 09:41:54 +00.16581E+00  0581 034822 1 00003553 00003512 000 343 43064.4040973148
25.11.2017 09:41:54 +00.16580E+00  0596 034822 1 00003554 00003512 000 342 43064.4041012731
25.11.2017 09:41:54 +00.16580E+00  0601 034822 1 00003555 00003512 000 343 43064.4041052546
25.11.2017 09:42:00 +00.16609E+00  0007 034882 1 00003556 00003556 000 342 43064.4041699884
25.11.2017 09:42:00 +00.16609E+00  0025 034882 1 00003557 00003556 000 403 43064.4041746528
25.11.2017 09:42:01 +00.16609E+00  0044 034882 1 00003558 00003556 000 340 43064.4041785995
25.11.2017 09:42:01 +00.16609E+00  0059 034882 1 00003559 00003556 000 341 43064.4041825579
25.11.2017 09:42:01 +00.16609E+00  0073 034882 1 00003560 00003556 000 343 43064.4041865278
25.11.2017 09:42:02 +00.16609E+00  0085 034882 1 00003561 00003556 000 379 43064.4041909143
25.11.2017 09:42:02 +00.16609E+00  0098 034882 1 00003562 00003556 000 340 43064.4041948495
25.11.2017 09:42:02 +00.16609E+00  0110 034882 1 00003563 00003556 000 341 43064.4041988079
25.11.2017 09:42:03 +00.16609E+00  0122 034882 1 00003564 00003556 000 343 43064.4042027778
25.11.2017 09:42:03 +00.16609E+00  0136 034882 1 00003565 00003556 000 380 43064.4042071759
25.11.2017 09:42:03 +00.16609E+00  0152 034882 1 00003566 00003556 000 344 43064.4042111574
25.11.2017 09:42:04 +00.16609E+00  0173 034882 1 00003567 00003556 000 343 43064.4042151273
25.11.2017 09:42:04 +00.16609E+00  0188 034882 1 00003568 00003556 000 343 43064.4042190972
25.11.2017 09:42:04 +00.16609E+00  0204 034882 1 00003569 00003556 000 375 43064.4042234375
25.11.2017 09:42:05 +00.16609E+00  0224 034882 1 00003570 00003556 000 343 43064.4042274074
25.11.2017 09:42:05 +00.16609E+00  0244 034884 1 00003571 00003556 000 343 43064.4042313773
25.11.2017 09:42:05 +00.16609E+00  0254 034884 1 00003572 00003556 000 343 43064.4042353472
25.11.2017 09:42:06 +00.16610E+00  0267 034884 1 00003573 00003556 000 376 43064.4042396991
25.11.2017 09:42:06 +00.16610E+00  0276 034884 1 00003574 00003556 000 341 43064.4042436458
25.11.2017 09:42:06 +00.16610E+00  0291 034884 1 00003575 00003556 000 343 43064.4042476273
25.11.2017 09:42:07 +00.16610E+00  0303 034884 1 00003576 00003556 000 343 43064.4042515972
25.11.2017 09:42:07 +00.16610E+00  0319 034884 1 00003577 00003556 000 378 43064.4042559722
25.11.2017 09:42:08 +00.16610E+00  0334 034884 1 00003578 00003556 000 340 43064.4042599074
25.11.2017 09:42:08 +00.16610E+00  0347 034884 1 00003579 00003556 000 341 43064.4042638657
25.11.2017 09:42:08 +00.16610E+00  0361 034884 1 00003580 00003556 000 342 43064.4042678356
25.11.2017 09:42:09 +00.16610E+00  0376 034884 1 00003581 00003556 000 379 43064.4042722338
25.11.2017 09:42:09 +00.16610E+00  0393 034884 1 00003582 00003556 000 344 43064.4042762153
25.11.2017 09:42:09 +00.16610E+00  0410 034884 1 00003583 00003556 000 342 43064.4042801852
25.11.2017 09:42:10 +00.16610E+00  0422 034884 1 00003584 00003556 000 342 43064.4042841551
25.11.2017 09:42:10 +00.16610E+00  0435 034884 1 00003585 00003556 000 374 43064.4042884954
25.11.2017 09:42:10 +00.16610E+00  0458 034884 1 00003586 00003556 000 343 43064.4042924653
25.11.2017 09:42:11 +00.16610E+00  0466 034884 1 00003587 00003556 000 342 43064.4042964352
25.11.2017 09:42:11 +00.16610E+00  0478 034884 1 00003588 00003556 000 342 43064.4043004051
25.11.2017 09:42:11 +00.16610E+00  0490 034884 1 00003589 00003556 000 374 43064.4043047454
25.11.2017 09:42:12 +00.16610E+00  0503 034884 1 00003590 00003556 000 342 43064.4043087153
25.11.2017 09:42:12 +00.16610E+00  0521 034884 1 00003591 00003556 000 343 43064.4043126852
25.11.2017 09:42:12 +00.16610E+00  0535 034884 1 00003592 00003556 000 343 43064.4043166551
25.11.2017 09:42:13 +00.16610E+00  0550 034884 1 00003593 00003556 000 375 43064.4043210069
25.11.2017 09:42:13 +00.16610E+00  0570 034884 1 00003594 00003556 000 341 43064.4043249653
25.11.2017 09:42:14 +00.16610E+00  0582 034884 1 00003595 00003556 000 344 43064.4043289468
25.11.2017 09:42:14 +00.16610E+00  0595 034884 1 00003596 00003556 000 342 43064.4043329051
25.11.2017 09:42:14 +00.16610E+00  0607 034884 1 00003597 00003556 000 378 43064.4043372801
25.11.2017 09:42:15 +00.16610E+00  0627 034884 1 00003598 00003556 000 340 43064.4043412153
25.11.2017 09:42:15 +00.16610E+00  0641 034884 1 00003599 00003556 000 342 43064.4043451852
25.11.2017 09:42:21 +00.16639E+00  0013 034946 1 00003600 00003600 000 343 43064.4044097801
25.11.2017 09:42:21 +00.16639E+00  0032 034946 1 00003601 00003600 000 343 43064.40441375
25.11.2017 09:42:21 +00.16639E+00  0042 034946 1 00003602 00003600 000 418 43064.404418588
25.11.2017 09:42:22 +00.16639E+00  0068 034946 1 00003603 00003600 000 344 43064.4044225694
25.11.2017 09:42:22 +00.16639E+00  0075 034946 1 00003604 00003600 000 343 43064.4044265394
25.11.2017 09:42:22 +00.16639E+00  0086 034946 1 00003605 00003600 000 343 43064.4044305093
25.11.2017 09:42:23 +00.16639E+00  0097 034946 1 00003606 00003600 000 375 43064.4044348495
25.11.2017 09:42:23 +00.16639E+00  0108 034946 1 00003607 00003600 000 342 43064.4044388079
25.11.2017 09:42:23 +00.16639E+00  0123 034946 1 00003608 00003600 000 342 43064.4044427778
25.11.2017 09:42:24 +00.16639E+00  0142 034946 1 00003609 00003600 000 343 43064.4044467593
25.11.2017 09:42:24 +00.16639E+00  0154 034946 1 00003610 00003600 000 376 43064.4044511111
25.11.2017 09:42:24 +00.16639E+00  0175 034946 1 00003611 00003600 000 342 43064.4044550694
25.11.2017 09:42:25 +00.16639E+00  0189 034946 1 00003612 00003600 000 342 43064.4044590278
25.11.2017 09:42:25 +00.16639E+00  0211 034946 1 00003613 00003600 000 342 43064.4044629977
25.11.2017 09:42:25 +00.16639E+00  0225 034948 1 00003614 00003600 000 376 43064.4044673611
25.11.2017 09:42:26 +00.16640E+00  0237 034948 1 00003615 00003600 000 341 43064.4044713079
25.11.2017 09:42:26 +00.16640E+00  0249 034948 1 00003616 00003600 000 343 43064.4044752778
25.11.2017 09:42:27 +00.16640E+00  0265 034948 1 00003617 00003600 000 343 43064.4044792477
25.11.2017 09:42:27 +00.16640E+00  0286 034948 1 00003618 00003600 000 380 43064.4044836458
25.11.2017 09:42:27 +00.16640E+00  0302 034948 1 00003619 00003600 000 344 43064.4044876273
25.11.2017 09:42:28 +00.16640E+00  0312 034948 1 00003620 00003600 000 342 43064.4044915972
25.11.2017 09:42:28 +00.16640E+00  0329 034948 1 00003621 00003600 000 343 43064.4044955671
25.11.2017 09:42:28 +00.16640E+00  0339 034948 1 00003622 00003600 000 373 43064.4044998958
25.11.2017 09:42:29 +00.16640E+00  0354 034948 1 00003623 00003600 000 344 43064.4045038773
25.11.2017 09:42:29 +00.16640E+00  0366 034948 1 00003624 00003600 000 343 43064.4045078472
25.11.2017 09:42:29 +00.16640E+00  0385 034948 1 00003625 00003600 000 343 43064.4045118171
25.11.2017 09:42:30 +00.16640E+00  0393 034948 1 00003626 00003600 000 375 43064.4045161574
25.11.2017 09:42:30 +00.16640E+00  0407 034948 1 00003627 00003600 000 343 43064.4045201273
25.11.2017 09:42:30 +00.16640E+00  0421 034948 1 00003628 00003600 000 343 43064.4045240972
25.11.2017 09:42:31 +00.16640E+00  0439 034948 1 00003629 00003600 000 343 43064.4045280671
25.11.2017 09:42:31 +00.16640E+00  0456 034948 1 00003630 00003600 000 376 43064.404532419
25.11.2017 09:42:31 +00.16640E+00  0474 034948 1 00003631 00003600 000 342 43064.4045363773
25.11.2017 09:42:32 +00.16640E+00  0486 034948 1 00003632 00003600 000 343 43064.4045403472
25.11.2017 09:42:32 +00.16640E+00  0499 034948 1 00003633 00003600 000 343 43064.4045443171
25.11.2017 09:42:33 +00.16640E+00  0513 034948 1 00003634 00003600 000 377 43064.4045486806
25.11.2017 09:42:33 +00.16641E+00  0529 034948 1 00003635 00003600 000 340 43064.4045526157
25.11.2017 09:42:33 +00.16640E+00  0547 034948 1 00003636 00003600 000 343 43064.4045565972
25.11.2017 09:42:34 +00.16640E+00  0554 034948 1 00003637 00003600 000 342 43064.4045605556
25.11.2017 09:42:34 +00.16640E+00  0575 034948 1 00003638 00003600 000 378 43064.4045649421
25.11.2017 09:42:34 +00.16640E+00  0591 034948 1 00003639 00003600 000 340 43064.4045688773
25.11.2017 09:42:35 +00.16640E+00  0599 034948 1 00003640 00003600 000 341 43064.4045728357
25.11.2017 09:42:35 +00.16640E+00  0618 034948 1 00003641 00003600 000 342 43064.4045768056
25.11.2017 09:42:35 +00.16640E+00  0636 034948 1 00003642 00003600 000 380 43064.4045812037
25.11.2017 09:42:36 +00.16640E+00  0656 034948 1 00003643 00003600 000 343 43064.4045851852
25.11.2017 09:42:41 +00.16670E+00  0005 035010 1 00003644 00003644 000 382 43064.40464625
25.11.2017 09:42:41 +00.16670E+00  0023 035010 1 00003645 00003644 000 342 43064.4046502083
25.11.2017 09:42:42 +00.16670E+00  0041 035010 1 00003646 00003644 000 343 43064.4046541782
25.11.2017 09:42:42 +00.16670E+00  0052 035010 1 00003647 00003644 000 343 43064.4046581481
25.11.2017 09:42:42 +00.16670E+00  0062 035010 1 00003648 00003644 000 377 43064.4046625116
25.11.2017 09:42:43 +00.16669E+00  0076 035010 1 00003649 00003644 000 341 43064.4046664583
25.11.2017 09:42:43 +00.16669E+00  0090 035010 1 00003650 00003644 000 343 43064.4046704282
25.11.2017 09:42:43 +00.16669E+00  0099 035010 1 00003651 00003644 000 343 43064.4046743981
25.11.2017 09:42:44 +00.16669E+00  0121 035010 1 00003652 00003644 000 378 43064.4046787731
25.11.2017 09:42:44 +00.16670E+00  0134 035010 1 00003653 00003644 000 341 43064.4046827199
25.11.2017 09:42:44 +00.16670E+00  0150 035010 1 00003654 00003644 000 341 43064.4046866667
25.11.2017 09:42:45 +00.16670E+00  0169 035010 1 00003655 00003644 000 342 43064.4046906366
25.11.2017 09:42:45 +00.16670E+00  0186 035010 1 00003656 00003644 000 379 43064.4046950347
25.11.2017 09:42:45 +00.16670E+00  0202 035010 1 00003657 00003644 000 344 43064.4046990162
25.11.2017 09:42:46 +00.16670E+00  0218 035010 1 00003658 00003644 000 343 43064.4047029977
25.11.2017 09:42:46 +00.16670E+00  0231 035010 1 00003659 00003644 000 343 43064.4047069676
25.11.2017 09:42:47 +00.16670E+00  0246 035010 1 00003660 00003644 000 374 43064.4047112963
25.11.2017 09:42:47 +00.16670E+00  0258 035010 1 00003661 00003644 000 343 43064.4047152662
25.11.2017 09:42:47 +00.16670E+00  0273 035010 1 00003662 00003644 000 342 43064.4047192361
25.11.2017 09:42:48 +00.16670E+00  0287 035010 1 00003663 00003644 000 342 43064.404723206
25.11.2017 09:42:48 +00.16670E+00  0308 035010 1 00003664 00003644 000 375 43064.4047275579
25.11.2017 09:42:48 +00.16670E+00  0320 035010 1 00003665 00003644 000 341 43064.4047315162
25.11.2017 09:42:49 +00.16670E+00  0327 035010 1 00003666 00003644 000 343 43064.4047354861
25.11.2017 09:42:49 +00.16670E+00  0344 035010 1 00003667 00003644 000 342 43064.404739456
25.11.2017 09:42:49 +00.16670E+00  0365 035010 1 00003668 00003644 000 377 43064.4047438194
25.11.2017 09:42:50 +00.16670E+00  0385 035010 1 00003669 00003644 000 341 43064.4047477662
25.11.2017 09:42:50 +00.16670E+00  0395 035010 1 00003670 00003644 000 343 43064.4047517361
25.11.2017 09:42:50 +00.16670E+00  0414 035010 1 00003671 00003644 000 343 43064.404755706
25.11.2017 09:42:51 +00.16670E+00  0427 035010 1 00003672 00003644 000 378 43064.404760081
25.11.2017 09:42:51 +00.16670E+00  0438 035010 1 00003673 00003644 000 340 43064.4047640162
25.11.2017 09:42:51 +00.16670E+00  0455 035010 1 00003674 00003644 000 342 43064.4047679861
25.11.2017 09:42:52 +00.16670E+00  0466 035010 1 00003675 00003644 000 343 43064.404771956
25.11.2017 09:42:52 +00.16670E+00  0483 035010 1 00003676 00003644 000 379 43064.4047763426
25.11.2017 09:42:53 +00.16670E+00  0505 035010 1 00003677 00003644 000 345 43064.4047803357
25.11.2017 09:42:53 +00.16670E+00  0519 035010 1 00003678 00003644 000 343 43064.4047843056
25.11.2017 09:42:53 +00.16670E+00  0527 035010 1 00003679 00003644 000 343 43064.4047882755
25.11.2017 09:42:54 +00.16670E+00  0540 035010 1 00003680 00003644 000 374 43064.4047926042
25.11.2017 09:42:54 +00.16670E+00  0556 035010 1 00003681 00003644 000 344 43064.4047965857
25.11.2017 09:42:54 +00.16670E+00  0568 035010 1 00003682 00003644 000 343 43064.4048005556
25.11.2017 09:42:55 +00.16670E+00  0583 035010 1 00003683 00003644 000 343 43064.4048045255
25.11.2017 09:42:55 +00.16670E+00  0597 035010 1 00003684 00003644 000 375 43064.4048088657
25.11.2017 09:42:55 +00.16670E+00  0605 035010 1 00003685 00003644 000 342 43064.4048128241
25.11.2017 09:42:56 +00.16670E+00  0615 035010 1 00003686 00003644 000 342 43064.404816794
25.11.2017 09:42:56 +00.16670E+00  0628 035010 1 00003687 00003644 000 342 43064.4048207639
25.11.2017 09:42:56 +00.16670E+00  0644 035010 1 00003688 00003644 000 376 43064.4048251273
25.11.2017 09:43:02 +00.16699E+00  0015 035072 1 00003689 00003689 000 342 43064.4048855671
25.11.2017 09:43:02 +00.16699E+00  0028 035072 1 00003690 00003689 000 398 43064.4048901736
25.11.2017 09:43:02 +00.16699E+00  0045 035072 1 00003691 00003689 000 340 43064.4048941088
25.11.2017 09:43:03 +00.16699E+00  0059 035072 1 00003692 00003689 000 341 43064.4048980671
25.11.2017 09:43:03 +00.16699E+00  0076 035072 1 00003693 00003689 000 343 43064.404902037
25.11.2017 09:43:03 +00.16699E+00  0085 035072 1 00003694 00003689 000 380 43064.4049064352
25.11.2017 09:43:04 +00.16699E+00  0102 035072 1 00003695 00003689 000 345 43064.4049104282
25.11.2017 09:43:04 +00.16699E+00  0121 035072 1 00003696 00003689 000 342 43064.4049143866
25.11.2017 09:43:04 +00.16699E+00  0139 035072 1 00003697 00003689 000 343 43064.4049183565
25.11.2017 09:43:05 +00.16699E+00  0150 035072 1 00003698 00003689 000 375 43064.4049226968
25.11.2017 09:43:05 +00.16699E+00  0169 035072 1 00003699 00003689 000 343 43064.4049266667
25.11.2017 09:43:06 +00.16699E+00  0183 035072 1 00003700 00003689 000 343 43064.4049306366
25.11.2017 09:43:06 +00.16699E+00  0195 035072 1 00003701 00003689 000 343 43064.4049346065
25.11.2017 09:43:06 +00.16699E+00  0208 035072 1 00003702 00003689 000 376 43064.4049389583
25.11.2017 09:43:07 +00.16699E+00  0223 035072 1 00003703 00003689 000 342 43064.4049429167
25.11.2017 09:43:07 +00.16699E+00  0236 035074 1 00003704 00003689 000 343 43064.4049468866
25.11.2017 09:43:07 +00.16700E+00  0246 035074 1 00003705 00003689 000 343 43064.4049508565
25.11.2017 09:43:08 +00.16700E+00  0264 035074 1 00003706 00003689 000 377 43064.4049552199
25.11.2017 09:43:08 +00.16700E+00  0278 035074 1 00003707 00003689 000 340 43064.4049591551
25.11.2017 09:43:08 +00.16700E+00  0294 035074 1 00003708 00003689 000 342 43064.404963125
25.11.2017 09:43:09 +00.16700E+00  0308 035074 1 00003709 00003689 000 342 43064.4049670949
25.11.2017 09:43:09 +00.16700E+00  0325 035074 1 00003710 00003689 000 378 43064.4049714815
25.11.2017 09:43:09 +00.16700E+00  0339 035074 1 00003711 00003689 000 340 43064.4049754167
25.11.2017 09:43:10 +00.16700E+00  0351 035074 1 00003712 00003689 000 341 43064.404979375
25.11.2017 09:43:10 +00.16700E+00  0368 035074 1 00003713 00003689 000 343 43064.4049833449
25.11.2017 09:43:10 +00.16700E+00  0381 035074 1 00003714 00003689 000 380 43064.4049877431
25.11.2017 09:43:11 +00.16700E+00  0398 035074 1 00003715 00003689 000 344 43064.4049917245
25.11.2017 09:43:11 +00.16700E+00  0410 035074 1 00003716 00003689 000 342 43064.4049956944
25.11.2017 09:43:11 +00.16700E+00  0424 035074 1 00003717 00003689 000 342 43064.4049996644
25.11.2017 09:43:12 +00.16700E+00  0433 035074 1 00003718 00003689 000 374 43064.4050040046
25.11.2017 09:43:12 +00.16700E+00  0451 035074 1 00003719 00003689 000 343 43064.4050079745
25.11.2017 09:43:13 +00.16700E+00  0467 035074 1 00003720 00003689 000 343 43064.4050119444
25.11.2017 09:43:13 +00.16700E+00  0486 035074 1 00003721 00003689 000 343 43064.4050159144
25.11.2017 09:43:13 +00.16700E+00  0502 035074 1 00003722 00003689 000 376 43064.4050202662
25.11.2017 09:43:14 +00.16700E+00  0512 035074 1 00003723 00003689 000 342 43064.4050242245
25.11.2017 09:43:14 +00.16700E+00  0527 035074 1 00003724 00003689 000 343 43064.4050281944
25.11.2017 09:43:14 +00.16701E+00  0554 035074 1 00003725 00003689 000 343 43064.4050321644
25.11.2017 09:43:15 +00.16700E+00  0566 035074 1 00003726 00003689 000 377 43064.4050365278
25.11.2017 09:43:15 +00.16700E+00  0592 035074 1 00003727 00003689 000 341 43064.4050404745
25.11.2017 09:43:15 +00.16700E+00  0616 035074 1 00003728 00003689 000 342 43064.4050444329
25.11.2017 09:43:16 +00.16700E+00  0628 035074 1 00003729 00003689 000 343 43064.4050484144
25.11.2017 09:43:16 +00.16700E+00  0649 035074 1 00003730 00003689 000 379 43064.4050528009
25.11.2017 09:43:16 +00.16700E+00  0664 035074 1 00003731 00003689 000 345 43064.405056794
25.11.2017 09:43:17 +00.16700E+00  0678 035074 1 00003732 00003689 000 343 43064.4050607639
25.11.2017 09:43:17 +00.16700E+00  0692 035074 1 00003733 00003689 000 343 43064.4050647338