
25.11.2017 09:43:24 +00.16199E+00  0013 034021 1 00003734 00003734 000 382 43064.4051471181
25.11.2017 09:43:25 +00.16199E+00  0030 034021 1 00003735 00003734 000 341 43064.4051510648
25.11.2017 09:43:25 +00.16199E+00  0040 034021 1 00003736 00003734 000 343 43064.4051550347
25.11.2017 09:43:25 +00.16199E+00  0054 034021 1 00003737 00003734 000 344 43064.4051590162
25.11.2017 09:43:26 +00.16198E+00  0069 034021 1 00003738 00003734 000 376 43064.4051633681
25.11.2017 09:43:26 +00.16199E+00  0080 034021 1 00003739 00003734 000 340 43064.4051673148
25.11.2017 09:43:26 +00.16198E+00  0095 034021 1 00003740 00003734 000 342 43064.4051712847
25.11.2017 09:43:27 +00.16199E+00  0109 034021 1 00003741 00003734 000 343 43064.4051752546
25.11.2017 09:43:27 +00.16198E+00  0119 034021 1 00003742 00003734 000 379 43064.4051796412
25.11.2017 09:43:27 +00.16198E+00  0136 034021 1 00003743 00003734 000 341 43064.405183588
25.11.2017 09:43:28 +00.16198E+00  0150 034021 1 00003744 00003734 000 341 43064.4051875347
25.11.2017 09:43:28 +00.16199E+00  0175 034021 1 00003745 00003734 000 343 43064.4051915046
25.11.2017 09:43:28 +00.16199E+00  0190 034021 1 00003746 00003734 000 380 43064.4051959028
25.11.2017 09:43:29 +00.16199E+00  0209 034021 1 00003747 00003734 000 344 43064.4051998843
25.11.2017 09:43:29 +00.16199E+00  0224 034021 1 00003748 00003734 000 343 43064.4052038542
25.11.2017 09:43:29 +00.16198E+00  0234 034023 1 00003749 00003734 000 343 43064.4052078241
25.11.2017 09:43:30 +00.16199E+00  0249 034023 1 00003750 00003734 000 375 43064.4052121644
25.11.2017 09:43:30 +00.16199E+00  0266 034023 1 00003751 00003734 000 343 43064.4052161343
25.11.2017 09:43:31 +00.16199E+00  0274 034023 1 00003752 00003734 000 343 43064.4052201042
25.11.2017 09:43:31 +00.16199E+00  0288 034023 1 00003753 00003734 000 343 43064.4052240741
25.11.2017 09:43:31 +00.16199E+00  0297 034023 1 00003754 00003734 000 376 43064.4052284259
25.11.2017 09:43:32 +00.16199E+00  0314 034023 1 00003755 00003734 000 341 43064.4052323727
25.11.2017 09:43:32 +00.16199E+00  0330 034023 1 00003756 00003734 000 342 43064.4052363426
25.11.2017 09:43:32 +00.16200E+00  0343 034023 1 00003757 00003734 000 342 43064.4052403125
25.11.2017 09:43:33 +00.16200E+00  0356 034023 1 00003758 00003734 000 376 43064.4052446759
25.11.2017 09:43:33 +00.16200E+00  0374 034023 1 00003759 00003734 000 340 43064.4052486227
25.11.2017 09:43:33 +00.16200E+00  0389 034023 1 00003760 00003734 000 344 43064.4052526042
25.11.2017 09:43:34 +00.16199E+00  0403 034023 1 00003761 00003734 000 342 43064.4052565625
25.11.2017 09:43:34 +00.16199E+00  0412 034023 1 00003762 00003734 000 377 43064.4052609375
25.11.2017 09:43:34 +00.16199E+00  0430 034023 1 00003763 00003734 000 340 43064.4052648843
25.11.2017 09:43:35 +00.16199E+00  0451 034025 1 00003764 00003734 000 342 43064.4052688426
25.11.2017 09:43:35 +00.16200E+00  0462 034025 1 00003765 00003734 000 343 43064.4052728125
25.11.2017 09:43:35 +00.16200E+00  0470 034025 1 00003766 00003734 000 380 43064.4052772107
25.11.2017 09:43:36 +00.16200E+00  0478 034025 1 00003767 00003734 000 344 43064.4052811921
25.11.2017 09:43:36 +00.16200E+00  0490 034025 1 00003768 00003734 000 343 43064.405285162
25.11.2017 09:43:36 +00.16200E+00  0503 034025 1 00003769 00003734 000 343 43064.4052891319
25.11.2017 09:43:37 +00.16200E+00  0518 034025 1 00003770 00003734 000 375 43064.4052934722
25.11.2017 09:43:37 +00.16200E+00  0533 034025 1 00003771 00003734 000 342 43064.4052974421
25.11.2017 09:43:38 +00.16200E+00  0544 034025 1 00003772 00003734 000 343 43064.405301412
25.11.2017 09:43:38 +00.16200E+00  0554 034025 1 00003773 00003734 000 343 43064.4053053819
25.11.2017 09:43:38 +00.16200E+00  0572 034025 1 00003774 00003734 000 376 43064.4053097338
25.11.2017 09:43:39 +00.16200E+00  0588 034025 1 00003775 00003734 000 342 43064.4053136921
25.11.2017 09:43:39 +00.16200E+00  0608 034025 1 00003776 00003734 000 343 43064.405317662
25.11.2017 09:43:39 +00.16201E+00  0625 034025 1 00003777 00003734 000 343 43064.4053216319
25.11.2017 09:43:40 +00.16200E+00  0649 034025 1 00003778 00003734 000 377 43064.4053259954
25.11.2017 09:43:40 +00.16201E+00  0662 034025 1 00003779 00003734 000 340 43064.4053299306
25.11.2017 09:43:40 +00.16200E+00  0679 034025 1 00003780 00003734 000 342 43064.4053339005
25.11.2017 09:43:41 +00.16200E+00  0693 034025 1 00003781 00003734 000 343 43064.4053378819
25.11.2017 09:43:41 +00.16200E+00  0713 034025 1 00003782 00003734 000 378 43064.4053422569
25.11.2017 09:43:41 +00.16201E+00  0729 034025 1 00003783 00003734 000 340 43064.4053461921
25.11.2017 09:43:42 +00.16201E+00  0747 034025 1 00003784 00003734 000 341 43064.4053501505
25.11.2017 09:43:42 +00.16201E+00  0766 034025 1 00003785 00003734 000 342 43064.4053541204
25.11.2017 09:43:42 +00.16201E+00  0782 034025 1 00003786 00003734 000 380 43064.4053585301
25.11.2017 09:43:43 +00.16200E+00  0802 034025 1 00003787 00003734 000 342 43064.4053625
25.11.2017 09:43:43 +00.16200E+00  0812 034025 1 00003788 00003734 000 343 43064.4053664815
25.11.2017 09:43:44 +00.16200E+00  0822 034025 1 00003789 00003734 000 342 43064.4053704398
25.11.2017 09:43:44 +00.16200E+00  0837 034025 1 00003790 00003734 000 373 43064.4053747685
25.11.2017 09:43:44 +00.16200E+00  0856 034025 1 00003791 00003734 000 343 43064.40537875
25.11.2017 09:43:45 +00.16201E+00  0877 034025 1 00003792 00003734 000 343 43064.4053827199
25.11.2017 09:43:45 +00.16201E+00  0887 034025 1 00003793 00003734 000 343 43064.4053866898
25.11.2017 09:43:45 +00.16200E+00  0904 034023 1 00003794 00003734 000 376 43064.4053910417
25.11.2017 09:43:46 +00.16200E+00  0925 034023 1 00003795 00003734 000 341 43064.405395
25.11.2017 09:43:46 +00.16200E+00  0944 034023 1 00003796 00003734 000 343 43064.4053989699
25.11.2017 09:43:46 +00.16199E+00  0958 034023 1 00003797 00003734 000 343 43064.4054029398
25.11.2017 09:43:47 +00.16199E+00  0977 034023 1 00003798 00003734 000 377 43064.4054073032
25.11.2017 09:43:47 +00.16199E+00  0996 034023 1 00003799 00003734 000 341 43064.40541125
25.11.2017 09:43:47 +00.16199E+00  1011 034023 1 00003800 00003734 000 343 43064.4054152199
25.11.2017 09:43:48 +00.16200E+00  1029 034023 1 00003801 00003734 000 343 43064.4054191898
25.11.2017 09:43:48 +00.16200E+00  1045 034023 1 00003802 00003734 000 378 43064.4054235648
25.11.2017 09:43:48 +00.16200E+00  1059 034023 1 00003803 00003734 000 340 43064.4054275
25.11.2017 09:43:49 +00.16200E+00  1080 034023 1 00003804 00003734 000 342 43064.4054314699
25.11.2017 09:43:49 +00.16199E+00  1100 034023 1 00003805 00003734 000 343 43064.4054354398
25.11.2017 09:43:50 +00.16199E+00  1114 034023 1 00003806 00003734 000 379 43064.4054398264
25.11.2017 09:43:50 +00.16199E+00  1128 034023 1 00003807 00003734 000 345 43064.4054438194
25.11.2017 09:43:50 +00.16200E+00  1137 034023 1 00003808 00003734 000 343 43064.4054477894
25.11.2017 09:43:51 +00.16200E+00  1150 034023 1 00003809 00003734 000 343 43064.4054517593
25.11.2017 09:43:51 +00.16200E+00  1159 034023 1 00003810 00003734 000 374 43064.405456088
25.11.2017 09:43:51 +00.16199E+00  1172 034023 1 00003811 00003734 000 344 43064.4054600694
25.11.2017 09:43:52 +00.16199E+00  1177 034023 1 00003812 00003734 000 343 43064.4054640394
25.11.2017 09:43:52 +00.16200E+00  1190 034023 1 00003813 00003734 000 343 43064.4054680093
25.11.2017 09:43:52 +00.16199E+00  1203 034023 1 00003814 00003734 000 375 43064.4054723495
25.11.2017 09:43:53 +00.16199E+00  1217 034023 1 00003815 00003734 000 343 43064.4054763194
25.11.2017 09:43:53 +00.16199E+00  1232 034023 1 00003816 00003734 000 342 43064.4054802778
25.11.2017 09:43:53 +00.16199E+00  1254 034023 1 00003817 00003734 000 342 43064.4054842477
25.11.2017 09:43:54 +00.16199E+00  1267 034023 1 00003818 00003734 000 376 43064.4054886111
25.11.2017 09:43:54 +00.16200E+00  1286 034023 1 00003819 00003734 000 340 43064.4054925579
25.11.2017 09:43:54 +00.16199E+00  1302 034023 1 00003820 00003734 000 343 43064.4054965278
25.11.2017 09:43:55 +00.16200E+00  1316 034023 1 00003821 00003734 000 343 43064.4055004977
25.11.2017 09:43:55 +00.16199E+00  1335 034023 1 00003822 00003734 000 378 43064.4055048727
25.11.2017 09:43:55 +00.16199E+00  1352 034025 1 00003823 00003734 000 341 43064.4055088194
25.11.2017 09:43:56 +00.16200E+00  1367 034025 1 00003824 00003734 000 341 43064.4055127778
25.11.2017 09:43:56 +00.16200E+00  1379 034025 1 00003825 00003734 000 343 43064.4055167477
25.11.2017 09:43:57 +00.16201E+00  1386 034025 1 00003826 00003734 000 379 43064.4055211343
25.11.2017 09:43:57 +00.16201E+00  1398 034025 1 00003827 00003734 000 345 43064.4055251273
25.11.2017 09:43:57 +00.16201E+00  1414 034025 1 00003828 00003734 000 343 43064.4055290972
25.11.2017 09:43:58 +00.16200E+00  1432 034025 1 00003829 00003734 000 344 43064.4055330787
25.11.2017 09:43:58 +00.16200E+00  1449 034025 1 00003830 00003734 000 372 43064.4055373958
25.11.2017 09:43:58 +00.16200E+00  1461 034025 1 00003831 00003734 000 344 43064.4055413773
25.11.2017 09:43:59 +00.16200E+00  1477 034025 1 00003832 00003734 000 343 43064.4055453472
25.11.2017 09:43:59 +00.16200E+00  1489 034025 1 00003833 00003734 000 343 43064.4055493171
25.11.2017 09:43:59 +00.16201E+00  1505 034025 1 00003834 00003734 000 375 43064.4055536574
25.11.2017 09:44:00 +00.16201E+00  1520 034025 1 00003835 00003734 000 342 43064.4055576157
25.11.2017 09:44:00 +00.16201E+00  1529 034025 1 00003836 00003734 000 342 43064.4055615856
25.11.2017 09:44:00 +00.16201E+00  1540 034025 1 00003837 00003734 000 342 43064.4055655556
25.11.2017 09:44:01 +00.16200E+00  1555 034023 1 00003838 00003734 000 376 43064.405569919
25.11.2017 09:44:01 +00.16200E+00  1575 034023 1 00003839 00003734 000 341 43064.4055738657
25.11.2017 09:44:01 +00.16200E+00  1591 034023 1 00003840 00003734 000 342 43064.4055778356
25.11.2017 09:44:02 +00.16200E+00  1608 034023 1 00003841 00003734 000 343 43064.4055818171
25.11.2017 09:44:02 +00.16199E+00  1622 034023 1 00003842 00003734 000 377 43064.4055861806
25.11.2017 09:44:02 +00.16200E+00  1638 034023 1 00003843 00003734 000 340 43064.4055901273
25.11.2017 09:44:03 +00.16200E+00  1651 034023 1 00003844 00003734 000 342 43064.4055940856
25.11.2017 09:44:03 +00.16199E+00  1662 034023 1 00003845 00003734 000 343 43064.4055980556
25.11.2017 09:44:04 +00.16199E+00  1674 034023 1 00003846 00003734 000 379 43064.4056024421
25.11.2017 09:44:04 +00.16199E+00  1692 034023 1 00003847 00003734 000 340 43064.4056063773
25.11.2017 09:44:04 +00.16199E+00  1708 034023 1 00003848 00003734 000 342 43064.4056103356
25.11.2017 09:44:05 +00.16199E+00  1722 034023 1 00003849 00003734 000 343 43064.4056143056
25.11.2017 09:44:05 +00.16199E+00  1739 034023 1 00003850 00003734 000 380 43064.4056187037
25.11.2017 09:44:05 +00.16199E+00  1753 034023 1 00003851 00003734 000 344 43064.4056226852
25.11.2017 09:44:06 +00.16199E+00  1766 034023 1 00003852 00003734 000 343 43064.4056266551
25.11.2017 09:44:06 +00.16199E+00  1780 034025 1 00003853 00003734 000 343 43064.405630625
25.11.2017 09:44:06 +00.16200E+00  1788 034025 1 00003854 00003734 000 375 43064.4056349653
25.11.2017 09:44:07 +00.16200E+00  1801 034025 1 00003855 00003734 000 343 43064.4056389352
25.11.2017 09:44:07 +00.16200E+00  1819 034025 1 00003856 00003734 000 343 43064.4056429051
25.11.2017 09:44:07 +00.16201E+00  1829 034025 1 00003857 00003734 000 343 43064.405646875
25.11.2017 09:44:08 +00.16200E+00  1843 034025 1 00003858 00003734 000 376 43064.4056512269
25.11.2017 09:44:08 +00.16200E+00  1862 034025 1 00003859 00003734 000 342 43064.4056551852
25.11.2017 09:44:08 +00.16200E+00  1873 034025 1 00003860 00003734 000 343 43064.4056591551
25.11.2017 09:44:09 +00.16201E+00  1885 034025 1 00003861 00003734 000 343 43064.405663125
25.11.2017 09:44:09 +00.16201E+00  1901 034025 1 00003862 00003734 000 378 43064.4056675
25.11.2017 09:44:10 +00.16201E+00  1912 034025 1 00003863 00003734 000 340 43064.4056714352
25.11.2017 09:44:10 +00.16200E+00  1927 034025 1 00003864 00003734 000 341 43064.4056753935
25.11.2017 09:44:10 +00.16201E+00  1944 034025 1 00003865 00003734 000 342 43064.4056793634
25.11.2017 09:44:11 +00.16200E+00  1958 034025 1 00003866 00003734 000 378 43064.40568375
25.11.2017 09:44:11 +00.16200E+00  1975 034025 1 00003867 00003734 000 344 43064.4056877431
25.11.2017 09:44:11 +00.16200E+00  1988 034025 1 00003868 00003734 000 342 43064.405691713
25.11.2017 09:44:12 +00.16200E+00  2000 034025 1 00003869 00003734 000 342 43064.4056956829
25.11.2017 09:44:12 +00.16201E+00  2019 034025 1 00003870 00003734 000 374 43064.4057000231
25.11.2017 09:44:12 +00.16200E+00  2032 034025 1 00003871 00003734 000 343 43064.4057039931
25.11.2017 09:44:13 +00.16201E+00  2039 034025 1 00003872 00003734 000 342 43064.405707963
25.11.2017 09:44:13 +00.16200E+00  2053 034025 1 00003873 00003734 000 342 43064.4057119329
25.11.2017 09:44:13 +00.16200E+00  2072 034025 1 00003874 00003734 000 374 43064.4057162731
25.11.2017 09:44:14 +00.16200E+00  2087 034025 1 00003875 00003734 000 342 43064.4057202431
25.11.2017 09:44:14 +00.16200E+00  2104 034025 1 00003876 00003734 000 343 43064.405724213
25.11.2017 09:44:14 +00.16200E+00  2119 034025 1 00003877 00003734 000 343 43064.4057281829
25.11.2017 09:44:15 +00.16200E+00  2132 034025 1 00003878 00003734 000 375 43064.4057325347
25.11.2017 09:44:15 +00.16200E+00  2142 034025 1 00003879 00003734 000 342 43064.4057364931
25.11.2017 09:44:15 +00.16200E+00  2158 034025 1 00003880 00003734 000 343 43064.405740463
25.11.2017 09:44:16 +00.16200E+00  2166 034025 1 00003881 00003734 000 344 43064.4057444444
25.11.2017 09:44:16 +00.16200E+00  2177 034025 1 00003882 00003734 000 376 43064.4057487963
25.11.2017 09:44:17 +00.16200E+00  2190 034025 1 00003883 00003734 000 341 43064.4057527431
25.11.2017 09:44:17 +00.16200E+00  2204 034025 1 00003884 00003734 000 343 43064.405756713
25.11.2017 09:44:17 +00.16201E+00  2220 034025 1 00003885 00003734 000 343 43064.4057606829
25.11.2017 09:44:18 +00.16200E+00  2234 034025 1 00003886 00003734 000 378 43064.4057650579
25.11.2017 09:44:18 +00.16200E+00  2244 034025 1 00003887 00003734 000 340 43064.4057689931
25.11.2017 09:44:18 +00.16200E+00  2254 034025 1 00003888 00003734 000 341 43064.4057729514
25.11.2017 09:44:19 +00.16201E+00  2262 034025 1 00003889 00003734 000 343 43064.4057769329
25.11.2017 09:44:19 +00.16201E+00  2274 034025 1 00003890 00003734 000 379 43064.4057813194
25.11.2017 09:44:19 +00.16200E+00  2288 034025 1 00003891 00003734 000 343 43064.4057853009
25.11.2017 09:44:20 +00.16201E+00  2309 034025 1 00003892 00003734 000 342 43064.4057892708
25.11.2017 09:44:20 +00.16200E+00  2324 034025 1 00003893 00003734 000 343 43064.4057932523
25.11.2017 09:44:20 +00.16200E+00  2340 034025 1 00003894 00003734 000 375 43064.4057975926
25.11.2017 09:44:21 +00.16200E+00  2356 034025 1 00003895 00003734 000 342 43064.4058015509
25.11.2017 09:44:21 +00.16200E+00  2375 034025 1 00003896 00003734 000 343 43064.4058055208
25.11.2017 09:44:21 +00.16201E+00  2395 034025 1 00003897 00003734 000 343 43064.4058094907
25.11.2017 09:44:22 +00.16200E+00  2413 034023 1 00003898 00003734 000 375 43064.4058138426
25.11.2017 09:44:22 +00.16200E+00  2423 034023 1 00003899 00003734 000 341 43064.4058178009
25.11.2017 09:44:23 +00.16200E+00  2439 034023 1 00003900 00003734 000 343 43064.4058217708
25.11.2017 09:44:23 +00.16200E+00  2453 034023 1 00003901 00003734 000 343 43064.4058257407
25.11.2017 09:44:23 +00.16199E+00  2471 034023 1 00003902 00003734 000 378 43064.4058301157
25.11.2017 09:44:24 +00.16199E+00  2490 034023 1 00003903 00003734 000 340 43064.4058340509
25.11.2017 09:44:24 +00.16199E+00  2503 034023 1 00003904 00003734 000 342 43064.4058380208
25.11.2017 09:44:24 +00.16199E+00  2522 034023 1 00003905 00003734 000 343 43064.4058419907
25.11.2017 09:44:25 +00.16199E+00  2539 034023 1 00003906 00003734 000 379 43064.4058463773
25.11.2017 09:44:30 +00.16209E+00  0014 034044 1 00003907 00003907 000 343 43064.405906794
25.11.2017 09:44:30 +00.16209E+00  0028 034044 1 00003908 00003907 000 400 43064.4059114236
25.11.2017 09:44:31 +00.16209E+00  0040 034044 1 00003909 00003907 000 343 43064.4059153935
25.11.2017 09:44:31 +00.16210E+00  0049 034044 1 00003910 00003907 000 343 43064.4059193634
25.11.2017 09:44:31 +00.16210E+00  0064 034044 1 00003911 00003907 000 343 43064.4059233333
25.11.2017 09:44:32 +00.16210E+00  0078 034044 1 00003912 00003907 000 376 43064.4059276852
25.11.2017 09:44:32 +00.16210E+00  0094 034044 1 00003913 00003907 000 342 43064.4059316435
25.11.2017 09:44:32 +00.16210E+00  0110 034044 1 00003914 00003907 000 342 43064.4059356019
25.11.2017 09:44:33 +00.16209E+00  0126 034044 1 00003915 00003907 000 342 43064.4059395718
25.11.2017 09:44:33 +00.16209E+00  0137 034044 1 00003916 00003907 000 377 43064.4059439468
25.11.2017 09:44:33 +00.16209E+00  0148 034044 1 00003917 00003907 000 340 43064.4059478819
25.11.2017 09:44:34 +00.16209E+00  0163 034044 1 00003918 00003907 000 342 43064.4059518519
25.11.2017 09:44:34 +00.16210E+00  0174 034044 1 00003919 00003907 000 342 43064.4059558218
25.11.2017 09:44:34 +00.16209E+00  0192 034044 1 00003920 00003907 000 378 43064.4059601968
25.11.2017 09:44:35 +00.16209E+00  0206 034044 1 00003921 00003907 000 340 43064.4059641435
25.11.2017 09:44:35 +00.16210E+00  0219 034046 1 00003922 00003907 000 341 43064.4059681019
25.11.2017 09:44:35 +00.16210E+00  0240 034046 1 00003923 00003907 000 344 43064.4059720833
25.11.2017 09:44:36 +00.16210E+00  0257 034046 1 00003924 00003907 000 379 43064.4059764699
25.11.2017 09:44:36 +00.16211E+00  0273 034046 1 00003925 00003907 000 344 43064.4059804514
25.11.2017 09:44:37 +00.16210E+00  0282 034046 1 00003926 00003907 000 343 43064.4059844213
25.11.2017 09:44:37 +00.16210E+00  0296 034046 1 00003927 00003907 000 343 43064.4059883912
25.11.2017 09:44:37 +00.16210E+00  0310 034046 1 00003928 00003907 000 375 43064.4059927431
25.11.2017 09:44:38 +00.16210E+00  0327 034046 1 00003929 00003907 000 341 43064.4059967014
25.11.2017 09:44:38 +00.16210E+00  0339 034046 1 00003930 00003907 000 343 43064.4060006713
25.11.2017 09:44:38 +00.16210E+00  0354 034046 1 00003931 00003907 000 343 43064.4060046412
25.11.2017 09:44:39 +00.16210E+00  0371 034046 1 00003932 00003907 000 376 43064.4060089931
25.11.2017 09:44:39 +00.16210E+00  0396 034046 1 00003933 00003907 000 342 43064.4060129514
25.11.2017 09:44:39 +00.16210E+00  0410 034046 1 00003934 00003907 000 343 43064.4060169213
25.11.2017 09:44:40 +00.16210E+00  0425 034046 1 00003935 00003907 000 343 43064.4060208912
25.11.2017 09:44:40 +00.16210E+00  0439 034046 1 00003936 00003907 000 377 43064.4060252546
25.11.2017 09:44:40 +00.16211E+00  0453 034046 1 00003937 00003907 000 341 43064.4060292014
25.11.2017 09:44:41 +00.16210E+00  0467 034046 1 00003938 00003907 000 343 43064.4060331713
25.11.2017 09:44:41 +00.16210E+00  0478 034046 1 00003939 00003907 000 343 43064.4060371412
25.11.2017 09:44:41 +00.16210E+00  0491 034046 1 00003940 00003907 000 378 43064.4060415162
25.11.2017 09:44:42 +00.16210E+00  0504 034046 1 00003941 00003907 000 341 43064.406045463
25.11.2017 09:44:42 +00.16211E+00  0516 034046 1 00003942 00003907 000 341 43064.4060494097
25.11.2017 09:44:43 +00.16211E+00  0531 034046 1 00003943 00003907 000 342 43064.4060533796
25.11.2017 09:44:43 +00.16211E+00  0543 034046 1 00003944 00003907 000 378 43064.4060577662
25.11.2017 09:44:43 +00.16210E+00  0561 034046 1 00003945 00003907 000 344 43064.4060617593
25.11.2017 09:44:44 +00.16210E+00  0570 034046 1 00003946 00003907 000 342 43064.4060657292
25.11.2017 09:44:44 +00.16210E+00  0580 034046 1 00003947 00003907 000 343 43064.4060697106
25.11.2017 09:44:44 +00.16211E+00  0592 034046 1 00003948 00003907 000 373 43064.4060740278
25.11.2017 09:44:45 +00.16210E+00  0604 034046 1 00003949 00003907 000 343 43064.4060780093
25.11.2017 09:44:45 +00.16211E+00  0616 034046 1 00003950 00003907 000 343 43064.4060819792
25.11.2017 09:44:45 +00.16210E+00  0623 034046 1 00003951 00003907 000 343 43064.4060859491
25.11.2017 09:44:46 +00.16210E+00  0638 034046 1 00003952 00003907 000 375 43064.4060902894
25.11.2017 09:44:46 +00.16210E+00  0649 034046 1 00003953 00003907 000 342 43064.4060942593
25.11.2017 09:44:46 +00.16211E+00  0659 034046 1 00003954 00003907 000 343 43064.4060982292
25.11.2017 09:44:47 +00.16210E+00  0677 034046 1 00003955 00003907 000 343 43064.4061021991
25.11.2017 09:44:47 +00.16210E+00  0691 034046 1 00003956 00003907 000 377 43064.4061065625
25.11.2017 09:44:47 +00.16210E+00  0716 034046 1 00003957 00003907 000 341 43064.4061105093
25.11.2017 09:44:48 +00.16210E+00  0733 034046 1 00003958 00003907 000 343 43064.4061144792
25.11.2017 09:44:48 +00.16210E+00  0743 034046 1 00003959 00003907 000 343 43064.4061184491
25.11.2017 09:44:49 +00.16210E+00  0757 034046 1 00003960 00003907 000 378 43064.4061228241
25.11.2017 09:44:49 +00.16210E+00  0772 034046 1 00003961 00003907 000 340 43064.4061267593
25.11.2017 09:44:49 +00.16210E+00  0786 034046 1 00003962 00003907 000 342 43064.4061307292
25.11.2017 09:44:50 +00.16210E+00  0805 034046 1 00003963 00003907 000 343 43064.4061346991
25.11.2017 09:44:50 +00.16211E+00  0821 034046 1 00003964 00003907 000 379 43064.4061390857
25.11.2017 09:44:50 +00.16210E+00  0833 034046 1 00003965 00003907 000 345 43064.4061430787
25.11.2017 09:44:51 +00.16210E+00  0846 034046 1 00003966 00003907 000 343 43064.4061470486
25.11.2017 09:44:51 +00.16211E+00  0861 034046 1 00003967 00003907 000 343 43064.4061510185
25.11.2017 09:44:51 +00.16210E+00  0877 034046 1 00003968 00003907 000 374 43064.4061553472
25.11.2017 09:44:52 +00.16210E+00  0893 034046 1 00003969 00003907 000 343 43064.4061593171
25.11.2017 09:44:52 +00.16210E+00  0910 034046 1 00003970 00003907 000 343 43064.4061632986
25.11.2017 09:44:52 +00.16210E+00  0921 034046 1 00003971 00003907 000 343 43064.4061672685
25.11.2017 09:44:53 +00.16210E+00  0939 034046 1 00003972 00003907 000 374 43064.4061715972
25.11.2017 09:44:53 +00.16210E+00  0958 034046 1 00003973 00003907 000 342 43064.4061755671
25.11.2017 09:44:53 +00.16210E+00  0974 034046 1 00003974 00003907 000 343 43064.406179537
25.11.2017 09:44:54 +00.16210E+00  0993 034046 1 00003975 00003907 000 342 43064.4061835069
25.11.2017 09:44:54 +00.16210E+00  1016 034046 1 00003976 00003907 000 376 43064.4061878704
25.11.2017 09:44:54 +00.16210E+00  1032 034046 1 00003977 00003907 000 341 43064.4061918287
25.11.2017 09:44:55 +00.16210E+00  1050 034046 1 00003978 00003907 000 342 43064.406195787
25.11.2017 09:44:55 +00.16210E+00  1053 034046 1 00003979 00003907 000 343 43064.4061997569
25.11.2017 09:44:56 +00.16210E+00  1065 034046 1 00003980 00003907 000 378 43064.4062041319
25.11.2017 09:44:56 +00.16211E+00  1081 034046 1 00003981 00003907 000 340 43064.4062080671
25.11.2017 09:44:56 +00.16210E+00  1090 034046 1 00003982 00003907 000 342 43064.406212037
25.11.2017 09:44:57 +00.16211E+00  1107 034046 1 00003983 00003907 000 343 43064.4062160069
25.11.2017 09:44:57 +00.16210E+00  1117 034046 1 00003984 00003907 000 379 43064.4062203935
25.11.2017 09:44:57 +00.16210E+00  1131 034046 1 00003985 00003907 000 340 43064.4062243287
25.11.2017 09:44:58 +00.16210E+00  1141 034046 1 00003986 00003907 000 341 43064.406228287
25.11.2017 09:44:58 +00.16210E+00  1148 034046 1 00003987 00003907 000 343 43064.4062322569
25.11.2017 09:44:58 +00.16210E+00  1160 034046 1 00003988 00003907 000 380 43064.4062366551
25.11.2017 09:44:59 +00.16211E+00  1174 034046 1 00003989 00003907 000 344 43064.4062406366
25.11.2017 09:44:59 +00.16210E+00  1185 034046 1 00003990 00003907 000 343 43064.4062446065
25.11.2017 09:44:59 +00.16210E+00  1197 034046 1 00003991 00003907 000 343 43064.4062485764
25.11.2017 09:45:00 +00.16211E+00  1215 034046 1 00003992 00003907 000 375 43064.4062529167
25.11.2017 09:45:00 +00.16210E+00  1228 034046 1 00003993 00003907 000 342 43064.406256875
25.11.2017 09:45:00 +00.16210E+00  1242 034046 1 00003994 00003907 000 342 43064.4062608449
25.11.2017 09:45:01 +00.16210E+00  1255 034046 1 00003995 00003907 000 343 43064.4062648264
25.11.2017 09:45:01 +00.16210E+00  1264 034046 1 00003996 00003907 000 376 43064.4062691782
25.11.2017 09:45:01 +00.16210E+00  1278 034046 1 00003997 00003907 000 341 43064.406273125
25.11.2017 09:45:02 +00.16210E+00  1288 034046 1 00003998 00003907 000 342 43064.4062770949
25.11.2017 09:45:02 +00.16210E+00  1308 034046 1 00003999 00003907 000 342 43064.4062810648
25.11.2017 09:45:03 +00.16210E+00  1324 034046 1 00004000 00003907 000 378 43064.4062854398
25.11.2017 09:45:03 +00.16210E+00  1339 034046 1 00004001 00003907 000 340 43064.4062893866
25.11.2017 09:45:03 +00.16210E+00  1350 034046 1 00004002 00003907 000 341 43064.4062933449
25.11.2017 09:45:04 +00.16210E+00  1369 034046 1 00004003 00003907 000 343 43064.4062973148
25.11.2017 09:45:04 +00.16210E+00  1382 034046 1 00004004 00003907 000 378 43064.4063017014
25.11.2017 09:45:04 +00.16210E+00  1399 034046 1 00004005 00003907 000 344 43064.4063056944
25.11.2017 09:45:05 +00.16210E+00  1414 034046 1 00004006 00003907 000 342 43064.4063096644
25.11.2017 09:45:05 +00.16210E+00  1424 034046 1 00004007 00003907 000 343 43064.4063136343
25.11.2017 09:45:05 +00.16211E+00  1441 034046 1 00004008 00003907 000 373 43064.406317963
25.11.2017 09:45:06 +00.16210E+00  1454 034046 1 00004009 00003907 000 343 43064.4063219444
25.11.2017 09:45:06 +00.16210E+00  1471 034046 1 00004010 00003907 000 343 43064.4063259144
25.11.2017 09:45:06 +00.16210E+00  1480 034046 1 00004011 00003907 000 343 43064.4063298843
25.11.2017 09:45:07 +00.16211E+00  1496 034046 1 00004012 00003907 000 375 43064.4063342245
25.11.2017 09:45:07 +00.16210E+00  1506 034046 1 00004013 00003907 000 343 43064.4063381944
25.11.2017 09:45:07 +00.16210E+00  1517 034046 1 00004014 00003907 000 343 43064.4063421644
25.11.2017 09:45:08 +00.16210E+00  1525 034046 1 00004015 00003907 000 343 43064.4063461343
25.11.2017 09:45:08 +00.16211E+00  1541 034046 1 00004016 00003907 000 376 43064.4063504861
25.11.2017 09:45:09 +00.16211E+00  1550 034046 1 00004017 00003907 000 342 43064.4063544444
25.11.2017 09:45:09 +00.16211E+00  1562 034046 1 00004018 00003907 000 343 43064.4063584144
25.11.2017 09:45:09 +00.16211E+00  1570 034046 1 00004019 00003907 000 343 43064.4063623843
25.11.2017 09:45:10 +00.16210E+00  1580 034046 1 00004020 00003907 000 377 43064.4063667477
25.11.2017 09:45:10 +00.16210E+00  1596 034046 1 00004021 00003907 000 340 43064.4063706829
25.11.2017 09:45:10 +00.16210E+00  1610 034046 1 00004022 00003907 000 342 43064.4063746528
25.11.2017 09:45:11 +00.16210E+00  1620 034046 1 00004023 00003907 000 342 43064.4063786227
25.11.2017 09:45:11 +00.16210E+00  1636 034046 1 00004024 00003907 000 378 43064.4063830093
25.11.2017 09:45:11 +00.16210E+00  1650 034046 1 00004025 00003907 000 344 43064.4063870023
25.11.2017 09:45:12 +00.16211E+00  1660 034046 1 00004026 00003907 000 343 43064.4063909838
25.11.2017 09:45:12 +00.16211E+00  1670 034046 1 00004027 00003907 000 342 43064.4063949421
25.11.2017 09:45:12 +00.16211E+00  1686 034046 1 00004028 00003907 000 374 43064.4063992824
25.11.2017 09:45:13 +00.16211E+00  1701 034046 1 00004029 00003907 000 343 43064.4064032523
25.11.2017 09:45:13 +00.16211E+00  1719 034046 1 00004030 00003907 000 342 43064.4064072222
25.11.2017 09:45:13 +00.16210E+00  1734 034046 1 00004031 00003907 000 343 43064.4064111921
25.11.2017 09:45:14 +00.16210E+00  1749 034046 1 00004032 00003907 000 374 43064.4064155324
25.11.2017 09:45:14 +00.16210E+00  1765 034046 1 00004033 00003907 000 342 43064.4064195023
25.11.2017 09:45:14 +00.16210E+00  1783 034046 1 00004034 00003907 000 343 43064.4064234722
25.11.2017 09:45:15 +00.16210E+00  1796 034046 1 00004035 00003907 000 343 43064.4064274421
25.11.2017 09:45:15 +00.16211E+00  1810 034046 1 00004036 00003907 000 376 43064.406431794
25.11.2017 09:45:16 +00.16210E+00  1830 034046 1 00004037 00003907 000 341 43064.4064357523
25.11.2017 09:45:16 +00.16210E+00  1843 034046 1 00004038 00003907 000 343 43064.4064397222
25.11.2017 09:45:16 +00.16210E+00  1864 034046 1 00004039 00003907 000 343 43064.4064436921
25.11.2017 09:45:17 +00.16210E+00  1873 034046 1 00004040 00003907 000 377 43064.4064480556
25.11.2017 09:45:17 +00.16210E+00  1888 034046 1 00004041 00003907 000 341 43064.4064520023
25.11.2017 09:45:17 +00.16210E+00  1900 034046 1 00004042 00003907 000 343 43064.4064559722
25.11.2017 09:45:18 +00.16210E+00  1916 034046 1 00004043 00003907 000 343 43064.4064599421
25.11.2017 09:45:18 +00.16210E+00  1925 034046 1 00004044 00003907 000 378 43064.4064643171
25.11.2017 09:45:18 +00.16210E+00  1943 034046 1 00004045 00003907 000 340 43064.4064682523
25.11.2017 09:45:19 +00.16210E+00  1958 034046 1 00004046 00003907 000 341 43064.4064722106
25.11.2017 09:45:19 +00.16210E+00  1976 034046 1 00004047 00003907 000 343 43064.4064761921
25.11.2017 09:45:19 +00.16210E+00  1993 034046 1 00004048 00003907 000 379 43064.4064805787
25.11.2017 09:45:20 +00.16210E+00  2007 034046 1 00004049 00003907 000 344 43064.4064845602
25.11.2017 09:45:20 +00.16211E+00  2020 034046 1 00004050 00003907 000 343 43064.4064885417
25.11.2017 09:45:20 +00.16210E+00  2041 034046 1 00004051 00003907 000 343 43064.4064925116
25.11.2017 09:45:21 +00.16210E+00  2058 034046 1 00004052 00003907 000 375 43064.4064968519
25.11.2017 09:45:21 +00.16211E+00  2079 034046 1 00004053 00003907 000 342 43064.4065008102
25.11.2017 09:45:22 +00.16210E+00  2092 034046 1 00004054 00003907 000 342 43064.4065047801
25.11.2017 09:45:22 +00.16210E+00  2101 034046 1 00004055 00003907 000 342 43064.40650875
25.11.2017 09:45:22 +00.16210E+00  2112 034046 1 00004056 00003907 000 375 43064.4065131019
25.11.2017 09:45:23 +00.16210E+00  2120 034046 1 00004057 00003907 000 341 43064.4065170602
25.11.2017 09:45:23 +00.16210E+00  2132 034046 1 00004058 00003907 000 344 43064.4065210417
25.11.2017 09:45:23 +00.16210E+00  2141 034046 1 00004059 00003907 000 341 43064.406525
25.11.2017 09:45:24 +00.16210E+00  2154 034046 1 00004060 00003907 000 377 43064.4065293634
25.11.2017 09:45:24 +00.16211E+00  2172 034046 1 00004061 00003907 000 341 43064.4065333218
25.11.2017 09:45:24 +00.16211E+00  2193 034046 1 00004062 00003907 000 342 43064.4065372801
25.11.2017 09:45:25 +00.16211E+00  2205 034046 1 00004063 00003907 000 343 43064.40654125
25.11.2017 09:45:25 +00.16210E+00  2218 034046 1 00004064 00003907 000 378 43064.406545625
25.11.2017 09:45:25 +00.16210E+00  2234 034046 1 00004065 00003907 000 340 43064.4065495602
25.11.2017 09:45:26 +00.16210E+00  2250 034046 1 00004066 00003907 000 342 43064.4065535301
25.11.2017 09:45:26 +00.16210E+00  2262 034046 1 00004067 00003907 000 343 43064.4065575
25.11.2017 09:45:26 +00.16210E+00  2273 034046 1 00004068 00003907 000 380 43064.4065618981
25.11.2017 09:45:27 +00.16211E+00  2287 034046 1 00004069 00003907 000 344 43064.4065658796
25.11.2017 09:45:27 +00.16211E+00  2298 034044 1 00004070 00003907 000 343 43064.4065698495
25.11.2017 09:45:27 +00.16210E+00  2303 034044 1 00004071 00003907 000 343 43064.4065738194
25.11.2017 09:45:28 +00.16210E+00  2317 034044 1 00004072 00003907 000 374 43064.4065781481
25.11.2017 09:45:28 +00.16210E+00  2328 034044 1 00004073 00003907 000 344 43064.4065821296
25.11.2017 09:45:29 +00.16210E+00  2345 034044 1 00004074 00003907 000 343 43064.4065860995
25.11.2017 09:45:29 +00.16209E+00  2366 034044 1 00004075 00003907 000 343 43064.4065900694
25.11.2017 09:45:29 +00.16209E+00  2375 034044 1 00004076 00003907 000 375 43064.4065944097
25.11.2017 09:45:30 +00.16210E+00  2394 034044 1 00004077 00003907 000 342 43064.4065983681
25.11.2017 09:45:30 +00.16209E+00  2411 034044 1 00004078 00003907 000 342 43064.406602338
25.11.2017 09:45:36 +00.16220E+00  0012 034065 1 00004079 00004079 000 342 43064.4066669329
25.11.2017 09:45:36 +00.16219E+00  0026 034065 1 00004080 00004079 000 342 43064.4066709028
25.11.2017 09:45:36 +00.16220E+00  0042 034065 1 00004081 00004079 000 415 43064.4066757176
25.11.2017 09:45:37 +00.16220E+00  0053 034065 1 00004082 00004079 000 340 43064.4066796644
25.11.2017 09:45:37 +00.16220E+00  0060 034065 1 00004083 00004079 000 342 43064.4066836343
25.11.2017 09:45:37 +00.16220E+00  0077 034065 1 00004084 00004079 000 342 43064.4066875926
25.11.2017 09:45:38 +00.16220E+00  0087 034065 1 00004085 00004079 000 380 43064.4066919907
25.11.2017 09:45:38 +00.16220E+00  0101 034065 1 00004086 00004079 000 344 43064.4066959722
25.11.2017 09:45:38 +00.16220E+00  0114 034065 1 00004087 00004079 000 343 43064.4066999421
25.11.2017 09:45:39 +00.16219E+00  0126 034065 1 00004088 00004079 000 343 43064.406703912
25.11.2017 09:45:39 +00.16220E+00  0137 034065 1 00004089 00004079 000 374 43064.4067082407
25.11.2017 09:45:39 +00.16220E+00  0155 034065 1 00004090 00004079 000 344 43064.4067122222
25.11.2017 09:45:40 +00.16219E+00  0162 034065 1 00004091 00004079 000 343 43064.4067161921
25.11.2017 09:45:40 +00.16220E+00  0179 034065 1 00004092 00004079 000 343 43064.406720162
25.11.2017 09:45:40 +00.16220E+00  0184 034065 1 00004093 00004079 000 376 43064.4067245139
25.11.2017 09:45:41 +00.16220E+00  0198 034065 1 00004094 00004079 000 342 43064.4067284722
25.11.2017 09:45:41 +00.16220E+00  0215 034065 1 00004095 00004079 000 343 43064.4067324421
25.11.2017 09:45:42 +00.16219E+00  0227 034065 1 00004096 00004079 000 343 43064.406736412
25.11.2017 09:45:42 +00.16219E+00  0236 034065 1 00004097 00004079 000 377 43064.4067407755
25.11.2017 09:45:42 +00.16220E+00  0254 034065 1 00004098 00004079 000 340 43064.4067447106
25.11.2017 09:45:43 +00.16219E+00  0271 034065 1 00004099 00004079 000 343 43064.4067486921
25.11.2017 09:45:43 +00.16220E+00  0280 034065 1 00004100 00004079 000 343 43064.406752662
25.11.2017 09:45:43 +00.16220E+00  0289 034065 1 00004101 00004079 000 378 43064.406757037
25.11.2017 09:45:44 +00.16220E+00  0304 034065 1 00004102 00004079 000 340 43064.4067609722
25.11.2017 09:45:44 +00.16220E+00  0314 034065 1 00004103 00004079 000 341 43064.4067649306
25.11.2017 09:45:44 +00.16219E+00  0328 034065 1 00004104 00004079 000 342 43064.4067689005
25.11.2017 09:45:45 +00.16219E+00  0343 034065 1 00004105 00004079 000 378 43064.406773287
25.11.2017 09:45:45 +00.16219E+00  0359 034065 1 00004106 00004079 000 344 43064.4067772801
25.11.2017 09:45:45 +00.16219E+00  0372 034065 1 00004107 00004079 000 342 43064.40678125
25.11.2017 09:45:46 +00.16220E+00  0387 034067 1 00004108 00004079 000 342 43064.4067852199
25.11.2017 09:45:46 +00.16220E+00  0399 034067 1 00004109 00004079 000 374 43064.4067895602
25.11.2017 09:45:46 +00.16220E+00  0412 034067 1 00004110 00004079 000 343 43064.4067935301
25.11.2017 09:45:47 +00.16220E+00  0427 034067 1 00004111 00004079 000 342 43064.4067975
25.11.2017 09:45:47 +00.16220E+00  0446 034067 1 00004112 00004079 000 342 43064.4068014699
25.11.2017 09:45:48 +00.16220E+00  0462 034067 1 00004113 00004079 000 374 43064.4068058102
25.11.2017 09:45:48 +00.16220E+00  0478 034067 1 00004114 00004079 000 342 43064.4068097801
25.11.2017 09:45:48 +00.16220E+00  0489 034067 1 00004115 00004079 000 343 43064.40681375
25.11.2017 09:45:49 +00.16220E+00  0506 034067 1 00004116 00004079 000 343 43064.4068177199
25.11.2017 09:45:49 +00.16221E+00  0519 034067 1 00004117 00004079 000 377 43064.4068220833
25.11.2017 09:45:49 +00.16221E+00  0531 034067 1 00004118 00004079 000 340 43064.4068260301
25.11.2017 09:45:50 +00.16220E+00  0542 034067 1 00004119 00004079 000 343 43064.40683
25.11.2017 09:45:50 +00.16220E+00  0551 034067 1 00004120 00004079 000 343 43064.4068339699
25.11.2017 09:45:50 +00.16220E+00  0564 034067 1 00004121 00004079 000 378 43064.4068383449
25.11.2017 09:45:51 +00.16220E+00  0579 034067 1 00004122 00004079 000 340 43064.4068422801
25.11.2017 09:45:51 +00.16220E+00  0601 034067 1 00004123 00004079 000 342 43064.40684625
25.11.2017 09:45:51 +00.16220E+00  0615 034067 1 00004124 00004079 000 343 43064.4068502199
25.11.2017 09:45:52 +00.16220E+00  0630 034067 1 00004125 00004079 000 379 43064.4068546065
25.11.2017 09:45:52 +00.16220E+00  0648 034067 1 00004126 00004079 000 345 43064.4068585995
25.11.2017 09:45:52 +00.16220E+00  0662 034067 1 00004127 00004079 000 343 43064.4068625694
25.11.2017 09:45:53 +00.16221E+00  0687 034067 1 00004128 00004079 000 343 43064.4068665393
25.11.2017 09:45:53 +00.16221E+00  0698 034067 1 00004129 00004079 000 374 43064.4068708681
25.11.2017 09:45:53 +00.16220E+00  0712 034067 1 00004130 00004079 000 343 43064.406874838
25.11.2017 09:45:54 +00.16220E+00  0724 034067 1 00004131 00004079 000 342 43064.4068788194
25.11.2017 09:45:54 +00.16220E+00  0740 034067 1 00004132 00004079 000 343 43064.4068827893
25.11.2017 09:45:55 +00.16220E+00  0747 034067 1 00004133 00004079 000 375 43064.4068871296
25.11.2017 09:45:55 +00.16221E+00  0759 034067 1 00004134 00004079 000 342 43064.406891088
25.11.2017 09:45:55 +00.16220E+00  0780 034067 1 00004135 00004079 000 342 43064.4068950579
25.11.2017 09:45:56 +00.16220E+00  0799 034067 1 00004136 00004079 000 342 43064.4068990278
25.11.2017 09:45:56 +00.16220E+00  0817 034067 1 00004137 00004079 000 375 43064.4069033796
25.11.2017 09:45:56 +00.16221E+00  0833 034067 1 00004138 00004079 000 341 43064.406907338
25.11.2017 09:45:57 +00.16220E+00  0846 034067 1 00004139 00004079 000 343 43064.4069113079
25.11.2017 09:45:57 +00.16221E+00  0864 034067 1 00004140 00004079 000 344 43064.4069152893
25.11.2017 09:45:57 +00.16220E+00  0873 034067 1 00004141 00004079 000 377 43064.4069196528
25.11.2017 09:45:58 +00.16220E+00  0890 034067 1 00004142 00004079 000 340 43064.4069235995
25.11.2017 09:45:58 +00.16220E+00  0903 034067 1 00004143 00004079 000 341 43064.4069275579
25.11.2017 09:45:58 +00.16220E+00  0921 034067 1 00004144 00004079 000 343 43064.4069315278
25.11.2017 09:45:59 +00.16220E+00  0933 034067 1 00004145 00004079 000 379 43064.4069359144
25.11.2017 09:45:59 +00.16220E+00  0948 034067 1 00004146 00004079 000 340 43064.4069398495
25.11.2017 09:45:59 +00.16220E+00  0969 034067 1 00004147 00004079 000 341 43064.4069438079
25.11.2017 09:46:00 +00.16220E+00  0983 034067 1 00004148 00004079 000 343 43064.4069477778
25.11.2017 09:46:00 +00.16220E+00  0994 034067 1 00004149 00004079 000 380 43064.4069521759
25.11.2017 09:46:01 +00.16220E+00  1013 034067 1 00004150 00004079 000 344 43064.4069561574
25.11.2017 09:46:01 +00.16220E+00  1029 034067 1 00004151 00004079 000 343 43064.4069601273
25.11.2017 09:46:01 +00.16220E+00  1046 034067 1 00004152 00004079 000 343 43064.4069640972
25.11.2017 09:46:02 +00.16220E+00  1056 034067 1 00004153 00004079 000 375 43064.4069684375
25.11.2017 09:46:02 +00.16220E+00  1071 034067 1 00004154 00004079 000 343 43064.4069724074
25.11.2017 09:46:02 +00.16220E+00  1087 034067 1 00004155 00004079 000 343 43064.4069763773
25.11.2017 09:46:03 +00.16220E+00  1101 034067 1 00004156 00004079 000 343 43064.4069803472
25.11.2017 09:46:03 +00.16220E+00  1108 034067 1 00004157 00004079 000 376 43064.4069846991
25.11.2017 09:46:03 +00.16220E+00  1125 034067 1 00004158 00004079 000 341 43064.4069886458
25.11.2017 09:46:04 +00.16220E+00  1140 034067 1 00004159 00004079 000 342 43064.4069926157
25.11.2017 09:46:04 +00.16220E+00  1155 034067 1 00004160 00004079 000 342 43064.4069965856
25.11.2017 09:46:04 +00.16220E+00  1172 034067 1 00004161 00004079 000 377 43064.4070009607
25.11.2017 09:46:05 +00.16220E+00  1193 034067 1 00004162 00004079 000 340 43064.4070048958
25.11.2017 09:46:05 +00.16220E+00  1202 034067 1 00004163 00004079 000 342 43064.4070088657
25.11.2017 09:46:05 +00.16220E+00  1216 034067 1 00004164 00004079 000 343 43064.4070128356
25.11.2017 09:46:06 +00.16221E+00  1231 034067 1 00004165 00004079 000 379 43064.4070172338
25.11.2017 09:46:06 +00.16221E+00  1249 034067 1 00004166 00004079 000 344 43064.4070212153
25.11.2017 09:46:06 +00.16220E+00  1259 034065 1 00004167 00004079 000 342 43064.4070251852
25.11.2017 09:46:07 +00.16220E+00  1267 034065 1 00004168 00004079 000 342 43064.4070291551
25.11.2017 09:46:07 +00.16220E+00  1279 034065 1 00004169 00004079 000 373 43064.4070334838
25.11.2017 09:46:08 +00.16219E+00  1297 034065 1 00004170 00004079 000 343 43064.4070374653
25.11.2017 09:46:08 +00.16219E+00  1308 034065 1 00004171 00004079 000 343 43064.4070414352
25.11.2017 09:46:08 +00.16219E+00  1324 034065 1 00004172 00004079 000 344 43064.4070454167
25.11.2017 09:46:09 +00.16219E+00  1334 034065 1 00004173 00004079 000 374 43064.4070497454
25.11.2017 09:46:09 +00.16219E+00  1350 034065 1 00004174 00004079 000 343 43064.4070537153
25.11.2017 09:46:09 +00.16219E+00  1361 034065 1 00004175 00004079 000 343 43064.4070576852
25.11.2017 09:46:10 +00.16220E+00  1371 034065 1 00004176 00004079 000 344 43064.4070616667
25.11.2017 09:46:10 +00.16219E+00  1386 034065 1 00004177 00004079 000 375 43064.4070660069
25.11.2017 09:46:10 +00.16219E+00  1396 034065 1 00004178 00004079 000 342 43064.4070699653
25.11.2017 09:46:11 +00.16219E+00  1411 034065 1 00004179 00004079 000 343 43064.4070739352
25.11.2017 09:46:11 +00.16219E+00  1432 034065 1 00004180 00004079 000 343 43064.4070779051
25.11.2017 09:46:11 +00.16219E+00  1449 034065 1 00004181 00004079 000 377 43064.4070822685
25.11.2017 09:46:12 +00.16219E+00  1466 034067 1 00004182 00004079 000 341 43064.4070862153
25.11.2017 09:46:12 +00.16220E+00  1476 034067 1 00004183 00004079 000 343 43064.4070901852
25.11.2017 09:46:12 +00.16220E+00  1491 034067 1 00004184 00004079 000 342 43064.4070941435
25.11.2017 09:46:13 +00.16220E+00  1506 034067 1 00004185 00004079 000 378 43064.4070985301
25.11.2017 09:46:13 +00.16220E+00  1520 034067 1 00004186 00004079 000 340 43064.4071024653
25.11.2017 09:46:13 +00.16220E+00  1540 034067 1 00004187 00004079 000 341 43064.4071064236
25.11.2017 09:46:14 +00.16220E+00  1554 034067 1 00004188 00004079 000 343 43064.4071104051
25.11.2017 09:46:14 +00.16220E+00  1572 034067 1 00004189 00004079 000 379 43064.4071147917
25.11.2017 09:46:15 +00.16220E+00  1591 034067 1 00004190 00004079 000 343 43064.4071187731
25.11.2017 09:46:15 +00.16220E+00  1610 034067 1 00004191 00004079 000 343 43064.4071227546
25.11.2017 09:46:15 +00.16220E+00  1620 034067 1 00004192 00004079 000 342 43064.407126713
25.11.2017 09:46:16 +00.16220E+00  1641 034067 1 00004193 00004079 000 374 43064.4071310532
25.11.2017 09:46:16 +00.16220E+00  1655 034067 1 00004194 00004079 000 342 43064.4071350231
25.11.2017 09:46:16 +00.16220E+00  1667 034067 1 00004195 00004079 000 343 43064.4071389931
25.11.2017 09:46:17 +00.16220E+00  1676 034067 1 00004196 00004079 000 343 43064.407142963
25.11.2017 09:46:17 +00.16220E+00  1685 034067 1 00004197 00004079 000 375 43064.4071473148
25.11.2017 09:46:17 +00.16220E+00  1701 034067 1 00004198 00004079 000 342 43064.4071512847
25.11.2017 09:46:18 +00.16220E+00  1710 034067 1 00004199 00004079 000 342 43064.4071552431
25.11.2017 09:46:18 +00.16220E+00  1726 034067 1 00004200 00004079 000 343 43064.407159213
25.11.2017 09:46:18 +00.16220E+00  1746 034067 1 00004201 00004079 000 377 43064.4071635764
25.11.2017 09:46:19 +00.16220E+00  1759 034067 1 00004202 00004079 000 341 43064.4071675231
25.11.2017 09:46:19 +00.16221E+00  1779 034067 1 00004203 00004079 000 343 43064.4071714931
25.11.2017 09:46:19 +00.16221E+00  1793 034067 1 00004204 00004079 000 343 43064.407175463
25.11.2017 09:46:20 +00.16220E+00  1809 034067 1 00004205 00004079 000 378 43064.407179838
25.11.2017 09:46:20 +00.16220E+00  1826 034067 1 00004206 00004079 000 340 43064.4071837731
25.11.2017 09:46:21 +00.16220E+00  1840 034067 1 00004207 00004079 000 343 43064.4071877431
25.11.2017 09:46:21 +00.16220E+00  1855 034067 1 00004208 00004079 000 343 43064.407191713
25.11.2017 09:46:21 +00.16220E+00  1870 034067 1 00004209 00004079 000 379 43064.4071960995
25.11.2017 09:46:22 +00.16220E+00  1884 034067 1 00004210 00004079 000 345 43064.4072000926
25.11.2017 09:46:22 +00.16220E+00  1907 034067 1 00004211 00004079 000 343 43064.4072040625
25.11.2017 09:46:22 +00.16220E+00  1922 034067 1 00004212 00004079 000 343 43064.4072080324
25.11.2017 09:46:23 +00.16220E+00  1933 034067 1 00004213 00004079 000 374 43064.4072123611
25.11.2017 09:46:23 +00.16220E+00  1952 034067 1 00004214 00004079 000 343 43064.407216331
25.11.2017 09:46:23 +00.16220E+00  1959 034067 1 00004215 00004079 000 342 43064.4072203009
25.11.2017 09:46:24 +00.16220E+00  1967 034067 1 00004216 00004079 000 343 43064.4072242824
25.11.2017 09:46:24 +00.16220E+00  1981 034067 1 00004217 00004079 000 376 43064.4072286343
25.11.2017 09:46:24 +00.16220E+00  1998 034067 1 00004218 00004079 000 341 43064.407232581
25.11.2017 09:46:25 +00.16220E+00  2014 034067 1 00004219 00004079 000 343 43064.4072365509
25.11.2017 09:46:25 +00.16220E+00  2031 034067 1 00004220 00004079 000 343 43064.4072405208
25.11.2017 09:46:25 +00.16220E+00  2046 034067 1 00004221 00004079 000 376 43064.4072448843
25.11.2017 09:46:26 +00.16220E+00  2067 034067 1 00004222 00004079 000 340 43064.407248831
25.11.2017 09:46:26 +00.16220E+00  2081 034067 1 00004223 00004079 000 342 43064.4072528009
25.11.2017 09:46:26 +00.16220E+00  2093 034067 1 00004224 00004079 000 344 43064.4072567824
25.11.2017 09:46:27 +00.16220E+00  2108 034067 1 00004225 00004079 000 377 43064.4072611458
25.11.2017 09:46:27 +00.16220E+00  2125 034067 1 00004226 00004079 000 341 43064.4072650926
25.11.2017 09:46:28 +00.16220E+00  2138 034067 1 00004227 00004079 000 342 43064.4072690509
25.11.2017 09:46:28 +00.16220E+00  2151 034067 1 00004228 00004079 000 343 43064.4072730208
25.11.2017 09:46:28 +00.16220E+00  2159 034067 1 00004229 00004079 000 379 43064.4072774074
25.11.2017 09:46:29 +00.16220E+00  2170 034067 1 00004230 00004079 000 340 43064.4072813426
25.11.2017 09:46:29 +00.16220E+00  2187 034067 1 00004231 00004079 000 342 43064.4072853009
25.11.2017 09:46:29 +00.16220E+00  2197 034067 1 00004232 00004079 000 343 43064.4072892708
25.11.2017 09:46:30 +00.16220E+00  2214 034067 1 00004233 00004079 000 380 43064.407293669
25.11.2017 09:46:30 +00.16220E+00  2227 034067 1 00004234 00004079 000 344 43064.4072976505
25.11.2017 09:46:30 +00.16220E+00  2240 034067 1 00004235 00004079 000 343 43064.4073016204
25.11.2017 09:46:31 +00.16220E+00  2255 034067 1 00004236 00004079 000 343 43064.4073055903
25.11.2017 09:46:31 +00.16220E+00  2265 034067 1 00004237 00004079 000 375 43064.4073099306
25.11.2017 09:46:31 +00.16220E+00  2276 034067 1 00004238 00004079 000 343 43064.4073139005
25.11.2017 09:46:32 +00.16220E+00  2294 034067 1 00004239 00004079 000 342 43064.4073178588
25.11.2017 09:46:32 +00.16220E+00  2306 034067 1 00004240 00004079 000 343 43064.4073218403
25.11.2017 09:46:32 +00.16220E+00  2321 034067 1 00004241 00004079 000 377 43064.4073262037
25.11.2017 09:46:33 +00.16220E+00  2339 034067 1 00004242 00004079 000 340 43064.4073301389
25.11.2017 09:46:33 +00.16220E+00  2348 034067 1 00004243 00004079 000 343 43064.4073341088
25.11.2017 09:46:34 +00.16220E+00  2358 034067 1 00004244 00004079 000 343 43064.4073380903
25.11.2017 09:46:34 +00.16220E+00  2376 034067 1 00004245 00004079 000 377 43064.4073424537
25.11.2017 09:46:34 +00.16220E+00  2385 034067 1 00004246 00004079 000 340 43064.4073464005
25.11.2017 09:46:35 +00.16220E+00  2392 034067 1 00004247 00004079 000 341 43064.4073503588
25.11.2017 09:46:35 +00.16220E+00  2406 034067 1 00004248 00004079 000 343 43064.4073543287
25.11.2017 09:46:35 +00.16220E+00  2420 034067 1 00004249 00004079 000 378 43064.4073587153
25.11.2017 09:46:36 +00.16220E+00  2436 034067 1 00004250 00004079 000 341 43064.407362662
25.11.2017 09:46:41 +00.16230E+00  0013 034087 1 00004251 00004251 000 382 43064.4074237731
25.11.2017 09:46:41 +00.16230E+00  0029 034087 1 00004252 00004251 000 342 43064.4074277315
25.11.2017 09:46:42 +00.16230E+00  0041 034087 1 00004253 00004251 000 343 43064.4074317014
25.11.2017 09:46:42 +00.16230E+00  0058 034087 1 00004254 00004251 000 343 43064.4074356713
25.11.2017 09:46:42 +00.16230E+00  0073 034087 1 00004255 00004251 000 377 43064.4074400347
25.11.2017 09:46:43 +00.16230E+00  0086 034087 1 00004256 00004251 000 341 43064.4074439815
25.11.2017 09:46:43 +00.16230E+00  0096 034087 1 00004257 00004251 000 343 43064.4074479514
25.11.2017 09:46:43 +00.16230E+00  0115 034087 1 00004258 00004251 000 343 43064.4074519213
25.11.2017 09:46:44 +00.16230E+00  0129 034087 1 00004259 00004251 000 378 43064.4074562963
25.11.2017 09:46:44 +00.16230E+00  0141 034087 1 00004260 00004251 000 341 43064.4074602431
25.11.2017 09:46:44 +00.16230E+00  0162 034087 1 00004261 00004251 000 341 43064.4074641898
25.11.2017 09:46:45 +00.16230E+00  0180 034087 1 00004262 00004251 000 342 43064.4074681597
25.11.2017 09:46:45 +00.16230E+00  0196 034087 1 00004263 00004251 000 379 43064.4074725579
25.11.2017 09:46:45 +00.16230E+00  0209 034087 1 00004264 00004251 000 344 43064.4074765394
25.11.2017 09:46:46 +00.16230E+00  0228 034087 1 00004265 00004251 000 342 43064.4074805093
25.11.2017 09:46:46 +00.16230E+00  0238 034087 1 00004266 00004251 000 343 43064.4074844907
25.11.2017 09:46:47 +00.16230E+00  0250 034087 1 00004267 00004251 000 374 43064.4074888194
25.11.2017 09:46:47 +00.16230E+00  0268 034087 1 00004268 00004251 000 343 43064.4074927894
25.11.2017 09:46:47 +00.16230E+00  0281 034087 1 00004269 00004251 000 344 43064.4074967708
25.11.2017 09:46:48 +00.16230E+00  0291 034087 1 00004270 00004251 000 342 43064.4075007292
25.11.2017 09:46:48 +00.16230E+00  0299 034087 1 00004271 00004251 000 374 43064.4075050694
25.11.2017 09:46:48 +00.16230E+00  0314 034087 1 00004272 00004251 000 342 43064.4075090394
25.11.2017 09:46:49 +00.16230E+00  0326 034087 1 00004273 00004251 000 344 43064.4075130208
25.11.2017 09:46:49 +00.16230E+00  0340 034087 1 00004274 00004251 000 342 43064.4075169792
25.11.2017 09:46:49 +00.16230E+00  0354 034087 1 00004275 00004251 000 377 43064.4075213542
25.11.2017 09:46:50 +00.16230E+00  0367 034087 1 00004276 00004251 000 340 43064.4075253009
25.11.2017 09:46:50 +00.16230E+00  0388 034087 1 00004277 00004251 000 341 43064.4075292593
25.11.2017 09:46:50 +00.16230E+00  0401 034087 1 00004278 00004251 000 343 43064.4075332292
25.11.2017 09:46:51 +00.16230E+00  0414 034087 1 00004279 00004251 000 378 43064.4075376042
25.11.2017 09:46:51 +00.16230E+00  0421 034087 1 00004280 00004251 000 340 43064.4075415394
25.11.2017 09:46:51 +00.16230E+00  0436 034087 1 00004281 00004251 000 342 43064.4075455093
25.11.2017 09:46:52 +00.16230E+00  0453 034087 1 00004282 00004251 000 343 43064.4075494792
25.11.2017 09:46:52 +00.16230E+00  0469 034087 1 00004283 00004251 000 379 43064.4075538657
25.11.2017 09:46:52 +00.16230E+00  0484 034087 1 00004284 00004251 000 345 43064.4075578588
25.11.2017 09:46:53 +00.16230E+00  0501 034087 1 00004285 00004251 000 343 43064.4075618287
25.11.2017 09:46:53 +00.16230E+00  0511 034087 1 00004286 00004251 000 343 43064.4075657986
25.11.2017 09:46:54 +00.16230E+00  0525 034087 1 00004287 00004251 000 374 43064.4075701273
25.11.2017 09:46:54 +00.16230E+00  0544 034087 1 00004288 00004251 000 343 43064.4075741088
25.11.2017 09:46:54 +00.16230E+00  0559 034087 1 00004289 00004251 000 342 43064.4075780671
25.11.2017 09:46:55 +00.16230E+00  0572 034087 1 00004290 00004251 000 343 43064.4075820486
25.11.2017 09:46:55 +00.16230E+00  0581 034087 1 00004291 00004251 000 375 43064.4075863889
25.11.2017 09:46:55 +00.16230E+00  0601 034087 1 00004292 00004251 000 342 43064.4075903472
25.11.2017 09:46:56 +00.16230E+00  0613 034087 1 00004293 00004251 000 342 43064.4075943171
25.11.2017 09:46:56 +00.16230E+00  0633 034087 1 00004294 00004251 000 342 43064.407598287
25.11.2017 09:46:56 +00.16230E+00  0644 034087 1 00004295 00004251 000 375 43064.4076026389
25.11.2017 09:46:57 +00.16230E+00  0661 034087 1 00004296 00004251 000 341 43064.4076065972
25.11.2017 09:46:57 +00.16230E+00  0677 034087 1 00004297 00004251 000 343 43064.4076105671
25.11.2017 09:46:57 +00.16230E+00  0691 034087 1 00004298 00004251 000 344 43064.4076145486
25.11.2017 09:46:58 +00.16230E+00  0702 034087 1 00004299 00004251 000 377 43064.407618912
25.11.2017 09:46:58 +00.16230E+00  0718 034087 1 00004300 00004251 000 340 43064.4076228588
25.11.2017 09:46:58 +00.16230E+00  0733 034087 1 00004301 00004251 000 341 43064.4076268171
25.11.2017 09:46:59 +00.16230E+00  0744 034087 1 00004302 00004251 000 343 43064.407630787
25.11.2017 09:46:59 +00.16230E+00  0763 034087 1 00004303 00004251 000 379 43064.4076351736
25.11.2017 09:47:00 +00.16230E+00  0782 034087 1 00004304 00004251 000 341 43064.4076391204
25.11.2017 09:47:00 +00.16230E+00  0796 034087 1 00004305 00004251 000 341 43064.4076430671
25.11.2017 09:47:00 +00.16230E+00  0808 034087 1 00004306 00004251 000 343 43064.407647037
25.11.2017 09:47:01 +00.16230E+00  0831 034087 1 00004307 00004251 000 380 43064.4076514352
25.11.2017 09:47:01 +00.16230E+00  0849 034087 1 00004308 00004251 000 344 43064.4076554167
25.11.2017 09:47:01 +00.16230E+00  0873 034087 1 00004309 00004251 000 343 43064.4076593866
25.11.2017 09:47:02 +00.16230E+00  0889 034087 1 00004310 00004251 000 343 43064.4076633565
25.11.2017 09:47:02 +00.16230E+00  0904 034087 1 00004311 00004251 000 375 43064.4076676968
25.11.2017 09:47:02 +00.16230E+00  0914 034087 1 00004312 00004251 000 343 43064.4076716667
25.11.2017 09:47:03 +00.16230E+00  0929 034087 1 00004313 00004251 000 343 43064.4076756366
25.11.2017 09:47:03 +00.16230E+00  0940 034087 1 00004314 00004251 000 343 43064.4076796065
25.11.2017 09:47:03 +00.16230E+00  0951 034087 1 00004315 00004251 000 376 43064.4076839583
25.11.2017 09:47:04 +00.16230E+00  0973 034087 1 00004316 00004251 000 342 43064.4076879167
25.11.2017 09:47:04 +00.16230E+00  0987 034087 1 00004317 00004251 000 342 43064.407691875
25.11.2017 09:47:04 +00.16230E+00  1001 034087 1 00004318 00004251 000 343 43064.4076958565
25.11.2017 09:47:05 +00.16230E+00  1012 034087 1 00004319 00004251 000 376 43064.4077002083
25.11.2017 09:47:05 +00.16230E+00  1033 034087 1 00004320 00004251 000 340 43064.4077041551
25.11.2017 09:47:05 +00.16230E+00  1043 034087 1 00004321 00004251 000 344 43064.4077081481
25.11.2017 09:47:06 +00.16230E+00  1062 034087 1 00004322 00004251 000 341 43064.4077120949
25.11.2017 09:47:06 +00.16230E+00  1073 034087 1 00004323 00004251 000 379 43064.4077164815
25.11.2017 09:47:07 +00.16230E+00  1097 034087 1 00004324 00004251 000 344 43064.4077204745
25.11.2017 09:47:07 +00.16230E+00  1110 034087 1 00004325 00004251 000 343 43064.407724456
25.11.2017 09:47:07 +00.16230E+00  1120 034087 1 00004326 00004251 000 342 43064.4077284143
25.11.2017 09:47:08 +00.16230E+00  1136 034087 1 00004327 00004251 000 373 43064.4077327431
25.11.2017 09:47:08 +00.16230E+00  1154 034087 1 00004328 00004251 000 343 43064.4077367245
25.11.2017 09:47:08 +00.16230E+00  1169 034087 1 00004329 00004251 000 343 43064.4077406944
25.11.2017 09:47:09 +00.16230E+00  1185 034087 1 00004330 00004251 000 343 43064.4077446643
25.11.2017 09:47:09 +00.16230E+00  1197 034087 1 00004331 00004251 000 374 43064.4077490046
25.11.2017 09:47:09 +00.16230E+00  1211 034087 1 00004332 00004251 000 342 43064.4077529745
25.11.2017 09:47:10 +00.16230E+00  1224 034087 1 00004333 00004251 000 343 43064.4077569444
25.11.2017 09:47:10 +00.16230E+00  1241 034087 1 00004334 00004251 000 343 43064.4077609143
25.11.2017 09:47:10 +00.16230E+00  1251 034087 1 00004335 00004251 000 376 43064.4077652662
25.11.2017 09:47:11 +00.16230E+00  1263 034087 1 00004336 00004251 000 342 43064.4077692245
25.11.2017 09:47:11 +00.16230E+00  1272 034087 1 00004337 00004251 000 343 43064.4077731944
25.11.2017 09:47:11 +00.16230E+00  1285 034087 1 00004338 00004251 000 343 43064.4077771643
25.11.2017 09:47:12 +00.16230E+00  1299 034087 1 00004339 00004251 000 377 43064.4077815278
25.11.2017 09:47:12 +00.16230E+00  1313 034087 1 00004340 00004251 000 341 43064.4077854745
25.11.2017 09:47:13 +00.16230E+00  1321 034087 1 00004341 00004251 000 342 43064.4077894329
25.11.2017 09:47:13 +00.16230E+00  1331 034087 1 00004342 00004251 000 343 43064.4077934143
25.11.2017 09:47:13 +00.16230E+00  1349 034087 1 00004343 00004251 000 378 43064.4077977894
25.11.2017 09:47:14 +00.16230E+00  1366 034087 1 00004344 00004251 000 340 43064.4078017245
25.11.2017 09:47:14 +00.16230E+00  1379 034087 1 00004345 00004251 000 341 43064.4078056829
25.11.2017 09:47:14 +00.16230E+00  1394 034087 1 00004346 00004251 000 342 43064.4078096528
25.11.2017 09:47:15 +00.16230E+00  1408 034087 1 00004347 00004251 000 380 43064.4078140509
25.11.2017 09:47:15 +00.16230E+00  1429 034087 1 00004348 00004251 000 343 43064.4078180324
25.11.2017 09:47:15 +00.16230E+00  1442 034087 1 00004349 00004251 000 342 43064.4078220023
25.11.2017 09:47:16 +00.16230E+00  1452 034087 1 00004350 00004251 000 342 43064.4078259722
25.11.2017 09:47:16 +00.16230E+00  1469 034087 1 00004351 00004251 000 374 43064.4078303125
25.11.2017 09:47:16 +00.16230E+00  1483 034087 1 00004352 00004251 000 342 43064.4078342824
25.11.2017 09:47:17 +00.16230E+00  1497 034087 1 00004353 00004251 000 343 43064.4078382523
25.11.2017 09:47:17 +00.16230E+00  1511 034087 1 00004354 00004251 000 343 43064.4078422222
25.11.2017 09:47:17 +00.16230E+00  1528 034087 1 00004355 00004251 000 375 43064.4078465741
25.11.2017 09:47:18 +00.16230E+00  1547 034087 1 00004356 00004251 000 342 43064.4078505324
25.11.2017 09:47:18 +00.16230E+00  1556 034087 1 00004357 00004251 000 343 43064.4078545023
25.11.2017 09:47:18 +00.16230E+00  1574 034087 1 00004358 00004251 000 343 43064.4078584722
25.11.2017 09:47:19 +00.16230E+00  1593 034087 1 00004359 00004251 000 377 43064.4078628357
25.11.2017 09:47:19 +00.16230E+00  1607 034087 1 00004360 00004251 000 341 43064.4078667824
25.11.2017 09:47:20 +00.16230E+00  1612 034087 1 00004361 00004251 000 343 43064.4078707523
25.11.2017 09:47:20 +00.16230E+00  1623 034087 1 00004362 00004251 000 343 43064.4078747222
25.11.2017 09:47:20 +00.16230E+00  1638 034087 1 00004363 00004251 000 378 43064.4078790972
25.11.2017 09:47:21 +00.16230E+00  1655 034087 1 00004364 00004251 000 341 43064.407883044
25.11.2017 09:47:21 +00.16230E+00  1670 034087 1 00004365 00004251 000 341 43064.4078869907
25.11.2017 09:47:21 +00.16230E+00  1680 034087 1 00004366 00004251 000 343 43064.4078909722
25.11.2017 09:47:22 +00.16230E+00  1698 034087 1 00004367 00004251 000 380 43064.4078953704
25.11.2017 09:47:22 +00.16230E+00  1710 034087 1 00004368 00004251 000 344 43064.4078993518
25.11.2017 09:47:22 +00.16230E+00  1723 034087 1 00004369 00004251 000 343 43064.4079033218
25.11.2017 09:47:23 +00.16230E+00  1740 034087 1 00004370 00004251 000 343 43064.4079072917
25.11.2017 09:47:23 +00.16230E+00  1754 034087 1 00004371 00004251 000 375 43064.4079116319
25.11.2017 09:47:23 +00.16230E+00  1766 034087 1 00004372 00004251 000 343 43064.4079156018
25.11.2017 09:47:24 +00.16230E+00  1784 034087 1 00004373 00004251 000 342 43064.4079195602
25.11.2017 09:47:24 +00.16230E+00  1798 034087 1 00004374 00004251 000 342 43064.4079235301
25.11.2017 09:47:24 +00.16230E+00  1815 034087 1 00004375 00004251 000 375 43064.4079278819
25.11.2017 09:47:25 +00.16230E+00  1835 034087 1 00004376 00004251 000 342 43064.4079318403
25.11.2017 09:47:25 +00.16230E+00  1849 034087 1 00004377 00004251 000 342 43064.4079358102
25.11.2017 09:47:25 +00.16230E+00  1864 034087 1 00004378 00004251 000 343 43064.4079397917
25.11.2017 09:47:26 +00.16230E+00  1887 034087 1 00004379 00004251 000 376 43064.4079441435
25.11.2017 09:47:26 +00.16230E+00  1903 034087 1 00004380 00004251 000 342 43064.4079481018
25.11.2017 09:47:27 +00.16230E+00  1918 034087 1 00004381 00004251 000 342 43064.4079520602
25.11.2017 09:47:27 +00.16230E+00  1930 034087 1 00004382 00004251 000 343 43064.4079560301
25.11.2017 09:47:27 +00.16230E+00  1939 034087 1 00004383 00004251 000 378 43064.4079604051
25.11.2017 09:47:28 +00.16230E+00  1956 034087 1 00004384 00004251 000 340 43064.4079643403
25.11.2017 09:47:28 +00.16230E+00  1969 034087 1 00004385 00004251 000 342 43064.4079683102
25.11.2017 09:47:28 +00.16230E+00  1978 034087 1 00004386 00004251 000 343 43064.4079722801
25.11.2017 09:47:29 +00.16230E+00  1989 034087 1 00004387 00004251 000 379 43064.4079766667
25.11.2017 09:47:29 +00.16230E+00  2006 034087 1 00004388 00004251 000 340 43064.4079806018
25.11.2017 09:47:29 +00.16230E+00  2019 034087 1 00004389 00004251 000 342 43064.4079845602
25.11.2017 09:47:30 +00.16230E+00  2031 034087 1 00004390 00004251 000 343 43064.4079885301
25.11.2017 09:47:30 +00.16230E+00  2043 034087 1 00004391 00004251 000 380 43064.4079929282
25.11.2017 09:47:30 +00.16230E+00  2062 034087 1 00004392 00004251 000 344 43064.4079969097
25.11.2017 09:47:31 +00.16230E+00  2070 034087 1 00004393 00004251 000 343 43064.4080008796
25.11.2017 09:47:31 +00.16230E+00  2084 034087 1 00004394 00004251 000 343 43064.4080048495
25.11.2017 09:47:31 +00.16230E+00  2095 034087 1 00004395 00004251 000 376 43064.4080092014
25.11.2017 09:47:32 +00.16230E+00  2116 034087 1 00004396 00004251 000 341 43064.4080131481
25.11.2017 09:47:32 +00.16230E+00  2129 034087 1 00004397 00004251 000 342 43064.4080171181
25.11.2017 09:47:33 +00.16230E+00  2143 034087 1 00004398 00004251 000 342 43064.408021088
25.11.2017 09:47:33 +00.16230E+00  2158 034087 1 00004399 00004251 000 376 43064.4080254514
25.11.2017 09:47:33 +00.16230E+00  2174 034087 1 00004400 00004251 000 341 43064.4080293981
25.11.2017 09:47:34 +00.16230E+00  2194 034087 1 00004401 00004251 000 342 43064.4080333681
25.11.2017 09:47:34 +00.16230E+00  2208 034087 1 00004402 00004251 000 342 43064.408037338
25.11.2017 09:47:34 +00.16230E+00  2222 034087 1 00004403 00004251 000 377 43064.408041713
25.11.2017 09:47:35 +00.16230E+00  2240 034087 1 00004404 00004251 000 340 43064.4080456597
25.11.2017 09:47:35 +00.16230E+00  2254 034087 1 00004405 00004251 000 342 43064.4080496181
25.11.2017 09:47:35 +00.16230E+00  2267 034087 1 00004406 00004251 000 343 43064.4080535995
25.11.2017 09:47:36 +00.16230E+00  2279 034087 1 00004407 00004251 000 378 43064.4080579745
25.11.2017 09:47:36 +00.16230E+00  2290 034087 1 00004408 00004251 000 340 43064.4080619097
25.11.2017 09:47:36 +00.16230E+00  2301 034087 1 00004409 00004251 000 341 43064.4080658681
25.11.2017 09:47:37 +00.16230E+00  2315 034087 1 00004410 00004251 000 343 43064.408069838
25.11.2017 09:47:37 +00.16230E+00  2326 034087 1 00004411 00004251 000 380 43064.4080742361
25.11.2017 09:47:37 +00.16230E+00  2337 034087 1 00004412 00004251 000 344 43064.4080782176
25.11.2017 09:47:38 +00.16230E+00  2351 034087 1 00004413 00004251 000 343 43064.4080821875
25.11.2017 09:47:38 +00.16230E+00  2365 034087 1 00004414 00004251 000 343 43064.4080861574
25.11.2017 09:47:39 +00.16230E+00  2381 034087 1 00004415 00004251 000 375 43064.4080904977
25.11.2017 09:47:39 +00.16230E+00  2396 034087 1 00004416 00004251 000 343 43064.4080944676
25.11.2017 09:47:39 +00.16230E+00  2410 034087 1 00004417 00004251 000 343 43064.4080984375
25.11.2017 09:47:40 +00.16230E+00  2424 034087 1 00004418 00004251 000 343 43064.4081024074
25.11.2017 09:47:40 +00.16230E+00  2442 034087 1 00004419 00004251 000 377 43064.4081067708
25.11.2017 09:47:40 +00.16230E+00  2456 034087 1 00004420 00004251 000 340 43064.4081107176
25.11.2017 09:47:41 +00.16230E+00  2471 034087 1 00004421 00004251 000 343 43064.4081146875
25.11.2017 09:47:41 +00.16230E+00  2490 034087 1 00004422 00004251 000 343 43064.4081186574
25.11.2017 09:47:41 +00.16230E+00  2501 034087 1 00004423 00004251 000 378 43064.4081230324
25.11.2017 09:47:47 +00.16239E+00  0016 034107 1 00004424 00004424 000 343 43064.4081834606
25.11.2017 09:47:47 +00.16240E+00  0031 034107 1 00004425 00004424 000 398 43064.4081880671
25.11.2017 09:47:47 +00.16240E+00  0056 034107 1 00004426 00004424 000 343 43064.4081920486
25.11.2017 09:47:48 +00.16240E+00  0074 034107 1 00004427 00004424 000 342 43064.4081960185
25.11.2017 09:47:48 +00.16239E+00  0085 034107 1 00004428 00004424 000 342 43064.4081999884
25.11.2017 09:47:48 +00.16240E+00  0104 034107 1 00004429 00004424 000 374 43064.4082043287
25.11.2017 09:47:49 +00.16240E+00  0116 034107 1 00004430 00004424 000 342 43064.4082082986
25.11.2017 09:47:49 +00.16239E+00  0124 034107 1 00004431 00004424 000 343 43064.4082122685
25.11.2017 09:47:49 +00.16240E+00  0147 034107 1 00004432 00004424 000 343 43064.4082162384
25.11.2017 09:47:50 +00.16240E+00  0166 034107 1 00004433 00004424 000 376 43064.4082205903
25.11.2017 09:47:50 +00.16240E+00  0184 034107 1 00004434 00004424 000 341 43064.4082245486
25.11.2017 09:47:50 +00.16240E+00  0202 034107 1 00004435 00004424 000 343 43064.4082285185
25.11.2017 09:47:51 +00.16240E+00  0220 034107 1 00004436 00004424 000 343 43064.4082324884
25.11.2017 09:47:51 +00.16240E+00  0238 034107 1 00004437 00004424 000 378 43064.4082368634
25.11.2017 09:47:52 +00.16240E+00  0254 034107 1 00004438 00004424 000 340 43064.4082407986
25.11.2017 09:47:52 +00.16239E+00  0263 034107 1 00004439 00004424 000 342 43064.4082447685
25.11.2017 09:47:52 +00.16239E+00  0277 034107 1 00004440 00004424 000 343 43064.4082487384
25.11.2017 09:47:53 +00.16239E+00  0291 034107 1 00004441 00004424 000 379 43064.408253125
25.11.2017 09:47:53 +00.16239E+00  0307 034107 1 00004442 00004424 000 345 43064.4082571181
25.11.2017 09:47:53 +00.16239E+00  0326 034107 1 00004443 00004424 000 343 43064.408261088
25.11.2017 09:47:54 +00.16239E+00  0336 034107 1 00004444 00004424 000 343 43064.4082650579
25.11.2017 09:47:54 +00.16240E+00  0346 034107 1 00004445 00004424 000 374 43064.4082693866
25.11.2017 09:47:54 +00.16240E+00  0361 034107 1 00004446 00004424 000 343 43064.4082733565
25.11.2017 09:47:55 +00.16239E+00  0376 034107 1 00004447 00004424 000 343 43064.408277338
25.11.2017 09:47:55 +00.16240E+00  0394 034107 1 00004448 00004424 000 343 43064.4082813079
25.11.2017 09:47:55 +00.16239E+00  0409 034107 1 00004449 00004424 000 375 43064.4082856481
25.11.2017 09:47:56 +00.16239E+00  0425 034107 1 00004450 00004424 000 342 43064.4082896065
25.11.2017 09:47:56 +00.16239E+00  0437 034107 1 00004451 00004424 000 342 43064.4082935764
25.11.2017 09:47:56 +00.16239E+00  0452 034107 1 00004452 00004424 000 342 43064.4082975463
25.11.2017 09:47:57 +00.16240E+00  0468 034107 1 00004453 00004424 000 375 43064.4083018981
25.11.2017 09:47:57 +00.16239E+00  0488 034107 1 00004454 00004424 000 341 43064.4083058565
25.11.2017 09:47:57 +00.16239E+00  0505 034107 1 00004455 00004424 000 343 43064.4083098264
25.11.2017 09:47:58 +00.16240E+00  0518 034107 1 00004456 00004424 000 343 43064.4083137963
25.11.2017 09:47:58 +00.16239E+00  0528 034107 1 00004457 00004424 000 377 43064.4083181713
25.11.2017 09:47:59 +00.16239E+00  0554 034107 1 00004458 00004424 000 341 43064.4083221181
25.11.2017 09:47:59 +00.16239E+00  0564 034107 1 00004459 00004424 000 342 43064.4083260764
25.11.2017 09:47:59 +00.16239E+00  0574 034107 1 00004460 00004424 000 343 43064.4083300463
25.11.2017 09:48:00 +00.16239E+00  0595 034107 1 00004461 00004424 000 379 43064.4083344329
25.11.2017 09:48:00 +00.16239E+00  0612 034107 1 00004462 00004424 000 340 43064.4083383681
25.11.2017 09:48:00 +00.16239E+00  0627 034107 1 00004463 00004424 000 341 43064.4083423264
25.11.2017 09:48:01 +00.16239E+00  0642 034107 1 00004464 00004424 000 343 43064.4083462963
25.11.2017 09:48:01 +00.16239E+00  0667 034107 1 00004465 00004424 000 380 43064.4083506944
25.11.2017 09:48:01 +00.16239E+00  0683 034107 1 00004466 00004424 000 344 43064.4083546759
25.11.2017 09:48:02 +00.16240E+00  0694 034107 1 00004467 00004424 000 343 43064.4083586458
25.11.2017 09:48:02 +00.16239E+00  0706 034107 1 00004468 00004424 000 344 43064.4083626273
25.11.2017 09:48:02 +00.16240E+00  0725 034109 1 00004469 00004424 000 374 43064.408366956
25.11.2017 09:48:03 +00.16240E+00  0739 034109 1 00004470 00004424 000 343 43064.4083709259
25.11.2017 09:48:03 +00.16240E+00  0756 034109 1 00004471 00004424 000 343 43064.4083748958
25.11.2017 09:48:03 +00.16240E+00  0773 034109 1 00004472 00004424 000 343 43064.4083788657
25.11.2017 09:48:04 +00.16240E+00  0784 034109 1 00004473 00004424 000 376 43064.4083832176
25.11.2017 09:48:04 +00.16240E+00  0801 034109 1 00004474 00004424 000 341 43064.4083871644
25.11.2017 09:48:04 +00.16240E+00  0808 034109 1 00004475 00004424 000 342 43064.4083911343
25.11.2017 09:48:05 +00.16240E+00  0824 034109 1 00004476 00004424 000 342 43064.4083951042
25.11.2017 09:48:05 +00.16240E+00  0838 034109 1 00004477 00004424 000 377 43064.4083994792
25.11.2017 09:48:06 +00.16240E+00  0855 034109 1 00004478 00004424 000 341 43064.4084034259
25.11.2017 09:48:06 +00.16240E+00  0867 034109 1 00004479 00004424 000 342 43064.4084073843
25.11.2017 09:48:06 +00.16240E+00  0876 034109 1 00004480 00004424 000 342 43064.4084113542
25.11.2017 09:48:07 +00.16240E+00  0886 034109 1 00004481 00004424 000 378 43064.4084157407
25.11.2017 09:48:07 +00.16240E+00  0902 034109 1 00004482 00004424 000 344 43064.4084197338
25.11.2017 09:48:07 +00.16240E+00  0917 034109 1 00004483 00004424 000 342 43064.4084237037
25.11.2017 09:48:08 +00.16240E+00  0928 034109 1 00004484 00004424 000 342 43064.4084276736
25.11.2017 09:48:08 +00.16240E+00  0948 034109 1 00004485 00004424 000 373 43064.4084320023
25.11.2017 09:48:08 +00.16240E+00  0967 034109 1 00004486 00004424 000 343 43064.4084359838
25.11.2017 09:48:09 +00.16240E+00  0980 034109 1 00004487 00004424 000 343 43064.4084399537
25.11.2017 09:48:09 +00.16240E+00  0997 034109 1 00004488 00004424 000 343 43064.4084439352
25.11.2017 09:48:09 +00.16240E+00  1017 034109 1 00004489 00004424 000 374 43064.4084482639
25.11.2017 09:48:10 +00.16240E+00  1032 034109 1 00004490 00004424 000 342 43064.4084522338
25.11.2017 09:48:10 +00.16240E+00  1050 034109 1 00004491 00004424 000 343 43064.4084562037
25.11.2017 09:48:10 +00.16240E+00  1062 034109 1 00004492 00004424 000 343 43064.4084601736
25.11.2017 09:48:11 +00.16240E+00  1080 034109 1 00004493 00004424 000 376 43064.4084645255
25.11.2017 09:48:11 +00.16240E+00  1104 034109 1 00004494 00004424 000 342 43064.4084684838
25.11.2017 09:48:12 +00.16240E+00  1121 034109 1 00004495 00004424 000 343 43064.4084724537
25.11.2017 09:48:12 +00.16240E+00  1132 034109 1 00004496 00004424 000 343 43064.4084764236
25.11.2017 09:48:12 +00.16240E+00  1146 034109 1 00004497 00004424 000 377 43064.408480787
25.11.2017 09:48:13 +00.16240E+00  1164 034109 1 00004498 00004424 000 341 43064.4084847338
25.11.2017 09:48:13 +00.16241E+00  1177 034109 1 00004499 00004424 000 342 43064.4084886921
25.11.2017 09:48:13 +00.16240E+00  1188 034109 1 00004500 00004424 000 342 43064.408492662
25.11.2017 09:48:14 +00.16240E+00  1201 034109 1 00004501 00004424 000 378 43064.4084970486
25.11.2017 09:48:14 +00.16240E+00  1214 034109 1 00004502 00004424 000 341 43064.4085009954
25.11.2017 09:48:14 +00.16240E+00  1224 034109 1 00004503 00004424 000 341 43064.4085049421
25.11.2017 09:48:15 +00.16240E+00  1241 034109 1 00004504 00004424 000 343 43064.408508912
25.11.2017 09:48:15 +00.16240E+00  1251 034109 1 00004505 00004424 000 379 43064.4085133102
25.11.2017 09:48:15 +00.16240E+00  1264 034109 1 00004506 00004424 000 343 43064.4085172917
25.11.2017 09:48:16 +00.16240E+00  1279 034109 1 00004507 00004424 000 342 43064.4085212616
25.11.2017 09:48:16 +00.16240E+00  1303 034109 1 00004508 00004424 000 342 43064.4085252315
25.11.2017 09:48:16 +00.16240E+00  1322 034109 1 00004509 00004424 000 374 43064.4085295718
25.11.2017 09:48:17 +00.16240E+00  1336 034109 1 00004510 00004424 000 342 43064.4085335417
25.11.2017 09:48:17 +00.16240E+00  1348 034109 1 00004511 00004424 000 343 43064.4085375116
25.11.2017 09:48:17 +00.16240E+00  1368 034109 1 00004512 00004424 000 343 43064.4085414815
25.11.2017 09:48:18 +00.16240E+00  1386 034109 1 00004513 00004424 000 375 43064.4085458333
25.11.2017 09:48:18 +00.16240E+00  1399 034109 1 00004514 00004424 000 342 43064.4085497917
25.11.2017 09:48:19 +00.16241E+00  1411 034109 1 00004515 00004424 000 343 43064.4085537616
25.11.2017 09:48:19 +00.16240E+00  1422 034109 1 00004516 00004424 000 343 43064.4085577315
25.11.2017 09:48:19 +00.16240E+00  1432 034109 1 00004517 00004424 000 377 43064.4085620949
25.11.2017 09:48:20 +00.16240E+00  1454 034109 1 00004518 00004424 000 341 43064.4085660417
25.11.2017 09:48:20 +00.16240E+00  1470 034109 1 00004519 00004424 000 342 43064.4085700116
25.11.2017 09:48:20 +00.16240E+00  1486 034109 1 00004520 00004424 000 343 43064.4085739815
25.11.2017 09:48:21 +00.16240E+00  1501 034109 1 00004521 00004424 000 378 43064.4085783565
25.11.2017 09:48:21 +00.16240E+00  1512 034109 1 00004522 00004424 000 340 43064.4085822917
25.11.2017 09:48:21 +00.16240E+00  1524 034109 1 00004523 00004424 000 343 43064.4085862616
25.11.2017 09:48:22 +00.16240E+00  1545 034109 1 00004524 00004424 000 343 43064.4085902315
25.11.2017 09:48:22 +00.16240E+00  1556 034109 1 00004525 00004424 000 379 43064.4085946181
25.11.2017 09:48:22 +00.16240E+00  1576 034109 1 00004526 00004424 000 345 43064.4085986111
25.11.2017 09:48:23 +00.16240E+00  1584 034109 1 00004527 00004424 000 343 43064.408602581
25.11.2017 09:48:23 +00.16240E+00  1597 034109 1 00004528 00004424 000 343 43064.4086065509
25.11.2017 09:48:23 +00.16240E+00  1607 034109 1 00004529 00004424 000 374 43064.4086108796
25.11.2017 09:48:24 +00.16241E+00  1621 034109 1 00004530 00004424 000 343 43064.4086148495
25.11.2017 09:48:24 +00.16240E+00  1634 034109 1 00004531 00004424 000 342 43064.4086188194
25.11.2017 09:48:25 +00.16241E+00  1654 034109 1 00004532 00004424 000 343 43064.4086228009
25.11.2017 09:48:25 +00.16240E+00  1662 034109 1 00004533 00004424 000 376 43064.4086271528
25.11.2017 09:48:25 +00.16240E+00  1671 034109 1 00004534 00004424 000 342 43064.4086311111
25.11.2017 09:48:26 +00.16241E+00  1686 034109 1 00004535 00004424 000 342 43064.4086350694
25.11.2017 09:48:26 +00.16241E+00  1706 034109 1 00004536 00004424 000 342 43064.4086390393
25.11.2017 09:48:26 +00.16241E+00  1721 034109 1 00004537 00004424 000 376 43064.4086434028
25.11.2017 09:48:27 +00.16241E+00  1738 034109 1 00004538 00004424 000 341 43064.4086473495
25.11.2017 09:48:27 +00.16241E+00  1755 034109 1 00004539 00004424 000 343 43064.4086513194
25.11.2017 09:48:27 +00.16240E+00  1769 034109 1 00004540 00004424 000 343 43064.4086552893
25.11.2017 09:48:28 +00.16240E+00  1789 034109 1 00004541 00004424 000 378 43064.4086596644
25.11.2017 09:48:28 +00.16240E+00  1795 034109 1 00004542 00004424 000 340 43064.4086635995
25.11.2017 09:48:28 +00.16240E+00  1805 034109 1 00004543 00004424 000 342 43064.4086675694
25.11.2017 09:48:29 +00.16240E+00  1816 034109 1 00004544 00004424 000 343 43064.4086715393
25.11.2017 09:48:29 +00.16240E+00  1830 034109 1 00004545 00004424 000 379 43064.4086759259
25.11.2017 09:48:29 +00.16240E+00  1843 034109 1 00004546 00004424 000 340 43064.4086798611
25.11.2017 09:48:30 +00.16240E+00  1853 034109 1 00004547 00004424 000 342 43064.4086838194
25.11.2017 09:48:30 +00.16240E+00  1869 034109 1 00004548 00004424 000 343 43064.4086877893
25.11.2017 09:48:31 +00.16240E+00  1878 034109 1 00004549 00004424 000 380 43064.4086921875
25.11.2017 09:48:31 +00.16240E+00  1899 034109 1 00004550 00004424 000 344 43064.408696169
25.11.2017 09:48:31 +00.16240E+00  1915 034109 1 00004551 00004424 000 343 43064.4087001389
25.11.2017 09:48:32 +00.16240E+00  1928 034109 1 00004552 00004424 000 343 43064.4087041088
25.11.2017 09:48:32 +00.16240E+00  1934 034109 1 00004553 00004424 000 375 43064.4087084491
25.11.2017 09:48:32 +00.16240E+00  1955 034109 1 00004554 00004424 000 343 43064.408712419
25.11.2017 09:48:33 +00.16240E+00  1975 034109 1 00004555 00004424 000 342 43064.4087163773
25.11.2017 09:48:33 +00.16240E+00  1985 034109 1 00004556 00004424 000 343 43064.4087203588
25.11.2017 09:48:33 +00.16240E+00  1999 034109 1 00004557 00004424 000 377 43064.4087247222
25.11.2017 09:48:34 +00.16240E+00  2016 034109 1 00004558 00004424 000 340 43064.4087286574
25.11.2017 09:48:34 +00.16240E+00  2030 034109 1 00004559 00004424 000 343 43064.4087326273
25.11.2017 09:48:34 +00.16240E+00  2050 034109 1 00004560 00004424 000 342 43064.4087365972
25.11.2017 09:48:35 +00.16240E+00  2065 034109 1 00004561 00004424 000 377 43064.4087409722
25.11.2017 09:48:35 +00.16240E+00  2075 034109 1 00004562 00004424 000 340 43064.408744919
25.11.2017 09:48:35 +00.16240E+00  2087 034109 1 00004563 00004424 000 341 43064.4087488773
25.11.2017 09:48:36 +00.16240E+00  2100 034109 1 00004564 00004424 000 343 43064.4087528472
25.11.2017 09:48:36 +00.16240E+00  2119 034109 1 00004565 00004424 000 379 43064.4087572338
25.11.2017 09:48:36 +00.16240E+00  2139 034109 1 00004566 00004424 000 344 43064.4087612268
25.11.2017 09:48:37 +00.16240E+00  2150 034109 1 00004567 00004424 000 342 43064.4087651968
25.11.2017 09:48:37 +00.16240E+00  2163 034109 1 00004568 00004424 000 342 43064.4087691667
25.11.2017 09:48:38 +00.16240E+00  2178 034109 1 00004569 00004424 000 373 43064.4087734954
25.11.2017 09:48:38 +00.16240E+00  2200 034109 1 00004570 00004424 000 343 43064.4087774768
25.11.2017 09:48:38 +00.16240E+00  2211 034109 1 00004571 00004424 000 343 43064.4087814468
25.11.2017 09:48:39 +00.16240E+00  2224 034109 1 00004572 00004424 000 343 43064.4087854167
25.11.2017 09:48:39 +00.16240E+00  2235 034109 1 00004573 00004424 000 375 43064.4087897569
25.11.2017 09:48:39 +00.16241E+00  2255 034109 1 00004574 00004424 000 343 43064.4087937268
25.11.2017 09:48:40 +00.16240E+00  2267 034109 1 00004575 00004424 000 343 43064.4087976968
25.11.2017 09:48:40 +00.16241E+00  2284 034109 1 00004576 00004424 000 343 43064.4088016667
25.11.2017 09:48:40 +00.16241E+00  2301 034109 1 00004577 00004424 000 377 43064.4088060301
25.11.2017 09:48:41 +00.16240E+00  2317 034109 1 00004578 00004424 000 341 43064.4088099768
25.11.2017 09:48:41 +00.16240E+00  2333 034109 1 00004579 00004424 000 343 43064.4088139468
25.11.2017 09:48:41 +00.16240E+00  2348 034109 1 00004580 00004424 000 343 43064.4088179167
25.11.2017 09:48:42 +00.16240E+00  2364 034109 1 00004581 00004424 000 378 43064.4088222917
25.11.2017 09:48:42 +00.16241E+00  2378 034109 1 00004582 00004424 000 340 43064.4088262268
25.11.2017 09:48:42 +00.16241E+00  2389 034109 1 00004583 00004424 000 341 43064.4088301852
25.11.2017 09:48:43 +00.16241E+00  2403 034109 1 00004584 00004424 000 343 43064.4088341667
25.11.2017 09:48:43 +00.16241E+00  2412 034109 1 00004585 00004424 000 379 43064.4088385532
25.11.2017 09:48:43 +00.16240E+00  2427 034109 1 00004586 00004424 000 345 43064.4088425463
25.11.2017 09:48:44 +00.16240E+00  2442 034109 1 00004587 00004424 000 343 43064.4088465162
25.11.2017 09:48:44 +00.16240E+00  2460 034109 1 00004588 00004424 000 343 43064.4088504861
25.11.2017 09:48:45 +00.16240E+00  2475 034109 1 00004589 00004424 000 374 43064.4088548148
25.11.2017 09:48:45 +00.16240E+00  2492 034109 1 00004590 00004424 000 343 43064.4088587847
25.11.2017 09:48:45 +00.16240E+00  2509 034109 1 00004591 00004424 000 342 43064.4088627546
25.11.2017 09:48:46 +00.16240E+00  2526 034109 1 00004592 00004424 000 342 43064.4088667245
25.11.2017 09:48:46 +00.16240E+00  2543 034109 1 00004593 00004424 000 374 43064.4088710648
25.11.2017 09:48:46 +00.16240E+00  2556 034109 1 00004594 00004424 000 342 43064.4088750347
25.11.2017 09:48:47 +00.16241E+00  2562 034109 1 00004595 00004424 000 343 43064.4088790046
25.11.2017 09:48:47 +00.16240E+00  2582 034109 1 00004596 00004424 000 343 43064.4088829745
25.11.2017 09:48:52 +00.16250E+00  0010 034129 1 00004597 00004597 000 342 43064.4089435185
25.11.2017 09:48:53 +00.16250E+00  0029 034129 1 00004598 00004597 000 342 43064.4089474769
25.11.2017 09:48:53 +00.16250E+00  0047 034129 1 00004599 00004597 000 342 43064.4089514468
25.11.2017 09:48:53 +00.16250E+00  0057 034129 1 00004600 00004597 000 361 43064.4089556366
25.11.2017 09:48:54 +00.16250E+00  0073 034129 1 00004601 00004597 000 344 43064.4089596181
25.11.2017 09:48:54 +00.16250E+00  0089 034129 1 00004602 00004597 000 343 43064.408963588
25.11.2017 09:48:54 +00.16250E+00  0099 034129 1 00004603 00004597 000 343 43064.4089675579
25.11.2017 09:48:55 +00.16250E+00  0113 034129 1 00004604 00004597 000 375 43064.4089718981
25.11.2017 09:48:55 +00.16250E+00  0130 034129 1 00004605 00004597 000 342 43064.4089758565
25.11.2017 09:48:55 +00.16250E+00  0141 034129 1 00004606 00004597 000 342 43064.4089798264
25.11.2017 09:48:56 +00.16250E+00  0153 034129 1 00004607 00004597 000 342 43064.4089837963
25.11.2017 09:48:56 +00.16250E+00  0167 034129 1 00004608 00004597 000 376 43064.4089881597
25.11.2017 09:48:56 +00.16250E+00  0178 034129 1 00004609 00004597 000 341 43064.4089921065
25.11.2017 09:48:57 +00.16250E+00  0193 034129 1 00004610 00004597 000 343 43064.4089960764
25.11.2017 09:48:57 +00.16250E+00  0203 034129 1 00004611 00004597 000 343 43064.4090000463
25.11.2017 09:48:57 +00.16250E+00  0212 034129 1 00004612 00004597 000 377 43064.4090044213
25.11.2017 09:48:58 +00.16250E+00  0229 034129 1 00004613 00004597 000 340 43064.4090083681
25.11.2017 09:48:58 +00.16250E+00  0248 034129 1 00004614 00004597 000 341 43064.4090123264
25.11.2017 09:48:59 +00.16250E+00  0267 034129 1 00004615 00004597 000 343 43064.4090162963
25.11.2017 09:48:59 +00.16250E+00  0276 034129 1 00004616 00004597 000 379 43064.4090206829
25.11.2017 09:48:59 +00.16250E+00  0293 034129 1 00004617 00004597 000 340 43064.4090246181
25.11.2017 09:49:00 +00.16250E+00  0311 034129 1 00004618 00004597 000 341 43064.4090285764
25.11.2017 09:49:00 +00.16250E+00  0326 034129 1 00004619 00004597 000 343 43064.4090325463
25.11.2017 09:49:00 +00.16250E+00  0331 034129 1 00004620 00004597 000 380 43064.4090369444
25.11.2017 09:49:01 +00.16250E+00  0339 034129 1 00004621 00004597 000 344 43064.4090409259
25.11.2017 09:49:01 +00.16250E+00  0352 034129 1 00004622 00004597 000 343 43064.4090448958
25.11.2017 09:49:01 +00.16250E+00  0365 034129 1 00004623 00004597 000 344 43064.4090488773
25.11.2017 09:49:02 +00.16250E+00  0380 034129 1 00004624 00004597 000 374 43064.409053206
25.11.2017 09:49:02 +00.16250E+00  0394 034129 1 00004625 00004597 000 343 43064.4090571759
25.11.2017 09:49:02 +00.16250E+00  0409 034129 1 00004626 00004597 000 343 43064.4090611458
25.11.2017 09:49:03 +00.16250E+00  0426 034129 1 00004627 00004597 000 343 43064.4090651157
25.11.2017 09:49:03 +00.16250E+00  0436 034129 1 00004628 00004597 000 377 43064.4090694792
25.11.2017 09:49:03 +00.16250E+00  0455 034129 1 00004629 00004597 000 340 43064.4090734144
25.11.2017 09:49:04 +00.16250E+00  0465 034129 1 00004630 00004597 000 342 43064.4090773843
25.11.2017 09:49:04 +00.16250E+00  0476 034129 1 00004631 00004597 000 342 43064.4090813542
25.11.2017 09:49:05 +00.16250E+00  0491 034129 1 00004632 00004597 000 377 43064.4090857292
25.11.2017 09:49:05 +00.16250E+00  0509 034129 1 00004633 00004597 000 340 43064.4090896644
25.11.2017 09:49:05 +00.16250E+00  0519 034129 1 00004634 00004597 000 342 43064.4090936343
25.11.2017 09:49:06 +00.16250E+00  0539 034129 1 00004635 00004597 000 343 43064.4090976042
25.11.2017 09:49:06 +00.16250E+00  0552 034129 1 00004636 00004597 000 378 43064.4091019907
25.11.2017 09:49:06 +00.16250E+00  0576 034129 1 00004637 00004597 000 344 43064.4091059838
25.11.2017 09:49:07 +00.16250E+00  0589 034129 1 00004638 00004597 000 342 43064.4091099537
25.11.2017 09:49:07 +00.16250E+00  0602 034129 1 00004639 00004597 000 342 43064.4091139236
25.11.2017 09:49:07 +00.16250E+00  0612 034129 1 00004640 00004597 000 372 43064.4091182407
25.11.2017 09:49:08 +00.16250E+00  0620 034129 1 00004641 00004597 000 344 43064.4091222338
25.11.2017 09:49:08 +00.16250E+00  0633 034129 1 00004642 00004597 000 343 43064.4091262037
25.11.2017 09:49:08 +00.16250E+00  0643 034129 1 00004643 00004597 000 343 43064.4091301736
25.11.2017 09:49:09 +00.16250E+00  0655 034129 1 00004644 00004597 000 375 43064.4091345139
25.11.2017 09:49:09 +00.16250E+00  0669 034129 1 00004645 00004597 000 342 43064.4091384838
25.11.2017 09:49:09 +00.16250E+00  0677 034129 1 00004646 00004597 000 343 43064.4091424537
25.11.2017 09:49:10 +00.16250E+00  0697 034129 1 00004647 00004597 000 343 43064.4091464236
25.11.2017 09:49:10 +00.16250E+00  0715 034129 1 00004648 00004597 000 376 43064.4091507755
25.11.2017 09:49:10 +00.16250E+00  0729 034129 1 00004649 00004597 000 342 43064.4091547338
25.11.2017 09:49:11 +00.16250E+00  0735 034129 1 00004650 00004597 000 343 43064.4091587037
25.11.2017 09:49:11 +00.16250E+00  0751 034129 1 00004651 00004597 000 344 43064.4091626852
25.11.2017 09:49:12 +00.16250E+00  0767 034129 1 00004652 00004597 000 376 43064.409167037
25.11.2017 09:49:12 +00.16250E+00  0779 034129 1 00004653 00004597 000 340 43064.4091709722
25.11.2017 09:49:12 +00.16250E+00  0791 034129 1 00004654 00004597 000 342 43064.4091749537
25.11.2017 09:49:13 +00.16250E+00  0801 034129 1 00004655 00004597 000 343 43064.4091789236
25.11.2017 09:49:13 +00.16250E+00  0815 034129 1 00004656 00004597 000 378 43064.4091832986
25.11.2017 09:49:13 +00.16250E+00  0829 034129 1 00004657 00004597 000 340 43064.4091872338
25.11.2017 09:49:14 +00.16250E+00  0844 034129 1 00004658 00004597 000 341 43064.4091911921
25.11.2017 09:49:14 +00.16250E+00  0857 034129 1 00004659 00004597 000 342 43064.409195162
25.11.2017 09:49:14 +00.16250E+00  0874 034129 1 00004660 00004597 000 379 43064.4091995602
25.11.2017 09:49:15 +00.16250E+00  0886 034129 1 00004661 00004597 000 343 43064.4092035417
25.11.2017 09:49:15 +00.16250E+00  0897 034129 1 00004662 00004597 000 342 43064.4092075116
25.11.2017 09:49:15 +00.16250E+00  0914 034129 1 00004663 00004597 000 343 43064.4092114931
25.11.2017 09:49:16 +00.16250E+00  0928 034129 1 00004664 00004597 000 373 43064.4092158102
25.11.2017 09:49:16 +00.16250E+00  0941 034129 1 00004665 00004597 000 343 43064.4092197917
25.11.2017 09:49:16 +00.16250E+00  0958 034129 1 00004666 00004597 000 343 43064.4092237616
25.11.2017 09:49:17 +00.16250E+00  0973 034129 1 00004667 00004597 000 342 43064.4092277315
25.11.2017 09:49:17 +00.16250E+00  0984 034129 1 00004668 00004597 000 376 43064.4092320833
25.11.2017 09:49:17 +00.16250E+00  1001 034129 1 00004669 00004597 000 341 43064.4092360417
25.11.2017 09:49:18 +00.16250E+00  1016 034129 1 00004670 00004597 000 343 43064.4092400116
25.11.2017 09:49:18 +00.16250E+00  1033 034129 1 00004671 00004597 000 343 43064.4092439815
25.11.2017 09:49:19 +00.16250E+00  1048 034129 1 00004672 00004597 000 377 43064.4092483449
25.11.2017 09:49:19 +00.16250E+00  1070 034129 1 00004673 00004597 000 341 43064.4092522917
25.11.2017 09:49:19 +00.16250E+00  1084 034129 1 00004674 00004597 000 343 43064.4092562616
25.11.2017 09:49:20 +00.16250E+00  1099 034129 1 00004675 00004597 000 343 43064.4092602315
25.11.2017 09:49:20 +00.16250E+00  1111 034129 1 00004676 00004597 000 378 43064.4092646065
25.11.2017 09:49:20 +00.16250E+00  1122 034129 1 00004677 00004597 000 340 43064.4092685417
25.11.2017 09:49:21 +00.16250E+00  1134 034129 1 00004678 00004597 000 342 43064.4092725116
25.11.2017 09:49:21 +00.16250E+00  1148 034129 1 00004679 00004597 000 343 43064.4092764815
25.11.2017 09:49:21 +00.16250E+00  1167 034129 1 00004680 00004597 000 379 43064.4092808681
25.11.2017 09:49:22 +00.16250E+00  1185 034129 1 00004681 00004597 000 345 43064.4092848611
25.11.2017 09:49:22 +00.16250E+00  1198 034129 1 00004682 00004597 000 343 43064.409288831
25.11.2017 09:49:22 +00.16250E+00  1214 034129 1 00004683 00004597 000 343 43064.4092928009
25.11.2017 09:49:23 +00.16250E+00  1226 034129 1 00004684 00004597 000 374 43064.4092971296
25.11.2017 09:49:23 +00.16250E+00  1238 034129 1 00004685 00004597 000 343 43064.4093010995
25.11.2017 09:49:23 +00.16250E+00  1255 034129 1 00004686 00004597 000 342 43064.4093050694
25.11.2017 09:49:24 +00.16250E+00  1276 034129 1 00004687 00004597 000 342 43064.4093090394
25.11.2017 09:49:24 +00.16250E+00  1295 034129 1 00004688 00004597 000 377 43064.4093134144
25.11.2017 09:49:25 +00.16250E+00  1314 034129 1 00004689 00004597 000 340 43064.4093173495
25.11.2017 09:49:25 +00.16250E+00  1326 034129 1 00004690 00004597 000 342 43064.4093213194
25.11.2017 09:49:25 +00.16250E+00  1344 034129 1 00004691 00004597 000 342 43064.4093252894
25.11.2017 09:49:26 +00.16250E+00  1359 034129 1 00004692 00004597 000 376 43064.4093296528
25.11.2017 09:49:26 +00.16250E+00  1385 034129 1 00004693 00004597 000 340 43064.4093335995
25.11.2017 09:49:26 +00.16250E+00  1402 034129 1 00004694 00004597 000 342 43064.4093375694
25.11.2017 09:49:27 +00.16250E+00  1413 034129 1 00004695 00004597 000 343 43064.4093415394
25.11.2017 09:49:27 +00.16250E+00  1429 034129 1 00004696 00004597 000 378 43064.4093459144
25.11.2017 09:49:27 +00.16250E+00  1443 034129 1 00004697 00004597 000 340 43064.4093498611
25.11.2017 09:49:28 +00.16250E+00  1460 034129 1 00004698 00004597 000 341 43064.4093538194
25.11.2017 09:49:28 +00.16250E+00  1473 034129 1 00004699 00004597 000 343 43064.4093577894
25.11.2017 09:49:28 +00.16250E+00  1490 034129 1 00004700 00004597 000 379 43064.4093621759
25.11.2017 09:49:29 +00.16250E+00  1503 034129 1 00004701 00004597 000 340 43064.4093661111
25.11.2017 09:49:29 +00.16250E+00  1515 034129 1 00004702 00004597 000 342 43064.4093700694
25.11.2017 09:49:29 +00.16250E+00  1527 034129 1 00004703 00004597 000 343 43064.4093740394
25.11.2017 09:49:30 +00.16250E+00  1540 034129 1 00004704 00004597 000 381 43064.4093784491
25.11.2017 09:49:30 +00.16250E+00  1555 034129 1 00004705 00004597 000 343 43064.409382419
25.11.2017 09:49:30 +00.16250E+00  1564 034129 1 00004706 00004597 000 343 43064.4093863889
25.11.2017 09:49:31 +00.16250E+00  1574 034129 1 00004707 00004597 000 343 43064.4093903588
25.11.2017 09:49:31 +00.16250E+00  1594 034129 1 00004708 00004597 000 375 43064.4093946991
25.11.2017 09:49:32 +00.16250E+00  1613 034129 1 00004709 00004597 000 343 43064.409398669
25.11.2017 09:49:32 +00.16250E+00  1622 034129 1 00004710 00004597 000 342 43064.4094026273
25.11.2017 09:49:32 +00.16250E+00  1636 034129 1 00004711 00004597 000 343 43064.4094066088
25.11.2017 09:49:33 +00.16250E+00  1657 034129 1 00004712 00004597 000 377 43064.4094109722
25.11.2017 09:49:33 +00.16250E+00  1661 034129 1 00004713 00004597 000 340 43064.4094149074
25.11.2017 09:49:33 +00.16250E+00  1675 034129 1 00004714 00004597 000 344 43064.4094188889
25.11.2017 09:49:34 +00.16250E+00  1691 034129 1 00004715 00004597 000 342 43064.4094228472
25.11.2017 09:49:34 +00.16250E+00  1704 034129 1 00004716 00004597 000 377 43064.4094272222
25.11.2017 09:49:34 +00.16250E+00  1725 034129 1 00004717 00004597 000 340 43064.409431169
25.11.2017 09:49:35 +00.16250E+00  1737 034129 1 00004718 00004597 000 341 43064.4094351273
25.11.2017 09:49:35 +00.16250E+00  1748 034129 1 00004719 00004597 000 342 43064.4094390972
25.11.2017 09:49:35 +00.16250E+00  1761 034129 1 00004720 00004597 000 379 43064.4094434838
25.11.2017 09:49:36 +00.16250E+00  1784 034129 1 00004721 00004597 000 344 43064.4094474768
25.11.2017 09:49:36 +00.16250E+00  1797 034129 1 00004722 00004597 000 342 43064.4094514468
25.11.2017 09:49:36 +00.16250E+00  1810 034129 1 00004723 00004597 000 343 43064.4094554167
25.11.2017 09:49:37 +00.16250E+00  1819 034129 1 00004724 00004597 000 374 43064.4094597454
25.11.2017 09:49:37 +00.16250E+00  1838 034129 1 00004725 00004597 000 343 43064.4094637268
25.11.2017 09:49:38 +00.16250E+00  1849 034129 1 00004726 00004597 000 343 43064.4094676968
25.11.2017 09:49:38 +00.16250E+00  1859 034129 1 00004727 00004597 000 343 43064.4094716667
25.11.2017 09:49:38 +00.16250E+00  1873 034129 1 00004728 00004597 000 375 43064.4094760069
25.11.2017 09:49:39 +00.16250E+00  1893 034129 1 00004729 00004597 000 343 43064.4094799769
25.11.2017 09:49:39 +00.16250E+00  1903 034129 1 00004730 00004597 000 343 43064.4094839468
25.11.2017 09:49:39 +00.16249E+00  1914 034129 1 00004731 00004597 000 343 43064.4094879167
25.11.2017 09:49:40 +00.16250E+00  1925 034129 1 00004732 00004597 000 376 43064.4094922685
25.11.2017 09:49:40 +00.16250E+00  1939 034129 1 00004733 00004597 000 342 43064.4094962269
25.11.2017 09:49:40 +00.16250E+00  1956 034129 1 00004734 00004597 000 343 43064.4095001968
25.11.2017 09:49:41 +00.16250E+00  1968 034129 1 00004735 00004597 000 343 43064.4095041667
25.11.2017 09:49:41 +00.16250E+00  1980 034129 1 00004736 00004597 000 377 43064.4095085301
25.11.2017 09:49:41 +00.16250E+00  1999 034129 1 00004737 00004597 000 340 43064.4095124653
25.11.2017 09:49:42 +00.16250E+00  2018 034129 1 00004738 00004597 000 342 43064.4095164352
25.11.2017 09:49:42 +00.16250E+00  2035 034129 1 00004739 00004597 000 342 43064.4095204051
25.11.2017 09:49:42 +00.16250E+00  2043 034129 1 00004740 00004597 000 378 43064.4095247917
25.11.2017 09:49:43 +00.16250E+00  2052 034129 1 00004741 00004597 000 344 43064.4095287847
25.11.2017 09:49:43 +00.16250E+00  2065 034129 1 00004742 00004597 000 342 43064.4095327546
25.11.2017 09:49:43 +00.16250E+00  2085 034129 1 00004743 00004597 000 343 43064.4095367361
25.11.2017 09:49:44 +00.16250E+00  2100 034129 1 00004744 00004597 000 374 43064.4095410648
25.11.2017 09:49:44 +00.16250E+00  2120 034129 1 00004745 00004597 000 343 43064.4095450347
25.11.2017 09:49:45 +00.16250E+00  2131 034129 1 00004746 00004597 000 343 43064.4095490162
25.11.2017 09:49:45 +00.16250E+00  2146 034129 1 00004747 00004597 000 342 43064.4095529745
25.11.2017 09:49:45 +00.16250E+00  2159 034129 1 00004748 00004597 000 374 43064.4095573148
25.11.2017 09:49:46 +00.16250E+00  2177 034129 1 00004749 00004597 000 342 43064.4095612847
25.11.2017 09:49:46 +00.16250E+00  2185 034129 1 00004750 00004597 000 343 43064.4095652546
25.11.2017 09:49:46 +00.16250E+00  2199 034129 1 00004751 00004597 000 343 43064.4095692245
25.11.2017 09:49:47 +00.16250E+00  2215 034129 1 00004752 00004597 000 376 43064.4095735764
25.11.2017 09:49:47 +00.16250E+00  2238 034129 1 00004753 00004597 000 342 43064.4095775347
25.11.2017 09:49:47 +00.16250E+00  2252 034129 1 00004754 00004597 000 343 43064.4095815046
25.11.2017 09:49:48 +00.16250E+00  2269 034129 1 00004755 00004597 000 343 43064.4095854745
25.11.2017 09:49:48 +00.16250E+00  2287 034129 1 00004756 00004597 000 377 43064.409589838
25.11.2017 09:49:48 +00.16250E+00  2297 034129 1 00004757 00004597 000 340 43064.4095937847
25.11.2017 09:49:49 +00.16250E+00  2313 034129 1 00004758 00004597 000 343 43064.4095977546
25.11.2017 09:49:49 +00.16250E+00  2328 034129 1 00004759 00004597 000 343 43064.4096017245
25.11.2017 09:49:49 +00.16250E+00  2347 034129 1 00004760 00004597 000 379 43064.4096061111
25.11.2017 09:49:50 +00.16250E+00  2360 034129 1 00004761 00004597 000 345 43064.4096101042
25.11.2017 09:49:50 +00.16250E+00  2371 034129 1 00004762 00004597 000 343 43064.4096140741
25.11.2017 09:49:50 +00.16250E+00  2381 034129 1 00004763 00004597 000 343 43064.409618044
25.11.2017 09:49:51 +00.16250E+00  2396 034129 1 00004764 00004597 000 374 43064.4096223727
25.11.2017 09:49:51 +00.16250E+00  2409 034129 1 00004765 00004597 000 344 43064.4096263542
25.11.2017 09:49:52 +00.16250E+00  2417 034129 1 00004766 00004597 000 343 43064.4096303241
25.11.2017 09:49:52 +00.16250E+00  2429 034129 1 00004767 00004597 000 343 43064.409634294
25.11.2017 09:49:52 +00.16250E+00  2446 034129 1 00004768 00004597 000 375 43064.4096386343
25.11.2017 09:49:53 +00.16250E+00  2458 034129 1 00004769 00004597 000 343 43064.4096426042