
25.11.2017 09:49:57 +00.16301E+00  0014 034235 1 00004770 00004770 000 343 43064.4096948727
25.11.2017 09:49:57 +00.16301E+00  0027 034235 1 00004771 00004770 000 343 43064.4096988426
25.11.2017 09:49:58 +00.16300E+00  0040 034235 1 00004772 00004770 000 418 43064.4097036806
25.11.2017 09:49:58 +00.16300E+00  0064 034235 1 00004773 00004770 000 344 43064.409707662
25.11.2017 09:49:59 +00.16300E+00  0075 034235 1 00004774 00004770 000 343 43064.4097116319
25.11.2017 09:49:59 +00.16300E+00  0091 034235 1 00004775 00004770 000 343 43064.4097156019
25.11.2017 09:49:59 +00.16300E+00  0102 034235 1 00004776 00004770 000 375 43064.4097199421
25.11.2017 09:50:00 +00.16300E+00  0115 034235 1 00004777 00004770 000 342 43064.4097239005
25.11.2017 09:50:00 +00.16300E+00  0133 034235 1 00004778 00004770 000 342 43064.4097278704
25.11.2017 09:50:00 +00.16300E+00  0142 034235 1 00004779 00004770 000 343 43064.4097318519
25.11.2017 09:50:01 +00.16300E+00  0160 034235 1 00004780 00004770 000 376 43064.4097362037
25.11.2017 09:50:01 +00.16300E+00  0173 034235 1 00004781 00004770 000 341 43064.4097401505
25.11.2017 09:50:01 +00.16300E+00  0190 034235 1 00004782 00004770 000 342 43064.4097441204
25.11.2017 09:50:02 +00.16300E+00  0202 034235 1 00004783 00004770 000 342 43064.4097480903
25.11.2017 09:50:02 +00.16300E+00  0213 034235 1 00004784 00004770 000 376 43064.4097524537
25.11.2017 09:50:02 +00.16300E+00  0238 034235 1 00004785 00004770 000 340 43064.4097564005
25.11.2017 09:50:03 +00.16300E+00  0255 034235 1 00004786 00004770 000 342 43064.4097603704
25.11.2017 09:50:03 +00.16301E+00  0267 034235 1 00004787 00004770 000 343 43064.4097643403
25.11.2017 09:50:04 +00.16301E+00  0286 034235 1 00004788 00004770 000 379 43064.4097687269
25.11.2017 09:50:04 +00.16300E+00  0301 034235 1 00004789 00004770 000 340 43064.409772662
25.11.2017 09:50:04 +00.16300E+00  0314 034235 1 00004790 00004770 000 341 43064.4097766204
25.11.2017 09:50:05 +00.16300E+00  0329 034235 1 00004791 00004770 000 343 43064.4097805903
25.11.2017 09:50:05 +00.16300E+00  0346 034235 1 00004792 00004770 000 380 43064.4097849884
25.11.2017 09:50:05 +00.16300E+00  0355 034235 1 00004793 00004770 000 344 43064.4097889699
25.11.2017 09:50:06 +00.16300E+00  0365 034235 1 00004794 00004770 000 343 43064.4097929398
25.11.2017 09:50:06 +00.16300E+00  0380 034235 1 00004795 00004770 000 343 43064.4097969097
25.11.2017 09:50:06 +00.16300E+00  0395 034235 1 00004796 00004770 000 375 43064.40980125
25.11.2017 09:50:07 +00.16300E+00  0405 034235 1 00004797 00004770 000 343 43064.4098052199
25.11.2017 09:50:07 +00.16300E+00  0421 034235 1 00004798 00004770 000 343 43064.4098091898
25.11.2017 09:50:07 +00.16300E+00  0435 034235 1 00004799 00004770 000 343 43064.4098131597
25.11.2017 09:50:08 +00.16300E+00  0449 034235 1 00004800 00004770 000 376 43064.4098175116
25.11.2017 09:50:08 +00.16300E+00  0461 034235 1 00004801 00004770 000 342 43064.4098214699
25.11.2017 09:50:08 +00.16300E+00  0473 034235 1 00004802 00004770 000 343 43064.4098254398
25.11.2017 09:50:09 +00.16300E+00  0483 034235 1 00004803 00004770 000 343 43064.4098294097
25.11.2017 09:50:09 +00.16300E+00  0502 034235 1 00004804 00004770 000 377 43064.4098337731
25.11.2017 09:50:09 +00.16300E+00  0517 034235 1 00004805 00004770 000 340 43064.4098377083
25.11.2017 09:50:10 +00.16301E+00  0534 034235 1 00004806 00004770 000 343 43064.4098416782
25.11.2017 09:50:10 +00.16300E+00  0551 034235 1 00004807 00004770 000 342 43064.4098456482
25.11.2017 09:50:11 +00.16300E+00  0563 034235 1 00004808 00004770 000 378 43064.4098500347
25.11.2017 09:50:11 +00.16300E+00  0578 034235 1 00004809 00004770 000 340 43064.4098539699
25.11.2017 09:50:11 +00.16300E+00  0589 034235 1 00004810 00004770 000 343 43064.4098579398
25.11.2017 09:50:12 +00.16300E+00  0603 034235 1 00004811 00004770 000 342 43064.4098618982
25.11.2017 09:50:12 +00.16300E+00  0618 034235 1 00004812 00004770 000 379 43064.4098662847
25.11.2017 09:50:12 +00.16301E+00  0638 034235 1 00004813 00004770 000 344 43064.4098702778
25.11.2017 09:50:13 +00.16301E+00  0647 034233 1 00004814 00004770 000 342 43064.4098742477
25.11.2017 09:50:13 +00.16300E+00  0661 034233 1 00004815 00004770 000 343 43064.4098782176
25.11.2017 09:50:13 +00.16300E+00  0674 034233 1 00004816 00004770 000 375 43064.4098825579
25.11.2017 09:50:14 +00.16300E+00  0687 034233 1 00004817 00004770 000 342 43064.4098865278
25.11.2017 09:50:14 +00.16299E+00  0698 034233 1 00004818 00004770 000 343 43064.4098904977
25.11.2017 09:50:14 +00.16300E+00  0709 034233 1 00004819 00004770 000 343 43064.4098944676
25.11.2017 09:50:15 +00.16299E+00  0725 034233 1 00004820 00004770 000 375 43064.4098988194
25.11.2017 09:50:15 +00.16299E+00  0747 034233 1 00004821 00004770 000 342 43064.4099027778
25.11.2017 09:50:15 +00.16299E+00  0766 034233 1 00004822 00004770 000 343 43064.4099067477
25.11.2017 09:50:16 +00.16299E+00  0780 034233 1 00004823 00004770 000 343 43064.4099107176
25.11.2017 09:50:16 +00.16299E+00  0787 034233 1 00004824 00004770 000 377 43064.409915081
25.11.2017 09:50:17 +00.16299E+00  0800 034233 1 00004825 00004770 000 341 43064.4099190278
25.11.2017 09:50:17 +00.16299E+00  0816 034233 1 00004826 00004770 000 343 43064.4099229977
25.11.2017 09:50:17 +00.16299E+00  0833 034233 1 00004827 00004770 000 343 43064.4099269676
25.11.2017 09:50:18 +00.16299E+00  0843 034233 1 00004828 00004770 000 378 43064.4099313426
25.11.2017 09:50:18 +00.16299E+00  0858 034235 1 00004829 00004770 000 340 43064.4099352778
25.11.2017 09:50:18 +00.16300E+00  0872 034235 1 00004830 00004770 000 343 43064.4099392477
25.11.2017 09:50:19 +00.16300E+00  0887 034235 1 00004831 00004770 000 343 43064.4099432176
25.11.2017 09:50:19 +00.16300E+00  0904 034235 1 00004832 00004770 000 379 43064.4099476042
25.11.2017 09:50:19 +00.16300E+00  0923 034235 1 00004833 00004770 000 345 43064.4099515972
25.11.2017 09:50:20 +00.16300E+00  0936 034235 1 00004834 00004770 000 343 43064.4099555671
25.11.2017 09:50:20 +00.16301E+00  0954 034235 1 00004835 00004770 000 343 43064.409959537
25.11.2017 09:50:20 +00.16300E+00  0963 034235 1 00004836 00004770 000 374 43064.4099638657
25.11.2017 09:50:21 +00.16300E+00  0980 034235 1 00004837 00004770 000 343 43064.4099678357
25.11.2017 09:50:21 +00.16300E+00  1001 034235 1 00004838 00004770 000 343 43064.4099718171
25.11.2017 09:50:21 +00.16300E+00  1020 034235 1 00004839 00004770 000 342 43064.4099757755
25.11.2017 09:50:22 +00.16300E+00  1038 034235 1 00004840 00004770 000 376 43064.4099801273
25.11.2017 09:50:22 +00.16300E+00  1053 034235 1 00004841 00004770 000 342 43064.4099840857
25.11.2017 09:50:22 +00.16300E+00  1064 034235 1 00004842 00004770 000 343 43064.4099880556
25.11.2017 09:50:23 +00.16300E+00  1076 034235 1 00004843 00004770 000 343 43064.4099920255
25.11.2017 09:50:23 +00.16300E+00  1091 034235 1 00004844 00004770 000 376 43064.4099963889
25.11.2017 09:50:24 +00.16300E+00  1103 034235 1 00004845 00004770 000 341 43064.4100003357
25.11.2017 09:50:24 +00.16300E+00  1117 034235 1 00004846 00004770 000 343 43064.4100043056
25.11.2017 09:50:24 +00.16300E+00  1131 034235 1 00004847 00004770 000 343 43064.4100082755
25.11.2017 09:50:25 +00.16300E+00  1147 034235 1 00004848 00004770 000 378 43064.4100126505
25.11.2017 09:50:25 +00.16300E+00  1166 034235 1 00004849 00004770 000 341 43064.4100165972
25.11.2017 09:50:25 +00.16300E+00  1175 034235 1 00004850 00004770 000 342 43064.4100205556
25.11.2017 09:50:26 +00.16300E+00  1187 034235 1 00004851 00004770 000 343 43064.4100245255
25.11.2017 09:50:26 +00.16301E+00  1201 034235 1 00004852 00004770 000 379 43064.410028912
25.11.2017 09:50:26 +00.16300E+00  1220 034235 1 00004853 00004770 000 345 43064.4100329051
25.11.2017 09:50:27 +00.16300E+00  1237 034235 1 00004854 00004770 000 343 43064.410036875
25.11.2017 09:50:27 +00.16301E+00  1256 034235 1 00004855 00004770 000 343 43064.4100408449
25.11.2017 09:50:32 +00.16319E+00  0013 034274 1 00004856 00004856 000 342 43064.4101013773
25.11.2017 09:50:33 +00.16319E+00  0029 034274 1 00004857 00004856 000 342 43064.4101053472
25.11.2017 09:50:33 +00.16319E+00  0045 034274 1 00004858 00004856 000 421 43064.4101102199
25.11.2017 09:50:33 +00.16319E+00  0060 034274 1 00004859 00004856 000 340 43064.4101141667
25.11.2017 09:50:34 +00.16319E+00  0073 034274 1 00004860 00004856 000 343 43064.4101181366
25.11.2017 09:50:34 +00.16319E+00  0086 034274 1 00004861 00004856 000 342 43064.4101221065
25.11.2017 09:50:34 +00.16319E+00  0097 034274 1 00004862 00004856 000 377 43064.4101264815
25.11.2017 09:50:35 +00.16319E+00  0107 034274 1 00004863 00004856 000 340 43064.4101304167
25.11.2017 09:50:35 +00.16319E+00  0118 034274 1 00004864 00004856 000 343 43064.4101343866
25.11.2017 09:50:35 +00.16319E+00  0131 034274 1 00004865 00004856 000 343 43064.4101383565
25.11.2017 09:50:36 +00.16319E+00  0145 034274 1 00004866 00004856 000 379 43064.4101427431
25.11.2017 09:50:36 +00.16319E+00  0159 034274 1 00004867 00004856 000 341 43064.4101466898
25.11.2017 09:50:37 +00.16319E+00  0173 034274 1 00004868 00004856 000 340 43064.4101506366
25.11.2017 09:50:37 +00.16319E+00  0189 034274 1 00004869 00004856 000 342 43064.4101546065
25.11.2017 09:50:37 +00.16319E+00  0204 034274 1 00004870 00004856 000 380 43064.4101590046
25.11.2017 09:50:38 +00.16319E+00  0215 034276 1 00004871 00004856 000 344 43064.4101629861
25.11.2017 09:50:38 +00.16319E+00  0228 034276 1 00004872 00004856 000 343 43064.410166956
25.11.2017 09:50:38 +00.16319E+00  0246 034276 1 00004873 00004856 000 343 43064.4101709259
25.11.2017 09:50:39 +00.16320E+00  0259 034276 1 00004874 00004856 000 375 43064.4101752662
25.11.2017 09:50:39 +00.16320E+00  0278 034276 1 00004875 00004856 000 343 43064.4101792361
25.11.2017 09:50:39 +00.16320E+00  0285 034276 1 00004876 00004856 000 343 43064.410183206
25.11.2017 09:50:40 +00.16320E+00  0299 034276 1 00004877 00004856 000 343 43064.4101871759
25.11.2017 09:50:40 +00.16320E+00  0316 034276 1 00004878 00004856 000 376 43064.4101915278
25.11.2017 09:50:40 +00.16320E+00  0328 034276 1 00004879 00004856 000 342 43064.4101954861
25.11.2017 09:50:41 +00.16320E+00  0340 034276 1 00004880 00004856 000 343 43064.410199456
25.11.2017 09:50:41 +00.16320E+00  0360 034276 1 00004881 00004856 000 342 43064.4102034144
25.11.2017 09:50:41 +00.16320E+00  0375 034276 1 00004882 00004856 000 377 43064.4102077894
25.11.2017 09:50:42 +00.16320E+00  0394 034276 1 00004883 00004856 000 340 43064.4102117245
25.11.2017 09:50:42 +00.16320E+00  0414 034276 1 00004884 00004856 000 342 43064.4102156944
25.11.2017 09:50:42 +00.16320E+00  0428 034276 1 00004885 00004856 000 342 43064.4102196644
25.11.2017 09:50:43 +00.16320E+00  0446 034276 1 00004886 00004856 000 378 43064.4102240509
25.11.2017 09:50:43 +00.16320E+00  0461 034276 1 00004887 00004856 000 344 43064.410228044
25.11.2017 09:50:44 +00.16320E+00  0476 034276 1 00004888 00004856 000 343 43064.4102320139
25.11.2017 09:50:44 +00.16320E+00  0490 034276 1 00004889 00004856 000 343 43064.4102359954
25.11.2017 09:50:44 +00.16320E+00  0507 034276 1 00004890 00004856 000 373 43064.4102403125
25.11.2017 09:50:45 +00.16320E+00  0519 034276 1 00004891 00004856 000 343 43064.410244294
25.11.2017 09:50:45 +00.16320E+00  0530 034276 1 00004892 00004856 000 343 43064.4102482639
25.11.2017 09:50:45 +00.16320E+00  0539 034276 1 00004893 00004856 000 342 43064.4102522338
25.11.2017 09:50:46 +00.16320E+00  0555 034276 1 00004894 00004856 000 374 43064.4102565741
25.11.2017 09:50:46 +00.16320E+00  0572 034276 1 00004895 00004856 000 342 43064.410260544
25.11.2017 09:50:46 +00.16320E+00  0586 034276 1 00004896 00004856 000 343 43064.4102645139
25.11.2017 09:50:47 +00.16320E+00  0601 034276 1 00004897 00004856 000 343 43064.4102684838
25.11.2017 09:50:47 +00.16320E+00  0612 034276 1 00004898 00004856 000 376 43064.4102728356
25.11.2017 09:50:47 +00.16320E+00  0630 034276 1 00004899 00004856 000 342 43064.410276794
25.11.2017 09:50:48 +00.16320E+00  0647 034276 1 00004900 00004856 000 343 43064.4102807639
25.11.2017 09:50:48 +00.16320E+00  0658 034276 1 00004901 00004856 000 343 43064.4102847338
25.11.2017 09:50:48 +00.16320E+00  0669 034276 1 00004902 00004856 000 378 43064.4102891088
25.11.2017 09:50:49 +00.16320E+00  0688 034276 1 00004903 00004856 000 340 43064.410293044
25.11.2017 09:50:49 +00.16320E+00  0698 034276 1 00004904 00004856 000 343 43064.4102970139
25.11.2017 09:50:50 +00.16320E+00  0722 034276 1 00004905 00004856 000 343 43064.4103009838
25.11.2017 09:50:50 +00.16320E+00  0738 034276 1 00004906 00004856 000 379 43064.4103053704
25.11.2017 09:50:50 +00.16320E+00  0754 034276 1 00004907 00004856 000 345 43064.4103093634
25.11.2017 09:50:51 +00.16320E+00  0764 034276 1 00004908 00004856 000 343 43064.4103133333
25.11.2017 09:50:51 +00.16320E+00  0774 034276 1 00004909 00004856 000 343 43064.4103173032
25.11.2017 09:50:51 +00.16320E+00  0791 034276 1 00004910 00004856 000 374 43064.4103216319
25.11.2017 09:50:52 +00.16320E+00  0806 034276 1 00004911 00004856 000 343 43064.4103256018
25.11.2017 09:50:52 +00.16320E+00  0827 034276 1 00004912 00004856 000 343 43064.4103295833
25.11.2017 09:50:52 +00.16320E+00  0842 034276 1 00004913 00004856 000 343 43064.4103335532
25.11.2017 09:50:53 +00.16320E+00  0857 034276 1 00004914 00004856 000 374 43064.4103378819
25.11.2017 09:50:53 +00.16320E+00  0874 034276 1 00004915 00004856 000 342 43064.4103418518
25.11.2017 09:50:53 +00.16320E+00  0886 034276 1 00004916 00004856 000 342 43064.4103458218
25.11.2017 09:50:54 +00.16320E+00  0905 034276 1 00004917 00004856 000 343 43064.4103498032
25.11.2017 09:50:54 +00.16320E+00  0920 034276 1 00004918 00004856 000 375 43064.4103541435
25.11.2017 09:50:54 +00.16320E+00  0937 034276 1 00004919 00004856 000 341 43064.4103581018
25.11.2017 09:50:55 +00.16319E+00  0956 034276 1 00004920 00004856 000 343 43064.4103620718
25.11.2017 09:50:55 +00.16320E+00  0960 034276 1 00004921 00004856 000 343 43064.4103660417
25.11.2017 09:50:56 +00.16320E+00  0979 034276 1 00004922 00004856 000 377 43064.4103704051
25.11.2017 09:50:56 +00.16320E+00  0996 034276 1 00004923 00004856 000 340 43064.4103743518
25.11.2017 09:50:56 +00.16320E+00  1014 034276 1 00004924 00004856 000 343 43064.4103783333
25.11.2017 09:50:57 +00.16320E+00  1033 034276 1 00004925 00004856 000 342 43064.4103822917
25.11.2017 09:50:57 +00.16320E+00  1041 034276 1 00004926 00004856 000 379 43064.4103866782
25.11.2017 09:50:57 +00.16320E+00  1055 034276 1 00004927 00004856 000 340 43064.4103906134
25.11.2017 09:50:58 +00.16320E+00  1069 034276 1 00004928 00004856 000 341 43064.4103945718
25.11.2017 09:50:58 +00.16320E+00  1081 034276 1 00004929 00004856 000 343 43064.4103985417
25.11.2017 09:50:58 +00.16320E+00  1092 034276 1 00004930 00004856 000 380 43064.4104029398
25.11.2017 09:50:59 +00.16320E+00  1110 034276 1 00004931 00004856 000 344 43064.4104069213
25.11.2017 09:50:59 +00.16320E+00  1121 034276 1 00004932 00004856 000 343 43064.4104108912
25.11.2017 09:50:59 +00.16320E+00  1131 034276 1 00004933 00004856 000 343 43064.4104148611
25.11.2017 09:51:00 +00.16320E+00  1148 034276 1 00004934 00004856 000 375 43064.4104192014
25.11.2017 09:51:00 +00.16320E+00  1166 034276 1 00004935 00004856 000 342 43064.4104231597
25.11.2017 09:51:00 +00.16320E+00  1184 034276 1 00004936 00004856 000 343 43064.4104271412
25.11.2017 09:51:01 +00.16320E+00  1202 034276 1 00004937 00004856 000 343 43064.4104311111
25.11.2017 09:51:01 +00.16320E+00  1217 034276 1 00004938 00004856 000 376 43064.410435463
25.11.2017 09:51:01 +00.16320E+00  1231 034276 1 00004939 00004856 000 341 43064.4104394097
25.11.2017 09:51:02 +00.16320E+00  1250 034276 1 00004940 00004856 000 343 43064.4104433796
25.11.2017 09:51:02 +00.16320E+00  1263 034276 1 00004941 00004856 000 342 43064.4104473495
25.11.2017 09:51:08 +00.16339E+00  0010 034315 1 00004942 00004942 000 342 43064.4105121644
25.11.2017 09:51:08 +00.16339E+00  0031 034315 1 00004943 00004942 000 396 43064.4105167593
25.11.2017 09:51:08 +00.16339E+00  0055 034315 1 00004944 00004942 000 340 43064.410520706
25.11.2017 09:51:09 +00.16339E+00  0073 034315 1 00004945 00004942 000 341 43064.4105246644
25.11.2017 09:51:09 +00.16339E+00  0085 034315 1 00004946 00004942 000 343 43064.4105286343
25.11.2017 09:51:10 +00.16339E+00  0103 034315 1 00004947 00004942 000 380 43064.4105330324
25.11.2017 09:51:10 +00.16339E+00  0126 034315 1 00004948 00004942 000 343 43064.4105370139
25.11.2017 09:51:10 +00.16339E+00  0138 034315 1 00004949 00004942 000 343 43064.4105409838
25.11.2017 09:51:11 +00.16339E+00  0151 034315 1 00004950 00004942 000 343 43064.4105449537
25.11.2017 09:51:11 +00.16339E+00  0160 034315 1 00004951 00004942 000 375 43064.410549294
25.11.2017 09:51:11 +00.16339E+00  0171 034315 1 00004952 00004942 000 342 43064.4105532639
25.11.2017 09:51:12 +00.16339E+00  0180 034315 1 00004953 00004942 000 344 43064.4105572454
25.11.2017 09:51:12 +00.16338E+00  0199 034315 1 00004954 00004942 000 342 43064.4105612037
25.11.2017 09:51:12 +00.16339E+00  0218 034315 1 00004955 00004942 000 376 43064.4105655556
25.11.2017 09:51:13 +00.16339E+00  0230 034317 1 00004956 00004942 000 342 43064.4105695139
25.11.2017 09:51:13 +00.16339E+00  0247 034317 1 00004957 00004942 000 343 43064.4105734838
25.11.2017 09:51:13 +00.16339E+00  0265 034317 1 00004958 00004942 000 343 43064.4105774537
25.11.2017 09:51:14 +00.16339E+00  0289 034317 1 00004959 00004942 000 377 43064.4105818171
25.11.2017 09:51:14 +00.16340E+00  0304 034317 1 00004960 00004942 000 340 43064.4105857523
25.11.2017 09:51:14 +00.16339E+00  131313 034317 1 00004961 00004942 131009 361 43064.4105899421
25.11.2017 09:51:15 +00.16340E+00  0014 034317 1 00004962 00004942 131009 343 43064.410593912
25.11.2017 09:51:15 +00.16340E+00  0022 034317 1 00004963 00004942 131009 360 43064.4105980787
25.11.2017 09:51:16 +00.16340E+00  0032 034317 1 00004964 00004942 131009 345 43064.4106020718
25.11.2017 09:51:16 +00.16340E+00  0048 034317 1 00004965 00004942 131009 343 43064.4106060417
25.11.2017 09:51:16 +00.16340E+00  0068 034317 1 00004966 00004942 131009 343 43064.4106100116
25.11.2017 09:51:17 +00.16340E+00  0076 034317 1 00004967 00004942 131009 374 43064.4106143403
25.11.2017 09:51:17 +00.16340E+00  0096 034317 1 00004968 00004942 131009 343 43064.4106183102
25.11.2017 09:51:17 +00.16340E+00  0111 034317 1 00004969 00004942 131009 343 43064.4106222917
25.11.2017 09:51:18 +00.16340E+00  0128 034317 1 00004970 00004942 131009 343 43064.4106262616
25.11.2017 09:51:18 +00.16340E+00  0148 034317 1 00004971 00004942 131009 374 43064.4106305903
25.11.2017 09:51:18 +00.16340E+00  0161 034317 1 00004972 00004942 131009 342 43064.4106345602
25.11.2017 09:51:19 +00.16340E+00  0172 034317 1 00004973 00004942 131009 343 43064.4106385301
25.11.2017 09:51:19 +00.16340E+00  0182 034317 1 00004974 00004942 131009 342 43064.4106425
25.11.2017 09:51:19 +00.16340E+00  0195 034317 1 00004975 00004942 131009 377 43064.4106468634
25.11.2017 09:51:20 +00.16340E+00  0208 034317 1 00004976 00004942 131009 340 43064.4106508102
25.11.2017 09:51:20 +00.16340E+00  0217 034317 1 00004977 00004942 131009 342 43064.4106547801
25.11.2017 09:51:20 +00.16340E+00  0225 034317 1 00004978 00004942 131009 343 43064.41065875
25.11.2017 09:51:21 +00.16340E+00  0234 034317 1 00004979 00004942 131009 377 43064.410663125
25.11.2017 09:51:21 +00.16340E+00  0254 034317 1 00004980 00004942 131009 341 43064.4106670718
25.11.2017 09:51:21 +00.16340E+00  0268 034317 1 00004981 00004942 131009 342 43064.4106710301
25.11.2017 09:51:22 +00.16340E+00  0277 034317 1 00004982 00004942 131009 343 43064.410675
25.11.2017 09:51:22 +00.16340E+00  0288 034317 1 00004983 00004942 131009 379 43064.4106793866
25.11.2017 09:51:23 +00.16340E+00  0302 034317 1 00004984 00004942 131009 340 43064.4106833218
25.11.2017 09:51:23 +00.16340E+00  0313 034317 1 00004985 00004942 131009 341 43064.4106872801
25.11.2017 09:51:23 +00.16340E+00  0330 034317 1 00004986 00004942 131009 343 43064.41069125
25.11.2017 09:51:24 +00.16340E+00  0346 034317 1 00004987 00004942 131009 380 43064.4106956481
25.11.2017 09:51:24 +00.16340E+00  0369 034317 1 00004988 00004942 131009 344 43064.4106996296
25.11.2017 09:51:24 +00.16340E+00  0382 034317 1 00004989 00004942 131009 343 43064.4107035995
25.11.2017 09:51:25 +00.16340E+00  0401 034317 1 00004990 00004942 131009 343 43064.4107075694
25.11.2017 09:51:25 +00.16340E+00  0421 034317 1 00004991 00004942 131009 375 43064.4107119097
25.11.2017 09:51:25 +00.16340E+00  0435 034317 1 00004992 00004942 131009 343 43064.4107158796
25.11.2017 09:51:26 +00.16340E+00  0452 034317 1 00004993 00004942 131009 342 43064.410719838
25.11.2017 09:51:26 +00.16340E+00  0467 034317 1 00004994 00004942 131009 343 43064.4107238194
25.11.2017 09:51:26 +00.16340E+00  0478 034317 1 00004995 00004942 131009 376 43064.4107281713
25.11.2017 09:51:27 +00.16340E+00  0492 034317 1 00004996 00004942 131009 342 43064.4107321296
25.11.2017 09:51:27 +00.16340E+00  0509 034317 1 00004997 00004942 131009 343 43064.4107360995
25.11.2017 09:51:27 +00.16339E+00  0523 034317 1 00004998 00004942 131009 343 43064.4107400694
25.11.2017 09:51:28 +00.16340E+00  0534 034317 1 00004999 00004942 131009 377 43064.4107444329
25.11.2017 09:51:28 +00.16340E+00  0551 034317 1 00005000 00004942 131009 340 43064.4107483796
25.11.2017 09:51:29 +00.16340E+00  0568 034317 1 00005001 00004942 131009 341 43064.410752338
25.11.2017 09:51:29 +00.16340E+00  0582 034317 1 00005002 00004942 131009 343 43064.4107563079
25.11.2017 09:51:29 +00.16340E+00  0595 034317 1 00005003 00004942 131009 378 43064.4107606944
25.11.2017 09:51:30 +00.16339E+00  0608 034317 1 00005004 00004942 131009 344 43064.4107646875
25.11.2017 09:51:30 +00.16340E+00  0623 034317 1 00005005 00004942 131009 344 43064.410768669
25.11.2017 09:51:30 +00.16340E+00  0641 034317 1 00005006 00004942 131009 342 43064.4107726273
25.11.2017 09:51:31 +00.16339E+00  0658 034317 1 00005007 00004942 131009 373 43064.410776956
25.11.2017 09:51:31 +00.16340E+00  0672 034317 1 00005008 00004942 131009 344 43064.4107809375
25.11.2017 09:51:31 +00.16340E+00  0679 034317 1 00005009 00004942 131009 343 43064.4107849074
25.11.2017 09:51:32 +00.16340E+00  0694 034317 1 00005010 00004942 131009 343 43064.4107888773
25.11.2017 09:51:32 +00.16340E+00  0707 034317 1 00005011 00004942 131009 375 43064.4107932176
25.11.2017 09:51:32 +00.16340E+00  0732 034317 1 00005012 00004942 131009 342 43064.4107971875
25.11.2017 09:51:33 +00.16340E+00  0741 034317 1 00005013 00004942 131009 343 43064.4108011574
25.11.2017 09:51:33 +00.16340E+00  0750 034317 1 00005014 00004942 131009 343 43064.4108051273
25.11.2017 09:51:33 +00.16340E+00  0760 034317 1 00005015 00004942 131009 376 43064.4108094792
25.11.2017 09:51:34 +00.16340E+00  0773 034317 1 00005016 00004942 131009 342 43064.4108134375
25.11.2017 09:51:34 +00.16340E+00  0790 034317 1 00005017 00004942 131009 343 43064.4108174074
25.11.2017 09:51:34 +00.16340E+00  0809 034317 1 00005018 00004942 131009 343 43064.4108213773
25.11.2017 09:51:35 +00.16340E+00  0823 034317 1 00005019 00004942 131009 377 43064.4108257407
25.11.2017 09:51:35 +00.16340E+00  0846 034317 1 00005020 00004942 131009 340 43064.4108296759
25.11.2017 09:51:36 +00.16340E+00  0860 034317 1 00005021 00004942 131009 343 43064.4108336574
25.11.2017 09:51:36 +00.16340E+00  0874 034317 1 00005022 00004942 131009 343 43064.4108376273
25.11.2017 09:51:36 +00.16340E+00  0887 034317 1 00005023 00004942 131009 379 43064.4108420139
25.11.2017 09:51:37 +00.16340E+00  0898 034317 1 00005024 00004942 131009 344 43064.4108459954
25.11.2017 09:51:37 +00.16340E+00  0909 034317 1 00005025 00004942 131009 343 43064.4108499769
25.11.2017 09:51:37 +00.16340E+00  0915 034317 1 00005026 00004942 131009 342 43064.4108539352
25.11.2017 09:51:38 +00.16340E+00  0927 034317 1 00005027 00004942 131009 373 43064.4108582639
25.11.2017 09:51:43 +00.16359E+00  0016 034358 1 00005028 00005028 131009 380 43064.4109233102
25.11.2017 09:51:44 +00.16359E+00  0041 034358 1 00005029 00005028 131009 343 43064.4109272801
25.11.2017 09:51:44 +00.16359E+00  0051 034358 1 00005030 00005028 131009 342 43064.41093125
25.11.2017 09:51:44 +00.16359E+00  0073 034358 1 00005031 00005028 131009 343 43064.4109352199
25.11.2017 09:51:45 +00.16359E+00  0092 034358 1 00005032 00005028 131009 375 43064.4109395718
25.11.2017 09:51:45 +00.16359E+00  0108 034358 1 00005033 00005028 131009 341 43064.4109435301
25.11.2017 09:51:45 +00.16359E+00  0123 034358 1 00005034 00005028 131009 343 43064.4109475
25.11.2017 09:51:46 +00.16359E+00  0140 034358 1 00005035 00005028 131009 343 43064.4109514699
25.11.2017 09:51:46 +00.16359E+00  0160 034358 1 00005036 00005028 131009 377 43064.4109558333
25.11.2017 09:51:46 +00.16359E+00  0185 034358 1 00005037 00005028 131009 341 43064.4109597801
25.11.2017 09:51:47 +00.16359E+00  0201 034358 1 00005038 00005028 131009 343 43064.41096375
25.11.2017 09:51:47 +00.16359E+00  0212 034358 1 00005039 00005028 131009 343 43064.4109677199
25.11.2017 09:51:47 +00.16359E+00  0222 034358 1 00005040 00005028 131009 378 43064.4109720949
25.11.2017 09:51:48 +00.16359E+00  0242 034358 1 00005041 00005028 131009 340 43064.4109760301
25.11.2017 09:51:48 +00.16359E+00  0257 034360 1 00005042 00005028 131009 342 43064.41098
25.11.2017 09:51:49 +00.16360E+00  0276 034360 1 00005043 00005028 131009 343 43064.4109839699
25.11.2017 09:51:49 +00.16360E+00  0293 034360 1 00005044 00005028 131009 380 43064.4109883681
25.11.2017 09:51:49 +00.16360E+00  0308 034360 1 00005045 00005028 131009 344 43064.4109923495
25.11.2017 09:51:50 +00.16360E+00  0321 034360 1 00005046 00005028 131009 343 43064.4109963194
25.11.2017 09:51:50 +00.16360E+00  0335 034360 1 00005047 00005028 131009 343 43064.4110002894
25.11.2017 09:51:50 +00.16360E+00  0358 034360 1 00005048 00005028 131009 374 43064.4110046181
25.11.2017 09:51:51 +00.16360E+00  0372 034360 1 00005049 00005028 131009 344 43064.4110085995
25.11.2017 09:51:51 +00.16360E+00  0391 034360 1 00005050 00005028 131009 342 43064.4110125579
25.11.2017 09:51:51 +00.16360E+00  0400 034360 1 00005051 00005028 131009 343 43064.4110165394
25.11.2017 09:51:52 +00.16360E+00  0413 034360 1 00005052 00005028 131009 376 43064.4110208912
25.11.2017 09:51:52 +00.16360E+00  0432 034360 1 00005053 00005028 131009 341 43064.411024838
25.11.2017 09:51:52 +00.16360E+00  0441 034360 1 00005054 00005028 131009 343 43064.4110288194
25.11.2017 09:51:53 +00.16360E+00  0453 034360 1 00005055 00005028 131009 342 43064.4110327778
25.11.2017 09:51:53 +00.16360E+00  0466 034360 1 00005056 00005028 131009 376 43064.4110371412
25.11.2017 09:51:53 +00.16360E+00  0473 034360 1 00005057 00005028 131009 341 43064.4110410995
25.11.2017 09:51:54 +00.16360E+00  0483 034360 1 00005058 00005028 131009 342 43064.4110450579
25.11.2017 09:51:54 +00.16360E+00  0498 034360 1 00005059 00005028 131009 343 43064.4110490278
25.11.2017 09:51:55 +00.16360E+00  0513 034360 1 00005060 00005028 131009 377 43064.4110534028
25.11.2017 09:51:55 +00.16360E+00  0531 034360 1 00005061 00005028 131009 340 43064.4110573495
25.11.2017 09:51:55 +00.16360E+00  0535 034360 1 00005062 00005028 131009 341 43064.4110613079
25.11.2017 09:51:56 +00.16360E+00  0546 034360 1 00005063 00005028 131009 343 43064.4110652778
25.11.2017 09:51:56 +00.16360E+00  0562 034360 1 00005064 00005028 131009 379 43064.4110696644
25.11.2017 09:51:56 +00.16360E+00  0581 034360 1 00005065 00005028 131009 340 43064.4110735995
25.11.2017 09:51:57 +00.16360E+00  0599 034360 1 00005066 00005028 131009 341 43064.4110775579
25.11.2017 09:51:57 +00.16360E+00  0610 034360 1 00005067 00005028 131009 343 43064.4110815278
25.11.2017 09:51:57 +00.16360E+00  0627 034360 1 00005068 00005028 131009 381 43064.4110859375
25.11.2017 09:51:58 +00.16360E+00  0646 034360 1 00005069 00005028 131009 343 43064.4110899074
25.11.2017 09:51:58 +00.16360E+00  0658 034360 1 00005070 00005028 131009 343 43064.4110938773
25.11.2017 09:51:58 +00.16360E+00  0665 034360 1 00005071 00005028 131009 343 43064.4110978472
25.11.2017 09:51:59 +00.16360E+00  0677 034360 1 00005072 00005028 131009 376 43064.4111021991
25.11.2017 09:51:59 +00.16360E+00  0695 034360 1 00005073 00005028 131009 342 43064.4111061574
25.11.2017 09:51:59 +00.16360E+00  0710 034360 1 00005074 00005028 131009 343 43064.4111101273
25.11.2017 09:52:00 +00.16360E+00  0724 034360 1 00005075 00005028 131009 343 43064.4111140972
25.11.2017 09:52:00 +00.16360E+00  0739 034360 1 00005076 00005028 131009 377 43064.4111184607
25.11.2017 09:52:00 +00.16360E+00  0757 034360 1 00005077 00005028 131009 340 43064.4111223958
25.11.2017 09:52:01 +00.16360E+00  0768 034360 1 00005078 00005028 131009 342 43064.4111263657
25.11.2017 09:52:01 +00.16360E+00  0777 034360 1 00005079 00005028 131009 343 43064.4111303356
25.11.2017 09:52:02 +00.16360E+00  0791 034360 1 00005080 00005028 131009 377 43064.4111347106
25.11.2017 09:52:02 +00.16360E+00  0807 034360 1 00005081 00005028 131009 340 43064.4111386574
25.11.2017 09:52:02 +00.16360E+00  0832 034360 1 00005082 00005028 131009 341 43064.4111426157
25.11.2017 09:52:03 +00.16360E+00  0842 034360 1 00005083 00005028 131009 343 43064.4111465856
25.11.2017 09:52:03 +00.16360E+00  0849 034360 1 00005084 00005028 131009 378 43064.4111509722
25.11.2017 09:52:03 +00.16360E+00  0865 034360 1 00005085 00005028 131009 344 43064.4111549653
25.11.2017 09:52:04 +00.16360E+00  0878 034360 1 00005086 00005028 131009 343 43064.4111589352
25.11.2017 09:52:04 +00.16360E+00  0897 034360 1 00005087 00005028 131009 343 43064.4111629051
25.11.2017 09:52:04 +00.16360E+00  0912 034360 1 00005088 00005028 131009 373 43064.4111672338
25.11.2017 09:52:05 +00.16360E+00  0925 034360 1 00005089 00005028 131009 343 43064.4111712153
25.11.2017 09:52:05 +00.16360E+00  0947 034360 1 00005090 00005028 131009 343 43064.4111751852
25.11.2017 09:52:05 +00.16360E+00  0961 034360 1 00005091 00005028 131009 343 43064.4111791551
25.11.2017 09:52:06 +00.16360E+00  0977 034360 1 00005092 00005028 131009 374 43064.4111834954
25.11.2017 09:52:06 +00.16360E+00  0991 034360 1 00005093 00005028 131009 342 43064.4111874653
25.11.2017 09:52:06 +00.16360E+00  1010 034360 1 00005094 00005028 131009 343 43064.4111914352
25.11.2017 09:52:07 +00.16360E+00  1022 034360 1 00005095 00005028 131009 343 43064.4111954051
25.11.2017 09:52:07 +00.16360E+00  1036 034360 1 00005096 00005028 131009 377 43064.4111997685
25.11.2017 09:52:08 +00.16360E+00  1056 034360 1 00005097 00005028 131009 341 43064.4112037153
25.11.2017 09:52:08 +00.16360E+00  1073 034360 1 00005098 00005028 131009 343 43064.4112076852
25.11.2017 09:52:08 +00.16360E+00  1090 034360 1 00005099 00005028 131009 343 43064.4112116551
25.11.2017 09:52:09 +00.16360E+00  1102 034360 1 00005100 00005028 131009 378 43064.4112160301
25.11.2017 09:52:09 +00.16360E+00  1118 034360 1 00005101 00005028 131009 340 43064.4112199653
25.11.2017 09:52:09 +00.16360E+00  1136 034360 1 00005102 00005028 131009 341 43064.4112239236
25.11.2017 09:52:10 +00.16360E+00  1148 034360 1 00005103 00005028 131009 342 43064.4112278935
25.11.2017 09:52:10 +00.16360E+00  1162 034360 1 00005104 00005028 131009 378 43064.4112322801
25.11.2017 09:52:10 +00.16360E+00  1178 034360 1 00005105 00005028 131009 345 43064.4112362847
25.11.2017 09:52:11 +00.16360E+00  1195 034360 1 00005106 00005028 131009 342 43064.4112402431
25.11.2017 09:52:11 +00.16360E+00  1202 034360 1 00005107 00005028 131009 343 43064.4112442245
25.11.2017 09:52:11 +00.16360E+00  1221 034360 1 00005108 00005028 131009 374 43064.4112485532
25.11.2017 09:52:12 +00.16360E+00  1234 034360 1 00005109 00005028 131009 343 43064.4112525231
25.11.2017 09:52:12 +00.16360E+00  1250 034360 1 00005110 00005028 131009 342 43064.4112564931
25.11.2017 09:52:12 +00.16360E+00  1260 034360 1 00005111 00005028 131009 342 43064.411260463
25.11.2017 09:52:13 +00.16360E+00  1278 034360 1 00005112 00005028 131009 374 43064.4112648032
25.11.2017 09:52:13 +00.16360E+00  1295 034360 1 00005113 00005028 131009 342 43064.4112687731