
25.11.2017 09:52:18 +00.16400E+00  0014 034443 1 00005114 00005114 131009 342 43064.4113210417
25.11.2017 09:52:18 +00.16400E+00  0023 034443 1 00005115 00005114 131009 342 43064.4113250116
25.11.2017 09:52:18 +00.16400E+00  0037 034443 1 00005116 00005114 131009 417 43064.4113298495
25.11.2017 09:52:19 +00.16400E+00  0061 034443 1 00005117 00005114 131009 343 43064.411333831
25.11.2017 09:52:19 +00.16400E+00  0075 034443 1 00005118 00005114 131009 342 43064.4113378009
25.11.2017 09:52:19 +00.16400E+00  0086 034443 1 00005119 00005114 131009 343 43064.4113417824
25.11.2017 09:52:20 +00.16400E+00  0108 034443 1 00005120 00005114 131009 375 43064.4113461227
25.11.2017 09:52:20 +00.16400E+00  0123 034443 1 00005121 00005114 131009 342 43064.411350081
25.11.2017 09:52:20 +00.16400E+00  0135 034443 1 00005122 00005114 131009 342 43064.4113540509
25.11.2017 09:52:21 +00.16400E+00  0148 034443 1 00005123 00005114 131009 343 43064.4113580208
25.11.2017 09:52:21 +00.16400E+00  0160 034443 1 00005124 00005114 131009 375 43064.4113623727
25.11.2017 09:52:22 +00.16400E+00  0174 034443 1 00005125 00005114 131009 341 43064.411366331
25.11.2017 09:52:22 +00.16400E+00  0185 034443 1 00005126 00005114 131009 343 43064.4113703009
25.11.2017 09:52:22 +00.16400E+00  0197 034443 1 00005127 00005114 131009 343 43064.4113742708
25.11.2017 09:52:23 +00.16400E+00  0212 034443 1 00005128 00005114 131009 377 43064.4113786458
25.11.2017 09:52:23 +00.16400E+00  0225 034443 1 00005129 00005114 131009 340 43064.411382581
25.11.2017 09:52:23 +00.16399E+00  0235 034443 1 00005130 00005114 131009 342 43064.4113865509
25.11.2017 09:52:24 +00.16400E+00  0255 034443 1 00005131 00005114 131009 343 43064.4113905208
25.11.2017 09:52:24 +00.16399E+00  0270 034443 1 00005132 00005114 131009 379 43064.4113949074
25.11.2017 09:52:24 +00.16400E+00  0285 034443 1 00005133 00005114 131009 341 43064.4113988542
25.11.2017 09:52:25 +00.16399E+00  0296 034443 1 00005134 00005114 131009 341 43064.4114028009
25.11.2017 09:52:25 +00.16400E+00  0318 034443 1 00005135 00005114 131009 343 43064.4114067708
25.11.2017 09:52:25 +00.16400E+00  0334 034443 1 00005136 00005114 131009 380 43064.411411169
25.11.2017 09:52:26 +00.16400E+00  0347 034443 1 00005137 00005114 131009 344 43064.4114151505
25.11.2017 09:52:26 +00.16400E+00  0361 034443 1 00005138 00005114 131009 343 43064.4114191204
25.11.2017 09:52:26 +00.16400E+00  0385 034443 1 00005139 00005114 131009 343 43064.4114230903
25.11.2017 09:52:27 +00.16400E+00  0399 034443 1 00005140 00005114 131009 375 43064.4114274306
25.11.2017 09:52:27 +00.16400E+00  0416 034443 1 00005141 00005114 131009 343 43064.4114314005
25.11.2017 09:52:28 +00.16400E+00  0428 034443 1 00005142 00005114 131009 343 43064.4114353704
25.11.2017 09:52:28 +00.16400E+00  0449 034443 1 00005143 00005114 131009 343 43064.4114393403
25.11.2017 09:52:28 +00.16400E+00  0464 034443 1 00005144 00005114 131009 376 43064.4114436921
25.11.2017 09:52:29 +00.16400E+00  0475 034443 1 00005145 00005114 131009 341 43064.4114476389
25.11.2017 09:52:29 +00.16400E+00  0494 034443 1 00005146 00005114 131009 342 43064.4114516088
25.11.2017 09:52:29 +00.16400E+00  0502 034443 1 00005147 00005114 131009 342 43064.4114555787
25.11.2017 09:52:30 +00.16399E+00  0516 034443 1 00005148 00005114 131009 376 43064.4114599421
25.11.2017 09:52:30 +00.16400E+00  0530 034443 1 00005149 00005114 131009 340 43064.4114638889
25.11.2017 09:52:30 +00.16400E+00  0542 034443 1 00005150 00005114 131009 343 43064.4114678588
25.11.2017 09:52:31 +00.16400E+00  0552 034443 1 00005151 00005114 131009 343 43064.4114718287
25.11.2017 09:52:31 +00.16399E+00  0566 034443 1 00005152 00005114 131009 378 43064.4114762153
25.11.2017 09:52:31 +00.16399E+00  0581 034443 1 00005153 00005114 131009 345 43064.4114802199
25.11.2017 09:52:32 +00.16400E+00  0593 034443 1 00005154 00005114 131009 342 43064.4114841782
25.11.2017 09:52:32 +00.16399E+00  0606 034443 1 00005155 00005114 131009 343 43064.4114881482
25.11.2017 09:52:32 +00.16400E+00  0624 034443 1 00005156 00005114 131009 374 43064.4114924769
25.11.2017 09:52:33 +00.16400E+00  0635 034443 1 00005157 00005114 131009 343 43064.4114964583
25.11.2017 09:52:38 +00.16429E+00  0010 034505 1 00005158 00005158 131009 382 43064.4115575231
25.11.2017 09:52:38 +00.16429E+00  0030 034505 1 00005159 00005158 131009 342 43064.4115614815
25.11.2017 09:52:39 +00.16429E+00  0049 034505 1 00005160 00005158 131009 343 43064.4115654514
25.11.2017 09:52:39 +00.16429E+00  0062 034505 1 00005161 00005158 131009 343 43064.4115694213
25.11.2017 09:52:39 +00.16429E+00  0073 034505 1 00005162 00005158 131009 377 43064.4115737847
25.11.2017 09:52:40 +00.16429E+00  0088 034505 1 00005163 00005158 131009 340 43064.4115777199
25.11.2017 09:52:40 +00.16429E+00  0100 034505 1 00005164 00005158 131009 342 43064.4115816898
25.11.2017 09:52:41 +00.16429E+00  0112 034505 1 00005165 00005158 131009 342 43064.4115856597
25.11.2017 09:52:41 +00.16429E+00  0121 034505 1 00005166 00005158 131009 379 43064.4115900579
25.11.2017 09:52:41 +00.16429E+00  0135 034505 1 00005167 00005158 131009 345 43064.4115940509
25.11.2017 09:52:42 +00.16429E+00  0150 034505 1 00005168 00005158 131009 343 43064.4115980208
25.11.2017 09:52:42 +00.16429E+00  0162 034505 1 00005169 00005158 131009 343 43064.4116019907
25.11.2017 09:52:42 +00.16429E+00  0177 034505 1 00005170 00005158 131009 373 43064.4116063079
25.11.2017 09:52:43 +00.16429E+00  0190 034505 1 00005171 00005158 131009 344 43064.4116102894
25.11.2017 09:52:43 +00.16429E+00  0199 034505 1 00005172 00005158 131009 343 43064.4116142708
25.11.2017 09:52:43 +00.16429E+00  0221 034507 1 00005173 00005158 131009 342 43064.4116182292
25.11.2017 09:52:44 +00.16430E+00  0240 034507 1 00005174 00005158 131009 375 43064.4116225694
25.11.2017 09:52:44 +00.16430E+00  0261 034507 1 00005175 00005158 131009 342 43064.4116265394
25.11.2017 09:52:44 +00.16430E+00  0275 034507 1 00005176 00005158 131009 343 43064.4116305093
25.11.2017 09:52:45 +00.16430E+00  0285 034507 1 00005177 00005158 131009 343 43064.4116344792
25.11.2017 09:52:45 +00.16430E+00  0297 034507 1 00005178 00005158 131009 376 43064.411638831
25.11.2017 09:52:45 +00.16430E+00  0304 034507 1 00005179 00005158 131009 341 43064.4116427894
25.11.2017 09:52:46 +00.16430E+00  0313 034507 1 00005180 00005158 131009 343 43064.4116467593
25.11.2017 09:52:46 +00.16430E+00  0328 034507 1 00005181 00005158 131009 344 43064.4116507407
25.11.2017 09:52:47 +00.16430E+00  0336 034507 1 00005182 00005158 131009 376 43064.4116550926
25.11.2017 09:52:47 +00.16430E+00  0348 034507 1 00005183 00005158 131009 341 43064.4116590394
25.11.2017 09:52:47 +00.16430E+00  0360 034507 1 00005184 00005158 131009 343 43064.4116630093
25.11.2017 09:52:48 +00.16430E+00  0376 034507 1 00005185 00005158 131009 343 43064.4116669792
25.11.2017 09:52:48 +00.16430E+00  0394 034507 1 00005186 00005158 131009 378 43064.4116713542
25.11.2017 09:52:48 +00.16430E+00  0416 034507 1 00005187 00005158 131009 340 43064.4116752894
25.11.2017 09:52:49 +00.16430E+00  0427 034507 1 00005188 00005158 131009 343 43064.4116792593
25.11.2017 09:52:49 +00.16430E+00  0446 034507 1 00005189 00005158 131009 342 43064.4116832176
25.11.2017 09:52:49 +00.16430E+00  0460 034507 1 00005190 00005158 131009 379 43064.4116876157
25.11.2017 09:52:50 +00.16430E+00  0479 034507 1 00005191 00005158 131009 345 43064.4116916088
25.11.2017 09:52:50 +00.16430E+00  0498 034507 1 00005192 00005158 131009 343 43064.4116955787
25.11.2017 09:52:50 +00.16430E+00  0515 034507 1 00005193 00005158 131009 343 43064.4116995486
25.11.2017 09:52:51 +00.16430E+00  0530 034507 1 00005194 00005158 131009 374 43064.4117038773
25.11.2017 09:52:51 +00.16430E+00  0541 034507 1 00005195 00005158 131009 343 43064.4117078472
25.11.2017 09:52:51 +00.16430E+00  0565 034507 1 00005196 00005158 131009 342 43064.4117118171
25.11.2017 09:52:52 +00.16430E+00  0579 034507 1 00005197 00005158 131009 343 43064.4117157986
25.11.2017 09:52:52 +00.16430E+00  0591 034507 1 00005198 00005158 131009 375 43064.4117201389
25.11.2017 09:52:52 +00.16430E+00  0610 034507 1 00005199 00005158 131009 341 43064.4117240972
25.11.2017 09:52:53 +00.16430E+00  0623 034507 1 00005200 00005158 131009 343 43064.4117280671
25.11.2017 09:52:53 +00.16430E+00  0643 034507 1 00005201 00005158 131009 343 43064.411732037
25.11.2017 09:52:54 +00.16430E+00  0655 034507 1 00005202 00005158 131009 377 43064.4117364005
25.11.2017 09:52:59 +00.16460E+00  0023 034569 1 00005203 00005203 131009 377 43064.4118014468
25.11.2017 09:52:59 +00.16460E+00  0039 034569 1 00005204 00005203 131009 340 43064.4118053819
25.11.2017 09:53:00 +00.16459E+00  0055 034569 1 00005205 00005203 131009 342 43064.4118093519
25.11.2017 09:53:00 +00.16460E+00  0075 034569 1 00005206 00005203 131009 343 43064.4118133218
25.11.2017 09:53:01 +00.16460E+00  0100 034569 1 00005207 00005203 131009 381 43064.4118177315
25.11.2017 09:53:01 +00.16460E+00  0112 034569 1 00005208 00005203 131009 343 43064.4118217014
25.11.2017 09:53:01 +00.16460E+00  0122 034569 1 00005209 00005203 131009 343 43064.4118256713
25.11.2017 09:53:02 +00.16460E+00  0133 034569 1 00005210 00005203 131009 343 43064.4118296412
25.11.2017 09:53:02 +00.16460E+00  0148 034569 1 00005211 00005203 131009 374 43064.4118339699
25.11.2017 09:53:02 +00.16460E+00  0163 034569 1 00005212 00005203 131009 344 43064.4118379514
25.11.2017 09:53:03 +00.16460E+00  0172 034569 1 00005213 00005203 131009 343 43064.4118419213
25.11.2017 09:53:03 +00.16460E+00  0187 034569 1 00005214 00005203 131009 343 43064.4118458912
25.11.2017 09:53:03 +00.16460E+00  0200 034569 1 00005215 00005203 131009 376 43064.4118502431
25.11.2017 09:53:04 +00.16459E+00  0216 034569 1 00005216 00005203 131009 342 43064.4118542014
25.11.2017 09:53:04 +00.16460E+00  0232 034571 1 00005217 00005203 131009 343 43064.4118581713
25.11.2017 09:53:04 +00.16460E+00  0251 034571 1 00005218 00005203 131009 343 43064.4118621412
25.11.2017 09:53:05 +00.16460E+00  0268 034571 1 00005219 00005203 131009 377 43064.4118665046
25.11.2017 09:53:05 +00.16461E+00  0283 034571 1 00005220 00005203 131009 341 43064.4118704514
25.11.2017 09:53:05 +00.16461E+00  0303 034571 1 00005221 00005203 131009 342 43064.4118744097
25.11.2017 09:53:06 +00.16461E+00  0323 034571 1 00005222 00005203 131009 342 43064.4118783796
25.11.2017 09:53:06 +00.16461E+00  0336 034571 1 00005223 00005203 131009 378 43064.4118827662
25.11.2017 09:53:07 +00.16461E+00  0348 034571 1 00005224 00005203 131009 340 43064.4118867014
25.11.2017 09:53:07 +00.16461E+00  0366 034571 1 00005225 00005203 131009 342 43064.4118906597
25.11.2017 09:53:07 +00.16461E+00  0375 034571 1 00005226 00005203 131009 342 43064.4118946296
25.11.2017 09:53:08 +00.16461E+00  0393 034571 1 00005227 00005203 131009 379 43064.4118990162
25.11.2017 09:53:08 +00.16460E+00  0408 034571 1 00005228 00005203 131009 345 43064.4119030208
25.11.2017 09:53:08 +00.16461E+00  0418 034571 1 00005229 00005203 131009 342 43064.4119069792
25.11.2017 09:53:09 +00.16461E+00  0435 034571 1 00005230 00005203 131009 343 43064.4119109491
25.11.2017 09:53:09 +00.16461E+00  0447 034571 1 00005231 00005203 131009 373 43064.4119152778
25.11.2017 09:53:09 +00.16461E+00  0461 034569 1 00005232 00005203 131009 343 43064.4119192593
25.11.2017 09:53:10 +00.16460E+00  0472 034569 1 00005233 00005203 131009 343 43064.4119232292
25.11.2017 09:53:10 +00.16460E+00  0490 034569 1 00005234 00005203 131009 344 43064.4119272106
25.11.2017 09:53:10 +00.16460E+00  0504 034569 1 00005235 00005203 131009 375 43064.4119315509
25.11.2017 09:53:11 +00.16460E+00  0515 034569 1 00005236 00005203 131009 342 43064.4119355093
25.11.2017 09:53:11 +00.16460E+00  0527 034569 1 00005237 00005203 131009 343 43064.4119394792
25.11.2017 09:53:11 +00.16460E+00  0541 034569 1 00005238 00005203 131009 343 43064.4119434491
25.11.2017 09:53:12 +00.16460E+00  0552 034569 1 00005239 00005203 131009 377 43064.4119478125
25.11.2017 09:53:12 +00.16460E+00  0561 034569 1 00005240 00005203 131009 341 43064.4119517593
25.11.2017 09:53:12 +00.16460E+00  0580 034569 1 00005241 00005203 131009 343 43064.4119557292
25.11.2017 09:53:13 +00.16459E+00  0603 034569 1 00005242 00005203 131009 343 43064.4119596991
25.11.2017 09:53:13 +00.16460E+00  0611 034569 1 00005243 00005203 131009 378 43064.4119640741
25.11.2017 09:53:14 +00.16460E+00  0628 034569 1 00005244 00005203 131009 340 43064.4119680093
25.11.2017 09:53:14 +00.16460E+00  0642 034569 1 00005245 00005203 131009 341 43064.4119719676
25.11.2017 09:53:14 +00.16459E+00  0656 034569 1 00005246 00005203 131009 342 43064.4119759375
25.11.2017 09:53:19 +00.16490E+00  0013 034632 1 00005247 00005247 131009 342 43064.4120365509
25.11.2017 09:53:20 +00.16489E+00  0030 034632 1 00005248 00005247 131009 343 43064.4120405208
25.11.2017 09:53:20 +00.16489E+00  0040 034632 1 00005249 00005247 131009 419 43064.4120453819
25.11.2017 09:53:21 +00.16490E+00  0059 034632 1 00005250 00005247 131009 341 43064.4120493403
25.11.2017 09:53:21 +00.16490E+00  0068 034632 1 00005251 00005247 131009 343 43064.4120533102
25.11.2017 09:53:21 +00.16490E+00  0082 034632 1 00005252 00005247 131009 343 43064.4120572801
25.11.2017 09:53:22 +00.16490E+00  0096 034632 1 00005253 00005247 131009 375 43064.4120616319
25.11.2017 09:53:22 +00.16489E+00  0111 034632 1 00005254 00005247 131009 342 43064.4120655903
25.11.2017 09:53:22 +00.16490E+00  0132 034632 1 00005255 00005247 131009 343 43064.4120695602
25.11.2017 09:53:23 +00.16490E+00  0145 034632 1 00005256 00005247 131009 343 43064.4120735301
25.11.2017 09:53:23 +00.16489E+00  0160 034632 1 00005257 00005247 131009 378 43064.4120779051
25.11.2017 09:53:23 +00.16489E+00  0174 034632 1 00005258 00005247 131009 340 43064.4120818403
25.11.2017 09:53:24 +00.16489E+00  0192 034632 1 00005259 00005247 131009 343 43064.4120858102
25.11.2017 09:53:24 +00.16490E+00  0203 034632 1 00005260 00005247 131009 343 43064.4120897801
25.11.2017 09:53:24 +00.16490E+00  0218 034632 1 00005261 00005247 131009 379 43064.4120941667
25.11.2017 09:53:25 +00.16490E+00  0234 034632 1 00005262 00005247 131009 340 43064.4120981018
25.11.2017 09:53:25 +00.16490E+00  0249 034632 1 00005263 00005247 131009 341 43064.4121020486
25.11.2017 09:53:25 +00.16490E+00  0262 034632 1 00005264 00005247 131009 343 43064.4121060301
25.11.2017 09:53:26 +00.16489E+00  0279 034632 1 00005265 00005247 131009 380 43064.4121104282
25.11.2017 09:53:26 +00.16490E+00  0290 034632 1 00005266 00005247 131009 344 43064.4121144097
25.11.2017 09:53:27 +00.16490E+00  0308 034632 1 00005267 00005247 131009 343 43064.4121183796
25.11.2017 09:53:27 +00.16490E+00  0322 034632 1 00005268 00005247 131009 343 43064.4121223495
25.11.2017 09:53:27 +00.16489E+00  0338 034632 1 00005269 00005247 131009 375 43064.4121266898
25.11.2017 09:53:28 +00.16490E+00  0351 034632 1 00005270 00005247 131009 342 43064.4121306481
25.11.2017 09:53:28 +00.16490E+00  0371 034632 1 00005271 00005247 131009 342 43064.4121346181
25.11.2017 09:53:28 +00.16490E+00  0382 034632 1 00005272 00005247 131009 343 43064.4121385995
25.11.2017 09:53:29 +00.16490E+00  0389 034632 1 00005273 00005247 131009 375 43064.4121429398
25.11.2017 09:53:29 +00.16490E+00  0397 034632 1 00005274 00005247 131009 341 43064.4121468981
25.11.2017 09:53:29 +00.16489E+00  0409 034632 1 00005275 00005247 131009 344 43064.4121508796
25.11.2017 09:53:30 +00.16489E+00  0429 034632 1 00005276 00005247 131009 342 43064.412154838
25.11.2017 09:53:30 +00.16490E+00  0442 034634 1 00005277 00005247 131009 377 43064.412159213
25.11.2017 09:53:30 +00.16490E+00  0462 034634 1 00005278 00005247 131009 340 43064.4121631597
25.11.2017 09:53:31 +00.16490E+00  0473 034634 1 00005279 00005247 131009 341 43064.4121671181
25.11.2017 09:53:31 +00.16490E+00  0480 034634 1 00005280 00005247 131009 343 43064.412171088
25.11.2017 09:53:31 +00.16490E+00  0495 034634 1 00005281 00005247 131009 379 43064.4121754745
25.11.2017 09:53:32 +00.16490E+00  0513 034634 1 00005282 00005247 131009 340 43064.4121794097
25.11.2017 09:53:32 +00.16490E+00  0532 034634 1 00005283 00005247 131009 341 43064.4121833681
25.11.2017 09:53:32 +00.16491E+00  0541 034634 1 00005284 00005247 131009 343 43064.412187338
25.11.2017 09:53:33 +00.16491E+00  0557 034634 1 00005285 00005247 131009 380 43064.4121917361
25.11.2017 09:53:33 +00.16491E+00  0574 034634 1 00005286 00005247 131009 344 43064.4121957176
25.11.2017 09:53:34 +00.16490E+00  0589 034634 1 00005287 00005247 131009 343 43064.4121996875
25.11.2017 09:53:34 +00.16491E+00  0605 034634 1 00005288 00005247 131009 343 43064.4122036574
25.11.2017 09:53:34 +00.16490E+00  0617 034634 1 00005289 00005247 131009 375 43064.4122079977
25.11.2017 09:53:35 +00.16491E+00  0637 034634 1 00005290 00005247 131009 343 43064.4122119676
25.11.2017 09:53:35 +00.16491E+00  0651 034634 1 00005291 00005247 131009 343 43064.4122159375
25.11.2017 09:53:41 +00.16519E+00  0016 034694 1 00005292 00005292 131009 342 43064.4122804514
25.11.2017 09:53:41 +00.16519E+00  0028 034694 1 00005293 00005292 131009 342 43064.4122844213
25.11.2017 09:53:41 +00.16519E+00  0042 034694 1 00005294 00005292 131009 421 43064.4122893056
25.11.2017 09:53:42 +00.16519E+00  0057 034694 1 00005295 00005292 131009 340 43064.4122932523
25.11.2017 09:53:42 +00.16519E+00  0072 034694 1 00005296 00005292 131009 341 43064.4122972106
25.11.2017 09:53:42 +00.16519E+00  0085 034694 1 00005297 00005292 131009 342 43064.4123011806
25.11.2017 09:53:43 +00.16519E+00  0103 034694 1 00005298 00005292 131009 378 43064.4123055671
25.11.2017 09:53:43 +00.16519E+00  0113 034694 1 00005299 00005292 131009 344 43064.4123095602
25.11.2017 09:53:43 +00.16519E+00  0128 034694 1 00005300 00005292 131009 343 43064.4123135417
25.11.2017 09:53:44 +00.16519E+00  0144 034694 1 00005301 00005292 131009 342 43064.4123175
25.11.2017 09:53:44 +00.16519E+00  0161 034694 1 00005302 00005292 131009 373 43064.4123218287
25.11.2017 09:53:44 +00.16519E+00  0174 034694 1 00005303 00005292 131009 344 43064.4123258102
25.11.2017 09:53:45 +00.16519E+00  0182 034694 1 00005304 00005292 131009 342 43064.4123297801
25.11.2017 09:53:45 +00.16519E+00  0199 034694 1 00005305 00005292 131009 342 43064.41233375
25.11.2017 09:53:46 +00.16519E+00  0207 034694 1 00005306 00005292 131009 374 43064.4123380903
25.11.2017 09:53:46 +00.16519E+00  0222 034696 1 00005307 00005292 131009 342 43064.4123420602
25.11.2017 09:53:46 +00.16520E+00  0234 034696 1 00005308 00005292 131009 343 43064.4123460301
25.11.2017 09:53:47 +00.16520E+00  0255 034696 1 00005309 00005292 131009 343 43064.41235
25.11.2017 09:53:47 +00.16520E+00  0270 034696 1 00005310 00005292 131009 375 43064.4123543519
25.11.2017 09:53:47 +00.16520E+00  0288 034696 1 00005311 00005292 131009 342 43064.4123583102
25.11.2017 09:53:48 +00.16520E+00  0303 034696 1 00005312 00005292 131009 343 43064.4123622801
25.11.2017 09:53:48 +00.16520E+00  0317 034696 1 00005313 00005292 131009 343 43064.41236625
25.11.2017 09:53:48 +00.16520E+00  0339 034696 1 00005314 00005292 131009 377 43064.4123706134
25.11.2017 09:53:49 +00.16520E+00  0360 034696 1 00005315 00005292 131009 341 43064.4123745602
25.11.2017 09:53:49 +00.16520E+00  0370 034696 1 00005316 00005292 131009 343 43064.4123785301
25.11.2017 09:53:49 +00.16520E+00  0383 034696 1 00005317 00005292 131009 343 43064.4123825
25.11.2017 09:53:50 +00.16520E+00  0397 034696 1 00005318 00005292 131009 378 43064.412386875
25.11.2017 09:53:50 +00.16520E+00  0416 034696 1 00005319 00005292 131009 340 43064.4123908102
25.11.2017 09:53:50 +00.16520E+00  0426 034696 1 00005320 00005292 131009 341 43064.4123947685
25.11.2017 09:53:51 +00.16520E+00  0437 034696 1 00005321 00005292 131009 342 43064.4123987384
25.11.2017 09:53:51 +00.16520E+00  0449 034696 1 00005322 00005292 131009 379 43064.4124031366
25.11.2017 09:53:51 +00.16520E+00  0461 034696 1 00005323 00005292 131009 343 43064.4124071181
25.11.2017 09:53:52 +00.16520E+00  0481 034696 1 00005324 00005292 131009 342 43064.412411088
25.11.2017 09:53:52 +00.16520E+00  0497 034696 1 00005325 00005292 131009 343 43064.4124150694
25.11.2017 09:53:53 +00.16520E+00  0509 034696 1 00005326 00005292 131009 375 43064.4124194097
25.11.2017 09:53:53 +00.16520E+00  0524 034696 1 00005327 00005292 131009 342 43064.4124233681
25.11.2017 09:53:53 +00.16520E+00  0538 034696 1 00005328 00005292 131009 342 43064.412427338
25.11.2017 09:53:54 +00.16520E+00  0552 034696 1 00005329 00005292 131009 342 43064.4124313079
25.11.2017 09:53:54 +00.16520E+00  0562 034696 1 00005330 00005292 131009 375 43064.4124356597
25.11.2017 09:53:54 +00.16520E+00  0580 034696 1 00005331 00005292 131009 341 43064.4124396181
25.11.2017 09:53:55 +00.16520E+00  0596 034696 1 00005332 00005292 131009 343 43064.412443588
25.11.2017 09:53:55 +00.16520E+00  0605 034696 1 00005333 00005292 131009 343 43064.4124475579
25.11.2017 09:53:55 +00.16520E+00  0623 034696 1 00005334 00005292 131009 377 43064.4124519213
25.11.2017 09:53:56 +00.16520E+00  0638 034696 1 00005335 00005292 131009 340 43064.4124558681
25.11.2017 09:54:01 +00.16550E+00  0012 034758 1 00005336 00005336 131009 342 43064.4125211227
25.11.2017 09:54:02 +00.16550E+00  0029 034758 1 00005337 00005336 131009 343 43064.4125250926
25.11.2017 09:54:02 +00.16549E+00  0039 034758 1 00005338 00005336 131009 343 43064.4125290625
25.11.2017 09:54:02 +00.16549E+00  0046 034758 1 00005339 00005336 131009 360 43064.4125332292
25.11.2017 09:54:03 +00.16549E+00  0058 034758 1 00005340 00005336 131009 345 43064.4125372222
25.11.2017 09:54:03 +00.16549E+00  0071 034758 1 00005341 00005336 131009 343 43064.4125411921
25.11.2017 09:54:03 +00.16549E+00  0088 034758 1 00005342 00005336 131009 343 43064.412545162
25.11.2017 09:54:04 +00.16550E+00  0103 034758 1 00005343 00005336 131009 374 43064.4125494907
25.11.2017 09:54:04 +00.16549E+00  0118 034758 1 00005344 00005336 131009 343 43064.4125534722
25.11.2017 09:54:04 +00.16550E+00  0131 034758 1 00005345 00005336 131009 343 43064.4125574421
25.11.2017 09:54:05 +00.16549E+00  0146 034758 1 00005346 00005336 131009 343 43064.412561412
25.11.2017 09:54:05 +00.16549E+00  0164 034758 1 00005347 00005336 131009 376 43064.4125657639
25.11.2017 09:54:06 +00.16550E+00  0178 034758 1 00005348 00005336 131009 342 43064.4125697222
25.11.2017 09:54:06 +00.16550E+00  0193 034758 1 00005349 00005336 131009 343 43064.4125736921
25.11.2017 09:54:06 +00.16549E+00  0205 034758 1 00005350 00005336 131009 342 43064.4125776505
25.11.2017 09:54:07 +00.16550E+00  0215 034760 1 00005351 00005336 131009 377 43064.4125820255
25.11.2017 09:54:07 +00.16550E+00  0225 034760 1 00005352 00005336 131009 340 43064.4125859607
25.11.2017 09:54:07 +00.16550E+00  0236 034760 1 00005353 00005336 131009 342 43064.4125899306
25.11.2017 09:54:08 +00.16550E+00  0250 034760 1 00005354 00005336 131009 342 43064.4125939005
25.11.2017 09:54:08 +00.16550E+00  0270 034760 1 00005355 00005336 131009 377 43064.4125982755
25.11.2017 09:54:08 +00.16550E+00  0292 034760 1 00005356 00005336 131009 340 43064.4126022222
25.11.2017 09:54:09 +00.16550E+00  0309 034760 1 00005357 00005336 131009 341 43064.4126061806
25.11.2017 09:54:09 +00.16550E+00  0322 034760 1 00005358 00005336 131009 343 43064.4126101505
25.11.2017 09:54:09 +00.16550E+00  0338 034760 1 00005359 00005336 131009 380 43064.4126145486
25.11.2017 09:54:10 +00.16550E+00  0354 034760 1 00005360 00005336 131009 344 43064.4126185301
25.11.2017 09:54:10 +00.16550E+00  0366 034760 1 00005361 00005336 131009 342 43064.4126225
25.11.2017 09:54:10 +00.16550E+00  0379 034760 1 00005362 00005336 131009 344 43064.4126264815
25.11.2017 09:54:11 +00.16550E+00  0397 034760 1 00005363 00005336 131009 373 43064.4126307986
25.11.2017 09:54:11 +00.16550E+00  0409 034760 1 00005364 00005336 131009 343 43064.4126347801
25.11.2017 09:54:11 +00.16550E+00  0431 034760 1 00005365 00005336 131009 343 43064.41263875
25.11.2017 09:54:12 +00.16550E+00  0443 034760 1 00005366 00005336 131009 343 43064.4126427199
25.11.2017 09:54:12 +00.16550E+00  0465 034760 1 00005367 00005336 131009 375 43064.4126470602
25.11.2017 09:54:13 +00.16550E+00  0478 034760 1 00005368 00005336 131009 344 43064.4126510417
25.11.2017 09:54:13 +00.16551E+00  0488 034760 1 00005369 00005336 131009 342 43064.412655
25.11.2017 09:54:13 +00.16551E+00  0501 034760 1 00005370 00005336 131009 343 43064.4126589699
25.11.2017 09:54:14 +00.16551E+00  0517 034760 1 00005371 00005336 131009 377 43064.4126633333
25.11.2017 09:54:14 +00.16551E+00  0534 034760 1 00005372 00005336 131009 340 43064.4126672685
25.11.2017 09:54:14 +00.16550E+00  0546 034760 1 00005373 00005336 131009 343 43064.41267125
25.11.2017 09:54:15 +00.16550E+00  0564 034760 1 00005374 00005336 131009 343 43064.4126752199
25.11.2017 09:54:15 +00.16550E+00  0575 034760 1 00005375 00005336 131009 378 43064.4126795949
25.11.2017 09:54:15 +00.16550E+00  0594 034760 1 00005376 00005336 131009 340 43064.4126835301
25.11.2017 09:54:16 +00.16550E+00  0603 034760 1 00005377 00005336 131009 341 43064.4126874884
25.11.2017 09:54:16 +00.16550E+00  0620 034760 1 00005378 00005336 131009 342 43064.4126914583
25.11.2017 09:54:16 +00.16550E+00  0638 034760 1 00005379 00005336 131009 378 43064.4126958449
25.11.2017 09:54:17 +00.16550E+00  0654 034760 1 00005380 00005336 131009 344 43064.412699838
25.11.2017 09:54:22 +00.16579E+00  0015 034820 1 00005381 00005381 131009 381 43064.4127609028
25.11.2017 09:54:22 +00.16579E+00  0025 034820 1 00005382 00005381 131009 342 43064.4127648611
25.11.2017 09:54:23 +00.16579E+00  0033 034820 1 00005383 00005381 131009 343 43064.412768831
25.11.2017 09:54:23 +00.16579E+00  0050 034820 1 00005384 00005381 131009 346 43064.4127728356
25.11.2017 09:54:23 +00.16579E+00  0075 034820 1 00005385 00005381 131009 373 43064.4127771528
25.11.2017 09:54:24 +00.16579E+00  0094 034820 1 00005386 00005381 131009 342 43064.4127811111
25.11.2017 09:54:24 +00.16579E+00  0118 034820 1 00005387 00005381 131009 343 43064.412785081
25.11.2017 09:54:24 +00.16579E+00  0133 034820 1 00005388 00005381 131009 343 43064.4127890509
25.11.2017 09:54:25 +00.16579E+00  0145 034820 1 00005389 00005381 131009 378 43064.4127934259
25.11.2017 09:54:25 +00.16579E+00  0168 034820 1 00005390 00005381 131009 340 43064.4127973611
25.11.2017 09:54:26 +00.16579E+00  0180 034820 1 00005391 00005381 131009 342 43064.412801331
25.11.2017 09:54:26 +00.16579E+00  0192 034820 1 00005392 00005381 131009 343 43064.4128053009
25.11.2017 09:54:26 +00.16579E+00  0205 034820 1 00005393 00005381 131009 379 43064.4128096875
25.11.2017 09:54:27 +00.16579E+00  0213 034820 1 00005394 00005381 131009 345 43064.4128136806
25.11.2017 09:54:27 +00.16579E+00  0227 034820 1 00005395 00005381 131009 343 43064.4128176505
25.11.2017 09:54:27 +00.16580E+00  0242 034822 1 00005396 00005381 131009 343 43064.4128216204
25.11.2017 09:54:28 +00.16580E+00  0257 034822 1 00005397 00005381 131009 374 43064.4128259491
25.11.2017 09:54:28 +00.16580E+00  0267 034822 1 00005398 00005381 131009 344 43064.4128299306
25.11.2017 09:54:28 +00.16580E+00  0285 034822 1 00005399 00005381 131009 342 43064.4128338889
25.11.2017 09:54:29 +00.16580E+00  0301 034822 1 00005400 00005381 131009 343 43064.4128378704
25.11.2017 09:54:29 +00.16580E+00  0315 034822 1 00005401 00005381 131009 375 43064.4128422107
25.11.2017 09:54:29 +00.16580E+00  0325 034822 1 00005402 00005381 131009 342 43064.412846169
25.11.2017 09:54:30 +00.16580E+00  0336 034822 1 00005403 00005381 131009 342 43064.4128501389
25.11.2017 09:54:30 +00.16580E+00  0350 034822 1 00005404 00005381 131009 342 43064.4128541088
25.11.2017 09:54:30 +00.16580E+00  0364 034822 1 00005405 00005381 131009 376 43064.4128584722
25.11.2017 09:54:31 +00.16580E+00  0381 034822 1 00005406 00005381 131009 341 43064.412862419
25.11.2017 09:54:31 +00.16580E+00  0393 034822 1 00005407 00005381 131009 343 43064.4128663889
25.11.2017 09:54:31 +00.16580E+00  0414 034822 1 00005408 00005381 131009 343 43064.4128703588
25.11.2017 09:54:32 +00.16580E+00  0433 034822 1 00005409 00005381 131009 378 43064.4128747338
25.11.2017 09:54:32 +00.16580E+00  0441 034822 1 00005410 00005381 131009 340 43064.4128786806
25.11.2017 09:54:33 +00.16580E+00  0459 034822 1 00005411 00005381 131009 341 43064.4128826389
25.11.2017 09:54:33 +00.16580E+00  0469 034822 1 00005412 00005381 131009 343 43064.4128866088
25.11.2017 09:54:33 +00.16580E+00  0480 034822 1 00005413 00005381 131009 379 43064.4128909954
25.11.2017 09:54:34 +00.16580E+00  0499 034822 1 00005414 00005381 131009 340 43064.4128949306
25.11.2017 09:54:34 +00.16580E+00  0512 034822 1 00005415 00005381 131009 341 43064.4128988889
25.11.2017 09:54:34 +00.16580E+00  0523 034822 1 00005416 00005381 131009 343 43064.4129028588
25.11.2017 09:54:35 +00.16580E+00  0537 034822 1 00005417 00005381 131009 380 43064.4129072569
25.11.2017 09:54:35 +00.16580E+00  0553 034822 1 00005418 00005381 131009 344 43064.4129112384
25.11.2017 09:54:35 +00.16580E+00  0566 034822 1 00005419 00005381 131009 343 43064.4129152083
25.11.2017 09:54:36 +00.16580E+00  0581 034822 1 00005420 00005381 131009 343 43064.4129191782
25.11.2017 09:54:36 +00.16580E+00  0594 034822 1 00005421 00005381 131009 375 43064.4129235185
25.11.2017 09:54:36 +00.16580E+00  0604 034822 1 00005422 00005381 131009 343 43064.4129274884
25.11.2017 09:54:37 +00.16580E+00  0619 034822 1 00005423 00005381 131009 343 43064.4129314583
25.11.2017 09:54:37 +00.16580E+00  0631 034822 1 00005424 00005381 131009 343 43064.4129354282
25.11.2017 09:54:37 +00.16580E+00  0643 034822 1 00005425 00005381 131009 376 43064.4129397801
25.11.2017 09:54:43 +00.16609E+00  0013 034881 1 00005426 00005426 131009 342 43064.4130002199
25.11.2017 09:54:43 +00.16608E+00  0026 034881 1 00005427 00005426 131009 397 43064.4130048264
25.11.2017 09:54:43 +00.16608E+00  0046 034881 1 00005428 00005426 131009 345 43064.413008831
25.11.2017 09:54:44 +00.16608E+00  0064 034881 1 00005429 00005426 131009 343 43064.4130128009
25.11.2017 09:54:44 +00.16608E+00  0081 034881 1 00005430 00005426 131009 342 43064.4130167593
25.11.2017 09:54:45 +00.16608E+00  0091 034881 1 00005431 00005426 131009 373 43064.413021088
25.11.2017 09:54:45 +00.16608E+00  0108 034881 1 00005432 00005426 131009 343 43064.4130250694
25.11.2017 09:54:45 +00.16608E+00  0115 034881 1 00005433 00005426 131009 343 43064.4130290394
25.11.2017 09:54:46 +00.16608E+00  0125 034881 1 00005434 00005426 131009 342 43064.4130330093
25.11.2017 09:54:46 +00.16608E+00  0137 034881 1 00005435 00005426 131009 374 43064.4130373495
25.11.2017 09:54:46 +00.16608E+00  0153 034881 1 00005436 00005426 131009 342 43064.4130413194
25.11.2017 09:54:47 +00.16608E+00  0165 034881 1 00005437 00005426 131009 343 43064.4130452894
25.11.2017 09:54:47 +00.16608E+00  0180 034881 1 00005438 00005426 131009 343 43064.4130492593
25.11.2017 09:54:47 +00.16608E+00  0198 034881 1 00005439 00005426 131009 376 43064.4130536111
25.11.2017 09:54:48 +00.16608E+00  0211 034881 1 00005440 00005426 131009 342 43064.4130575694
25.11.2017 09:54:48 +00.16609E+00  0226 034885 1 00005441 00005426 131009 343 43064.4130615394
25.11.2017 09:54:48 +00.16610E+00  0240 034885 1 00005442 00005426 131009 343 43064.4130655093
25.11.2017 09:54:49 +00.16610E+00  0254 034885 1 00005443 00005426 131009 377 43064.4130698727
25.11.2017 09:54:49 +00.16610E+00  0268 034885 1 00005444 00005426 131009 340 43064.4130738079
25.11.2017 09:54:49 +00.16610E+00  0284 034885 1 00005445 00005426 131009 343 43064.4130777894
25.11.2017 09:54:50 +00.16610E+00  0302 034885 1 00005446 00005426 131009 343 43064.4130817593
25.11.2017 09:54:50 +00.16610E+00  0322 034885 1 00005447 00005426 131009 378 43064.4130861343
25.11.2017 09:54:50 +00.16610E+00  0335 034885 1 00005448 00005426 131009 340 43064.4130900694
25.11.2017 09:54:51 +00.16610E+00  0350 034885 1 00005449 00005426 131009 341 43064.4130940278
25.11.2017 09:54:51 +00.16610E+00  0367 034885 1 00005450 00005426 131009 342 43064.4130979977
25.11.2017 09:54:52 +00.16610E+00  0379 034885 1 00005451 00005426 131009 379 43064.4131023958
25.11.2017 09:54:52 +00.16610E+00  0395 034885 1 00005452 00005426 131009 344 43064.4131063773
25.11.2017 09:54:52 +00.16610E+00  0407 034885 1 00005453 00005426 131009 342 43064.4131103472
25.11.2017 09:54:53 +00.16610E+00  0421 034885 1 00005454 00005426 131009 343 43064.4131143287
25.11.2017 09:54:53 +00.16610E+00  0438 034885 1 00005455 00005426 131009 374 43064.4131186574
25.11.2017 09:54:53 +00.16610E+00  0452 034885 1 00005456 00005426 131009 343 43064.4131226273
25.11.2017 09:54:54 +00.16610E+00  0467 034885 1 00005457 00005426 131009 343 43064.4131265972
25.11.2017 09:54:54 +00.16610E+00  0485 034885 1 00005458 00005426 131009 343 43064.4131305671
25.11.2017 09:54:54 +00.16610E+00  0503 034885 1 00005459 00005426 131009 375 43064.413134919
25.11.2017 09:54:55 +00.16610E+00  0515 034885 1 00005460 00005426 131009 342 43064.4131388773
25.11.2017 09:54:55 +00.16610E+00  0535 034885 1 00005461 00005426 131009 343 43064.4131428472
25.11.2017 09:54:55 +00.16610E+00  0557 034885 1 00005462 00005426 131009 343 43064.4131468171
25.11.2017 09:54:56 +00.16610E+00  0575 034885 1 00005463 00005426 131009 377 43064.4131511806
25.11.2017 09:54:56 +00.16610E+00  0589 034885 1 00005464 00005426 131009 341 43064.4131551273
25.11.2017 09:54:56 +00.16610E+00  0599 034885 1 00005465 00005426 131009 343 43064.4131590972
25.11.2017 09:54:57 +00.16610E+00  0607 034885 1 00005466 00005426 131009 343 43064.4131630671
25.11.2017 09:54:57 +00.16610E+00  0617 034885 1 00005467 00005426 131009 378 43064.4131674421
25.11.2017 09:54:58 +00.16610E+00  0638 034885 1 00005468 00005426 131009 341 43064.4131713889
25.11.2017 09:54:58 +00.16610E+00  0654 034885 1 00005469 00005426 131009 342 43064.4131753472
25.11.2017 09:54:58 +00.16610E+00  0666 034885 1 00005470 00005426 131009 343 43064.4131793171
25.11.2017 09:55:03 +00.16640E+00  0010 034947 1 00005471 00005471 131009 343 43064.4132399306
25.11.2017 09:55:04 +00.16640E+00  0032 034947 1 00005472 00005471 131009 343 43064.4132439005
25.11.2017 09:55:04 +00.16640E+00  0047 034947 1 00005473 00005471 131009 419 43064.41324875
25.11.2017 09:55:05 +00.16640E+00  0068 034947 1 00005474 00005471 131009 342 43064.4132527199
25.11.2017 09:55:05 +00.16640E+00  0093 034947 1 00005475 00005471 131009 342 43064.4132566782
25.11.2017 09:55:05 +00.16640E+00  0102 034947 1 00005476 00005471 131009 343 43064.4132606597
25.11.2017 09:55:06 +00.16640E+00  0115 034947 1 00005477 00005471 131009 376 43064.4132650116
25.11.2017 09:55:06 +00.16640E+00  0129 034947 1 00005478 00005471 131009 341 43064.4132689583
25.11.2017 09:55:06 +00.16640E+00  0145 034947 1 00005479 00005471 131009 343 43064.4132729282
25.11.2017 09:55:07 +00.16639E+00  0154 034947 1 00005480 00005471 131009 343 43064.4132768982
25.11.2017 09:55:07 +00.16640E+00  0162 034947 1 00005481 00005471 131009 378 43064.4132812731
25.11.2017 09:55:07 +00.16640E+00  0179 034947 1 00005482 00005471 131009 340 43064.4132852199
25.11.2017 09:55:08 +00.16640E+00  0191 034947 1 00005483 00005471 131009 341 43064.4132891782
25.11.2017 09:55:08 +00.16640E+00  0205 034947 1 00005484 00005471 131009 343 43064.4132931482
25.11.2017 09:55:08 +00.16640E+00  0217 034947 1 00005485 00005471 131009 379 43064.4132975347
25.11.2017 09:55:09 +00.16640E+00  0233 034947 1 00005486 00005471 131009 340 43064.4133014699
25.11.2017 09:55:09 +00.16640E+00  0249 034947 1 00005487 00005471 131009 341 43064.4133054282
25.11.2017 09:55:09 +00.16639E+00  0258 034947 1 00005488 00005471 131009 343 43064.4133093982
25.11.2017 09:55:10 +00.16640E+00  0277 034947 1 00005489 00005471 131009 380 43064.4133137963
25.11.2017 09:55:10 +00.16640E+00  0292 034947 1 00005490 00005471 131009 344 43064.4133177778
25.11.2017 09:55:10 +00.16640E+00  0305 034947 1 00005491 00005471 131009 343 43064.4133217477
25.11.2017 09:55:11 +00.16640E+00  0324 034947 1 00005492 00005471 131009 343 43064.4133257176
25.11.2017 09:55:11 +00.16640E+00  0342 034947 1 00005493 00005471 131009 375 43064.4133300579
25.11.2017 09:55:12 +00.16640E+00  0362 034947 1 00005494 00005471 131009 343 43064.4133340278
25.11.2017 09:55:12 +00.16640E+00  0374 034947 1 00005495 00005471 131009 343 43064.4133379977
25.11.2017 09:55:12 +00.16640E+00  0387 034947 1 00005496 00005471 131009 343 43064.4133419676
25.11.2017 09:55:13 +00.16640E+00  0407 034947 1 00005497 00005471 131009 377 43064.413346331
25.11.2017 09:55:13 +00.16640E+00  0432 034947 1 00005498 00005471 131009 341 43064.4133502778
25.11.2017 09:55:13 +00.16640E+00  0448 034947 1 00005499 00005471 131009 342 43064.4133542361
25.11.2017 09:55:14 +00.16640E+00  0461 034947 1 00005500 00005471 131009 342 43064.413358206
25.11.2017 09:55:14 +00.16640E+00  0476 034947 1 00005501 00005471 131009 378 43064.4133625926
25.11.2017 09:55:14 +00.16640E+00  0492 034947 1 00005502 00005471 131009 340 43064.4133665278
25.11.2017 09:55:15 +00.16640E+00  0509 034947 1 00005503 00005471 131009 341 43064.4133704861
25.11.2017 09:55:15 +00.16639E+00  0525 034947 1 00005504 00005471 131009 343 43064.413374456
25.11.2017 09:55:15 +00.16640E+00  0538 034947 1 00005505 00005471 131009 379 43064.4133788426
25.11.2017 09:55:16 +00.16640E+00  0556 034947 1 00005506 00005471 131009 344 43064.4133828356
25.11.2017 09:55:16 +00.16640E+00  0573 034947 1 00005507 00005471 131009 344 43064.4133868171
25.11.2017 09:55:16 +00.16640E+00  0588 034947 1 00005508 00005471 131009 342 43064.4133907755
25.11.2017 09:55:17 +00.16640E+00  0601 034947 1 00005509 00005471 131009 373 43064.4133951042
25.11.2017 09:55:17 +00.16640E+00  0614 034947 1 00005510 00005471 131009 343 43064.4133990856
25.11.2017 09:55:18 +00.16640E+00  0623 034947 1 00005511 00005471 131009 343 43064.4134030556
25.11.2017 09:55:18 +00.16640E+00  0639 034947 1 00005512 00005471 131009 343 43064.4134070255
25.11.2017 09:55:18 +00.16640E+00  0657 034947 1 00005513 00005471 131009 376 43064.4134113773
25.11.2017 09:55:19 +00.16640E+00  0672 034947 1 00005514 00005471 131009 343 43064.4134153472
25.11.2017 09:55:19 +00.16639E+00  0693 034947 1 00005515 00005471 131009 343 43064.4134193171
25.11.2017 09:55:25 +00.16670E+00  0014 035010 1 00005516 00005516 131009 341 43064.4134838194
25.11.2017 09:55:25 +00.16670E+00  0027 035010 1 00005517 00005516 131009 343 43064.4134878009
25.11.2017 09:55:25 +00.16670E+00  0038 035010 1 00005518 00005516 131009 342 43064.4134917593
25.11.2017 09:55:26 +00.16669E+00  0049 035010 1 00005519 00005516 131009 360 43064.4134959375
25.11.2017 09:55:26 +00.16669E+00  0062 035010 1 00005520 00005516 131009 345 43064.4134999306
25.11.2017 09:55:26 +00.16670E+00  0071 035010 1 00005521 00005516 131009 343 43064.4135039005
25.11.2017 09:55:27 +00.16670E+00  0082 035010 1 00005522 00005516 131009 343 43064.4135078704
25.11.2017 09:55:27 +00.16670E+00  0101 035010 1 00005523 00005516 131009 374 43064.4135121991
25.11.2017 09:55:27 +00.16670E+00  0125 035010 1 00005524 00005516 131009 343 43064.413516169
25.11.2017 09:55:28 +00.16670E+00  0143 035010 1 00005525 00005516 131009 342 43064.4135201389
25.11.2017 09:55:28 +00.16670E+00  0159 035010 1 00005526 00005516 131009 343 43064.4135241204
25.11.2017 09:55:28 +00.16670E+00  0176 035010 1 00005527 00005516 131009 375 43064.4135284606
25.11.2017 09:55:29 +00.16669E+00  0200 035010 1 00005528 00005516 131009 342 43064.413532419
25.11.2017 09:55:29 +00.16669E+00  0212 035010 1 00005529 00005516 131009 343 43064.4135363889
25.11.2017 09:55:29 +00.16670E+00  0220 035012 1 00005530 00005516 131009 343 43064.4135403704
25.11.2017 09:55:30 +00.16670E+00  0239 035012 1 00005531 00005516 131009 376 43064.4135447222
25.11.2017 09:55:30 +00.16670E+00  0258 035012 1 00005532 00005516 131009 341 43064.413548669
25.11.2017 09:55:30 +00.16671E+00  0274 035012 1 00005533 00005516 131009 343 43064.4135526389
25.11.2017 09:55:31 +00.16671E+00  0289 035012 1 00005534 00005516 131009 343 43064.4135566088
25.11.2017 09:55:31 +00.16671E+00  0311 035012 1 00005535 00005516 131009 377 43064.4135609722
25.11.2017 09:55:32 +00.16670E+00  0321 035012 1 00005536 00005516 131009 341 43064.413564919
25.11.2017 09:55:32 +00.16670E+00  0338 035012 1 00005537 00005516 131009 343 43064.4135688889
25.11.2017 09:55:32 +00.16671E+00  0348 035012 1 00005538 00005516 131009 343 43064.4135728588
25.11.2017 09:55:33 +00.16671E+00  0363 035012 1 00005539 00005516 131009 379 43064.4135772454
25.11.2017 09:55:33 +00.16671E+00  0388 035012 1 00005540 00005516 131009 340 43064.4135811806
25.11.2017 09:55:33 +00.16671E+00  0396 035012 1 00005541 00005516 131009 341 43064.4135851389
25.11.2017 09:55:34 +00.16671E+00  0411 035012 1 00005542 00005516 131009 343 43064.4135891088
25.11.2017 09:55:34 +00.16671E+00  0424 035012 1 00005543 00005516 131009 380 43064.4135935069
25.11.2017 09:55:34 +00.16671E+00  0441 035012 1 00005544 00005516 131009 344 43064.4135974884
25.11.2017 09:55:35 +00.16671E+00  0450 035010 1 00005545 00005516 131009 343 43064.4136014583
25.11.2017 09:55:35 +00.16670E+00  0471 035010 1 00005546 00005516 131009 343 43064.4136054282
25.11.2017 09:55:35 +00.16670E+00  0490 035010 1 00005547 00005516 131009 375 43064.4136097685
25.11.2017 09:55:36 +00.16670E+00  0498 035010 1 00005548 00005516 131009 343 43064.4136137384
25.11.2017 09:55:36 +00.16670E+00  0509 035010 1 00005549 00005516 131009 343 43064.4136177083
25.11.2017 09:55:36 +00.16670E+00  0526 035010 1 00005550 00005516 131009 343 43064.4136216782
25.11.2017 09:55:37 +00.16670E+00  0535 035010 1 00005551 00005516 131009 376 43064.4136260301
25.11.2017 09:55:37 +00.16670E+00  0549 035010 1 00005552 00005516 131009 341 43064.4136299769
25.11.2017 09:55:37 +00.16669E+00  0564 035010 1 00005553 00005516 131009 342 43064.4136339468
25.11.2017 09:55:38 +00.16670E+00  0582 035010 1 00005554 00005516 131009 343 43064.4136379282
25.11.2017 09:55:38 +00.16670E+00  0601 035010 1 00005555 00005516 131009 376 43064.4136422801
25.11.2017 09:55:39 +00.16670E+00  0619 035010 1 00005556 00005516 131009 340 43064.4136462269
25.11.2017 09:55:39 +00.16670E+00  0634 035010 1 00005557 00005516 131009 342 43064.4136501968
25.11.2017 09:55:39 +00.16670E+00  0657 035010 1 00005558 00005516 131009 343 43064.4136541667
25.11.2017 09:55:40 +00.16669E+00  0671 035010 1 00005559 00005516 131009 379 43064.4136585532
25.11.2017 09:55:45 +00.16699E+00  0011 035071 1 00005560 00005560 131009 379 43064.4137235995
25.11.2017 09:55:46 +00.16699E+00  0027 035071 1 00005561 00005560 131009 344 43064.413727581
25.11.2017 09:55:46 +00.16699E+00  0047 035071 1 00005562 00005560 131009 343 43064.4137315509
25.11.2017 09:55:46 +00.16699E+00  0060 035071 1 00005563 00005560 131009 343 43064.4137355208
25.11.2017 09:55:47 +00.16699E+00  0074 035071 1 00005564 00005560 131009 374 43064.4137398611
25.11.2017 09:55:47 +00.16699E+00  0087 035071 1 00005565 00005560 131009 342 43064.413743831
25.11.2017 09:55:47 +00.16699E+00  0106 035071 1 00005566 00005560 131009 343 43064.4137478009
25.11.2017 09:55:48 +00.16699E+00  0118 035071 1 00005567 00005560 131009 343 43064.4137517708
25.11.2017 09:55:48 +00.16699E+00  0133 035071 1 00005568 00005560 131009 376 43064.4137561227
25.11.2017 09:55:48 +00.16698E+00  0149 035071 1 00005569 00005560 131009 342 43064.413760081
25.11.2017 09:55:49 +00.16699E+00  0162 035071 1 00005570 00005560 131009 343 43064.4137640509
25.11.2017 09:55:49 +00.16699E+00  0183 035071 1 00005571 00005560 131009 343 43064.4137680208
25.11.2017 09:55:49 +00.16698E+00  0200 035071 1 00005572 00005560 131009 377 43064.4137723843
25.11.2017 09:55:50 +00.16698E+00  0216 035071 1 00005573 00005560 131009 340 43064.4137763194
25.11.2017 09:55:50 +00.16698E+00  0234 035075 1 00005574 00005560 131009 343 43064.4137803009
25.11.2017 09:55:50 +00.16699E+00  0252 035075 1 00005575 00005560 131009 343 43064.4137842708
25.11.2017 09:55:51 +00.16700E+00  0262 035075 1 00005576 00005560 131009 378 43064.4137886458
25.11.2017 09:55:51 +00.16700E+00  0279 035075 1 00005577 00005560 131009 340 43064.413792581
25.11.2017 09:55:52 +00.16700E+00  0296 035075 1 00005578 00005560 131009 342 43064.4137965394
25.11.2017 09:55:52 +00.16701E+00  0316 035075 1 00005579 00005560 131009 342 43064.4138005093
25.11.2017 09:55:52 +00.16700E+00  0333 035075 1 00005580 00005560 131009 379 43064.4138049074
25.11.2017 09:55:53 +00.16701E+00  0342 035075 1 00005581 00005560 131009 344 43064.4138088889
25.11.2017 09:55:53 +00.16700E+00  0354 035075 1 00005582 00005560 131009 342 43064.4138128588
25.11.2017 09:55:53 +00.16701E+00  0372 035075 1 00005583 00005560 131009 342 43064.4138168287
25.11.2017 09:55:54 +00.16700E+00  0379 035075 1 00005584 00005560 131009 375 43064.413821169
25.11.2017 09:55:54 +00.16700E+00  0402 035075 1 00005585 00005560 131009 343 43064.4138251389
25.11.2017 09:55:54 +00.16700E+00  0412 035075 1 00005586 00005560 131009 342 43064.4138291088
25.11.2017 09:55:55 +00.16701E+00  0419 035075 1 00005587 00005560 131009 343 43064.4138330787
25.11.2017 09:55:55 +00.16700E+00  0433 035075 1 00005588 00005560 131009 375 43064.4138374306
25.11.2017 09:55:55 +00.16701E+00  0447 035075 1 00005589 00005560 131009 341 43064.4138413889
25.11.2017 09:55:56 +00.16701E+00  0462 035075 1 00005590 00005560 131009 343 43064.4138453588
25.11.2017 09:55:56 +00.16701E+00  0483 035075 1 00005591 00005560 131009 343 43064.4138493287
25.11.2017 09:55:56 +00.16701E+00  0493 035075 1 00005592 00005560 131009 377 43064.4138536921
25.11.2017 09:55:57 +00.16701E+00  0512 035075 1 00005593 00005560 131009 341 43064.4138576389
25.11.2017 09:55:57 +00.16701E+00  0530 035075 1 00005594 00005560 131009 343 43064.4138616088
25.11.2017 09:55:57 +00.16701E+00  0542 035075 1 00005595 00005560 131009 343 43064.4138655787
25.11.2017 09:55:58 +00.16701E+00  0554 035075 1 00005596 00005560 131009 378 43064.4138699537
25.11.2017 09:55:58 +00.16701E+00  0571 035075 1 00005597 00005560 131009 340 43064.4138738889
25.11.2017 09:55:59 +00.16700E+00  0593 035075 1 00005598 00005560 131009 342 43064.4138778588
25.11.2017 09:55:59 +00.16701E+00  0606 035075 1 00005599 00005560 131009 343 43064.4138818287
25.11.2017 09:55:59 +00.16701E+00  0624 035075 1 00005600 00005560 131009 380 43064.4138862269
25.11.2017 09:56:00 +00.16701E+00  0640 035075 1 00005601 00005560 131009 344 43064.4138902083
25.11.2017 09:56:00 +00.16701E+00  0653 035075 1 00005602 00005560 131009 343 43064.4138941782
25.11.2017 09:56:00 +00.16701E+00  0664 035075 1 00005603 00005560 131009 343 43064.4138981481