
06.11.2017 09:53:58 0.020086 0.000110   00000 4227 00000001 000026 000004 43045.4124857407
06.11.2017 09:54:13 0.020010 0.000000   00000 4229 00000001 000049 000026 43045.4126611458
06.11.2017 09:54:29 0.020020 0.000000   00000 4231 00000001 000073 000049 43045.4128366204
06.11.2017 09:54:44 0.020030 0.000000   00000 4233 00000001 000096 000073 43045.4130110069
06.11.2017 09:54:59 0.020040 0.000000   00000 4235 00000001 000119 000096 43045.4131854745
06.11.2017 09:55:14 0.020050 0.000000   00000 4237 00000001 000143 000119 43045.4133611343
06.11.2017 09:55:29 0.020060 0.000000   00000 4239 00000001 000166 000143 43045.413535625
06.11.2017 09:55:44 0.020070 0.000000   00000 4241 00000001 000190 000166 43045.4137113773
06.11.2017 09:55:59 0.020080 0.000000   00000 4243 00000001 000213 000190 43045.4138861458
06.11.2017 09:56:14 0.020090 0.000000   00000 4245 00000001 000237 000213 43045.4140622338
06.11.2017 09:56:30 0.020100 0.000000   00000 4247 00000001 000260 000237 43045.4142380903
06.11.2017 09:56:45 0.020110 0.000002   00000 4249 00000001 000284 000260 43045.4144141088
06.11.2017 09:57:00 0.020120 0.000000   00000 4251 00000001 000307 000284 43045.414589919
06.11.2017 09:57:15 0.020130 0.000002   00000 4253 00000001 000331 000307 43045.414765081
06.11.2017 09:57:30 0.020138 0.000004   00000 4255 00000001 000354 000331 43045.4149413079
06.11.2017 09:57:46 0.020147 0.000005   00000 4257 00000001 000378 000354 43045.4151176505
06.11.2017 09:58:01 0.020162 0.000004   00000 4260 00000001 000401 000378 43045.4152939699
06.11.2017 09:58:16 0.020170 0.000000   00000 4262 00000001 000425 000401 43045.4154691319
06.11.2017 09:58:31 0.020180 0.000000   00000 4264 00000001 000448 000425 43045.415644213
06.11.2017 09:58:46 0.020190 0.000000   00000 4266 00000001 000472 000448 43045.4158194097
06.11.2017 09:59:01 0.020200 0.000002   00000 4268 00000001 000495 000472 43045.4159945833
06.11.2017 09:59:17 0.020210 0.000000   00000 4270 00000001 000519 000495 43045.4161700926
06.11.2017 09:59:32 0.020219 0.000003   00000 4272 00000001 000542 000519 43045.4163467477
06.11.2017 09:59:47 0.020227 0.000005   00000 4275 00000001 000566 000542 43045.4165230787
06.11.2017 10:00:02 0.020240 0.000000   00000 4277 00000001 000590 000566 43045.4166996181
06.11.2017 10:00:18 0.020250 0.000000   00000 4279 00000001 000613 000590 43045.4168752431
06.11.2017 10:00:33 0.020260 0.000000   00000 4281 00000001 000637 000613 43045.4170510764
06.11.2017 10:00:48 0.020270 0.000000   00000 4283 00000001 000660 000637 43045.4172278356
06.11.2017 10:01:03 0.020280 0.000000   00000 4285 00000001 000684 000660 43045.4174046644
06.11.2017 10:01:18 0.020290 0.000002   00000 4287 00000001 000708 000684 43045.4175805903
06.11.2017 10:01:34 0.020300 0.000000   00000 4289 00000001 000731 000708 43045.4177574884
06.11.2017 10:01:49 0.020309 0.000003   00000 4291 00000001 000755 000731 43045.4179344676
06.11.2017 10:02:04 0.020320 0.000000   00000 4293 00000001 000779 000755 43045.4181114236
06.11.2017 10:02:20 0.020327 0.000004   00000 4295 00000001 000802 000779 43045.4182875926
06.11.2017 10:02:35 0.020337 0.000004   00000 4297 00000001 000826 000802 43045.4184649306
06.11.2017 10:02:50 0.020348 0.000004   00000 4300 00000001 000850 000826 43045.4186419213
06.11.2017 10:03:05 0.020360 0.000002   00000 4302 00000001 000873 000850 43045.418817581
06.11.2017 10:03:21 0.020370 0.000000   00000 4304 00000001 000897 000873 43045.4189939815
06.11.2017 10:03:36 0.020380 0.000002   00000 4306 00000001 000921 000897 43045.4191713889
06.11.2017 10:03:51 0.020390 0.000002   00000 4308 00000001 000944 000921 43045.4193473032
06.11.2017 10:04:06 0.020399 0.000003   00000 4310 00000001 000968 000944 43045.4195235995
06.11.2017 10:04:22 0.020410 0.000000   00000 4312 00000001 000991 000968 43045.4197010185
06.11.2017 10:04:37 0.020420 0.000000   00000 4314 00000001 001015 000991 43045.4198779745
06.11.2017 10:04:52 0.020429 0.000003   00000 4316 00000001 001039 001015 43045.4200540856
06.11.2017 10:05:08 0.020437 0.000005   00000 4319 00000001 001063 001039 43045.4202316782
06.11.2017 10:05:23 0.020450 0.000000   00000 4321 00000001 001086 001063 43045.4204090625
06.11.2017 10:05:38 0.020460 0.000000   00000 4323 00000001 001110 001086 43045.4205850347
06.11.2017 10:05:53 0.020470 0.000000   00000 4325 00000001 001134 001110 43045.4207621875
06.11.2017 10:06:09 0.020480 0.000000   00000 4327 00000001 001157 001134 43045.4209385532
06.11.2017 10:06:24 0.020490 0.000000   00000 4329 00000001 001181 001157 43045.4211162269
06.11.2017 10:06:39 0.020500 0.000002   00000 4331 00000001 001205 001181 43045.4212921181
06.11.2017 10:06:54 0.020509 0.000003   00000 4333 00000001 001228 001205 43045.4214695718
06.11.2017 10:07:10 0.020518 0.000004   00000 4336 00000001 001252 001228 43045.4216471991
06.11.2017 10:07:25 0.020530 0.000000   00000 4338 00000001 001276 001252 43045.4218236111
06.11.2017 10:07:40 0.020540 0.000000   00000 4340 00000001 001300 001276 43045.4220010648
06.11.2017 10:07:56 0.020550 0.000000   00000 4342 00000001 001323 001300 43045.4221787037
06.11.2017 10:08:11 0.020560 0.000000   00000 4344 00000001 001347 001323 43045.4223550347
06.11.2017 10:08:26 0.020570 0.000002   00000 4346 00000001 001371 001347 43045.4225312963
06.11.2017 10:08:42 0.020580 0.000000   00000 4348 00000001 001394 001371 43045.4227089236
06.11.2017 10:08:57 0.020590 0.000002   00000 4350 00000001 001418 001394 43045.4228851968
06.11.2017 10:09:12 0.020600 0.000002   00000 4352 00000001 001442 001418 43045.4230628125
06.11.2017 10:09:27 0.020610 0.000002   00000 4354 00000001 001466 001442 43045.4232403241
06.11.2017 10:09:43 0.020619 0.000003   00000 4356 00000001 001489 001466 43045.4234177546
06.11.2017 10:09:58 0.020629 0.000003   00000 4358 00000001 001513 001489 43045.4235949769
06.11.2017 10:10:13 0.020638 0.000004   00000 4360 00000001 001537 001513 43045.4237726157
06.11.2017 10:10:29 0.020647 0.000005   00000 4362 00000001 001561 001537 43045.4239506829
06.11.2017 10:10:44 0.020658 0.000004   00000 4365 00000001 001585 001561 43045.4241281713
06.11.2017 10:11:00 0.020670 0.000000   00000 4367 00000001 001608 001585 43045.4243063542
06.11.2017 10:11:15 0.020680 0.000000   00000 4369 00000001 001632 001608 43045.4244840509
06.11.2017 10:11:30 0.020690 0.000000   00000 4371 00000001 001656 001632 43045.4246614236
06.11.2017 10:11:46 0.020700 0.000000   00000 4373 00000001 001680 001656 43045.4248396181
06.11.2017 10:12:01 0.020710 0.000000   00000 4375 00000001 001703 001680 43045.4250146181
06.11.2017 10:12:16 0.020719 0.000003   00000 4377 00000001 001727 001703 43045.4251919213
06.11.2017 10:12:31 0.020729 0.000003   00000 4379 00000001 001751 001727 43045.4253685185
06.11.2017 10:12:47 0.020742 0.000006   00000 4381 00000001 001774 001751 43045.4255452083
06.11.2017 10:13:02 0.020748 0.000004   00000 4383 00000001 001798 001774 43045.4257225347
06.11.2017 10:13:17 0.020757 0.000005   00000 4386 00000001 001822 001798 43045.4258993519
06.11.2017 10:13:32 0.020770 0.000000   00000 4388 00000001 001846 001822 43045.4260758102
06.11.2017 10:13:48 0.020780 0.000000   00000 4390 00000001 001869 001846 43045.4262526852
06.11.2017 10:14:03 0.020790 0.000000   00000 4392 00000001 001893 001869 43045.4264296528
06.11.2017 10:14:18 0.020799 0.000003   00000 4394 00000001 001917 001893 43045.4266073843
06.11.2017 10:14:34 0.020810 0.000000   00000 4396 00000001 001941 001917 43045.4267858565
06.11.2017 10:14:49 0.020820 0.000002   00000 4398 00000001 001964 001941 43045.4269632755
06.11.2017 10:15:04 0.020828 0.000004   00000 4400 00000001 001988 001964 43045.4271399537
06.11.2017 10:15:20 0.020838 0.000004   00000 4403 00000001 002012 001988 43045.4273183796
06.11.2017 10:15:35 0.020850 0.000000   00000 4405 00000001 002036 002012 43045.4274963194
06.11.2017 10:15:51 0.020860 0.000000   00000 4407 00000001 002060 002036 43045.4276745023
06.11.2017 10:16:06 0.020870 0.000000   00000 4409 00000001 002083 002060 43045.4278513773
06.11.2017 10:16:21 0.020880 0.000000   00000 4411 00000001 002107 002083 43045.4280281829
06.11.2017 10:16:37 0.020890 0.000000   00000 4413 00000001 002131 002107 43045.4282067245
06.11.2017 10:16:52 0.020900 0.000002   00000 4415 00000001 002155 002131 43045.4283840857
06.11.2017 10:17:07 0.020910 0.000000   00000 4417 00000001 002179 002155 43045.4285615394
06.11.2017 10:17:23 0.020919 0.000003   00000 4419 00000001 002202 002179 43045.4287387153
06.11.2017 10:17:38 0.020930 0.000002   00000 4421 00000001 002226 002202 43045.4289168403
06.11.2017 10:17:53 0.020937 0.000004   00000 4423 00000001 002250 002226 43045.4290932176
06.11.2017 10:18:08 0.020948 0.000004   00000 4426 00000001 002274 002250 43045.4292701736
06.11.2017 10:18:24 0.020960 0.000000   00000 4428 00000001 002297 002274 43045.4294472801
06.11.2017 10:18:39 0.020970 0.000000   00000 4430 00000001 002321 002297 43045.4296238542
06.11.2017 10:18:54 0.020980 0.000000   00000 4432 00000001 002345 002321 43045.4298015625
06.11.2017 10:19:10 0.020990 0.000000   00000 4434 00000001 002369 002345 43045.4299800463
06.11.2017 10:19:25 0.020999 0.000003   00000 4436 00000001 002392 002369 43045.4301574306
06.11.2017 10:19:40 0.021010 0.000002   00000 4438 00000001 002416 002392 43045.430334213
06.11.2017 10:19:56 0.021019 0.000003   00000 4440 00000001 002440 002416 43045.4305117014
06.11.2017 10:20:11 0.021028 0.000004   00000 4442 00000001 002464 002440 43045.4306900926
06.11.2017 10:20:26 0.021038 0.000004   00000 4445 00000001 002488 002464 43045.4308670139