
24.11.2017 15:59:55 +00.03279E+00  0000 006904 1 00000002 00000004 000 36 43063.6666131597
24.11.2017 15:59:55 +00.03279E+00  0028 006904 1 00000003 00000004 000 340 43063.6666170949
24.11.2017 15:59:56 +00.03279E+00  0043 006904 1 00000004 00000004 000 342 43063.6666210532
24.11.2017 15:59:56 +00.03278E+00  0053 006904 1 00000005 00000004 000 343 43063.6666250347
24.11.2017 15:59:56 +00.03278E+00  0064 006904 1 00000006 00000004 000 378 43063.6666294097
24.11.2017 15:59:57 +00.03278E+00  0081 006904 1 00000007 00000004 000 345 43063.6666334144
24.11.2017 15:59:57 +00.03279E+00  0099 006904 1 00000008 00000004 000 343 43063.6666373843
24.11.2017 15:59:57 +00.03279E+00  0113 006904 1 00000009 00000004 000 342 43063.6666413426
24.11.2017 15:59:58 +00.03279E+00  0128 006904 1 00000010 00000004 000 374 43063.6666456829
24.11.2017 15:59:58 +00.03279E+00  0153 006904 1 00000011 00000004 000 343 43063.6666496528
24.11.2017 15:59:58 +00.03279E+00  0167 006904 1 00000012 00000004 000 344 43063.6666536343
24.11.2017 15:59:59 +00.03279E+00  0179 006904 1 00000013 00000004 000 342 43063.6666575926
24.11.2017 15:59:59 +00.03279E+00  0191 006904 1 00000014 00000004 000 374 43063.6666619329
24.11.2017 15:59:59 +00.03279E+00  0203 006904 1 00000015 00000004 000 342 43063.6666659028
24.11.2017 16:00:00 +00.03279E+00  0213 006904 1 00000016 00000004 000 343 43063.6666698727
24.11.2017 16:00:00 +00.03279E+00  0221 006904 1 00000017 00000004 000 343 43063.6666738426
24.11.2017 16:00:02 +00.03317E+00  0024 006989 1 00000018 00000018 000 343 43063.6666995718
24.11.2017 16:00:03 +00.03319E+00  0037 006989 1 00000019 00000018 000 402 43063.6667042245
24.11.2017 16:00:03 +00.03319E+00  0055 006989 1 00000020 00000018 000 341 43063.6667081713
24.11.2017 16:00:03 +00.03319E+00  0070 006989 1 00000021 00000018 000 343 43063.6667121412
24.11.2017 16:00:04 +00.03319E+00  0083 006989 1 00000022 00000018 000 343 43063.6667161111
24.11.2017 16:00:04 +00.03319E+00  0095 006989 1 00000023 00000018 000 378 43063.6667204861
24.11.2017 16:00:04 +00.03319E+00  0104 006989 1 00000024 00000018 000 340 43063.6667244213
24.11.2017 16:00:05 +00.03319E+00  0113 006989 1 00000025 00000018 000 342 43063.6667283912
24.11.2017 16:00:05 +00.03319E+00  0132 006989 1 00000026 00000018 000 343 43063.6667323611
24.11.2017 16:00:06 +00.03319E+00  0143 006989 1 00000027 00000018 000 379 43063.6667367477
24.11.2017 16:00:06 +00.03319E+00  0157 006989 1 00000028 00000018 000 345 43063.6667407407
24.11.2017 16:00:06 +00.03319E+00  0164 006989 1 00000029 00000018 000 343 43063.6667447106
24.11.2017 16:00:07 +00.03319E+00  0175 006989 1 00000030 00000018 000 343 43063.6667486806
24.11.2017 16:00:07 +00.03319E+00  0189 006989 1 00000031 00000018 000 374 43063.6667530093
24.11.2017 16:00:10 +00.03343E+00  0014 007041 1 00000032 00000032 000 341 43063.6667831713
24.11.2017 16:00:10 +00.03344E+00  0026 007041 1 00000033 00000032 000 343 43063.6667871412
24.11.2017 16:00:10 +00.03344E+00  0041 007041 1 00000034 00000032 000 343 43063.6667911111
24.11.2017 16:00:11 +00.03344E+00  0053 007041 1 00000035 00000032 000 361 43063.6667952894
24.11.2017 16:00:11 +00.03344E+00  0068 007041 1 00000036 00000032 000 344 43063.6667992708
24.11.2017 16:00:11 +00.03344E+00  0075 007041 1 00000037 00000032 000 343 43063.6668032407
24.11.2017 16:00:12 +00.03344E+00  0087 007041 1 00000038 00000032 000 343 43063.6668072106
24.11.2017 16:00:12 +00.03344E+00  0098 007041 1 00000039 00000032 000 375 43063.6668115509
24.11.2017 16:00:12 +00.03344E+00  0113 007041 1 00000040 00000032 000 343 43063.6668155208
24.11.2017 16:00:13 +00.03344E+00  0125 007041 1 00000041 00000032 000 343 43063.6668194907
24.11.2017 16:00:13 +00.03344E+00  0137 007041 1 00000042 00000032 000 343 43063.6668234606
24.11.2017 16:00:13 +00.03344E+00  0155 007041 1 00000043 00000032 000 376 43063.6668278125
24.11.2017 16:00:14 +00.03344E+00  0172 007041 1 00000044 00000032 000 341 43063.6668317593
24.11.2017 16:00:14 +00.03344E+00  0186 007041 1 00000045 00000032 000 344 43063.6668357407
24.11.2017 16:00:17 +00.03375E+00  0008 007107 1 00000046 00000046 000 343 43063.6668654514
24.11.2017 16:00:17 +00.03375E+00  0022 007107 1 00000047 00000046 000 401 43063.6668700926
24.11.2017 16:00:17 +00.03375E+00  0041 007107 1 00000048 00000046 000 342 43063.6668740509
24.11.2017 16:00:18 +00.03375E+00  0066 007107 1 00000049 00000046 000 342 43063.6668780093
24.11.2017 16:00:18 +00.03375E+00  0074 007107 1 00000050 00000046 000 343 43063.6668819907
24.11.2017 16:00:18 +00.03375E+00  0093 007107 1 00000051 00000046 000 377 43063.6668863542
24.11.2017 16:00:19 +00.03375E+00  0113 007107 1 00000052 00000046 000 340 43063.6668902894
24.11.2017 16:00:19 +00.03375E+00  0130 007107 1 00000053 00000046 000 343 43063.6668942593
24.11.2017 16:00:20 +00.03375E+00  0146 007107 1 00000054 00000046 000 342 43063.6668982292
24.11.2017 16:00:20 +00.03375E+00  0158 007107 1 00000055 00000046 000 379 43063.6669026157
24.11.2017 16:00:20 +00.03375E+00  0177 007107 1 00000056 00000046 000 340 43063.6669065509
24.11.2017 16:00:21 +00.03375E+00  0197 007107 1 00000057 00000046 000 342 43063.6669105093
24.11.2017 16:00:21 +00.03375E+00  0214 007107 1 00000058 00000046 000 343 43063.6669144792
24.11.2017 16:00:21 +00.03375E+00  0228 007107 1 00000059 00000046 000 380 43063.6669188773
24.11.2017 16:00:24 +00.03409E+00  0012 007179 1 00000060 00000060 000 379 43063.6669448958
24.11.2017 16:00:24 +00.03409E+00  0030 007179 1 00000061 00000060 000 343 43063.6669488773
24.11.2017 16:00:24 +00.03409E+00  0042 007179 1 00000062 00000060 000 343 43063.6669528472
24.11.2017 16:00:25 +00.03410E+00  0052 007179 1 00000063 00000060 000 343 43063.6669568171
24.11.2017 16:00:25 +00.03410E+00  0063 007179 1 00000064 00000060 000 375 43063.6669611574
24.11.2017 16:00:25 +00.03410E+00  0072 007179 1 00000065 00000060 000 342 43063.6669651273
24.11.2017 16:00:26 +00.03410E+00  0083 007179 1 00000066 00000060 000 343 43063.6669690972
24.11.2017 16:00:26 +00.03410E+00  0098 007179 1 00000067 00000060 000 343 43063.6669730671
24.11.2017 16:00:26 +00.03410E+00  0113 007179 1 00000068 00000060 000 376 43063.666977419
24.11.2017 16:00:27 +00.03410E+00  0135 007179 1 00000069 00000060 000 342 43063.6669813773
24.11.2017 16:00:27 +00.03410E+00  0144 007179 1 00000070 00000060 000 343 43063.6669853472
24.11.2017 16:00:27 +00.03410E+00  0164 007179 1 00000071 00000060 000 343 43063.6669893171
24.11.2017 16:00:28 +00.03410E+00  0179 007179 1 00000072 00000060 000 377 43063.6669936806
24.11.2017 16:00:28 +00.03410E+00  0202 007179 1 00000073 00000060 000 341 43063.6669976273