
24.11.2017 16:17:23 +00.03662E+00  0006 007708 -1 00002362 00002362 000 342 43063.6787486574
24.11.2017 16:17:24 +00.03662E+00  0020 007708 -1 00002363 00002362 000 342 43063.6787526273
24.11.2017 16:17:24 +00.03662E+00  0035 007708 -1 00002364 00002362 000 418 43063.6787574769
24.11.2017 16:17:24 +00.03662E+00  0059 007708 -1 00002365 00002362 000 343 43063.6787614583
24.11.2017 16:17:25 +00.03662E+00  0070 007708 -1 00002366 00002362 000 343 43063.6787654282
24.11.2017 16:17:25 +00.03662E+00  0079 007708 -1 00002367 00002362 000 342 43063.6787693866
24.11.2017 16:17:26 +00.03662E+00  0090 007708 -1 00002368 00002362 000 375 43063.6787737384
24.11.2017 16:17:26 +00.03662E+00  0107 007708 -1 00002369 00002362 000 341 43063.6787776968
24.11.2017 16:17:26 +00.03662E+00  0127 007708 -1 00002370 00002362 000 342 43063.6787816667
24.11.2017 16:17:27 +00.03662E+00  0146 007708 -1 00002371 00002362 000 342 43063.6787856366
24.11.2017 16:17:27 +00.03662E+00  0159 007708 -1 00002372 00002362 000 378 43063.6787900116
24.11.2017 16:17:27 +00.03662E+00  0173 007708 -1 00002373 00002362 000 340 43063.6787939468
24.11.2017 16:17:28 +00.03662E+00  0188 007708 -1 00002374 00002362 000 343 43063.6787979167
24.11.2017 16:17:28 +00.03662E+00  0209 007708 -1 00002375 00002362 000 343 43063.6788018866
24.11.2017 16:17:28 +00.03662E+00  0224 007704 -1 00002376 00002362 000 379 43063.6788062732
24.11.2017 16:17:29 +00.03661E+00  0244 007704 -1 00002377 00002362 000 340 43063.6788102083
24.11.2017 16:17:29 +00.03661E+00  0261 007704 -1 00002378 00002362 000 341 43063.6788141667
24.11.2017 16:17:29 +00.03661E+00  0275 007704 -1 00002379 00002362 000 343 43063.6788181366
24.11.2017 16:17:30 +00.03660E+00  0289 007704 -1 00002380 00002362 000 380 43063.6788225347
24.11.2017 16:17:30 +00.03660E+00  0304 007704 -1 00002381 00002362 000 344 43063.6788265162
24.11.2017 16:17:30 +00.03660E+00  0320 007704 -1 00002382 00002362 000 343 43063.6788304861
24.11.2017 16:17:31 +00.03660E+00  0333 007704 -1 00002383 00002362 000 343 43063.678834456
24.11.2017 16:17:31 +00.03660E+00  0350 007704 -1 00002384 00002362 000 375 43063.6788387963
24.11.2017 16:17:32 +00.03660E+00  0372 007704 -1 00002385 00002362 000 343 43063.6788427662
24.11.2017 16:17:32 +00.03660E+00  0380 007704 -1 00002386 00002362 000 343 43063.6788467361
24.11.2017 16:17:32 +00.03660E+00  0396 007704 -1 00002387 00002362 000 343 43063.678850706
24.11.2017 16:17:33 +00.03660E+00  0411 007704 -1 00002388 00002362 000 376 43063.6788550579
24.11.2017 16:17:33 +00.03660E+00  0422 007704 -1 00002389 00002362 000 343 43063.6788590278
24.11.2017 16:17:33 +00.03660E+00  0431 007704 -1 00002390 00002362 000 342 43063.6788629861
24.11.2017 16:17:34 +00.03660E+00  0449 007704 -1 00002391 00002362 000 342 43063.6788669444
24.11.2017 16:17:34 +00.03660E+00  0457 007704 -1 00002392 00002362 000 376 43063.6788713079
24.11.2017 16:17:34 +00.03660E+00  0469 007704 -1 00002393 00002362 000 340 43063.6788752546
24.11.2017 16:17:35 +00.03660E+00  0480 007704 -1 00002394 00002362 000 342 43063.6788792245
24.11.2017 16:17:35 +00.03660E+00  0490 007704 -1 00002395 00002362 000 343 43063.6788831944
24.11.2017 16:17:35 +00.03660E+00  0503 007704 -1 00002396 00002362 000 379 43063.678887581
24.11.2017 16:17:36 +00.03660E+00  0512 007704 -1 00002397 00002362 000 344 43063.6788915741
24.11.2017 16:17:36 +00.03660E+00  0528 007704 -1 00002398 00002362 000 342 43063.678895544
24.11.2017 16:17:36 +00.03660E+00  0552 007704 -1 00002399 00002362 000 342 43063.6788995139
24.11.2017 16:17:37 +00.03660E+00  0566 007704 -1 00002400 00002362 000 373 43063.6789038426
24.11.2017 16:17:37 +00.03660E+00  0581 007704 -1 00002401 00002362 000 343 43063.6789078241
24.11.2017 16:17:37 +00.03660E+00  0606 007704 -1 00002402 00002362 000 343 43063.678911794
24.11.2017 16:17:38 +00.03660E+00  0620 007704 -1 00002403 00002362 000 343 43063.6789157639
24.11.2017 16:17:38 +00.03660E+00  0631 007704 -1 00002404 00002362 000 375 43063.6789201042
24.11.2017 16:17:39 +00.03660E+00  0641 007704 -1 00002405 00002362 000 343 43063.6789240741
24.11.2017 16:17:39 +00.03660E+00  0656 007704 -1 00002406 00002362 000 343 43063.678928044
24.11.2017 16:17:39 +00.03660E+00  0671 007704 -1 00002407 00002362 000 343 43063.6789320139
24.11.2017 16:17:40 +00.03660E+00  0678 007704 -1 00002408 00002362 000 376 43063.6789363657
24.11.2017 16:17:40 +00.03660E+00  0696 007704 -1 00002409 00002362 000 342 43063.6789403241
24.11.2017 16:17:40 +00.03660E+00  0708 007704 -1 00002410 00002362 000 343 43063.678944294
24.11.2017 16:17:41 +00.03660E+00  0726 007704 -1 00002411 00002362 000 344 43063.6789482755
24.11.2017 16:17:41 +00.03660E+00  0742 007704 -1 00002412 00002362 000 376 43063.6789526273
24.11.2017 16:17:41 +00.03660E+00  0753 007704 -1 00002413 00002362 000 340 43063.6789565625
24.11.2017 16:17:42 +00.03660E+00  0763 007704 -1 00002414 00002362 000 342 43063.6789605324
24.11.2017 16:17:42 +00.03660E+00  0776 007704 -1 00002415 00002362 000 342 43063.6789645023
24.11.2017 16:17:42 +00.03660E+00  0795 007704 -1 00002416 00002362 000 377 43063.6789688773
24.11.2017 16:17:43 +00.03660E+00  0812 007704 -1 00002417 00002362 000 340 43063.6789728241
24.11.2017 16:17:43 +00.03660E+00  0822 007704 -1 00002418 00002362 000 341 43063.6789767824
24.11.2017 16:17:43 +00.03660E+00  0838 007704 -1 00002419 00002362 000 343 43063.6789807523
24.11.2017 16:17:49 +00.03641E+00  0011 007665 -1 00002420 00002420 000 342 43063.6790455671
24.11.2017 16:17:49 +00.03641E+00  0021 007665 -1 00002421 00002420 000 400 43063.6790501968
24.11.2017 16:17:50 +00.03641E+00  0038 007665 -1 00002422 00002420 000 342 43063.6790541667
24.11.2017 16:17:50 +00.03641E+00  0049 007665 -1 00002423 00002420 000 342 43063.6790581366
24.11.2017 16:17:50 +00.03641E+00  0066 007665 -1 00002424 00002420 000 343 43063.6790621065
24.11.2017 16:17:51 +00.03641E+00  0078 007665 -1 00002425 00002420 000 375 43063.6790664583
24.11.2017 16:17:51 +00.03641E+00  0099 007665 -1 00002426 00002420 000 341 43063.6790704167
24.11.2017 16:17:52 +00.03641E+00  0118 007665 -1 00002427 00002420 000 343 43063.6790743866
24.11.2017 16:17:52 +00.03641E+00  0134 007665 -1 00002428 00002420 000 343 43063.6790783565
24.11.2017 16:17:52 +00.03641E+00  0151 007665 -1 00002429 00002420 000 377 43063.6790827199
24.11.2017 16:17:53 +00.03641E+00  0164 007665 -1 00002430 00002420 000 340 43063.6790866667
24.11.2017 16:17:53 +00.03641E+00  0173 007665 -1 00002431 00002420 000 342 43063.6790906366
24.11.2017 16:17:53 +00.03641E+00  0181 007665 -1 00002432 00002420 000 343 43063.6790946065
24.11.2017 16:17:54 +00.03641E+00  0194 007665 -1 00002433 00002420 000 378 43063.6790989815
24.11.2017 16:17:54 +00.03641E+00  0210 007665 -1 00002434 00002420 000 340 43063.6791029167
24.11.2017 16:17:54 +00.03641E+00  0225 007663 -1 00002435 00002420 000 342 43063.6791068866
24.11.2017 16:17:55 +00.03641E+00  0236 007663 -1 00002436 00002420 000 343 43063.6791108565
24.11.2017 16:17:55 +00.03640E+00  0252 007663 -1 00002437 00002420 000 379 43063.6791152431
24.11.2017 16:17:55 +00.03640E+00  0262 007663 -1 00002438 00002420 000 345 43063.6791192361
24.11.2017 16:17:56 +00.03640E+00  0273 007663 -1 00002439 00002420 000 343 43063.679123206
24.11.2017 16:17:56 +00.03640E+00  0295 007663 -1 00002440 00002420 000 343 43063.6791271759
24.11.2017 16:17:56 +00.03640E+00  0317 007663 -1 00002441 00002420 000 374 43063.6791315046
24.11.2017 16:17:57 +00.03640E+00  0329 007663 -1 00002442 00002420 000 344 43063.6791354861
24.11.2017 16:17:57 +00.03640E+00  0342 007663 -1 00002443 00002420 000 342 43063.6791394444
24.11.2017 16:17:57 +00.03640E+00  0356 007663 -1 00002444 00002420 000 343 43063.6791434259
24.11.2017 16:17:58 +00.03640E+00  0368 007663 -1 00002445 00002420 000 376 43063.6791477778
24.11.2017 16:17:58 +00.03640E+00  0385 007663 -1 00002446 00002420 000 341 43063.6791517245
24.11.2017 16:17:59 +00.03640E+00  0399 007663 -1 00002447 00002420 000 343 43063.6791556944
24.11.2017 16:17:59 +00.03640E+00  0424 007663 -1 00002448 00002420 000 342 43063.6791596644
24.11.2017 16:17:59 +00.03640E+00  0436 007663 -1 00002449 00002420 000 376 43063.6791640278
24.11.2017 16:18:00 +00.03640E+00  0456 007663 -1 00002450 00002420 000 341 43063.6791679745
24.11.2017 16:18:00 +00.03641E+00  0468 007663 -1 00002451 00002420 000 343 43063.6791719444
24.11.2017 16:18:00 +00.03640E+00  0482 007663 -1 00002452 00002420 000 343 43063.6791759144
24.11.2017 16:18:01 +00.03640E+00  0493 007663 -1 00002453 00002420 000 378 43063.6791802893
24.11.2017 16:18:01 +00.03640E+00  0516 007663 -1 00002454 00002420 000 340 43063.6791842245
24.11.2017 16:18:01 +00.03640E+00  0531 007663 -1 00002455 00002420 000 342 43063.6791881944
24.11.2017 16:18:02 +00.03640E+00  0553 007663 -1 00002456 00002420 000 343 43063.6791921644
24.11.2017 16:18:02 +00.03640E+00  0561 007663 -1 00002457 00002420 000 379 43063.6791965509
24.11.2017 16:18:02 +00.03640E+00  0577 007663 -1 00002458 00002420 000 340 43063.6792004861
24.11.2017 16:18:03 +00.03640E+00  0595 007663 -1 00002459 00002420 000 341 43063.6792044444
24.11.2017 16:18:03 +00.03640E+00  0611 007663 -1 00002460 00002420 000 343 43063.6792084144
24.11.2017 16:18:03 +00.03640E+00  0622 007663 -1 00002461 00002420 000 380 43063.6792128125
24.11.2017 16:18:04 +00.03640E+00  0639 007663 -1 00002462 00002420 000 344 43063.679216794
24.11.2017 16:18:04 +00.03640E+00  0653 007663 -1 00002463 00002420 000 343 43063.6792207639
24.11.2017 16:18:05 +00.03640E+00  0668 007663 -1 00002464 00002420 000 343 43063.6792247338
24.11.2017 16:18:05 +00.03640E+00  0684 007663 -1 00002465 00002420 000 375 43063.6792290741
24.11.2017 16:18:05 +00.03640E+00  0697 007663 -1 00002466 00002420 000 342 43063.6792330324
24.11.2017 16:18:06 +00.03640E+00  0712 007663 -1 00002467 00002420 000 343 43063.6792370139
24.11.2017 16:18:06 +00.03640E+00  0720 007663 -1 00002468 00002420 000 343 43063.6792409838
24.11.2017 16:18:06 +00.03640E+00  0733 007663 -1 00002469 00002420 000 376 43063.6792453356
24.11.2017 16:18:07 +00.03640E+00  0750 007663 -1 00002470 00002420 000 341 43063.6792492824
24.11.2017 16:18:07 +00.03640E+00  0762 007663 -1 00002471 00002420 000 343 43063.6792532523
24.11.2017 16:18:07 +00.03640E+00  0778 007663 -1 00002472 00002420 000 342 43063.6792572222
24.11.2017 16:18:08 +00.03640E+00  0795 007663 -1 00002473 00002420 000 377 43063.6792615972
24.11.2017 16:18:08 +00.03641E+00  0814 007663 -1 00002474 00002420 000 340 43063.679265544
24.11.2017 16:18:08 +00.03640E+00  0829 007663 -1 00002475 00002420 000 343 43063.6792695139
24.11.2017 16:18:09 +00.03640E+00  0843 007663 -1 00002476 00002420 000 342 43063.6792734722
24.11.2017 16:18:09 +00.03640E+00  0859 007663 -1 00002477 00002420 000 378 43063.6792778588
24.11.2017 16:18:09 +00.03640E+00  0884 007663 -1 00002478 00002420 000 344 43063.6792818519
24.11.2017 16:18:15 +00.03621E+00  0014 007622 -1 00002479 00002479 000 382 43063.6793429167
24.11.2017 16:18:15 +00.03621E+00  0035 007622 -1 00002480 00002479 000 342 43063.679346875
24.11.2017 16:18:15 +00.03621E+00  0055 007622 -1 00002481 00002479 000 343 43063.6793508449
24.11.2017 16:18:16 +00.03621E+00  0065 007622 -1 00002482 00002479 000 343 43063.6793548148
24.11.2017 16:18:16 +00.03621E+00  0075 007622 -1 00002483 00002479 000 376 43063.6793591667
24.11.2017 16:18:16 +00.03621E+00  0094 007622 -1 00002484 00002479 000 342 43063.679363125
24.11.2017 16:18:17 +00.03621E+00  0105 007622 -1 00002485 00002479 000 343 43063.6793670949
24.11.2017 16:18:17 +00.03621E+00  0117 007622 -1 00002486 00002479 000 343 43063.6793710648
24.11.2017 16:18:18 +00.03621E+00  0129 007622 -1 00002487 00002479 000 378 43063.6793754398
24.11.2017 16:18:18 +00.03621E+00  0146 007622 -1 00002488 00002479 000 340 43063.679379375
24.11.2017 16:18:18 +00.03621E+00  0166 007622 -1 00002489 00002479 000 342 43063.6793833449
24.11.2017 16:18:19 +00.03621E+00  0177 007622 -1 00002490 00002479 000 342 43063.6793873032
24.11.2017 16:18:19 +00.03621E+00  0192 007622 -1 00002491 00002479 000 379 43063.6793917014
24.11.2017 16:18:19 +00.03621E+00  0211 007622 -1 00002492 00002479 000 344 43063.6793956829
24.11.2017 16:18:20 +00.03621E+00  0232 007622 -1 00002493 00002479 000 343 43063.6793996644
24.11.2017 16:18:20 +00.03621E+00  0250 007620 -1 00002494 00002479 000 343 43063.6794036343
24.11.2017 16:18:20 +00.03620E+00  0275 007620 -1 00002495 00002479 000 374 43063.679407963
24.11.2017 16:18:21 +00.03620E+00  0284 007620 -1 00002496 00002479 000 343 43063.6794119329
24.11.2017 16:18:21 +00.03620E+00  0298 007620 -1 00002497 00002479 000 342 43063.6794159028
24.11.2017 16:18:21 +00.03620E+00  0315 007620 -1 00002498 00002479 000 342 43063.6794198727
24.11.2017 16:18:22 +00.03620E+00  0332 007620 -1 00002499 00002479 000 374 43063.679424213
24.11.2017 16:18:22 +00.03620E+00  0353 007620 -1 00002500 00002479 000 342 43063.6794281829
24.11.2017 16:18:22 +00.03620E+00  0367 007620 -1 00002501 00002479 000 343 43063.6794321528
24.11.2017 16:18:23 +00.03620E+00  0379 007620 -1 00002502 00002479 000 342 43063.6794361227
24.11.2017 16:18:23 +00.03620E+00  0397 007620 -1 00002503 00002479 000 377 43063.6794404977
24.11.2017 16:18:23 +00.03620E+00  0409 007620 -1 00002504 00002479 000 340 43063.6794444329
24.11.2017 16:18:24 +00.03620E+00  0420 007620 -1 00002505 00002479 000 342 43063.6794484028
24.11.2017 16:18:24 +00.03620E+00  0435 007620 -1 00002506 00002479 000 343 43063.6794523727
24.11.2017 16:18:25 +00.03620E+00  0447 007620 -1 00002507 00002479 000 378 43063.6794567477
24.11.2017 16:18:25 +00.03620E+00  0458 007620 -1 00002508 00002479 000 340 43063.6794606829
24.11.2017 16:18:25 +00.03620E+00  0468 007620 -1 00002509 00002479 000 342 43063.6794646528
24.11.2017 16:18:26 +00.03620E+00  0482 007620 -1 00002510 00002479 000 343 43063.6794686227
24.11.2017 16:18:26 +00.03620E+00  0493 007620 -1 00002511 00002479 000 379 43063.6794730093
24.11.2017 16:18:26 +00.03620E+00  0510 007620 -1 00002512 00002479 000 345 43063.6794770023
24.11.2017 16:18:27 +00.03620E+00  0522 007620 -1 00002513 00002479 000 343 43063.6794809722
24.11.2017 16:18:27 +00.03620E+00  0540 007620 -1 00002514 00002479 000 343 43063.6794849421
24.11.2017 16:18:27 +00.03620E+00  0549 007620 -1 00002515 00002479 000 374 43063.6794892708
24.11.2017 16:18:28 +00.03620E+00  0565 007620 -1 00002516 00002479 000 344 43063.6794932523
24.11.2017 16:18:28 +00.03620E+00  0584 007620 -1 00002517 00002479 000 343 43063.6794972222
24.11.2017 16:18:28 +00.03620E+00  0592 007620 -1 00002518 00002479 000 343 43063.6795011921
24.11.2017 16:18:29 +00.03620E+00  0605 007620 -1 00002519 00002479 000 375 43063.6795055324
24.11.2017 16:18:29 +00.03619E+00  0618 007620 -1 00002520 00002479 000 342 43063.6795094907
24.11.2017 16:18:29 +00.03620E+00  0632 007620 -1 00002521 00002479 000 342 43063.6795134607
24.11.2017 16:18:30 +00.03620E+00  0648 007620 -1 00002522 00002479 000 343 43063.6795174421
24.11.2017 16:18:30 +00.03620E+00  0662 007620 -1 00002523 00002479 000 376 43063.679521794
24.11.2017 16:18:31 +00.03620E+00  0677 007620 -1 00002524 00002479 000 341 43063.6795257407
24.11.2017 16:18:31 +00.03620E+00  0692 007620 -1 00002525 00002479 000 342 43063.6795297107
24.11.2017 16:18:31 +00.03620E+00  0709 007620 -1 00002526 00002479 000 342 43063.6795336806
24.11.2017 16:18:32 +00.03620E+00  0716 007620 -1 00002527 00002479 000 377 43063.679538044
24.11.2017 16:18:32 +00.03620E+00  0721 007620 -1 00002528 00002479 000 341 43063.6795420023
24.11.2017 16:18:32 +00.03620E+00  0737 007620 -1 00002529 00002479 000 342 43063.6795459607
24.11.2017 16:18:33 +00.03620E+00  0750 007620 -1 00002530 00002479 000 343 43063.6795499306
24.11.2017 16:18:33 +00.03620E+00  0763 007620 -1 00002531 00002479 000 379 43063.6795543171
24.11.2017 16:18:33 +00.03620E+00  0769 007620 -1 00002532 00002479 000 344 43063.6795583102
24.11.2017 16:18:34 +00.03620E+00  0783 007620 -1 00002533 00002479 000 343 43063.6795622801
24.11.2017 16:18:34 +00.03620E+00  0799 007620 -1 00002534 00002479 000 342 43063.67956625
24.11.2017 16:18:34 +00.03620E+00  0815 007620 -1 00002535 00002479 000 374 43063.6795705787
24.11.2017 16:18:35 +00.03620E+00  0831 007620 -1 00002536 00002479 000 343 43063.6795745602
24.11.2017 16:18:35 +00.03620E+00  0845 007620 -1 00002537 00002479 000 343 43063.6795785301
24.11.2017 16:18:40 +00.03600E+00  0015 007579 -1 00002538 00002538 000 377 43063.6796388773
24.11.2017 16:18:41 +00.03600E+00  0030 007579 -1 00002539 00002538 000 340 43063.6796428125
24.11.2017 16:18:41 +00.03600E+00  0039 007579 -1 00002540 00002538 000 343 43063.6796467824
24.11.2017 16:18:41 +00.03600E+00  0055 007579 -1 00002541 00002538 000 343 43063.6796507523
24.11.2017 16:18:42 +00.03600E+00  0071 007579 -1 00002542 00002538 000 378 43063.6796551389
24.11.2017 16:18:42 +00.03600E+00  0086 007579 -1 00002543 00002538 000 344 43063.6796591319
24.11.2017 16:18:42 +00.03600E+00  0100 007579 -1 00002544 00002538 000 342 43063.6796631019
24.11.2017 16:18:43 +00.03600E+00  0111 007579 -1 00002545 00002538 000 342 43063.6796670718
24.11.2017 16:18:43 +00.03601E+00  0122 007579 -1 00002546 00002538 000 372 43063.6796713889
24.11.2017 16:18:43 +00.03600E+00  0134 007579 -1 00002547 00002538 000 344 43063.6796753819
24.11.2017 16:18:44 +00.03600E+00  0144 007579 -1 00002548 00002538 000 343 43063.6796793519
24.11.2017 16:18:44 +00.03600E+00  0156 007579 -1 00002549 00002538 000 343 43063.6796833218
24.11.2017 16:18:45 +00.03600E+00  0170 007579 -1 00002550 00002538 000 375 43063.679687662
24.11.2017 16:18:45 +00.03600E+00  0181 007579 -1 00002551 00002538 000 342 43063.6796916319
24.11.2017 16:18:45 +00.03600E+00  0191 007579 -1 00002552 00002538 000 343 43063.6796956019
24.11.2017 16:18:46 +00.03600E+00  0202 007579 -1 00002553 00002538 000 343 43063.6796995718
24.11.2017 16:18:46 +00.03600E+00  0212 007579 -1 00002554 00002538 000 376 43063.6797039236
24.11.2017 16:18:46 +00.03600E+00  0230 007579 -1 00002555 00002538 000 341 43063.6797078819
24.11.2017 16:18:47 +00.03600E+00  0245 007579 -1 00002556 00002538 000 343 43063.6797118519
24.11.2017 16:18:47 +00.03600E+00  0260 007579 -1 00002557 00002538 000 343 43063.6797158218
24.11.2017 16:18:47 +00.03600E+00  0274 007579 -1 00002558 00002538 000 377 43063.6797201852
24.11.2017 16:18:48 +00.03600E+00  0286 007579 -1 00002559 00002538 000 341 43063.6797241319
24.11.2017 16:18:48 +00.03600E+00  0304 007579 -1 00002560 00002538 000 343 43063.6797281019
24.11.2017 16:18:48 +00.03600E+00  0318 007579 -1 00002561 00002538 000 343 43063.6797320718
24.11.2017 16:18:49 +00.03600E+00  0331 007579 -1 00002562 00002538 000 378 43063.6797364468
24.11.2017 16:18:49 +00.03600E+00  0342 007579 -1 00002563 00002538 000 340 43063.6797403819
24.11.2017 16:18:49 +00.03600E+00  0348 007579 -1 00002564 00002538 000 341 43063.6797443403
24.11.2017 16:18:50 +00.03600E+00  0369 007579 -1 00002565 00002538 000 342 43063.6797483102
24.11.2017 16:18:50 +00.03600E+00  0382 007579 -1 00002566 00002538 000 379 43063.6797527083
24.11.2017 16:18:50 +00.03600E+00  0404 007579 -1 00002567 00002538 000 343 43063.6797566898
24.11.2017 16:18:51 +00.03600E+00  0423 007579 -1 00002568 00002538 000 342 43063.6797606597
24.11.2017 16:18:51 +00.03600E+00  0432 007579 -1 00002569 00002538 000 343 43063.6797646412
24.11.2017 16:18:52 +00.03600E+00  0445 007579 -1 00002570 00002538 000 374 43063.6797689699
24.11.2017 16:18:52 +00.03600E+00  0462 007579 -1 00002571 00002538 000 342 43063.6797729398
24.11.2017 16:18:52 +00.03600E+00  0476 007579 -1 00002572 00002538 000 342 43063.6797769097
24.11.2017 16:18:53 +00.03600E+00  0492 007579 -1 00002573 00002538 000 342 43063.6797808796
24.11.2017 16:18:53 +00.03600E+00  0512 007579 -1 00002574 00002538 000 376 43063.6797852315
24.11.2017 16:18:53 +00.03600E+00  0523 007579 -1 00002575 00002538 000 341 43063.6797891898
24.11.2017 16:18:54 +00.03600E+00  0535 007579 -1 00002576 00002538 000 343 43063.6797931597
24.11.2017 16:18:54 +00.03600E+00  0550 007579 -1 00002577 00002538 000 343 43063.6797971296
24.11.2017 16:18:54 +00.03600E+00  0566 007579 -1 00002578 00002538 000 377 43063.6798014931
24.11.2017 16:18:55 +00.03600E+00  0576 007579 -1 00002579 00002538 000 341 43063.6798054398
24.11.2017 16:18:55 +00.03600E+00  0588 007579 -1 00002580 00002538 000 344 43063.6798094213
24.11.2017 16:18:55 +00.03600E+00  0599 007579 -1 00002581 00002538 000 342 43063.6798133796
24.11.2017 16:18:56 +00.03600E+00  0614 007579 -1 00002582 00002538 000 378 43063.6798177546
24.11.2017 16:18:56 +00.03600E+00  0627 007579 -1 00002583 00002538 000 340 43063.6798216898
24.11.2017 16:18:56 +00.03600E+00  0645 007579 -1 00002584 00002538 000 343 43063.6798256597
24.11.2017 16:18:57 +00.03600E+00  0659 007579 -1 00002585 00002538 000 343 43063.6798296296
24.11.2017 16:18:57 +00.03600E+00  0668 007579 -1 00002586 00002538 000 379 43063.6798340162
24.11.2017 16:18:58 +00.03600E+00  0682 007579 -1 00002587 00002538 000 345 43063.6798380093
24.11.2017 16:18:58 +00.03600E+00  0696 007579 -1 00002588 00002538 000 343 43063.6798419792
24.11.2017 16:18:58 +00.03600E+00  0711 007579 -1 00002589 00002538 000 343 43063.6798459491
24.11.2017 16:18:59 +00.03600E+00  0726 007579 -1 00002590 00002538 000 374 43063.6798502778
24.11.2017 16:18:59 +00.03600E+00  0746 007579 -1 00002591 00002538 000 344 43063.6798542593
24.11.2017 16:18:59 +00.03600E+00  0758 007579 -1 00002592 00002538 000 343 43063.6798582292
24.11.2017 16:19:00 +00.03600E+00  0770 007579 -1 00002593 00002538 000 343 43063.6798621991
24.11.2017 16:19:00 +00.03600E+00  0785 007579 -1 00002594 00002538 000 375 43063.6798665394
24.11.2017 16:19:00 +00.03600E+00  0802 007579 -1 00002595 00002538 000 342 43063.6798704977
24.11.2017 16:19:01 +00.03600E+00  0814 007579 -1 00002596 00002538 000 342 43063.6798744676