
24.11.2017 16:19:05 +00.03550E+00  0009 007474 -1 00002597 00002597 000 343 43063.6799260185
24.11.2017 16:19:05 +00.03550E+00  0026 007474 -1 00002598 00002597 000 343 43063.6799299884
24.11.2017 16:19:06 +00.03550E+00  0046 007474 -1 00002599 00002597 000 420 43063.6799348495
24.11.2017 16:19:06 +00.03550E+00  0066 007474 -1 00002600 00002597 000 341 43063.6799387963
24.11.2017 16:19:07 +00.03550E+00  0087 007474 -1 00002601 00002597 000 343 43063.6799427778
24.11.2017 16:19:07 +00.03550E+00  0106 007474 -1 00002602 00002597 000 343 43063.6799467477
24.11.2017 16:19:07 +00.03550E+00  0116 007474 -1 00002603 00002597 000 377 43063.6799511111
24.11.2017 16:19:08 +00.03550E+00  0128 007474 -1 00002604 00002597 000 340 43063.6799550463
24.11.2017 16:19:08 +00.03550E+00  0152 007474 -1 00002605 00002597 000 343 43063.6799590162
24.11.2017 16:19:08 +00.03550E+00  0173 007474 -1 00002606 00002597 000 342 43063.6799629861
24.11.2017 16:19:09 +00.03550E+00  0191 007474 -1 00002607 00002597 000 377 43063.6799673611
24.11.2017 16:19:09 +00.03550E+00  0211 007474 -1 00002608 00002597 000 341 43063.6799713079
24.11.2017 16:19:09 +00.03550E+00  0222 007474 -1 00002609 00002597 000 342 43063.6799752662
24.11.2017 16:19:10 +00.03550E+00  0237 007474 -1 00002610 00002597 000 342 43063.6799792361
24.11.2017 16:19:10 +00.03550E+00  0248 007474 -1 00002611 00002597 000 378 43063.6799836227
24.11.2017 16:19:10 +00.03550E+00  0264 007474 -1 00002612 00002597 000 345 43063.6799876273
24.11.2017 16:19:11 +00.03550E+00  0274 007474 -1 00002613 00002597 000 342 43063.6799915856
24.11.2017 16:19:11 +00.03550E+00  0289 007474 -1 00002614 00002597 000 342 43063.6799955556
24.11.2017 16:19:11 +00.03550E+00  0310 007474 -1 00002615 00002597 000 374 43063.6799998843
24.11.2017 16:19:12 +00.03550E+00  0322 007474 -1 00002616 00002597 000 343 43063.6800038657
24.11.2017 16:19:12 +00.03550E+00  0336 007474 -1 00002617 00002597 000 343 43063.6800078356
24.11.2017 16:19:13 +00.03550E+00  0348 007474 -1 00002618 00002597 000 343 43063.6800118056
24.11.2017 16:19:13 +00.03550E+00  0365 007474 -1 00002619 00002597 000 375 43063.6800161458
24.11.2017 16:19:13 +00.03551E+00  0378 007474 -1 00002620 00002597 000 342 43063.6800201157
24.11.2017 16:19:14 +00.03550E+00  0399 007474 -1 00002621 00002597 000 343 43063.6800240856
24.11.2017 16:19:14 +00.03550E+00  0409 007474 -1 00002622 00002597 000 343 43063.6800280556
24.11.2017 16:19:14 +00.03550E+00  0429 007474 -1 00002623 00002597 000 376 43063.6800324074
24.11.2017 16:19:15 +00.03550E+00  0444 007474 -1 00002624 00002597 000 341 43063.6800363542
24.11.2017 16:19:15 +00.03550E+00  0461 007474 -1 00002625 00002597 000 343 43063.6800403356
24.11.2017 16:19:15 +00.03551E+00  0474 007474 -1 00002626 00002597 000 343 43063.6800443056
24.11.2017 16:19:16 +00.03550E+00  0489 007474 -1 00002627 00002597 000 377 43063.680048669
24.11.2017 16:19:16 +00.03550E+00  0506 007474 -1 00002628 00002597 000 340 43063.6800526042
24.11.2017 16:19:16 +00.03550E+00  0525 007474 -1 00002629 00002597 000 342 43063.6800565741
24.11.2017 16:19:17 +00.03550E+00  0535 007474 -1 00002630 00002597 000 342 43063.680060544
24.11.2017 16:19:17 +00.03550E+00  0552 007474 -1 00002631 00002597 000 378 43063.6800649306
24.11.2017 16:19:17 +00.03550E+00  0564 007474 -1 00002632 00002597 000 345 43063.6800689352
24.11.2017 16:19:18 +00.03550E+00  0580 007474 -1 00002633 00002597 000 342 43063.6800728935
24.11.2017 16:19:18 +00.03550E+00  0591 007474 -1 00002634 00002597 000 343 43063.680076875
24.11.2017 16:19:19 +00.03550E+00  0606 007474 -1 00002635 00002597 000 374 43063.6800812037
24.11.2017 16:19:19 +00.03550E+00  0623 007474 -1 00002636 00002597 000 343 43063.6800851736
24.11.2017 16:19:19 +00.03550E+00  0633 007474 -1 00002637 00002597 000 342 43063.6800891435
24.11.2017 16:19:20 +00.03550E+00  0639 007474 -1 00002638 00002597 000 342 43063.6800931134
24.11.2017 16:19:20 +00.03550E+00  0655 007474 -1 00002639 00002597 000 375 43063.6800974537
24.11.2017 16:19:20 +00.03550E+00  0673 007474 -1 00002640 00002597 000 342 43063.6801014236
24.11.2017 16:19:25 +00.03540E+00  0016 007452 -1 00002641 00002641 000 342 43063.6801536921
24.11.2017 16:19:25 +00.03540E+00  0026 007452 -1 00002642 00002641 000 342 43063.680157662
24.11.2017 16:19:26 +00.03540E+00  0043 007452 -1 00002643 00002641 000 417 43063.6801625
24.11.2017 16:19:26 +00.03540E+00  0060 007452 -1 00002644 00002641 000 343 43063.6801664815
24.11.2017 16:19:26 +00.03540E+00  0076 007452 -1 00002645 00002641 000 343 43063.680170463
24.11.2017 16:19:27 +00.03540E+00  0092 007452 -1 00002646 00002641 000 343 43063.6801744329
24.11.2017 16:19:27 +00.03540E+00  0110 007452 -1 00002647 00002641 000 374 43063.6801787616
24.11.2017 16:19:27 +00.03540E+00  0125 007452 -1 00002648 00002641 000 342 43063.6801827315
24.11.2017 16:19:28 +00.03540E+00  0139 007452 -1 00002649 00002641 000 342 43063.6801867014
24.11.2017 16:19:28 +00.03540E+00  0153 007452 -1 00002650 00002641 000 343 43063.6801906713
24.11.2017 16:19:28 +00.03540E+00  0167 007452 -1 00002651 00002641 000 375 43063.6801950231
24.11.2017 16:19:29 +00.03540E+00  0181 007452 -1 00002652 00002641 000 342 43063.6801989815
24.11.2017 16:19:29 +00.03540E+00  0191 007452 -1 00002653 00002641 000 344 43063.680202963
24.11.2017 16:19:29 +00.03540E+00  0195 007452 -1 00002654 00002641 000 342 43063.6802069213
24.11.2017 16:19:30 +00.03540E+00  0209 007452 -1 00002655 00002641 000 377 43063.6802112847
24.11.2017 16:19:30 +00.03540E+00  0225 007452 -1 00002656 00002641 000 340 43063.6802152315
24.11.2017 16:19:30 +00.03540E+00  0241 007452 -1 00002657 00002641 000 343 43063.6802192014
24.11.2017 16:19:31 +00.03540E+00  0255 007452 -1 00002658 00002641 000 343 43063.6802231713
24.11.2017 16:19:31 +00.03540E+00  0272 007452 -1 00002659 00002641 000 379 43063.6802275579
24.11.2017 16:19:32 +00.03540E+00  0281 007452 -1 00002660 00002641 000 345 43063.6802315509
24.11.2017 16:19:32 +00.03540E+00  0294 007452 -1 00002661 00002641 000 343 43063.6802355208
24.11.2017 16:19:32 +00.03540E+00  0307 007452 -1 00002662 00002641 000 343 43063.6802394907
24.11.2017 16:19:33 +00.03540E+00  0323 007452 -1 00002663 00002641 000 374 43063.6802438194
24.11.2017 16:19:33 +00.03540E+00  0336 007452 -1 00002664 00002641 000 344 43063.6802478009
24.11.2017 16:19:33 +00.03540E+00  0352 007452 -1 00002665 00002641 000 343 43063.6802517708
24.11.2017 16:19:34 +00.03540E+00  0369 007452 -1 00002666 00002641 000 343 43063.6802557407
24.11.2017 16:19:34 +00.03540E+00  0384 007452 -1 00002667 00002641 000 375 43063.680260081
24.11.2017 16:19:34 +00.03540E+00  0409 007452 -1 00002668 00002641 000 342 43063.6802640394
24.11.2017 16:19:35 +00.03540E+00  0421 007452 -1 00002669 00002641 000 343 43063.6802680208
24.11.2017 16:19:35 +00.03540E+00  0434 007452 -1 00002670 00002641 000 342 43063.6802719792
24.11.2017 16:19:35 +00.03540E+00  0443 007452 -1 00002671 00002641 000 376 43063.6802763426
24.11.2017 16:19:36 +00.03540E+00  0456 007452 -1 00002672 00002641 000 342 43063.6802803009
24.11.2017 16:19:36 +00.03540E+00  0474 007452 -1 00002673 00002641 000 342 43063.6802842593
24.11.2017 16:19:36 +00.03540E+00  0495 007452 -1 00002674 00002641 000 343 43063.6802882292
24.11.2017 16:19:37 +00.03540E+00  0512 007452 -1 00002675 00002641 000 376 43063.6802925926
24.11.2017 16:19:37 +00.03540E+00  0529 007452 -1 00002676 00002641 000 340 43063.6802965394
24.11.2017 16:19:37 +00.03540E+00  0543 007452 -1 00002677 00002641 000 343 43063.6803005093
24.11.2017 16:19:38 +00.03540E+00  0561 007452 -1 00002678 00002641 000 342 43063.6803044792
24.11.2017 16:19:38 +00.03540E+00  0579 007452 -1 00002679 00002641 000 379 43063.6803088657
24.11.2017 16:19:39 +00.03540E+00  0596 007452 -1 00002680 00002641 000 340 43063.6803128009
24.11.2017 16:19:39 +00.03540E+00  0612 007452 -1 00002681 00002641 000 342 43063.6803167593
24.11.2017 16:19:39 +00.03540E+00  0623 007452 -1 00002682 00002641 000 343 43063.6803207292
24.11.2017 16:19:40 +00.03540E+00  0638 007452 -1 00002683 00002641 000 381 43063.6803251389
24.11.2017 16:19:40 +00.03540E+00  0658 007452 -1 00002684 00002641 000 343 43063.6803291088
24.11.2017 16:19:44 +00.03530E+00  0011 007432 -1 00002685 00002685 000 341 43063.6803813079
24.11.2017 16:19:45 +00.03530E+00  0028 007432 -1 00002686 00002685 000 343 43063.6803852778
24.11.2017 16:19:45 +00.03530E+00  0047 007432 -1 00002687 00002685 000 343 43063.6803892477
24.11.2017 16:19:45 +00.03530E+00  0065 007432 -1 00002688 00002685 000 361 43063.6803934259
24.11.2017 16:19:46 +00.03530E+00  0076 007432 -1 00002689 00002685 000 344 43063.6803974074
24.11.2017 16:19:46 +00.03531E+00  0088 007432 -1 00002690 00002685 000 342 43063.6804013773
24.11.2017 16:19:47 +00.03530E+00  0102 007432 -1 00002691 00002685 000 343 43063.6804053472
24.11.2017 16:19:47 +00.03530E+00  0119 007432 -1 00002692 00002685 000 375 43063.6804096875
24.11.2017 16:19:47 +00.03530E+00  0139 007432 -1 00002693 00002685 000 343 43063.6804136574
24.11.2017 16:19:48 +00.03530E+00  0157 007432 -1 00002694 00002685 000 343 43063.6804176273
24.11.2017 16:19:48 +00.03531E+00  0173 007432 -1 00002695 00002685 000 343 43063.6804215972
24.11.2017 16:19:48 +00.03530E+00  0185 007432 -1 00002696 00002685 000 376 43063.6804259491
24.11.2017 16:19:49 +00.03530E+00  0206 007432 -1 00002697 00002685 000 342 43063.6804299074
24.11.2017 16:19:49 +00.03530E+00  0221 007432 -1 00002698 00002685 000 343 43063.6804338773
24.11.2017 16:19:49 +00.03530E+00  0235 007432 -1 00002699 00002685 000 343 43063.6804378472
24.11.2017 16:19:50 +00.03530E+00  0251 007432 -1 00002700 00002685 000 377 43063.6804422107
24.11.2017 16:19:50 +00.03530E+00  0278 007432 -1 00002701 00002685 000 340 43063.6804461458
24.11.2017 16:19:50 +00.03530E+00  0286 007432 -1 00002702 00002685 000 342 43063.6804501157
24.11.2017 16:19:51 +00.03530E+00  0294 007432 -1 00002703 00002685 000 343 43063.6804540972
24.11.2017 16:19:51 +00.03530E+00  0303 007432 -1 00002704 00002685 000 378 43063.6804584722
24.11.2017 16:19:51 +00.03530E+00  0323 007432 -1 00002705 00002685 000 340 43063.6804624074
24.11.2017 16:19:52 +00.03530E+00  0345 007432 -1 00002706 00002685 000 341 43063.6804663657
24.11.2017 16:19:52 +00.03530E+00  0358 007432 -1 00002707 00002685 000 342 43063.6804703356
24.11.2017 16:19:53 +00.03530E+00  0372 007432 -1 00002708 00002685 000 379 43063.6804747338
24.11.2017 16:19:53 +00.03530E+00  0382 007432 -1 00002709 00002685 000 343 43063.6804787153
24.11.2017 16:19:53 +00.03530E+00  0393 007432 -1 00002710 00002685 000 342 43063.6804826852
24.11.2017 16:19:54 +00.03530E+00  0407 007432 -1 00002711 00002685 000 342 43063.6804866551
24.11.2017 16:19:54 +00.03530E+00  0419 007432 -1 00002712 00002685 000 374 43063.6804909954
24.11.2017 16:19:54 +00.03531E+00  0436 007432 -1 00002713 00002685 000 343 43063.6804949653
24.11.2017 16:19:55 +00.03531E+00  0449 007430 -1 00002714 00002685 000 342 43063.6804989352
24.11.2017 16:19:55 +00.03530E+00  0467 007430 -1 00002715 00002685 000 343 43063.6805029051
24.11.2017 16:19:55 +00.03530E+00  0486 007430 -1 00002716 00002685 000 375 43063.6805072569
24.11.2017 16:19:56 +00.03530E+00  0497 007430 -1 00002717 00002685 000 341 43063.6805112153
24.11.2017 16:19:56 +00.03530E+00  0506 007430 -1 00002718 00002685 000 344 43063.6805151968
24.11.2017 16:19:56 +00.03530E+00  0524 007430 -1 00002719 00002685 000 342 43063.6805191551
24.11.2017 16:19:57 +00.03529E+00  0539 007430 -1 00002720 00002685 000 377 43063.6805235185
24.11.2017 16:19:57 +00.03529E+00  0557 007430 -1 00002721 00002685 000 341 43063.6805274653
24.11.2017 16:19:57 +00.03529E+00  0569 007430 -1 00002722 00002685 000 343 43063.6805314352
24.11.2017 16:19:58 +00.03529E+00  0585 007430 -1 00002723 00002685 000 343 43063.6805354051
24.11.2017 16:19:58 +00.03529E+00  0598 007430 -1 00002724 00002685 000 378 43063.6805397801
24.11.2017 16:19:58 +00.03529E+00  0613 007430 -1 00002725 00002685 000 340 43063.6805437153
24.11.2017 16:19:59 +00.03530E+00  0630 007430 -1 00002726 00002685 000 342 43063.6805476852
24.11.2017 16:19:59 +00.03529E+00  0644 007430 -1 00002727 00002685 000 343 43063.6805516551
24.11.2017 16:20:00 +00.03529E+00  0666 007430 -1 00002728 00002685 000 379 43063.6805560417
24.11.2017 16:20:04 +00.03520E+00  0014 007410 -1 00002729 00002729 000 377 43063.6806080787
24.11.2017 16:20:04 +00.03520E+00  0034 007410 -1 00002730 00002729 000 340 43063.6806120139
24.11.2017 16:20:05 +00.03520E+00  0051 007410 -1 00002731 00002729 000 342 43063.6806159838
24.11.2017 16:20:05 +00.03520E+00  0066 007410 -1 00002732 00002729 000 343 43063.6806199537
24.11.2017 16:20:05 +00.03520E+00  0084 007410 -1 00002733 00002729 000 379 43063.6806243403
24.11.2017 16:20:06 +00.03520E+00  0093 007410 -1 00002734 00002729 000 345 43063.6806283333
24.11.2017 16:20:06 +00.03520E+00  0113 007410 -1 00002735 00002729 000 343 43063.6806323032
24.11.2017 16:20:06 +00.03520E+00  0131 007410 -1 00002736 00002729 000 343 43063.6806362732
24.11.2017 16:20:07 +00.03520E+00  0141 007410 -1 00002737 00002729 000 374 43063.6806406019
24.11.2017 16:20:07 +00.03520E+00  0160 007410 -1 00002738 00002729 000 344 43063.6806445833
24.11.2017 16:20:08 +00.03520E+00  0170 007410 -1 00002739 00002729 000 343 43063.6806485532
24.11.2017 16:20:08 +00.03520E+00  0182 007410 -1 00002740 00002729 000 343 43063.6806525232
24.11.2017 16:20:08 +00.03520E+00  0204 007410 -1 00002741 00002729 000 375 43063.6806568634
24.11.2017 16:20:09 +00.03520E+00  0221 007410 -1 00002742 00002729 000 342 43063.6806608218
24.11.2017 16:20:09 +00.03520E+00  0235 007410 -1 00002743 00002729 000 343 43063.6806647917
24.11.2017 16:20:09 +00.03520E+00  0253 007410 -1 00002744 00002729 000 343 43063.6806687732
24.11.2017 16:20:10 +00.03520E+00  0262 007410 -1 00002745 00002729 000 377 43063.6806731366
24.11.2017 16:20:10 +00.03520E+00  0282 007410 -1 00002746 00002729 000 340 43063.6806770718
24.11.2017 16:20:10 +00.03520E+00  0298 007410 -1 00002747 00002729 000 342 43063.6806810417
24.11.2017 16:20:11 +00.03520E+00  0313 007410 -1 00002748 00002729 000 342 43063.6806850116
24.11.2017 16:20:11 +00.03520E+00  0334 007410 -1 00002749 00002729 000 377 43063.6806893866
24.11.2017 16:20:11 +00.03520E+00  0349 007410 -1 00002750 00002729 000 340 43063.6806933333
24.11.2017 16:20:12 +00.03520E+00  0373 007410 -1 00002751 00002729 000 341 43063.6806972917
24.11.2017 16:20:12 +00.03520E+00  0386 007410 -1 00002752 00002729 000 343 43063.6807012616
24.11.2017 16:20:12 +00.03520E+00  0397 007410 -1 00002753 00002729 000 379 43063.6807056481
24.11.2017 16:20:13 +00.03520E+00  0412 007410 -1 00002754 00002729 000 340 43063.6807095833
24.11.2017 16:20:13 +00.03520E+00  0423 007410 -1 00002755 00002729 000 341 43063.6807135417
24.11.2017 16:20:13 +00.03520E+00  0433 007410 -1 00002756 00002729 000 343 43063.6807175116
24.11.2017 16:20:14 +00.03520E+00  0453 007410 -1 00002757 00002729 000 380 43063.6807219097
24.11.2017 16:20:14 +00.03520E+00  0463 007410 -1 00002758 00002729 000 344 43063.6807258912
24.11.2017 16:20:15 +00.03520E+00  0481 007410 -1 00002759 00002729 000 343 43063.6807298611
24.11.2017 16:20:15 +00.03520E+00  0495 007410 -1 00002760 00002729 000 343 43063.680733831
24.11.2017 16:20:15 +00.03520E+00  0508 007410 -1 00002761 00002729 000 375 43063.6807381713
24.11.2017 16:20:16 +00.03520E+00  0519 007410 -1 00002762 00002729 000 343 43063.6807421412
24.11.2017 16:20:16 +00.03520E+00  0529 007410 -1 00002763 00002729 000 343 43063.6807461111
24.11.2017 16:20:16 +00.03520E+00  0540 007410 -1 00002764 00002729 000 343 43063.680750081
24.11.2017 16:20:17 +00.03520E+00  0550 007410 -1 00002765 00002729 000 376 43063.6807544329
24.11.2017 16:20:17 +00.03520E+00  0567 007410 -1 00002766 00002729 000 342 43063.6807583912
24.11.2017 16:20:17 +00.03520E+00  0577 007410 -1 00002767 00002729 000 343 43063.6807623611
24.11.2017 16:20:18 +00.03520E+00  0594 007410 -1 00002768 00002729 000 342 43063.6807663194
24.11.2017 16:20:18 +00.03520E+00  0609 007410 -1 00002769 00002729 000 377 43063.6807706944
24.11.2017 16:20:18 +00.03519E+00  0623 007410 -1 00002770 00002729 000 340 43063.6807746296
24.11.2017 16:20:19 +00.03520E+00  0640 007410 -1 00002771 00002729 000 343 43063.6807785995
24.11.2017 16:20:19 +00.03520E+00  0656 007410 -1 00002772 00002729 000 344 43063.680782581
24.11.2017 16:20:24 +00.03510E+00  0013 007390 -1 00002773 00002773 000 343 43063.6808344097
24.11.2017 16:20:24 +00.03510E+00  0027 007390 -1 00002774 00002773 000 397 43063.6808390046
24.11.2017 16:20:24 +00.03510E+00  0042 007390 -1 00002775 00002773 000 340 43063.6808429398
24.11.2017 16:20:25 +00.03510E+00  0054 007390 -1 00002776 00002773 000 342 43063.6808469097
24.11.2017 16:20:25 +00.03510E+00  0073 007390 -1 00002777 00002773 000 342 43063.6808508681
24.11.2017 16:20:25 +00.03510E+00  0090 007390 -1 00002778 00002773 000 378 43063.6808552546
24.11.2017 16:20:26 +00.03510E+00  0102 007390 -1 00002779 00002773 000 344 43063.6808592477
24.11.2017 16:20:26 +00.03510E+00  0116 007390 -1 00002780 00002773 000 343 43063.6808632292
24.11.2017 16:20:26 +00.03510E+00  0131 007390 -1 00002781 00002773 000 343 43063.6808671991
24.11.2017 16:20:27 +00.03510E+00  0149 007390 -1 00002782 00002773 000 374 43063.6808715278
24.11.2017 16:20:27 +00.03510E+00  0159 007390 -1 00002783 00002773 000 343 43063.6808754977
24.11.2017 16:20:27 +00.03510E+00  0171 007390 -1 00002784 00002773 000 343 43063.6808794792
24.11.2017 16:20:28 +00.03511E+00  0187 007390 -1 00002785 00002773 000 342 43063.6808834375
24.11.2017 16:20:28 +00.03510E+00  0200 007390 -1 00002786 00002773 000 375 43063.6808877893
24.11.2017 16:20:29 +00.03510E+00  0218 007390 -1 00002787 00002773 000 342 43063.6808917477
24.11.2017 16:20:29 +00.03510E+00  0228 007390 -1 00002788 00002773 000 343 43063.6808957176
24.11.2017 16:20:29 +00.03510E+00  0240 007390 -1 00002789 00002773 000 343 43063.6808996875
24.11.2017 16:20:30 +00.03510E+00  0255 007390 -1 00002790 00002773 000 375 43063.6809040393
24.11.2017 16:20:30 +00.03510E+00  0262 007390 -1 00002791 00002773 000 342 43063.6809079977
24.11.2017 16:20:30 +00.03510E+00  0277 007390 -1 00002792 00002773 000 343 43063.6809119676
24.11.2017 16:20:31 +00.03510E+00  0294 007390 -1 00002793 00002773 000 343 43063.6809159375
24.11.2017 16:20:31 +00.03510E+00  0310 007390 -1 00002794 00002773 000 377 43063.6809203009
24.11.2017 16:20:31 +00.03510E+00  0323 007390 -1 00002795 00002773 000 341 43063.6809242477
24.11.2017 16:20:32 +00.03510E+00  0340 007390 -1 00002796 00002773 000 343 43063.6809282176
24.11.2017 16:20:32 +00.03510E+00  0356 007390 -1 00002797 00002773 000 343 43063.6809321875
24.11.2017 16:20:32 +00.03510E+00  0365 007390 -1 00002798 00002773 000 379 43063.6809365741
24.11.2017 16:20:33 +00.03510E+00  0386 007390 -1 00002799 00002773 000 340 43063.6809405093
24.11.2017 16:20:33 +00.03510E+00  0404 007390 -1 00002800 00002773 000 342 43063.6809444676
24.11.2017 16:20:33 +00.03510E+00  0418 007390 -1 00002801 00002773 000 343 43063.6809484375
24.11.2017 16:20:34 +00.03510E+00  0437 007390 -1 00002802 00002773 000 380 43063.6809528356
24.11.2017 16:20:34 +00.03510E+00  0453 007390 -1 00002803 00002773 000 344 43063.6809568171
24.11.2017 16:20:35 +00.03510E+00  0464 007390 -1 00002804 00002773 000 343 43063.680960787
24.11.2017 16:20:35 +00.03510E+00  0474 007390 -1 00002805 00002773 000 343 43063.6809647569
24.11.2017 16:20:35 +00.03510E+00  0486 007390 -1 00002806 00002773 000 375 43063.6809690972
24.11.2017 16:20:36 +00.03510E+00  0502 007390 -1 00002807 00002773 000 342 43063.6809730556
24.11.2017 16:20:36 +00.03510E+00  0511 007390 -1 00002808 00002773 000 342 43063.6809770255
24.11.2017 16:20:36 +00.03510E+00  0522 007390 -1 00002809 00002773 000 342 43063.6809809954
24.11.2017 16:20:37 +00.03510E+00  0538 007390 -1 00002810 00002773 000 375 43063.6809853472
24.11.2017 16:20:37 +00.03510E+00  0561 007390 -1 00002811 00002773 000 341 43063.6809893056
24.11.2017 16:20:37 +00.03510E+00  0581 007390 -1 00002812 00002773 000 343 43063.6809932755
24.11.2017 16:20:38 +00.03510E+00  0600 007390 -1 00002813 00002773 000 343 43063.6809972454
24.11.2017 16:20:38 +00.03511E+00  0612 007390 -1 00002814 00002773 000 376 43063.6810016088
24.11.2017 16:20:38 +00.03510E+00  0623 007390 -1 00002815 00002773 000 341 43063.6810055556
24.11.2017 16:20:39 +00.03510E+00  0628 007390 -1 00002816 00002773 000 343 43063.6810095255
24.11.2017 16:20:43 +00.03500E+00  0018 007368 -1 00002817 00002817 000 342 43063.6810610648
24.11.2017 16:20:44 +00.03500E+00  0031 007368 -1 00002818 00002817 000 342 43063.6810650347
24.11.2017 16:20:44 +00.03500E+00  0049 007368 -1 00002819 00002817 000 420 43063.6810699074
24.11.2017 16:20:44 +00.03500E+00  0069 007368 -1 00002820 00002817 000 340 43063.6810738542
24.11.2017 16:20:45 +00.03499E+00  0079 007368 -1 00002821 00002817 000 343 43063.6810778241
24.11.2017 16:20:45 +00.03500E+00  0096 007368 -1 00002822 00002817 000 343 43063.681081794
24.11.2017 16:20:45 +00.03500E+00  0110 007368 -1 00002823 00002817 000 378 43063.681086169
24.11.2017 16:20:46 +00.03500E+00  0129 007368 -1 00002824 00002817 000 340 43063.6810901157
24.11.2017 16:20:46 +00.03500E+00  0139 007368 -1 00002825 00002817 000 341 43063.6810940741
24.11.2017 16:20:46 +00.03500E+00  0149 007368 -1 00002826 00002817 000 342 43063.681098044
24.11.2017 16:20:47 +00.03500E+00  0157 007368 -1 00002827 00002817 000 380 43063.6811024421
24.11.2017 16:20:47 +00.03500E+00  0174 007368 -1 00002828 00002817 000 344 43063.6811064236
24.11.2017 16:20:47 +00.03500E+00  0188 007368 -1 00002829 00002817 000 343 43063.6811103935
24.11.2017 16:20:48 +00.03500E+00  0199 007368 -1 00002830 00002817 000 343 43063.6811143634
24.11.2017 16:20:48 +00.03500E+00  0213 007368 -1 00002831 00002817 000 374 43063.6811187037
24.11.2017 16:20:48 +00.03500E+00  0233 007368 -1 00002832 00002817 000 343 43063.6811226736
24.11.2017 16:20:49 +00.03500E+00  0247 007368 -1 00002833 00002817 000 343 43063.6811266435
24.11.2017 16:20:49 +00.03500E+00  0258 007368 -1 00002834 00002817 000 343 43063.6811306134
24.11.2017 16:20:50 +00.03500E+00  0269 007368 -1 00002835 00002817 000 376 43063.6811349653
24.11.2017 16:20:50 +00.03500E+00  0283 007368 -1 00002836 00002817 000 342 43063.6811389236
24.11.2017 16:20:50 +00.03500E+00  0297 007368 -1 00002837 00002817 000 343 43063.6811428935
24.11.2017 16:20:51 +00.03500E+00  0314 007368 -1 00002838 00002817 000 343 43063.6811468634
24.11.2017 16:20:51 +00.03500E+00  0330 007368 -1 00002839 00002817 000 377 43063.6811512269
24.11.2017 16:20:51 +00.03500E+00  0342 007368 -1 00002840 00002817 000 341 43063.6811551736
24.11.2017 16:20:52 +00.03500E+00  0361 007368 -1 00002841 00002817 000 342 43063.6811591319
24.11.2017 16:20:52 +00.03500E+00  0378 007368 -1 00002842 00002817 000 343 43063.6811631134
24.11.2017 16:20:52 +00.03500E+00  0395 007368 -1 00002843 00002817 000 378 43063.6811674884
24.11.2017 16:20:53 +00.03500E+00  0408 007368 -1 00002844 00002817 000 340 43063.6811714236
24.11.2017 16:20:53 +00.03500E+00  0422 007368 -1 00002845 00002817 000 342 43063.6811753819
24.11.2017 16:20:53 +00.03500E+00  0439 007368 -1 00002846 00002817 000 342 43063.6811793519
24.11.2017 16:20:54 +00.03500E+00  0453 007368 -1 00002847 00002817 000 381 43063.6811837616
24.11.2017 16:20:54 +00.03500E+00  0470 007368 -1 00002848 00002817 000 342 43063.6811877315
24.11.2017 16:20:54 +00.03500E+00  0481 007368 -1 00002849 00002817 000 342 43063.6811917014
24.11.2017 16:20:55 +00.03500E+00  0504 007368 -1 00002850 00002817 000 343 43063.6811956713
24.11.2017 16:20:55 +00.03500E+00  0519 007368 -1 00002851 00002817 000 374 43063.6812000116
24.11.2017 16:20:56 +00.03500E+00  0537 007368 -1 00002852 00002817 000 343 43063.6812039815
24.11.2017 16:20:56 +00.03500E+00  0553 007368 -1 00002853 00002817 000 343 43063.6812079514
24.11.2017 16:20:56 +00.03500E+00  0562 007368 -1 00002854 00002817 000 343 43063.6812119213
24.11.2017 16:20:57 +00.03500E+00  0576 007368 -1 00002855 00002817 000 375 43063.6812162732
24.11.2017 16:20:57 +00.03500E+00  0594 007368 -1 00002856 00002817 000 341 43063.6812202315
24.11.2017 16:20:57 +00.03500E+00  0609 007368 -1 00002857 00002817 000 343 43063.6812242014
24.11.2017 16:20:58 +00.03500E+00  0627 007368 -1 00002858 00002817 000 343 43063.6812281713
24.11.2017 16:20:58 +00.03500E+00  0641 007368 -1 00002859 00002817 000 377 43063.6812325347
24.11.2017 16:20:58 +00.03500E+00  0660 007368 -1 00002860 00002817 000 341 43063.6812364815
24.11.2017 16:21:03 +00.03490E+00  0014 007348 -1 00002861 00002861 000 342 43063.68128875
24.11.2017 16:21:03 +00.03490E+00  0029 007348 -1 00002862 00002861 000 342 43063.6812927199
24.11.2017 16:21:04 +00.03490E+00  0043 007348 -1 00002863 00002861 000 420 43063.681297581
24.11.2017 16:21:04 +00.03490E+00  0057 007348 -1 00002864 00002861 000 341 43063.6813015393
24.11.2017 16:21:04 +00.03490E+00  0068 007348 -1 00002865 00002861 000 344 43063.6813055208
24.11.2017 16:21:05 +00.03490E+00  0084 007348 -1 00002866 00002861 000 342 43063.6813094792
24.11.2017 16:21:05 +00.03490E+00  0097 007348 -1 00002867 00002861 000 376 43063.6813138426
24.11.2017 16:21:05 +00.03490E+00  0113 007348 -1 00002868 00002861 000 341 43063.6813177893
24.11.2017 16:21:06 +00.03490E+00  0130 007348 -1 00002869 00002861 000 343 43063.6813217593
24.11.2017 16:21:06 +00.03490E+00  0145 007348 -1 00002870 00002861 000 344 43063.6813257407
24.11.2017 16:21:06 +00.03490E+00  0159 007348 -1 00002871 00002861 000 377 43063.6813301042
24.11.2017 16:21:07 +00.03490E+00  0171 007348 -1 00002872 00002861 000 341 43063.6813340509
24.11.2017 16:21:07 +00.03490E+00  0181 007348 -1 00002873 00002861 000 342 43063.6813380093
24.11.2017 16:21:07 +00.03490E+00  0199 007348 -1 00002874 00002861 000 343 43063.6813419792
24.11.2017 16:21:08 +00.03490E+00  0215 007348 -1 00002875 00002861 000 379 43063.6813463657
24.11.2017 16:21:08 +00.03490E+00  0230 007348 -1 00002876 00002861 000 345 43063.6813503588
24.11.2017 16:21:09 +00.03490E+00  0245 007348 -1 00002877 00002861 000 343 43063.6813543287
24.11.2017 16:21:09 +00.03490E+00  0258 007348 -1 00002878 00002861 000 343 43063.6813582986
24.11.2017 16:21:09 +00.03490E+00  0279 007348 -1 00002879 00002861 000 374 43063.6813626273
24.11.2017 16:21:10 +00.03490E+00  0295 007348 -1 00002880 00002861 000 343 43063.6813665972
24.11.2017 16:21:10 +00.03490E+00  0303 007348 -1 00002881 00002861 000 343 43063.6813705787
24.11.2017 16:21:10 +00.03490E+00  0317 007348 -1 00002882 00002861 000 343 43063.6813745486
24.11.2017 16:21:11 +00.03490E+00  0335 007348 -1 00002883 00002861 000 375 43063.6813788889
24.11.2017 16:21:11 +00.03490E+00  0354 007348 -1 00002884 00002861 000 342 43063.6813828472
24.11.2017 16:21:11 +00.03490E+00  0370 007348 -1 00002885 00002861 000 342 43063.6813868171
24.11.2017 16:21:12 +00.03490E+00  0385 007348 -1 00002886 00002861 000 342 43063.681390787
24.11.2017 16:21:12 +00.03490E+00  0401 007348 -1 00002887 00002861 000 376 43063.6813951505
24.11.2017 16:21:12 +00.03490E+00  0413 007348 -1 00002888 00002861 000 341 43063.6813990972
24.11.2017 16:21:13 +00.03490E+00  0423 007348 -1 00002889 00002861 000 343 43063.6814030671
24.11.2017 16:21:13 +00.03490E+00  0442 007348 -1 00002890 00002861 000 342 43063.681407037
24.11.2017 16:21:13 +00.03490E+00  0452 007348 -1 00002891 00002861 000 377 43063.681411412
24.11.2017 16:21:14 +00.03490E+00  0463 007348 -1 00002892 00002861 000 340 43063.6814153588
24.11.2017 16:21:14 +00.03490E+00  0474 007348 -1 00002893 00002861 000 341 43063.6814193171
24.11.2017 16:21:14 +00.03490E+00  0490 007348 -1 00002894 00002861 000 343 43063.681423287
24.11.2017 16:21:15 +00.03490E+00  0502 007348 -1 00002895 00002861 000 379 43063.6814276736
24.11.2017 16:21:15 +00.03490E+00  0523 007348 -1 00002896 00002861 000 340 43063.6814316088
24.11.2017 16:21:16 +00.03491E+00  0540 007348 -1 00002897 00002861 000 341 43063.6814355671
24.11.2017 16:21:16 +00.03490E+00  0559 007348 -1 00002898 00002861 000 343 43063.681439537
24.11.2017 16:21:16 +00.03491E+00  0569 007348 -1 00002899 00002861 000 380 43063.6814439352
24.11.2017 16:21:17 +00.03490E+00  0586 007348 -1 00002900 00002861 000 344 43063.6814479167
24.11.2017 16:21:17 +00.03490E+00  0607 007348 -1 00002901 00002861 000 343 43063.6814518866
24.11.2017 16:21:17 +00.03490E+00  0615 007348 -1 00002902 00002861 000 343 43063.6814558565
24.11.2017 16:21:18 +00.03490E+00  0632 007348 -1 00002903 00002861 000 375 43063.6814601968
24.11.2017 16:21:18 +00.03490E+00  0646 007348 -1 00002904 00002861 000 343 43063.6814641667
24.11.2017 16:21:22 +00.03480E+00  0009 007326 -1 00002905 00002905 000 382 43063.6815122454
24.11.2017 16:21:23 +00.03480E+00  0027 007326 -1 00002906 00002905 000 342 43063.6815162037
24.11.2017 16:21:23 +00.03480E+00  0038 007326 -1 00002907 00002905 000 343 43063.6815201736
24.11.2017 16:21:23 +00.03480E+00  0053 007326 -1 00002908 00002905 000 343 43063.6815241435
24.11.2017 16:21:24 +00.03480E+00  0070 007326 -1 00002909 00002905 000 376 43063.6815284954
24.11.2017 16:21:24 +00.03480E+00  0084 007326 -1 00002910 00002905 000 341 43063.6815324421
24.11.2017 16:21:24 +00.03480E+00  0099 007326 -1 00002911 00002905 000 343 43063.6815364236
24.11.2017 16:21:25 +00.03480E+00  0119 007326 -1 00002912 00002905 000 343 43063.6815403935
24.11.2017 16:21:25 +00.03480E+00  0131 007326 -1 00002913 00002905 000 378 43063.6815447685
24.11.2017 16:21:25 +00.03480E+00  0145 007326 -1 00002914 00002905 000 340 43063.6815487037
24.11.2017 16:21:26 +00.03480E+00  0157 007326 -1 00002915 00002905 000 342 43063.681552662
24.11.2017 16:21:26 +00.03480E+00  0173 007326 -1 00002916 00002905 000 342 43063.6815566319
24.11.2017 16:21:26 +00.03480E+00  0185 007326 -1 00002917 00002905 000 380 43063.6815610417
24.11.2017 16:21:27 +00.03480E+00  0204 007326 -1 00002918 00002905 000 344 43063.6815650232
24.11.2017 16:21:27 +00.03480E+00  0215 007326 -1 00002919 00002905 000 342 43063.6815689815
24.11.2017 16:21:27 +00.03480E+00  0232 007326 -1 00002920 00002905 000 343 43063.681572963
24.11.2017 16:21:28 +00.03480E+00  0240 007326 -1 00002921 00002905 000 374 43063.6815772917
24.11.2017 16:21:28 +00.03480E+00  0263 007326 -1 00002922 00002905 000 343 43063.6815812616
24.11.2017 16:21:28 +00.03480E+00  0279 007326 -1 00002923 00002905 000 342 43063.6815852315
24.11.2017 16:21:29 +00.03480E+00  0294 007326 -1 00002924 00002905 000 343 43063.6815892014
24.11.2017 16:21:29 +00.03480E+00  0308 007326 -1 00002925 00002905 000 374 43063.6815935417
24.11.2017 16:21:30 +00.03480E+00  0320 007326 -1 00002926 00002905 000 342 43063.6815975116
24.11.2017 16:21:30 +00.03480E+00  0335 007326 -1 00002927 00002905 000 343 43063.6816014815
24.11.2017 16:21:30 +00.03480E+00  0353 007326 -1 00002928 00002905 000 343 43063.6816054514
24.11.2017 16:21:31 +00.03480E+00  0369 007326 -1 00002929 00002905 000 376 43063.6816098032
24.11.2017 16:21:31 +00.03480E+00  0391 007326 -1 00002930 00002905 000 341 43063.6816137616
24.11.2017 16:21:31 +00.03480E+00  0405 007326 -1 00002931 00002905 000 343 43063.6816177315
24.11.2017 16:21:32 +00.03480E+00  0418 007326 -1 00002932 00002905 000 343 43063.6816217014
24.11.2017 16:21:32 +00.03480E+00  0436 007326 -1 00002933 00002905 000 378 43063.6816260764
24.11.2017 16:21:32 +00.03480E+00  0450 007326 -1 00002934 00002905 000 340 43063.6816300116
24.11.2017 16:21:33 +00.03480E+00  0461 007326 -1 00002935 00002905 000 342 43063.6816339815
24.11.2017 16:21:33 +00.03480E+00  0479 007326 -1 00002936 00002905 000 343 43063.6816379514
24.11.2017 16:21:33 +00.03480E+00  0493 007326 -1 00002937 00002905 000 379 43063.681642338
24.11.2017 16:21:34 +00.03480E+00  0511 007326 -1 00002938 00002905 000 345 43063.681646331
24.11.2017 16:21:34 +00.03480E+00  0524 007326 -1 00002939 00002905 000 343 43063.6816503009
24.11.2017 16:21:34 +00.03480E+00  0547 007326 -1 00002940 00002905 000 343 43063.6816542708
24.11.2017 16:21:35 +00.03480E+00  0559 007326 -1 00002941 00002905 000 374 43063.6816585995
24.11.2017 16:21:35 +00.03480E+00  0575 007326 -1 00002942 00002905 000 344 43063.681662581
24.11.2017 16:21:35 +00.03480E+00  0594 007326 -1 00002943 00002905 000 343 43063.6816665509
24.11.2017 16:21:36 +00.03480E+00  0610 007326 -1 00002944 00002905 000 343 43063.6816705208
24.11.2017 16:21:36 +00.03480E+00  0623 007326 -1 00002945 00002905 000 375 43063.6816748611
24.11.2017 16:21:37 +00.03480E+00  0641 007326 -1 00002946 00002905 000 342 43063.6816788194
24.11.2017 16:21:37 +00.03480E+00  0652 007326 -1 00002947 00002905 000 342 43063.6816827893
24.11.2017 16:21:37 +00.03480E+00  0668 007326 -1 00002948 00002905 000 342 43063.6816867593
24.11.2017 16:21:38 +00.03480E+00  0679 007326 -1 00002949 00002905 000 375 43063.6816911111
24.11.2017 16:21:42 +00.03470E+00  0010 007306 -1 00002950 00002950 000 343 43063.6817385185
24.11.2017 16:21:42 +00.03470E+00  0029 007306 -1 00002951 00002950 000 400 43063.6817431481
24.11.2017 16:21:42 +00.03470E+00  0048 007306 -1 00002952 00002950 000 341 43063.6817471065
24.11.2017 16:21:43 +00.03470E+00  0058 007306 -1 00002953 00002950 000 342 43063.6817510764
24.11.2017 16:21:43 +00.03470E+00  0071 007306 -1 00002954 00002950 000 343 43063.6817550463
24.11.2017 16:21:44 +00.03470E+00  0089 007306 -1 00002955 00002950 000 376 43063.6817594097
24.11.2017 16:21:44 +00.03470E+00  0095 007306 -1 00002956 00002950 000 340 43063.6817633565
24.11.2017 16:21:44 +00.03470E+00  0104 007306 -1 00002957 00002950 000 343 43063.6817673264
24.11.2017 16:21:45 +00.03470E+00  0119 007306 -1 00002958 00002950 000 343 43063.6817712963
24.11.2017 16:21:45 +00.03470E+00  0131 007306 -1 00002959 00002950 000 378 43063.6817756713
24.11.2017 16:21:45 +00.03470E+00  0153 007306 -1 00002960 00002950 000 340 43063.6817796181
24.11.2017 16:21:46 +00.03470E+00  0170 007306 -1 00002961 00002950 000 341 43063.6817835764
24.11.2017 16:21:46 +00.03470E+00  0179 007306 -1 00002962 00002950 000 343 43063.6817875463
24.11.2017 16:21:46 +00.03470E+00  0194 007306 -1 00002963 00002950 000 380 43063.6817919444
24.11.2017 16:21:47 +00.03471E+00  0211 007306 -1 00002964 00002950 000 344 43063.6817959259
24.11.2017 16:21:47 +00.03470E+00  0230 007304 -1 00002965 00002950 000 343 43063.6817998958
24.11.2017 16:21:47 +00.03470E+00  0238 007304 -1 00002966 00002950 000 343 43063.6818038657
24.11.2017 16:21:48 +00.03470E+00  0253 007304 -1 00002967 00002950 000 375 43063.681808206
24.11.2017 16:21:48 +00.03470E+00  0262 007304 -1 00002968 00002950 000 342 43063.6818121644
24.11.2017 16:21:48 +00.03470E+00  0273 007304 -1 00002969 00002950 000 343 43063.6818161458
24.11.2017 16:21:49 +00.03470E+00  0295 007304 -1 00002970 00002950 000 343 43063.6818201157
24.11.2017 16:21:49 +00.03469E+00  0309 007304 -1 00002971 00002950 000 376 43063.6818244676
24.11.2017 16:21:49 +00.03469E+00  0324 007304 -1 00002972 00002950 000 341 43063.6818284144
24.11.2017 16:21:50 +00.03469E+00  0345 007304 -1 00002973 00002950 000 342 43063.6818323843
24.11.2017 16:21:50 +00.03469E+00  0360 007304 -1 00002974 00002950 000 343 43063.6818363657
24.11.2017 16:21:51 +00.03469E+00  0373 007304 -1 00002975 00002950 000 377 43063.6818407292
24.11.2017 16:21:51 +00.03469E+00  0385 007304 -1 00002976 00002950 000 340 43063.6818446644
24.11.2017 16:21:51 +00.03469E+00  0401 007304 -1 00002977 00002950 000 342 43063.6818486343
24.11.2017 16:21:52 +00.03469E+00  0416 007304 -1 00002978 00002950 000 342 43063.6818526042
24.11.2017 16:21:52 +00.03469E+00  0423 007304 -1 00002979 00002950 000 377 43063.6818569792
24.11.2017 16:21:52 +00.03470E+00  0445 007306 -1 00002980 00002950 000 340 43063.6818609259
24.11.2017 16:21:53 +00.03470E+00  0458 007306 -1 00002981 00002950 000 341 43063.6818648843
24.11.2017 16:21:53 +00.03470E+00  0473 007306 -1 00002982 00002950 000 343 43063.6818688542
24.11.2017 16:21:53 +00.03470E+00  0486 007306 -1 00002983 00002950 000 380 43063.6818732523
24.11.2017 16:21:54 +00.03470E+00  0503 007306 -1 00002984 00002950 000 343 43063.6818772338
24.11.2017 16:21:54 +00.03470E+00  0512 007306 -1 00002985 00002950 000 343 43063.6818812037
24.11.2017 16:21:54 +00.03470E+00  0524 007306 -1 00002986 00002950 000 343 43063.6818851736
24.11.2017 16:21:55 +00.03470E+00  0533 007306 -1 00002987 00002950 000 374 43063.6818895139
24.11.2017 16:21:55 +00.03470E+00  0546 007306 -1 00002988 00002950 000 343 43063.6818934838
24.11.2017 16:21:55 +00.03470E+00  0567 007306 -1 00002989 00002950 000 343 43063.6818974537
24.11.2017 16:21:56 +00.03470E+00  0576 007306 -1 00002990 00002950 000 343 43063.6819014236
24.11.2017 16:21:56 +00.03470E+00  0594 007306 -1 00002991 00002950 000 376 43063.6819057755
24.11.2017 16:21:57 +00.03470E+00  0608 007306 -1 00002992 00002950 000 342 43063.6819097338
24.11.2017 16:21:57 +00.03470E+00  0622 007306 -1 00002993 00002950 000 343 43063.6819137037
24.11.2017 16:21:57 +00.03470E+00  0632 007306 -1 00002994 00002950 000 343 43063.6819176736
24.11.2017 16:22:01 +00.03460E+00  0012 007284 -1 00002995 00002995 000 343 43063.6819652315
24.11.2017 16:22:02 +00.03460E+00  0025 007284 -1 00002996 00002995 000 343 43063.6819692014
24.11.2017 16:22:02 +00.03460E+00  0042 007284 -1 00002997 00002995 000 421 43063.6819740741
24.11.2017 16:22:02 +00.03460E+00  0060 007284 -1 00002998 00002995 000 341 43063.6819780208
24.11.2017 16:22:03 +00.03460E+00  0079 007284 -1 00002999 00002995 000 343 43063.6819819907
24.11.2017 16:22:03 +00.03460E+00  0098 007284 -1 00003000 00002995 000 343 43063.6819859606
24.11.2017 16:22:03 +00.03460E+00  0106 007284 -1 00003001 00002995 000 378 43063.6819903356
24.11.2017 16:22:04 +00.03460E+00  0116 007284 -1 00003002 00002995 000 340 43063.6819942708
24.11.2017 16:22:04 +00.03460E+00  0135 007284 -1 00003003 00002995 000 341 43063.6819982292
24.11.2017 16:22:04 +00.03460E+00  0146 007284 -1 00003004 00002995 000 342 43063.6820021991
24.11.2017 16:22:05 +00.03460E+00  0163 007284 -1 00003005 00002995 000 378 43063.6820065856
24.11.2017 16:22:05 +00.03460E+00  0180 007284 -1 00003006 00002995 000 344 43063.6820105787
24.11.2017 16:22:06 +00.03460E+00  0197 007284 -1 00003007 00002995 000 343 43063.6820145602
24.11.2017 16:22:06 +00.03460E+00  0209 007284 -1 00003008 00002995 000 343 43063.6820185301
24.11.2017 16:22:06 +00.03460E+00  0220 007284 -1 00003009 00002995 000 374 43063.6820228588
24.11.2017 16:22:07 +00.03460E+00  0239 007284 -1 00003010 00002995 000 343 43063.6820268287
24.11.2017 16:22:07 +00.03460E+00  0256 007284 -1 00003011 00002995 000 343 43063.6820307986
24.11.2017 16:22:07 +00.03460E+00  0270 007284 -1 00003012 00002995 000 342 43063.6820347685
24.11.2017 16:22:08 +00.03460E+00  0281 007284 -1 00003013 00002995 000 375 43063.6820391204
24.11.2017 16:22:08 +00.03460E+00  0294 007284 -1 00003014 00002995 000 341 43063.6820430787
24.11.2017 16:22:08 +00.03460E+00  0307 007284 -1 00003015 00002995 000 342 43063.6820470486
24.11.2017 16:22:09 +00.03460E+00  0325 007284 -1 00003016 00002995 000 342 43063.6820510185
24.11.2017 16:22:09 +00.03460E+00  0342 007284 -1 00003017 00002995 000 377 43063.6820553819
24.11.2017 16:22:09 +00.03460E+00  0352 007284 -1 00003018 00002995 000 340 43063.6820593287
24.11.2017 16:22:10 +00.03460E+00  0368 007284 -1 00003019 00002995 000 342 43063.6820632986
24.11.2017 16:22:10 +00.03460E+00  0384 007284 -1 00003020 00002995 000 343 43063.6820672685
24.11.2017 16:22:10 +00.03460E+00  0396 007284 -1 00003021 00002995 000 378 43063.6820716435
24.11.2017 16:22:11 +00.03460E+00  0411 007284 -1 00003022 00002995 000 340 43063.6820755787
24.11.2017 16:22:11 +00.03460E+00  0429 007284 -1 00003023 00002995 000 343 43063.6820795486
24.11.2017 16:22:12 +00.03460E+00  0438 007284 -1 00003024 00002995 000 344 43063.6820835301
24.11.2017 16:22:12 +00.03460E+00  0451 007284 -1 00003025 00002995 000 378 43063.6820879051
24.11.2017 16:22:12 +00.03460E+00  0469 007284 -1 00003026 00002995 000 345 43063.6820918981
24.11.2017 16:22:13 +00.03460E+00  0482 007284 -1 00003027 00002995 000 343 43063.6820958681
24.11.2017 16:22:13 +00.03460E+00  0498 007284 -1 00003028 00002995 000 343 43063.682099838
24.11.2017 16:22:13 +00.03460E+00  0513 007284 -1 00003029 00002995 000 374 43063.6821041667
24.11.2017 16:22:14 +00.03460E+00  0523 007284 -1 00003030 00002995 000 344 43063.6821081481
24.11.2017 16:22:14 +00.03460E+00  0537 007284 -1 00003031 00002995 000 343 43063.6821121181
24.11.2017 16:22:14 +00.03460E+00  0550 007284 -1 00003032 00002995 000 343 43063.682116088
24.11.2017 16:22:15 +00.03460E+00  0566 007284 -1 00003033 00002995 000 375 43063.6821204282
24.11.2017 16:22:15 +00.03460E+00  0581 007284 -1 00003034 00002995 000 342 43063.6821243866
24.11.2017 16:22:15 +00.03460E+00  0598 007284 -1 00003035 00002995 000 342 43063.6821283565
24.11.2017 16:22:16 +00.03460E+00  0609 007284 -1 00003036 00002995 000 342 43063.6821323264
24.11.2017 16:22:16 +00.03460E+00  0625 007284 -1 00003037 00002995 000 376 43063.6821366898
24.11.2017 16:22:16 +00.03460E+00  0643 007284 -1 00003038 00002995 000 341 43063.6821406366
24.11.2017 16:22:17 +00.03460E+00  0656 007284 -1 00003039 00002995 000 342 43063.6821446065
24.11.2017 16:22:21 +00.03450E+00  0012 007264 -1 00003040 00003040 000 377 43063.6821919792
24.11.2017 16:22:21 +00.03450E+00  0027 007264 -1 00003041 00003040 000 340 43063.6821959143
24.11.2017 16:22:22 +00.03450E+00  0035 007264 -1 00003042 00003040 000 342 43063.6821998843
24.11.2017 16:22:22 +00.03450E+00  0049 007264 -1 00003043 00003040 000 343 43063.6822038542
24.11.2017 16:22:22 +00.03450E+00  0063 007264 -1 00003044 00003040 000 378 43063.6822082407
24.11.2017 16:22:23 +00.03450E+00  0081 007264 -1 00003045 00003040 000 344 43063.6822122338
24.11.2017 16:22:23 +00.03450E+00  0094 007264 -1 00003046 00003040 000 343 43063.6822162037
24.11.2017 16:22:23 +00.03450E+00  0110 007264 -1 00003047 00003040 000 342 43063.6822201736
24.11.2017 16:22:24 +00.03450E+00  0127 007264 -1 00003048 00003040 000 373 43063.6822245023
24.11.2017 16:22:24 +00.03450E+00  0142 007264 -1 00003049 00003040 000 343 43063.6822284838
24.11.2017 16:22:24 +00.03450E+00  0159 007264 -1 00003050 00003040 000 343 43063.6822324537
24.11.2017 16:22:25 +00.03450E+00  0181 007264 -1 00003051 00003040 000 343 43063.6822364236
24.11.2017 16:22:25 +00.03451E+00  0194 007264 -1 00003052 00003040 000 375 43063.6822407639
24.11.2017 16:22:25 +00.03450E+00  0213 007264 -1 00003053 00003040 000 343 43063.6822447338
24.11.2017 16:22:26 +00.03450E+00  0231 007264 -1 00003054 00003040 000 343 43063.6822487037
24.11.2017 16:22:26 +00.03450E+00  0248 007264 -1 00003055 00003040 000 343 43063.6822526736
24.11.2017 16:22:27 +00.03450E+00  0269 007264 -1 00003056 00003040 000 376 43063.6822570255
24.11.2017 16:22:27 +00.03450E+00  0279 007264 -1 00003057 00003040 000 342 43063.6822609838
24.11.2017 16:22:27 +00.03450E+00  0293 007264 -1 00003058 00003040 000 343 43063.6822649537
24.11.2017 16:22:28 +00.03450E+00  0304 007264 -1 00003059 00003040 000 343 43063.6822689236
24.11.2017 16:22:28 +00.03451E+00  0314 007264 -1 00003060 00003040 000 377 43063.682273287
24.11.2017 16:22:28 +00.03450E+00  0324 007264 -1 00003061 00003040 000 340 43063.6822772222
24.11.2017 16:22:29 +00.03450E+00  0334 007264 -1 00003062 00003040 000 343 43063.6822811921
24.11.2017 16:22:29 +00.03451E+00  0349 007264 -1 00003063 00003040 000 342 43063.682285162
24.11.2017 16:22:29 +00.03451E+00  0365 007264 -1 00003064 00003040 000 378 43063.6822895486
24.11.2017 16:22:30 +00.03450E+00  0380 007264 -1 00003065 00003040 000 344 43063.6822935417
24.11.2017 16:22:30 +00.03450E+00  0402 007264 -1 00003066 00003040 000 342 43063.6822975116
24.11.2017 16:22:30 +00.03450E+00  0424 007264 -1 00003067 00003040 000 343 43063.6823014931
24.11.2017 16:22:31 +00.03450E+00  0432 007264 -1 00003068 00003040 000 373 43063.6823058102
24.11.2017 16:22:31 +00.03450E+00  0447 007264 -1 00003069 00003040 000 343 43063.6823097917
24.11.2017 16:22:31 +00.03450E+00  0458 007264 -1 00003070 00003040 000 342 43063.6823137616
24.11.2017 16:22:32 +00.03450E+00  0469 007264 -1 00003071 00003040 000 343 43063.6823177315
24.11.2017 16:22:32 +00.03450E+00  0480 007264 -1 00003072 00003040 000 375 43063.6823220718
24.11.2017 16:22:32 +00.03450E+00  0497 007264 -1 00003073 00003040 000 343 43063.6823260417
24.11.2017 16:22:33 +00.03450E+00  0514 007264 -1 00003074 00003040 000 344 43063.6823300231
24.11.2017 16:22:33 +00.03450E+00  0530 007264 -1 00003075 00003040 000 342 43063.6823339815
24.11.2017 16:22:34 +00.03450E+00  0537 007264 -1 00003076 00003040 000 376 43063.6823383333
24.11.2017 16:22:34 +00.03450E+00  0552 007264 -1 00003077 00003040 000 342 43063.6823422917
24.11.2017 16:22:34 +00.03451E+00  0570 007264 -1 00003078 00003040 000 343 43063.6823462616
24.11.2017 16:22:35 +00.03450E+00  0577 007264 -1 00003079 00003040 000 343 43063.6823502315
24.11.2017 16:22:35 +00.03450E+00  0591 007264 -1 00003080 00003040 000 379 43063.6823546181
24.11.2017 16:22:35 +00.03450E+00  0615 007264 -1 00003081 00003040 000 340 43063.6823585532
24.11.2017 16:22:36 +00.03450E+00  0623 007264 -1 00003082 00003040 000 341 43063.6823625116
24.11.2017 16:22:36 +00.03450E+00  0639 007264 -1 00003083 00003040 000 343 43063.6823664815
24.11.2017 16:22:36 +00.03450E+00  0644 007264 -1 00003084 00003040 000 379 43063.6823708681