
24.11.2017 16:22:41 +00.03402E+00  0010 007164 -1 00003085 00003085 000 376 43063.6824228935
24.11.2017 16:22:41 +00.03402E+00  0016 007164 -1 00003086 00003085 000 340 43063.6824268403
24.11.2017 16:22:42 +00.03402E+00  0033 007164 -1 00003087 00003085 000 342 43063.6824308102
24.11.2017 16:22:42 +00.03402E+00  0042 007164 -1 00003088 00003085 000 343 43063.6824347801
24.11.2017 16:22:42 +00.03402E+00  0052 007164 -1 00003089 00003085 000 379 43063.6824391667
24.11.2017 16:22:43 +00.03402E+00  0080 007164 -1 00003090 00003085 000 340 43063.6824431019
24.11.2017 16:22:43 +00.03402E+00  0096 007164 -1 00003091 00003085 000 340 43063.6824470486
24.11.2017 16:22:43 +00.03402E+00  0107 007164 -1 00003092 00003085 000 343 43063.6824510301
24.11.2017 16:22:44 +00.03403E+00  0123 007164 -1 00003093 00003085 000 380 43063.6824554282
24.11.2017 16:22:44 +00.03403E+00  0132 007164 -1 00003094 00003085 000 344 43063.6824594097
24.11.2017 16:22:44 +00.03402E+00  0143 007164 -1 00003095 00003085 000 343 43063.6824633796
24.11.2017 16:22:45 +00.03403E+00  0162 007164 -1 00003096 00003085 000 343 43063.6824673495
24.11.2017 16:22:45 +00.03402E+00  0177 007164 -1 00003097 00003085 000 375 43063.6824716898
24.11.2017 16:22:45 +00.03402E+00  0195 007164 -1 00003098 00003085 000 342 43063.6824756482
24.11.2017 16:22:48 +00.03364E+00  0014 007081 -1 00003099 00003099 000 343 43063.6825060995
24.11.2017 16:22:48 +00.03363E+00  0031 007081 -1 00003100 00003099 000 399 43063.6825107176
24.11.2017 16:22:49 +00.03363E+00  0050 007081 -1 00003101 00003099 000 344 43063.6825146991
24.11.2017 16:22:49 +00.03363E+00  0062 007081 -1 00003102 00003099 000 343 43063.682518669
24.11.2017 16:22:49 +00.03363E+00  0082 007081 -1 00003103 00003099 000 343 43063.6825226389
24.11.2017 16:22:50 +00.03363E+00  0098 007081 -1 00003104 00003099 000 375 43063.6825269792
24.11.2017 16:22:50 +00.03363E+00  0118 007081 -1 00003105 00003099 000 343 43063.6825309491
24.11.2017 16:22:51 +00.03363E+00  0135 007081 -1 00003106 00003099 000 343 43063.682534919
24.11.2017 16:22:51 +00.03363E+00  0142 007081 -1 00003107 00003099 000 343 43063.6825388889
24.11.2017 16:22:51 +00.03363E+00  0157 007081 -1 00003108 00003099 000 376 43063.6825432407
24.11.2017 16:22:52 +00.03363E+00  0172 007081 -1 00003109 00003099 000 341 43063.6825471875
24.11.2017 16:22:52 +00.03363E+00  0187 007081 -1 00003110 00003099 000 342 43063.6825511574
24.11.2017 16:22:52 +00.03363E+00  0202 007081 -1 00003111 00003099 000 342 43063.6825551273
24.11.2017 16:22:53 +00.03363E+00  0214 007081 -1 00003112 00003099 000 377 43063.6825595023
24.11.2017 16:22:55 +00.03337E+00  0013 007025 -1 00003113 00003113 000 342 43063.6825896875
24.11.2017 16:22:56 +00.03337E+00  0032 007025 -1 00003114 00003113 000 342 43063.6825936574
24.11.2017 16:22:56 +00.03336E+00  0049 007025 -1 00003115 00003113 000 420 43063.6825985301
24.11.2017 16:22:56 +00.03336E+00  0068 007025 -1 00003116 00003113 000 341 43063.6826024769
24.11.2017 16:22:57 +00.03336E+00  0083 007025 -1 00003117 00003113 000 342 43063.6826064468
24.11.2017 16:22:57 +00.03336E+00  0102 007025 -1 00003118 00003113 000 343 43063.6826104282
24.11.2017 16:22:57 +00.03336E+00  0125 007025 -1 00003119 00003113 000 377 43063.6826147917
24.11.2017 16:22:58 +00.03336E+00  0137 007025 -1 00003120 00003113 000 340 43063.6826187269
24.11.2017 16:22:58 +00.03336E+00  0152 007025 -1 00003121 00003113 000 344 43063.6826227083
24.11.2017 16:22:58 +00.03336E+00  0168 007025 -1 00003122 00003113 000 342 43063.6826266667
24.11.2017 16:22:59 +00.03336E+00  0184 007025 -1 00003123 00003113 000 377 43063.6826310417
24.11.2017 16:22:59 +00.03336E+00  0199 007025 -1 00003124 00003113 000 340 43063.6826349884
24.11.2017 16:23:00 +00.03336E+00  0211 007025 -1 00003125 00003113 000 342 43063.6826389468
24.11.2017 16:23:00 +00.03336E+00  0223 007025 -1 00003126 00003113 000 343 43063.6826429282
24.11.2017 16:23:02 +00.03304E+00  0023 006957 -1 00003127 00003127 000 378 43063.6826733333
24.11.2017 16:23:03 +00.03304E+00  0037 006957 -1 00003128 00003127 000 340 43063.6826772685
24.11.2017 16:23:03 +00.03304E+00  0051 006957 -1 00003129 00003127 000 341 43063.6826812268
24.11.2017 16:23:04 +00.03304E+00  0062 006957 -1 00003130 00003127 000 342 43063.6826851968
24.11.2017 16:23:04 +00.03304E+00  0074 006957 -1 00003131 00003127 000 379 43063.6826895949
24.11.2017 16:23:04 +00.03304E+00  0093 006957 -1 00003132 00003127 000 343 43063.6826935764
24.11.2017 16:23:05 +00.03304E+00  0111 006957 -1 00003133 00003127 000 343 43063.6826975579
24.11.2017 16:23:05 +00.03304E+00  0123 006957 -1 00003134 00003127 000 342 43063.6827015162
24.11.2017 16:23:05 +00.03304E+00  0138 006957 -1 00003135 00003127 000 375 43063.6827058565
24.11.2017 16:23:06 +00.03304E+00  0157 006957 -1 00003136 00003127 000 342 43063.6827098264
24.11.2017 16:23:06 +00.03304E+00  0168 006957 -1 00003137 00003127 000 342 43063.6827137963
24.11.2017 16:23:06 +00.03304E+00  0183 006957 -1 00003138 00003127 000 342 43063.6827177662
24.11.2017 16:23:07 +00.03304E+00  0203 006957 -1 00003139 00003127 000 375 43063.6827221181
24.11.2017 16:23:07 +00.03304E+00  0222 006957 -1 00003140 00003127 000 342 43063.682726088
24.11.2017 16:23:10 +00.03275E+00  0013 006895 -1 00003141 00003141 000 342 43063.6827565162
24.11.2017 16:23:10 +00.03275E+00  0024 006895 -1 00003142 00003141 000 399 43063.6827611458
24.11.2017 16:23:10 +00.03275E+00  0039 006895 -1 00003143 00003141 000 343 43063.6827651157
24.11.2017 16:23:11 +00.03274E+00  0055 006895 -1 00003144 00003141 000 342 43063.6827690857
24.11.2017 16:23:11 +00.03274E+00  0074 006895 -1 00003145 00003141 000 343 43063.6827730556
24.11.2017 16:23:11 +00.03274E+00  0090 006895 -1 00003146 00003141 000 375 43063.6827774074
24.11.2017 16:23:12 +00.03274E+00  0109 006895 -1 00003147 00003141 000 341 43063.6827813657
24.11.2017 16:23:12 +00.03274E+00  0125 006895 -1 00003148 00003141 000 343 43063.6827853357
24.11.2017 16:23:12 +00.03274E+00  0143 006895 -1 00003149 00003141 000 343 43063.6827893056
24.11.2017 16:23:13 +00.03274E+00  0159 006895 -1 00003150 00003141 000 377 43063.682793669
24.11.2017 16:23:13 +00.03274E+00  0178 006895 -1 00003151 00003141 000 341 43063.6827976157
24.11.2017 16:23:14 +00.03274E+00  0198 006895 -1 00003152 00003141 000 343 43063.6828015857
24.11.2017 16:23:14 +00.03274E+00  0214 006895 -1 00003153 00003141 000 343 43063.6828055556
24.11.2017 16:23:14 +00.03274E+00  0231 006895 -1 00003154 00003141 000 378 43063.6828099306