
24.11.2017 16:23:54 +00.03449E+00  0012 007260 1 00003230 00003230 000 342 43063.6832671181
24.11.2017 16:23:54 +00.03449E+00  0029 007260 1 00003231 00003230 000 401 43063.6832717593
24.11.2017 16:23:55 +00.03449E+00  0038 007260 1 00003232 00003230 000 342 43063.6832757176
24.11.2017 16:23:55 +00.03449E+00  0057 007260 1 00003233 00003230 000 342 43063.6832796875
24.11.2017 16:23:55 +00.03448E+00  0070 007260 1 00003234 00003230 000 343 43063.683283669
24.11.2017 16:23:56 +00.03448E+00  0084 007260 1 00003235 00003230 000 376 43063.6832880208
24.11.2017 16:23:56 +00.03448E+00  0094 007260 1 00003236 00003230 000 340 43063.6832919676
24.11.2017 16:23:56 +00.03448E+00  0105 007260 1 00003237 00003230 000 342 43063.6832959375
24.11.2017 16:23:57 +00.03448E+00  0109 007260 1 00003238 00003230 000 343 43063.6832999074
24.11.2017 16:23:57 +00.03448E+00  0121 007260 1 00003239 00003230 000 379 43063.683304294
24.11.2017 16:23:57 +00.03449E+00  0144 007260 1 00003240 00003230 000 341 43063.6833082407
24.11.2017 16:23:58 +00.03449E+00  0159 007260 1 00003241 00003230 000 340 43063.6833121875
24.11.2017 16:23:58 +00.03448E+00  0177 007260 1 00003242 00003230 000 342 43063.6833161574
24.11.2017 16:23:58 +00.03449E+00  0195 007260 1 00003243 00003230 000 380 43063.6833205556
24.11.2017 16:23:59 +00.03448E+00  0215 007262 1 00003244 00003230 000 344 43063.683324537
24.11.2017 16:23:59 +00.03449E+00  0229 007262 1 00003245 00003230 000 343 43063.6833285069
24.11.2017 16:23:59 +00.03449E+00  0247 007262 1 00003246 00003230 000 343 43063.6833324769
24.11.2017 16:24:00 +00.03449E+00  0259 007262 1 00003247 00003230 000 375 43063.6833368171
24.11.2017 16:24:00 +00.03449E+00  0275 007262 1 00003248 00003230 000 342 43063.683340787
24.11.2017 16:24:00 +00.03450E+00  0290 007262 1 00003249 00003230 000 343 43063.6833447569
24.11.2017 16:24:01 +00.03449E+00  0305 007262 1 00003250 00003230 000 343 43063.6833487269
24.11.2017 16:24:01 +00.03449E+00  0322 007262 1 00003251 00003230 000 376 43063.6833530787
24.11.2017 16:24:02 +00.03450E+00  0337 007262 1 00003252 00003230 000 341 43063.6833570255
24.11.2017 16:24:02 +00.03449E+00  0344 007262 1 00003253 00003230 000 342 43063.6833609954
24.11.2017 16:24:02 +00.03450E+00  0361 007262 1 00003254 00003230 000 342 43063.6833649653
24.11.2017 16:24:03 +00.03449E+00  0374 007262 1 00003255 00003230 000 377 43063.6833693403
24.11.2017 16:24:03 +00.03450E+00  0391 007262 1 00003256 00003230 000 340 43063.6833732755
24.11.2017 16:24:03 +00.03449E+00  0408 007262 1 00003257 00003230 000 343 43063.6833772454
24.11.2017 16:24:04 +00.03449E+00  0423 007262 1 00003258 00003230 000 342 43063.6833812153
24.11.2017 16:24:04 +00.03449E+00  0438 007264 1 00003259 00003230 000 377 43063.6833855903
24.11.2017 16:24:04 +00.03450E+00  0452 007264 1 00003260 00003230 000 340 43063.683389537
24.11.2017 16:24:05 +00.03450E+00  0472 007264 1 00003261 00003230 000 341 43063.6833934954
24.11.2017 16:24:05 +00.03450E+00  0488 007264 1 00003262 00003230 000 342 43063.6833974653
24.11.2017 16:24:05 +00.03451E+00  0497 007264 1 00003263 00003230 000 380 43063.6834018634
24.11.2017 16:24:06 +00.03450E+00  0505 007264 1 00003264 00003230 000 343 43063.6834058449
24.11.2017 16:24:06 +00.03451E+00  0525 007264 1 00003265 00003230 000 342 43063.6834098148
24.11.2017 16:24:06 +00.03450E+00  0537 007264 1 00003266 00003230 000 343 43063.6834137847
24.11.2017 16:24:07 +00.03450E+00  0547 007264 1 00003267 00003230 000 375 43063.683418125
24.11.2017 16:24:07 +00.03451E+00  0556 007264 1 00003268 00003230 000 342 43063.6834220949
24.11.2017 16:24:08 +00.03450E+00  0572 007264 1 00003269 00003230 000 343 43063.6834260648
24.11.2017 16:24:08 +00.03450E+00  0586 007264 1 00003270 00003230 000 343 43063.6834300347
24.11.2017 16:24:08 +00.03450E+00  0611 007264 1 00003271 00003230 000 376 43063.6834343866
24.11.2017 16:24:09 +00.03451E+00  0622 007264 1 00003272 00003230 000 342 43063.6834383449
24.11.2017 16:24:09 +00.03450E+00  0642 007264 1 00003273 00003230 000 343 43063.6834423148
24.11.2017 16:24:13 +00.03460E+00  0012 007284 1 00003274 00003274 000 343 43063.6834938542
24.11.2017 16:24:14 +00.03460E+00  0024 007284 1 00003275 00003274 000 343 43063.6834978241
24.11.2017 16:24:14 +00.03460E+00  0043 007284 1 00003276 00003274 000 419 43063.6835026736
24.11.2017 16:24:14 +00.03460E+00  0059 007284 1 00003277 00003274 000 342 43063.6835066435
24.11.2017 16:24:15 +00.03460E+00  0075 007284 1 00003278 00003274 000 343 43063.6835106134
24.11.2017 16:24:15 +00.03460E+00  0087 007284 1 00003279 00003274 000 343 43063.6835145833
24.11.2017 16:24:16 +00.03460E+00  0099 007284 1 00003280 00003274 000 377 43063.6835189468
24.11.2017 16:24:16 +00.03460E+00  0117 007284 1 00003281 00003274 000 341 43063.6835228935
24.11.2017 16:24:16 +00.03460E+00  0130 007284 1 00003282 00003274 000 343 43063.6835268634
24.11.2017 16:24:17 +00.03460E+00  0142 007284 1 00003283 00003274 000 343 43063.6835308333
24.11.2017 16:24:17 +00.03460E+00  0160 007284 1 00003284 00003274 000 378 43063.6835352083
24.11.2017 16:24:17 +00.03460E+00  0184 007284 1 00003285 00003274 000 340 43063.6835391435
24.11.2017 16:24:18 +00.03460E+00  0199 007284 1 00003286 00003274 000 342 43063.6835431134
24.11.2017 16:24:18 +00.03460E+00  0209 007284 1 00003287 00003274 000 343 43063.6835470833
24.11.2017 16:24:18 +00.03460E+00  0221 007284 1 00003288 00003274 000 379 43063.6835514699
24.11.2017 16:24:19 +00.03460E+00  0237 007284 1 00003289 00003274 000 345 43063.683555463
24.11.2017 16:24:19 +00.03460E+00  0248 007284 1 00003290 00003274 000 342 43063.6835594213
24.11.2017 16:24:19 +00.03460E+00  0259 007284 1 00003291 00003274 000 343 43063.6835634028
24.11.2017 16:24:20 +00.03460E+00  0276 007284 1 00003292 00003274 000 374 43063.6835677315
24.11.2017 16:24:20 +00.03460E+00  0284 007284 1 00003293 00003274 000 343 43063.6835717014
24.11.2017 16:24:20 +00.03460E+00  0293 007284 1 00003294 00003274 000 343 43063.6835756713
24.11.2017 16:24:21 +00.03460E+00  0313 007284 1 00003295 00003274 000 342 43063.6835796412
24.11.2017 16:24:21 +00.03460E+00  0328 007284 1 00003296 00003274 000 375 43063.6835839931
24.11.2017 16:24:21 +00.03460E+00  0340 007284 1 00003297 00003274 000 341 43063.6835879514
24.11.2017 16:24:22 +00.03460E+00  0354 007284 1 00003298 00003274 000 342 43063.6835919213
24.11.2017 16:24:22 +00.03460E+00  0366 007284 1 00003299 00003274 000 342 43063.6835958912
24.11.2017 16:24:23 +00.03460E+00  0383 007284 1 00003300 00003274 000 376 43063.6836002546
24.11.2017 16:24:23 +00.03460E+00  0396 007284 1 00003301 00003274 000 340 43063.6836042014
24.11.2017 16:24:23 +00.03460E+00  0420 007284 1 00003302 00003274 000 343 43063.6836081713
24.11.2017 16:24:24 +00.03460E+00  0432 007284 1 00003303 00003274 000 343 43063.6836121412
24.11.2017 16:24:24 +00.03460E+00  0450 007284 1 00003304 00003274 000 378 43063.6836165162
24.11.2017 16:24:24 +00.03460E+00  0467 007284 1 00003305 00003274 000 340 43063.6836204514
24.11.2017 16:24:25 +00.03460E+00  0487 007284 1 00003306 00003274 000 343 43063.6836244213
24.11.2017 16:24:25 +00.03460E+00  0497 007284 1 00003307 00003274 000 343 43063.6836283912
24.11.2017 16:24:25 +00.03460E+00  0509 007284 1 00003308 00003274 000 379 43063.6836327778
24.11.2017 16:24:26 +00.03460E+00  0521 007284 1 00003309 00003274 000 345 43063.6836367708
24.11.2017 16:24:26 +00.03460E+00  0534 007284 1 00003310 00003274 000 343 43063.6836407407
24.11.2017 16:24:26 +00.03460E+00  0548 007284 1 00003311 00003274 000 343 43063.6836447106
24.11.2017 16:24:27 +00.03460E+00  0561 007284 1 00003312 00003274 000 374 43063.6836490394
24.11.2017 16:24:27 +00.03460E+00  0577 007284 1 00003313 00003274 000 345 43063.6836530324
24.11.2017 16:24:27 +00.03460E+00  0592 007284 1 00003314 00003274 000 342 43063.6836569907
24.11.2017 16:24:28 +00.03460E+00  0607 007284 1 00003315 00003274 000 343 43063.6836609606
24.11.2017 16:24:28 +00.03460E+00  0617 007284 1 00003316 00003274 000 375 43063.6836653009
24.11.2017 16:24:29 +00.03460E+00  0640 007284 1 00003317 00003274 000 342 43063.6836692593
24.11.2017 16:24:33 +00.03470E+00  0020 007306 1 00003318 00003318 000 343 43063.6837215394
24.11.2017 16:24:33 +00.03470E+00  0033 007306 1 00003319 00003318 000 343 43063.6837255093
24.11.2017 16:24:34 +00.03470E+00  0044 007306 1 00003320 00003318 000 418 43063.6837303472
24.11.2017 16:24:34 +00.03470E+00  0058 007306 1 00003321 00003318 000 344 43063.6837343287
24.11.2017 16:24:34 +00.03470E+00  0067 007306 1 00003322 00003318 000 343 43063.6837382986
24.11.2017 16:24:35 +00.03470E+00  0079 007306 1 00003323 00003318 000 343 43063.6837422685
24.11.2017 16:24:35 +00.03470E+00  0094 007306 1 00003324 00003318 000 375 43063.6837466088
24.11.2017 16:24:36 +00.03470E+00  0116 007306 1 00003325 00003318 000 343 43063.6837505787
24.11.2017 16:24:36 +00.03470E+00  0132 007306 1 00003326 00003318 000 343 43063.6837545486
24.11.2017 16:24:36 +00.03470E+00  0148 007306 1 00003327 00003318 000 343 43063.6837585185
24.11.2017 16:24:37 +00.03470E+00  0162 007306 1 00003328 00003318 000 376 43063.6837628704
24.11.2017 16:24:37 +00.03470E+00  0178 007306 1 00003329 00003318 000 341 43063.6837668171
24.11.2017 16:24:37 +00.03470E+00  0192 007306 1 00003330 00003318 000 342 43063.683770787
24.11.2017 16:24:38 +00.03470E+00  0207 007306 1 00003331 00003318 000 342 43063.6837747569
24.11.2017 16:24:38 +00.03470E+00  0221 007306 1 00003332 00003318 000 377 43063.6837791319
24.11.2017 16:24:38 +00.03470E+00  0240 007306 1 00003333 00003318 000 340 43063.6837830787
24.11.2017 16:24:39 +00.03470E+00  0254 007306 1 00003334 00003318 000 341 43063.683787037
24.11.2017 16:24:39 +00.03470E+00  0265 007306 1 00003335 00003318 000 343 43063.6837910069
24.11.2017 16:24:39 +00.03470E+00  0285 007306 1 00003336 00003318 000 378 43063.6837953935
24.11.2017 16:24:40 +00.03471E+00  0294 007306 1 00003337 00003318 000 344 43063.6837993866
24.11.2017 16:24:40 +00.03470E+00  0315 007306 1 00003338 00003318 000 342 43063.6838033565
24.11.2017 16:24:40 +00.03470E+00  0328 007306 1 00003339 00003318 000 342 43063.6838073264
24.11.2017 16:24:41 +00.03470E+00  0345 007306 1 00003340 00003318 000 373 43063.6838116551
24.11.2017 16:24:41 +00.03470E+00  0356 007306 1 00003341 00003318 000 343 43063.6838156366
24.11.2017 16:24:42 +00.03470E+00  0370 007306 1 00003342 00003318 000 343 43063.6838196065
24.11.2017 16:24:42 +00.03470E+00  0388 007306 1 00003343 00003318 000 343 43063.6838235764
24.11.2017 16:24:42 +00.03470E+00  0404 007306 1 00003344 00003318 000 374 43063.6838279167
24.11.2017 16:24:43 +00.03470E+00  0424 007306 1 00003345 00003318 000 342 43063.6838318866
24.11.2017 16:24:43 +00.03470E+00  0435 007306 1 00003346 00003318 000 344 43063.6838358681
24.11.2017 16:24:43 +00.03470E+00  0443 007306 1 00003347 00003318 000 342 43063.6838398264
24.11.2017 16:24:44 +00.03470E+00  0460 007306 1 00003348 00003318 000 376 43063.6838441782
24.11.2017 16:24:44 +00.03470E+00  0468 007306 1 00003349 00003318 000 342 43063.6838481366
24.11.2017 16:24:44 +00.03470E+00  0481 007306 1 00003350 00003318 000 343 43063.6838521065
24.11.2017 16:24:45 +00.03470E+00  0499 007306 1 00003351 00003318 000 343 43063.6838560764
24.11.2017 16:24:45 +00.03470E+00  0514 007306 1 00003352 00003318 000 378 43063.6838604514
24.11.2017 16:24:45 +00.03470E+00  0523 007306 1 00003353 00003318 000 340 43063.6838643866
24.11.2017 16:24:46 +00.03470E+00  0534 007306 1 00003354 00003318 000 342 43063.6838683565
24.11.2017 16:24:46 +00.03470E+00  0540 007306 1 00003355 00003318 000 342 43063.6838723148
24.11.2017 16:24:46 +00.03470E+00  0565 007306 1 00003356 00003318 000 379 43063.683876713
24.11.2017 16:24:47 +00.03470E+00  0581 007306 1 00003357 00003318 000 345 43063.683880706
24.11.2017 16:24:47 +00.03470E+00  0598 007306 1 00003358 00003318 000 343 43063.6838846759
24.11.2017 16:24:47 +00.03470E+00  0616 007306 1 00003359 00003318 000 343 43063.6838886458
24.11.2017 16:24:48 +00.03470E+00  0630 007306 1 00003360 00003318 000 374 43063.6838929745
24.11.2017 16:24:48 +00.03470E+00  0652 007306 1 00003361 00003318 000 343 43063.6838969444
24.11.2017 16:24:53 +00.03480E+00  0007 007326 1 00003362 00003362 000 341 43063.6839491551
24.11.2017 16:24:53 +00.03480E+00  0026 007326 1 00003363 00003362 000 342 43063.6839531134
24.11.2017 16:24:53 +00.03480E+00  0039 007326 1 00003364 00003362 000 342 43063.6839570833
24.11.2017 16:24:54 +00.03480E+00  0057 007326 1 00003365 00003362 000 361 43063.6839612731
24.11.2017 16:24:54 +00.03480E+00  0070 007326 1 00003366 00003362 000 343 43063.6839652431
24.11.2017 16:24:54 +00.03480E+00  0089 007326 1 00003367 00003362 000 343 43063.6839692245
24.11.2017 16:24:55 +00.03480E+00  0105 007326 1 00003368 00003362 000 343 43063.6839731944
24.11.2017 16:24:55 +00.03480E+00  0120 007326 1 00003369 00003362 000 375 43063.6839775347
24.11.2017 16:24:56 +00.03480E+00  0137 007326 1 00003370 00003362 000 343 43063.6839815046
24.11.2017 16:24:56 +00.03480E+00  0154 007326 1 00003371 00003362 000 342 43063.683985463
24.11.2017 16:24:56 +00.03480E+00  0166 007326 1 00003372 00003362 000 342 43063.6839894329
24.11.2017 16:24:57 +00.03480E+00  0184 007326 1 00003373 00003362 000 375 43063.6839937847
24.11.2017 16:24:57 +00.03480E+00  0200 007326 1 00003374 00003362 000 341 43063.6839977431
24.11.2017 16:24:57 +00.03480E+00  0214 007326 1 00003375 00003362 000 342 43063.684001713
24.11.2017 16:24:58 +00.03480E+00  0227 007326 1 00003376 00003362 000 343 43063.6840056829
24.11.2017 16:24:58 +00.03480E+00  0242 007326 1 00003377 00003362 000 376 43063.6840100463
24.11.2017 16:24:58 +00.03480E+00  0261 007326 1 00003378 00003362 000 340 43063.6840139931
24.11.2017 16:24:59 +00.03480E+00  0269 007326 1 00003379 00003362 000 342 43063.684017963
24.11.2017 16:24:59 +00.03480E+00  0282 007326 1 00003380 00003362 000 343 43063.6840219329
24.11.2017 16:24:59 +00.03480E+00  0293 007326 1 00003381 00003362 000 379 43063.6840263194
24.11.2017 16:25:00 +00.03480E+00  0312 007326 1 00003382 00003362 000 340 43063.6840302546
24.11.2017 16:25:00 +00.03480E+00  0334 007326 1 00003383 00003362 000 341 43063.684034213
24.11.2017 16:25:00 +00.03480E+00  0350 007326 1 00003384 00003362 000 343 43063.6840381829
24.11.2017 16:25:01 +00.03480E+00  0363 007326 1 00003385 00003362 000 380 43063.684042581
24.11.2017 16:25:01 +00.03480E+00  0381 007326 1 00003386 00003362 000 344 43063.6840465625
24.11.2017 16:25:01 +00.03480E+00  0394 007326 1 00003387 00003362 000 343 43063.6840505324
24.11.2017 16:25:02 +00.03480E+00  0406 007326 1 00003388 00003362 000 343 43063.6840545023
24.11.2017 16:25:02 +00.03480E+00  0425 007326 1 00003389 00003362 000 375 43063.6840588426
24.11.2017 16:25:03 +00.03480E+00  0440 007326 1 00003390 00003362 000 343 43063.6840628125
24.11.2017 16:25:03 +00.03480E+00  0462 007326 1 00003391 00003362 000 343 43063.6840667824
24.11.2017 16:25:03 +00.03480E+00  0477 007326 1 00003392 00003362 000 343 43063.6840707523
24.11.2017 16:25:04 +00.03480E+00  0489 007326 1 00003393 00003362 000 376 43063.6840751042
24.11.2017 16:25:04 +00.03480E+00  0499 007326 1 00003394 00003362 000 342 43063.6840790625
24.11.2017 16:25:04 +00.03480E+00  0514 007326 1 00003395 00003362 000 342 43063.6840830208
24.11.2017 16:25:05 +00.03480E+00  0532 007326 1 00003396 00003362 000 342 43063.6840869907
24.11.2017 16:25:05 +00.03480E+00  0546 007326 1 00003397 00003362 000 377 43063.6840913657
24.11.2017 16:25:05 +00.03480E+00  0558 007326 1 00003398 00003362 000 341 43063.6840953125
24.11.2017 16:25:06 +00.03480E+00  0567 007326 1 00003399 00003362 000 342 43063.6840992708
24.11.2017 16:25:06 +00.03480E+00  0585 007326 1 00003400 00003362 000 342 43063.6841032407
24.11.2017 16:25:06 +00.03480E+00  0597 007326 1 00003401 00003362 000 377 43063.6841076157
24.11.2017 16:25:07 +00.03480E+00  0614 007326 1 00003402 00003362 000 340 43063.6841115625
24.11.2017 16:25:07 +00.03480E+00  0631 007326 1 00003403 00003362 000 341 43063.6841155208
24.11.2017 16:25:07 +00.03480E+00  0650 007326 1 00003404 00003362 000 343 43063.6841194907
24.11.2017 16:25:08 +00.03480E+00  0658 007326 1 00003405 00003362 000 380 43063.6841238889
24.11.2017 16:25:12 +00.03490E+00  0014 007348 1 00003406 00003406 000 377 43063.6841759143
24.11.2017 16:25:13 +00.03490E+00  0031 007348 1 00003407 00003406 000 340 43063.6841798611
24.11.2017 16:25:13 +00.03490E+00  0039 007348 1 00003408 00003406 000 341 43063.6841838194
24.11.2017 16:25:13 +00.03490E+00  0057 007348 1 00003409 00003406 000 342 43063.6841877894
24.11.2017 16:25:14 +00.03490E+00  0075 007348 1 00003410 00003406 000 380 43063.6841921875
24.11.2017 16:25:14 +00.03490E+00  0086 007348 1 00003411 00003406 000 343 43063.684196169
24.11.2017 16:25:14 +00.03490E+00  0098 007348 1 00003412 00003406 000 342 43063.6842001389
24.11.2017 16:25:15 +00.03490E+00  0122 007348 1 00003413 00003406 000 343 43063.6842041088
24.11.2017 16:25:15 +00.03490E+00  0137 007348 1 00003414 00003406 000 374 43063.6842084491
24.11.2017 16:25:15 +00.03490E+00  0157 007348 1 00003415 00003406 000 342 43063.684212419
24.11.2017 16:25:16 +00.03490E+00  0169 007348 1 00003416 00003406 000 343 43063.6842163889
24.11.2017 16:25:16 +00.03490E+00  0189 007348 1 00003417 00003406 000 343 43063.6842203588
24.11.2017 16:25:17 +00.03490E+00  0205 007348 1 00003418 00003406 000 376 43063.6842247222
24.11.2017 16:25:17 +00.03490E+00  0223 007348 1 00003419 00003406 000 342 43063.6842286806
24.11.2017 16:25:17 +00.03490E+00  0237 007348 1 00003420 00003406 000 342 43063.6842326389
24.11.2017 16:25:18 +00.03490E+00  0254 007348 1 00003421 00003406 000 343 43063.6842366088
24.11.2017 16:25:18 +00.03490E+00  0269 007348 1 00003422 00003406 000 377 43063.6842409722
24.11.2017 16:25:18 +00.03490E+00  0282 007348 1 00003423 00003406 000 341 43063.684244919
24.11.2017 16:25:19 +00.03490E+00  0290 007348 1 00003424 00003406 000 343 43063.6842488889
24.11.2017 16:25:19 +00.03490E+00  0297 007348 1 00003425 00003406 000 343 43063.6842528588
24.11.2017 16:25:19 +00.03490E+00  0309 007348 1 00003426 00003406 000 378 43063.6842572338
24.11.2017 16:25:20 +00.03490E+00  0323 007348 1 00003427 00003406 000 340 43063.684261169
24.11.2017 16:25:20 +00.03490E+00  0342 007348 1 00003428 00003406 000 342 43063.6842651273
24.11.2017 16:25:20 +00.03490E+00  0354 007348 1 00003429 00003406 000 342 43063.6842690972
24.11.2017 16:25:21 +00.03490E+00  0368 007348 1 00003430 00003406 000 378 43063.6842734838
24.11.2017 16:25:21 +00.03490E+00  0378 007348 1 00003431 00003406 000 344 43063.6842774769
24.11.2017 16:25:21 +00.03490E+00  0394 007348 1 00003432 00003406 000 342 43063.6842814468
24.11.2017 16:25:22 +00.03490E+00  0410 007348 1 00003433 00003406 000 343 43063.6842854282
24.11.2017 16:25:22 +00.03490E+00  0426 007348 1 00003434 00003406 000 374 43063.6842897569
24.11.2017 16:25:22 +00.03490E+00  0442 007348 1 00003435 00003406 000 343 43063.6842937269
24.11.2017 16:25:23 +00.03490E+00  0463 007348 1 00003436 00003406 000 343 43063.6842976968
24.11.2017 16:25:23 +00.03490E+00  0483 007348 1 00003437 00003406 000 342 43063.6843016667
24.11.2017 16:25:24 +00.03490E+00  0493 007348 1 00003438 00003406 000 376 43063.6843060301
24.11.2017 16:25:24 +00.03490E+00  0509 007348 1 00003439 00003406 000 340 43063.6843099769
24.11.2017 16:25:24 +00.03490E+00  0521 007348 1 00003440 00003406 000 342 43063.6843139468
24.11.2017 16:25:25 +00.03490E+00  0532 007348 1 00003441 00003406 000 344 43063.6843179282
24.11.2017 16:25:25 +00.03490E+00  0538 007348 1 00003442 00003406 000 376 43063.6843222801
24.11.2017 16:25:25 +00.03490E+00  0555 007348 1 00003443 00003406 000 341 43063.6843262269
24.11.2017 16:25:26 +00.03490E+00  0564 007348 1 00003444 00003406 000 343 43063.6843301968
24.11.2017 16:25:26 +00.03490E+00  0580 007348 1 00003445 00003406 000 343 43063.6843341667
24.11.2017 16:25:26 +00.03490E+00  0594 007348 1 00003446 00003406 000 378 43063.6843385417
24.11.2017 16:25:27 +00.03490E+00  0614 007348 1 00003447 00003406 000 340 43063.6843424769
24.11.2017 16:25:27 +00.03490E+00  0629 007348 1 00003448 00003406 000 342 43063.6843464468
24.11.2017 16:25:27 +00.03490E+00  0646 007348 1 00003449 00003406 000 343 43063.6843504167
24.11.2017 16:25:28 +00.03490E+00  0661 007348 1 00003450 00003406 000 379 43063.6843548032
24.11.2017 16:25:32 +00.03500E+00  0016 007368 1 00003451 00003451 000 377 43063.6844068403
24.11.2017 16:25:33 +00.03500E+00  0028 007368 1 00003452 00003451 000 340 43063.6844107755
24.11.2017 16:25:33 +00.03500E+00  0046 007368 1 00003453 00003451 000 343 43063.6844147454
24.11.2017 16:25:33 +00.03500E+00  0065 007368 1 00003454 00003451 000 343 43063.6844187153
24.11.2017 16:25:34 +00.03500E+00  0079 007368 1 00003455 00003451 000 379 43063.6844231019
24.11.2017 16:25:34 +00.03500E+00  0093 007368 1 00003456 00003451 000 344 43063.6844270949
24.11.2017 16:25:34 +00.03500E+00  0107 007368 1 00003457 00003451 000 343 43063.6844310648
24.11.2017 16:25:35 +00.03500E+00  0126 007368 1 00003458 00003451 000 343 43063.6844350347
24.11.2017 16:25:35 +00.03500E+00  0140 007368 1 00003459 00003451 000 374 43063.6844393634
24.11.2017 16:25:35 +00.03500E+00  0153 007368 1 00003460 00003451 000 344 43063.6844433449
24.11.2017 16:25:36 +00.03500E+00  0167 007368 1 00003461 00003451 000 344 43063.6844473264
24.11.2017 16:25:36 +00.03500E+00  0181 007368 1 00003462 00003451 000 342 43063.6844512847
24.11.2017 16:25:36 +00.03500E+00  0191 007368 1 00003463 00003451 000 375 43063.684455625
24.11.2017 16:25:37 +00.03500E+00  0207 007368 1 00003464 00003451 000 342 43063.6844595833
24.11.2017 16:25:37 +00.03500E+00  0226 007368 1 00003465 00003451 000 343 43063.6844635648
24.11.2017 16:25:37 +00.03500E+00  0239 007368 1 00003466 00003451 000 343 43063.6844675347
24.11.2017 16:25:38 +00.03500E+00  0257 007368 1 00003467 00003451 000 376 43063.6844718866
24.11.2017 16:25:38 +00.03500E+00  0270 007368 1 00003468 00003451 000 341 43063.6844758333
24.11.2017 16:25:39 +00.03500E+00  0293 007368 1 00003469 00003451 000 342 43063.6844798032
24.11.2017 16:25:39 +00.03500E+00  0314 007368 1 00003470 00003451 000 343 43063.6844837731
24.11.2017 16:25:39 +00.03500E+00  0330 007368 1 00003471 00003451 000 377 43063.6844881481
24.11.2017 16:25:40 +00.03500E+00  0348 007368 1 00003472 00003451 000 341 43063.6844921065
24.11.2017 16:25:40 +00.03500E+00  0359 007368 1 00003473 00003451 000 341 43063.6844960532
24.11.2017 16:25:40 +00.03500E+00  0367 007368 1 00003474 00003451 000 343 43063.6845000231
24.11.2017 16:25:41 +00.03500E+00  0384 007368 1 00003475 00003451 000 379 43063.6845044097
24.11.2017 16:25:41 +00.03500E+00  0405 007368 1 00003476 00003451 000 344 43063.6845084028
24.11.2017 16:25:41 +00.03500E+00  0417 007368 1 00003477 00003451 000 342 43063.6845123727
24.11.2017 16:25:42 +00.03500E+00  0432 007368 1 00003478 00003451 000 343 43063.6845163426
24.11.2017 16:25:42 +00.03500E+00  0453 007368 1 00003479 00003451 000 374 43063.6845206713
24.11.2017 16:25:42 +00.03500E+00  0463 007368 1 00003480 00003451 000 343 43063.6845246528
24.11.2017 16:25:43 +00.03500E+00  0484 007368 1 00003481 00003451 000 344 43063.6845286343
24.11.2017 16:25:43 +00.03500E+00  0498 007368 1 00003482 00003451 000 342 43063.6845325926
24.11.2017 16:25:43 +00.03500E+00  0510 007368 1 00003483 00003451 000 375 43063.6845369329
24.11.2017 16:25:44 +00.03500E+00  0530 007368 1 00003484 00003451 000 342 43063.6845409028
24.11.2017 16:25:44 +00.03500E+00  0541 007368 1 00003485 00003451 000 343 43063.6845448727
24.11.2017 16:25:45 +00.03500E+00  0556 007368 1 00003486 00003451 000 343 43063.6845488426
24.11.2017 16:25:45 +00.03500E+00  0567 007368 1 00003487 00003451 000 376 43063.6845531944
24.11.2017 16:25:45 +00.03500E+00  0582 007368 1 00003488 00003451 000 342 43063.6845571528
24.11.2017 16:25:46 +00.03500E+00  0603 007368 1 00003489 00003451 000 343 43063.6845611227
24.11.2017 16:25:46 +00.03500E+00  0614 007368 1 00003490 00003451 000 343 43063.6845650926
24.11.2017 16:25:46 +00.03500E+00  0637 007368 1 00003491 00003451 000 377 43063.684569456
24.11.2017 16:25:47 +00.03500E+00  0652 007368 1 00003492 00003451 000 340 43063.6845733912
24.11.2017 16:25:47 +00.03500E+00  0668 007368 1 00003493 00003451 000 342 43063.6845773611
24.11.2017 16:25:51 +00.03511E+00  0012 007390 1 00003494 00003494 000 342 43063.684628912
24.11.2017 16:25:52 +00.03510E+00  0026 007390 1 00003495 00003494 000 343 43063.6846328819
24.11.2017 16:25:52 +00.03510E+00  0041 007390 1 00003496 00003494 000 342 43063.6846368403
24.11.2017 16:25:52 +00.03510E+00  0053 007390 1 00003497 00003494 000 360 43063.6846410185
24.11.2017 16:25:53 +00.03510E+00  0066 007390 1 00003498 00003494 000 345 43063.6846450116
24.11.2017 16:25:53 +00.03510E+00  0080 007390 1 00003499 00003494 000 343 43063.6846489815
24.11.2017 16:25:54 +00.03511E+00  0100 007390 1 00003500 00003494 000 343 43063.6846529514
24.11.2017 16:25:54 +00.03510E+00  0113 007390 1 00003501 00003494 000 375 43063.6846572917
24.11.2017 16:25:54 +00.03510E+00  0134 007390 1 00003502 00003494 000 343 43063.6846612616
24.11.2017 16:25:55 +00.03510E+00  0155 007390 1 00003503 00003494 000 343 43063.6846652315
24.11.2017 16:25:55 +00.03510E+00  0169 007390 1 00003504 00003494 000 343 43063.6846692014
24.11.2017 16:25:55 +00.03510E+00  0184 007390 1 00003505 00003494 000 375 43063.6846735417
24.11.2017 16:25:56 +00.03510E+00  0200 007390 1 00003506 00003494 000 342 43063.6846775
24.11.2017 16:25:56 +00.03510E+00  0214 007390 1 00003507 00003494 000 343 43063.6846814699
24.11.2017 16:25:56 +00.03510E+00  0227 007390 1 00003508 00003494 000 343 43063.6846854398
24.11.2017 16:25:57 +00.03510E+00  0240 007390 1 00003509 00003494 000 376 43063.6846898032
24.11.2017 16:25:57 +00.03510E+00  0253 007390 1 00003510 00003494 000 341 43063.68469375
24.11.2017 16:25:57 +00.03511E+00  0264 007390 1 00003511 00003494 000 343 43063.6846977199
24.11.2017 16:25:58 +00.03511E+00  0285 007390 1 00003512 00003494 000 343 43063.6847016898
24.11.2017 16:25:58 +00.03510E+00  0304 007390 1 00003513 00003494 000 377 43063.6847060532
24.11.2017 16:25:58 +00.03511E+00  0324 007390 1 00003514 00003494 000 340 43063.68471
24.11.2017 16:25:59 +00.03510E+00  0344 007390 1 00003515 00003494 000 343 43063.6847139699
24.11.2017 16:25:59 +00.03510E+00  0360 007390 1 00003516 00003494 000 343 43063.6847179398
24.11.2017 16:26:00 +00.03510E+00  0371 007390 1 00003517 00003494 000 379 43063.6847223264
24.11.2017 16:26:00 +00.03510E+00  0389 007390 1 00003518 00003494 000 340 43063.6847262616
24.11.2017 16:26:00 +00.03510E+00  0408 007390 1 00003519 00003494 000 341 43063.6847302199
24.11.2017 16:26:01 +00.03510E+00  0424 007390 1 00003520 00003494 000 343 43063.6847341898
24.11.2017 16:26:01 +00.03510E+00  0439 007390 1 00003521 00003494 000 380 43063.684738588
24.11.2017 16:26:01 +00.03510E+00  0463 007390 1 00003522 00003494 000 344 43063.6847425694
24.11.2017 16:26:02 +00.03510E+00  0473 007390 1 00003523 00003494 000 343 43063.6847465394
24.11.2017 16:26:02 +00.03510E+00  0492 007390 1 00003524 00003494 000 343 43063.6847505093
24.11.2017 16:26:02 +00.03510E+00  0512 007390 1 00003525 00003494 000 375 43063.6847548495
24.11.2017 16:26:03 +00.03510E+00  0523 007390 1 00003526 00003494 000 342 43063.6847588079
24.11.2017 16:26:03 +00.03510E+00  0538 007390 1 00003527 00003494 000 343 43063.6847627894
24.11.2017 16:26:03 +00.03510E+00  0548 007390 1 00003528 00003494 000 342 43063.6847667477
24.11.2017 16:26:04 +00.03510E+00  0568 007390 1 00003529 00003494 000 376 43063.6847711111
24.11.2017 16:26:04 +00.03510E+00  0581 007390 1 00003530 00003494 000 341 43063.6847750579
24.11.2017 16:26:04 +00.03510E+00  0588 007390 1 00003531 00003494 000 343 43063.6847790278
24.11.2017 16:26:05 +00.03510E+00  0603 007390 1 00003532 00003494 000 343 43063.6847829977
24.11.2017 16:26:05 +00.03510E+00  0616 007390 1 00003533 00003494 000 376 43063.6847873611
24.11.2017 16:26:05 +00.03510E+00  0629 007390 1 00003534 00003494 000 340 43063.6847913079
24.11.2017 16:26:06 +00.03510E+00  0645 007390 1 00003535 00003494 000 342 43063.6847952778
24.11.2017 16:26:06 +00.03510E+00  0652 007390 1 00003536 00003494 000 343 43063.6847992477
24.11.2017 16:26:07 +00.03510E+00  0669 007390 1 00003537 00003494 000 378 43063.6848036227
24.11.2017 16:26:11 +00.03520E+00  0016 007410 1 00003538 00003538 000 376 43063.6848556597
24.11.2017 16:26:11 +00.03520E+00  0029 007410 1 00003539 00003538 000 340 43063.6848596065
24.11.2017 16:26:12 +00.03520E+00  0040 007410 1 00003540 00003538 000 343 43063.6848635764
24.11.2017 16:26:12 +00.03520E+00  0051 007410 1 00003541 00003538 000 343 43063.6848675579
24.11.2017 16:26:12 +00.03520E+00  0061 007410 1 00003542 00003538 000 377 43063.6848719213
24.11.2017 16:26:13 +00.03520E+00  0083 007410 1 00003543 00003538 000 340 43063.6848758681
24.11.2017 16:26:13 +00.03520E+00  0097 007410 1 00003544 00003538 000 341 43063.6848798264
24.11.2017 16:26:13 +00.03520E+00  0113 007410 1 00003545 00003538 000 343 43063.6848837963
24.11.2017 16:26:14 +00.03520E+00  0129 007410 1 00003546 00003538 000 379 43063.6848881829
24.11.2017 16:26:14 +00.03520E+00  0145 007410 1 00003547 00003538 000 344 43063.6848921759
24.11.2017 16:26:15 +00.03520E+00  0159 007410 1 00003548 00003538 000 343 43063.6848961458
24.11.2017 16:26:15 +00.03520E+00  0173 007410 1 00003549 00003538 000 343 43063.6849001157
24.11.2017 16:26:15 +00.03520E+00  0186 007410 1 00003550 00003538 000 374 43063.684904456
24.11.2017 16:26:16 +00.03520E+00  0205 007410 1 00003551 00003538 000 343 43063.6849084259
24.11.2017 16:26:16 +00.03520E+00  0224 007410 1 00003552 00003538 000 343 43063.6849123958
24.11.2017 16:26:16 +00.03520E+00  0238 007410 1 00003553 00003538 000 343 43063.6849163657
24.11.2017 16:26:17 +00.03520E+00  0254 007410 1 00003554 00003538 000 376 43063.6849207176
24.11.2017 16:26:17 +00.03520E+00  0270 007410 1 00003555 00003538 000 342 43063.6849246759
24.11.2017 16:26:17 +00.03520E+00  0284 007410 1 00003556 00003538 000 343 43063.6849286458
24.11.2017 16:26:18 +00.03520E+00  0295 007410 1 00003557 00003538 000 343 43063.6849326157
24.11.2017 16:26:18 +00.03520E+00  0313 007410 1 00003558 00003538 000 377 43063.6849369792
24.11.2017 16:26:18 +00.03520E+00  0331 007410 1 00003559 00003538 000 341 43063.6849409259
24.11.2017 16:26:19 +00.03520E+00  0357 007410 1 00003560 00003538 000 344 43063.6849449074
24.11.2017 16:26:19 +00.03520E+00  0369 007410 1 00003561 00003538 000 342 43063.6849488657
24.11.2017 16:26:19 +00.03520E+00  0386 007410 1 00003562 00003538 000 378 43063.6849532407
24.11.2017 16:26:20 +00.03520E+00  0399 007410 1 00003563 00003538 000 340 43063.6849571759
24.11.2017 16:26:20 +00.03520E+00  0407 007410 1 00003564 00003538 000 342 43063.6849611343
24.11.2017 16:26:20 +00.03520E+00  0417 007410 1 00003565 00003538 000 342 43063.6849651042
24.11.2017 16:26:21 +00.03520E+00  0430 007410 1 00003566 00003538 000 378 43063.6849694907
24.11.2017 16:26:21 +00.03520E+00  0443 007410 1 00003567 00003538 000 344 43063.6849734838
24.11.2017 16:26:22 +00.03520E+00  0454 007410 1 00003568 00003538 000 344 43063.6849774653
24.11.2017 16:26:22 +00.03520E+00  0468 007410 1 00003569 00003538 000 342 43063.6849814236
24.11.2017 16:26:22 +00.03520E+00  0481 007410 1 00003570 00003538 000 374 43063.6849857639
24.11.2017 16:26:23 +00.03520E+00  0493 007410 1 00003571 00003538 000 343 43063.6849897338
24.11.2017 16:26:23 +00.03520E+00  0509 007410 1 00003572 00003538 000 343 43063.6849937037
24.11.2017 16:26:23 +00.03520E+00  0523 007410 1 00003573 00003538 000 342 43063.6849976736
24.11.2017 16:26:24 +00.03520E+00  0548 007410 1 00003574 00003538 000 375 43063.6850020255
24.11.2017 16:26:24 +00.03520E+00  0559 007410 1 00003575 00003538 000 341 43063.6850059838
24.11.2017 16:26:24 +00.03520E+00  0573 007410 1 00003576 00003538 000 343 43063.6850099537
24.11.2017 16:26:25 +00.03520E+00  0587 007410 1 00003577 00003538 000 343 43063.6850139236
24.11.2017 16:26:25 +00.03520E+00  0597 007410 1 00003578 00003538 000 377 43063.685018287
24.11.2017 16:26:25 +00.03520E+00  0611 007410 1 00003579 00003538 000 341 43063.6850222338
24.11.2017 16:26:26 +00.03520E+00  0620 007410 1 00003580 00003538 000 343 43063.6850262037
24.11.2017 16:26:26 +00.03520E+00  0630 007410 1 00003581 00003538 000 343 43063.6850301736
24.11.2017 16:26:31 +00.03530E+00  0015 007430 1 00003582 00003582 000 343 43063.6850819329
24.11.2017 16:26:31 +00.03530E+00  0027 007430 1 00003583 00003582 000 402 43063.6850865856
24.11.2017 16:26:31 +00.03530E+00  0049 007430 1 00003584 00003582 000 341 43063.6850905324
24.11.2017 16:26:32 +00.03530E+00  0064 007430 1 00003585 00003582 000 343 43063.6850945023
24.11.2017 16:26:32 +00.03529E+00  0083 007430 1 00003586 00003582 000 343 43063.6850984722
24.11.2017 16:26:32 +00.03529E+00  0099 007430 1 00003587 00003582 000 378 43063.6851028472
24.11.2017 16:26:33 +00.03529E+00  0117 007430 1 00003588 00003582 000 340 43063.6851067824
24.11.2017 16:26:33 +00.03529E+00  0130 007430 1 00003589 00003582 000 343 43063.6851107523
24.11.2017 16:26:33 +00.03529E+00  0147 007430 1 00003590 00003582 000 343 43063.6851147222
24.11.2017 16:26:34 +00.03529E+00  0155 007430 1 00003591 00003582 000 379 43063.6851191088
24.11.2017 16:26:34 +00.03529E+00  0173 007430 1 00003592 00003582 000 340 43063.685123044
24.11.2017 16:26:34 +00.03529E+00  0190 007430 1 00003593 00003582 000 340 43063.6851269907
24.11.2017 16:26:35 +00.03529E+00  0203 007430 1 00003594 00003582 000 343 43063.6851309722
24.11.2017 16:26:35 +00.03530E+00  0224 007430 1 00003595 00003582 000 380 43063.6851353704
24.11.2017 16:26:36 +00.03529E+00  0240 007430 1 00003596 00003582 000 344 43063.6851393519
24.11.2017 16:26:36 +00.03529E+00  0252 007430 1 00003597 00003582 000 343 43063.6851433218
24.11.2017 16:26:36 +00.03529E+00  0266 007430 1 00003598 00003582 000 343 43063.6851472917
24.11.2017 16:26:37 +00.03529E+00  0274 007430 1 00003599 00003582 000 375 43063.6851516319
24.11.2017 16:26:37 +00.03529E+00  0288 007430 1 00003600 00003582 000 342 43063.6851555903
24.11.2017 16:26:37 +00.03529E+00  0298 007430 1 00003601 00003582 000 343 43063.6851595718
24.11.2017 16:26:38 +00.03529E+00  0313 007430 1 00003602 00003582 000 343 43063.6851635417
24.11.2017 16:26:38 +00.03529E+00  0333 007430 1 00003603 00003582 000 376 43063.6851678935
24.11.2017 16:26:38 +00.03529E+00  0347 007430 1 00003604 00003582 000 341 43063.6851718403
24.11.2017 16:26:39 +00.03530E+00  0362 007430 1 00003605 00003582 000 343 43063.6851758102
24.11.2017 16:26:39 +00.03529E+00  0376 007430 1 00003606 00003582 000 343 43063.6851797801
24.11.2017 16:26:39 +00.03530E+00  0391 007430 1 00003607 00003582 000 377 43063.6851841551
24.11.2017 16:26:40 +00.03529E+00  0411 007430 1 00003608 00003582 000 340 43063.6851881019
24.11.2017 16:26:40 +00.03529E+00  0425 007430 1 00003609 00003582 000 342 43063.6851920602
24.11.2017 16:26:40 +00.03529E+00  0436 007430 1 00003610 00003582 000 343 43063.6851960301
24.11.2017 16:26:41 +00.03529E+00  0451 007432 1 00003611 00003582 000 378 43063.6852004167
24.11.2017 16:26:41 +00.03530E+00  0467 007432 1 00003612 00003582 000 340 43063.6852043519
24.11.2017 16:26:41 +00.03530E+00  0484 007432 1 00003613 00003582 000 341 43063.6852083102
24.11.2017 16:26:42 +00.03530E+00  0501 007432 1 00003614 00003582 000 343 43063.6852122801
24.11.2017 16:26:42 +00.03530E+00  0513 007432 1 00003615 00003582 000 380 43063.6852166782
24.11.2017 16:26:43 +00.03530E+00  0536 007432 1 00003616 00003582 000 344 43063.6852206597
24.11.2017 16:26:43 +00.03530E+00  0551 007432 1 00003617 00003582 000 343 43063.6852246296
24.11.2017 16:26:43 +00.03530E+00  0568 007432 1 00003618 00003582 000 343 43063.6852285995
24.11.2017 16:26:44 +00.03530E+00  0586 007432 1 00003619 00003582 000 375 43063.6852329398
24.11.2017 16:26:44 +00.03530E+00  0607 007432 1 00003620 00003582 000 343 43063.6852369097
24.11.2017 16:26:44 +00.03530E+00  0620 007432 1 00003621 00003582 000 343 43063.6852408796
24.11.2017 16:26:45 +00.03530E+00  0636 007432 1 00003622 00003582 000 343 43063.6852448495
24.11.2017 16:26:45 +00.03530E+00  0655 007432 1 00003623 00003582 000 376 43063.6852492014
24.11.2017 16:26:45 +00.03530E+00  0665 007432 1 00003624 00003582 000 341 43063.6852531481
24.11.2017 16:26:46 +00.03530E+00  0676 007432 1 00003625 00003582 000 342 43063.6852571181
24.11.2017 16:26:50 +00.03540E+00  0014 007452 1 00003626 00003626 000 377 43063.6853044907
24.11.2017 16:26:50 +00.03540E+00  0027 007452 1 00003627 00003626 000 341 43063.6853084375
24.11.2017 16:26:50 +00.03540E+00  0045 007452 1 00003628 00003626 000 342 43063.6853123958
24.11.2017 16:26:51 +00.03540E+00  0062 007452 1 00003629 00003626 000 342 43063.6853163657
24.11.2017 16:26:51 +00.03540E+00  0078 007452 1 00003630 00003626 000 378 43063.6853207523
24.11.2017 16:26:52 +00.03540E+00  0093 007452 1 00003631 00003626 000 344 43063.6853247454
24.11.2017 16:26:52 +00.03540E+00  0109 007452 1 00003632 00003626 000 342 43063.6853287153
24.11.2017 16:26:52 +00.03540E+00  0123 007452 1 00003633 00003626 000 342 43063.6853326852
24.11.2017 16:26:53 +00.03540E+00  0142 007452 1 00003634 00003626 000 374 43063.6853370255
24.11.2017 16:26:53 +00.03540E+00  0158 007452 1 00003635 00003626 000 343 43063.6853409954
24.11.2017 16:26:53 +00.03540E+00  0172 007452 1 00003636 00003626 000 342 43063.6853449653
24.11.2017 16:26:54 +00.03540E+00  0184 007452 1 00003637 00003626 000 342 43063.6853489352
24.11.2017 16:26:54 +00.03540E+00  0204 007452 1 00003638 00003626 000 374 43063.6853532755
24.11.2017 16:26:54 +00.03540E+00  0225 007452 1 00003639 00003626 000 342 43063.6853572454
24.11.2017 16:26:55 +00.03540E+00  0240 007452 1 00003640 00003626 000 343 43063.6853612153
24.11.2017 16:26:55 +00.03540E+00  0251 007452 1 00003641 00003626 000 343 43063.6853651852
24.11.2017 16:26:55 +00.03540E+00  0260 007452 1 00003642 00003626 000 375 43063.685369537
24.11.2017 16:26:56 +00.03540E+00  0275 007452 1 00003643 00003626 000 341 43063.6853734954
24.11.2017 16:26:56 +00.03540E+00  0295 007452 1 00003644 00003626 000 343 43063.6853774653
24.11.2017 16:26:56 +00.03540E+00  0309 007452 1 00003645 00003626 000 343 43063.6853814352
24.11.2017 16:26:57 +00.03540E+00  0320 007452 1 00003646 00003626 000 377 43063.6853857986
24.11.2017 16:26:57 +00.03540E+00  0340 007452 1 00003647 00003626 000 341 43063.6853897454
24.11.2017 16:26:58 +00.03540E+00  0354 007452 1 00003648 00003626 000 343 43063.6853937153
24.11.2017 16:26:58 +00.03540E+00  0373 007452 1 00003649 00003626 000 343 43063.6853976852
24.11.2017 16:26:58 +00.03540E+00  0387 007452 1 00003650 00003626 000 379 43063.6854020718
24.11.2017 16:26:59 +00.03540E+00  0402 007452 1 00003651 00003626 000 345 43063.6854060648
24.11.2017 16:26:59 +00.03540E+00  0416 007452 1 00003652 00003626 000 343 43063.6854100347
24.11.2017 16:26:59 +00.03540E+00  0427 007452 1 00003653 00003626 000 343 43063.6854140046
24.11.2017 16:27:00 +00.03540E+00  0438 007452 1 00003654 00003626 000 374 43063.6854183333
24.11.2017 16:27:00 +00.03540E+00  0459 007452 1 00003655 00003626 000 344 43063.6854223148
24.11.2017 16:27:00 +00.03540E+00  0483 007452 1 00003656 00003626 000 343 43063.6854262847
24.11.2017 16:27:01 +00.03540E+00  0498 007452 1 00003657 00003626 000 343 43063.6854302546
24.11.2017 16:27:01 +00.03540E+00  0514 007452 1 00003658 00003626 000 375 43063.6854345949
24.11.2017 16:27:01 +00.03540E+00  0524 007452 1 00003659 00003626 000 342 43063.6854385532
24.11.2017 16:27:02 +00.03540E+00  0542 007452 1 00003660 00003626 000 342 43063.6854425232
24.11.2017 16:27:02 +00.03540E+00  0554 007452 1 00003661 00003626 000 342 43063.6854464931
24.11.2017 16:27:02 +00.03540E+00  0568 007452 1 00003662 00003626 000 375 43063.6854508449
24.11.2017 16:27:03 +00.03540E+00  0586 007452 1 00003663 00003626 000 341 43063.6854548032
24.11.2017 16:27:03 +00.03540E+00  0594 007452 1 00003664 00003626 000 342 43063.6854587732
24.11.2017 16:27:03 +00.03540E+00  0611 007452 1 00003665 00003626 000 343 43063.6854627431
24.11.2017 16:27:04 +00.03540E+00  0626 007452 1 00003666 00003626 000 377 43063.6854671065
24.11.2017 16:27:04 +00.03540E+00  0647 007452 1 00003667 00003626 000 341 43063.6854710532
24.11.2017 16:27:05 +00.03540E+00  0660 007452 1 00003668 00003626 000 343 43063.6854750232
24.11.2017 16:27:05 +00.03540E+00  0679 007452 1 00003669 00003626 000 343 43063.6854789931
24.11.2017 16:27:09 +00.03550E+00  0011 007474 1 00003670 00003670 000 341 43063.6855265509
24.11.2017 16:27:09 +00.03550E+00  0024 007474 1 00003671 00003670 000 343 43063.6855305208
24.11.2017 16:27:10 +00.03550E+00  0040 007474 1 00003672 00003670 000 343 43063.6855344907
24.11.2017 16:27:10 +00.03550E+00  0056 007474 1 00003673 00003670 000 361 43063.685538669
24.11.2017 16:27:10 +00.03551E+00  0066 007474 1 00003674 00003670 000 344 43063.6855426505
24.11.2017 16:27:11 +00.03550E+00  0080 007474 1 00003675 00003670 000 343 43063.6855466204
24.11.2017 16:27:11 +00.03550E+00  0099 007474 1 00003676 00003670 000 343 43063.6855505903
24.11.2017 16:27:11 +00.03550E+00  0113 007474 1 00003677 00003670 000 374 43063.685554919
24.11.2017 16:27:12 +00.03550E+00  0128 007474 1 00003678 00003670 000 344 43063.6855589005
24.11.2017 16:27:12 +00.03550E+00  0136 007474 1 00003679 00003670 000 343 43063.6855628704
24.11.2017 16:27:12 +00.03550E+00  0157 007474 1 00003680 00003670 000 343 43063.6855668403
24.11.2017 16:27:13 +00.03551E+00  0172 007474 1 00003681 00003670 000 376 43063.6855711921
24.11.2017 16:27:13 +00.03550E+00  0195 007474 1 00003682 00003670 000 341 43063.6855751389
24.11.2017 16:27:14 +00.03550E+00  0214 007474 1 00003683 00003670 000 343 43063.6855791204
24.11.2017 16:27:14 +00.03550E+00  0232 007474 1 00003684 00003670 000 343 43063.6855830903
24.11.2017 16:27:14 +00.03550E+00  0245 007474 1 00003685 00003670 000 377 43063.6855874537
24.11.2017 16:27:15 +00.03550E+00  0264 007474 1 00003686 00003670 000 340 43063.6855913889
24.11.2017 16:27:15 +00.03550E+00  0282 007474 1 00003687 00003670 000 342 43063.6855953588
24.11.2017 16:27:15 +00.03550E+00  0295 007474 1 00003688 00003670 000 342 43063.6855993287
24.11.2017 16:27:16 +00.03550E+00  0314 007474 1 00003689 00003670 000 377 43063.6856037037
24.11.2017 16:27:16 +00.03550E+00  0327 007474 1 00003690 00003670 000 340 43063.6856076505
24.11.2017 16:27:16 +00.03550E+00  0340 007474 1 00003691 00003670 000 341 43063.6856116088
24.11.2017 16:27:17 +00.03550E+00  0351 007474 1 00003692 00003670 000 343 43063.6856155787
24.11.2017 16:27:17 +00.03550E+00  0362 007474 1 00003693 00003670 000 381 43063.6856199884
24.11.2017 16:27:17 +00.03550E+00  0382 007474 1 00003694 00003670 000 342 43063.6856239583
24.11.2017 16:27:18 +00.03550E+00  0395 007474 1 00003695 00003670 000 342 43063.6856279282
24.11.2017 16:27:18 +00.03550E+00  0409 007474 1 00003696 00003670 000 343 43063.6856318982
24.11.2017 16:27:18 +00.03550E+00  0426 007474 1 00003697 00003670 000 373 43063.6856362269
24.11.2017 16:27:19 +00.03550E+00  0441 007474 1 00003698 00003670 000 343 43063.6856402083
24.11.2017 16:27:19 +00.03550E+00  0457 007474 1 00003699 00003670 000 343 43063.6856441782
24.11.2017 16:27:20 +00.03550E+00  0469 007474 1 00003700 00003670 000 343 43063.6856481481
24.11.2017 16:27:20 +00.03550E+00  0487 007474 1 00003701 00003670 000 376 43063.6856525
24.11.2017 16:27:20 +00.03550E+00  0503 007474 1 00003702 00003670 000 342 43063.6856564583
24.11.2017 16:27:21 +00.03550E+00  0528 007474 1 00003703 00003670 000 343 43063.6856604282
24.11.2017 16:27:21 +00.03550E+00  0548 007474 1 00003704 00003670 000 343 43063.6856643981
24.11.2017 16:27:21 +00.03550E+00  0567 007474 1 00003705 00003670 000 377 43063.6856687616
24.11.2017 16:27:22 +00.03550E+00  0591 007474 1 00003706 00003670 000 341 43063.6856727083
24.11.2017 16:27:22 +00.03551E+00  0603 007474 1 00003707 00003670 000 343 43063.6856766782
24.11.2017 16:27:22 +00.03550E+00  0614 007474 1 00003708 00003670 000 343 43063.6856806481
24.11.2017 16:27:23 +00.03550E+00  0623 007474 1 00003709 00003670 000 378 43063.6856850231
24.11.2017 16:27:23 +00.03550E+00  0634 007474 1 00003710 00003670 000 345 43063.6856890278
24.11.2017 16:27:23 +00.03550E+00  0645 007474 1 00003711 00003670 000 343 43063.6856929977
24.11.2017 16:27:24 +00.03550E+00  0662 007474 1 00003712 00003670 000 343 43063.6856969676
24.11.2017 16:27:24 +00.03550E+00  0684 007474 1 00003713 00003670 000 373 43063.6857012847