
24.11.2017 16:27:29 +00.03590E+00  0014 007557 1 00003714 00003714 000 379 43063.6857533333
24.11.2017 16:27:29 +00.03590E+00  0031 007557 1 00003715 00003714 000 344 43063.6857573264
24.11.2017 16:27:29 +00.03590E+00  0041 007557 1 00003716 00003714 000 343 43063.6857612963
24.11.2017 16:27:30 +00.03590E+00  0054 007557 1 00003717 00003714 000 343 43063.6857652662
24.11.2017 16:27:30 +00.03590E+00  0067 007557 1 00003718 00003714 000 373 43063.6857695833
24.11.2017 16:27:30 +00.03590E+00  0080 007557 1 00003719 00003714 000 345 43063.6857735764
24.11.2017 16:27:31 +00.03590E+00  0094 007557 1 00003720 00003714 000 343 43063.6857775463
24.11.2017 16:27:31 +00.03590E+00  0110 007557 1 00003721 00003714 000 343 43063.6857815162
24.11.2017 16:27:31 +00.03590E+00  0126 007557 1 00003722 00003714 000 374 43063.6857858449
24.11.2017 16:27:32 +00.03590E+00  0147 007557 1 00003723 00003714 000 343 43063.6857898148
24.11.2017 16:27:32 +00.03590E+00  0161 007557 1 00003724 00003714 000 343 43063.6857937847
24.11.2017 16:27:32 +00.03590E+00  0171 007557 1 00003725 00003714 000 342 43063.6857977546
24.11.2017 16:27:33 +00.03590E+00  0188 007557 1 00003726 00003714 000 375 43063.6858021065
24.11.2017 16:27:33 +00.03590E+00  0203 007557 1 00003727 00003714 000 342 43063.6858060648
24.11.2017 16:27:33 +00.03590E+00  0211 007557 1 00003728 00003714 000 342 43063.6858100347
24.11.2017 16:27:34 +00.03590E+00  0226 007557 1 00003729 00003714 000 342 43063.6858140046
24.11.2017 16:27:34 +00.03590E+00  0245 007557 1 00003730 00003714 000 376 43063.6858183681
24.11.2017 16:27:35 +00.03590E+00  0258 007557 1 00003731 00003714 000 341 43063.6858223148
24.11.2017 16:27:35 +00.03590E+00  0272 007557 1 00003732 00003714 000 343 43063.6858262847
24.11.2017 16:27:35 +00.03590E+00  0288 007557 1 00003733 00003714 000 343 43063.6858302546
24.11.2017 16:27:36 +00.03590E+00  0301 007557 1 00003734 00003714 000 378 43063.6858346296
24.11.2017 16:27:36 +00.03590E+00  0314 007557 1 00003735 00003714 000 340 43063.6858385764
24.11.2017 16:27:36 +00.03590E+00  0335 007557 1 00003736 00003714 000 341 43063.6858425347
24.11.2017 16:27:37 +00.03590E+00  0353 007557 1 00003737 00003714 000 343 43063.6858465046
24.11.2017 16:27:37 +00.03590E+00  0364 007557 1 00003738 00003714 000 379 43063.6858508912
24.11.2017 16:27:37 +00.03590E+00  0372 007557 1 00003739 00003714 000 340 43063.6858548264
24.11.2017 16:27:38 +00.03590E+00  0385 007557 1 00003740 00003714 000 341 43063.6858587847
24.11.2017 16:27:38 +00.03590E+00  0398 007557 1 00003741 00003714 000 343 43063.6858627546
24.11.2017 16:27:38 +00.03590E+00  0407 007557 1 00003742 00003714 000 380 43063.6858671528
24.11.2017 16:27:39 +00.03590E+00  0424 007557 1 00003743 00003714 000 344 43063.6858711343
24.11.2017 16:27:39 +00.03590E+00  0433 007557 1 00003744 00003714 000 343 43063.6858751042
24.11.2017 16:27:39 +00.03590E+00  0446 007557 1 00003745 00003714 000 343 43063.6858790741
24.11.2017 16:27:40 +00.03590E+00  0464 007557 1 00003746 00003714 000 375 43063.6858834143
24.11.2017 16:27:40 +00.03590E+00  0486 007557 1 00003747 00003714 000 342 43063.6858873727
24.11.2017 16:27:41 +00.03590E+00  0499 007557 1 00003748 00003714 000 343 43063.6858913542
24.11.2017 16:27:41 +00.03590E+00  0516 007557 1 00003749 00003714 000 342 43063.6858953125
24.11.2017 16:27:41 +00.03590E+00  0528 007557 1 00003750 00003714 000 376 43063.6858996759
24.11.2017 16:27:42 +00.03590E+00  0553 007557 1 00003751 00003714 000 341 43063.6859036227
24.11.2017 16:27:42 +00.03590E+00  0569 007557 1 00003752 00003714 000 343 43063.6859075926
24.11.2017 16:27:42 +00.03590E+00  0584 007557 1 00003753 00003714 000 343 43063.6859115625
24.11.2017 16:27:43 +00.03590E+00  0606 007557 1 00003754 00003714 000 377 43063.6859159375
24.11.2017 16:27:43 +00.03590E+00  0615 007557 1 00003755 00003714 000 340 43063.6859198727
24.11.2017 16:27:43 +00.03590E+00  0625 007557 1 00003756 00003714 000 343 43063.6859238426
24.11.2017 16:27:44 +00.03590E+00  0631 007557 1 00003757 00003714 000 343 43063.6859278125
24.11.2017 16:27:44 +00.03590E+00  0638 007557 1 00003758 00003714 000 379 43063.6859321991
24.11.2017 16:27:44 +00.03590E+00  0648 007557 1 00003759 00003714 000 340 43063.6859361343
24.11.2017 16:27:45 +00.03590E+00  0669 007557 1 00003760 00003714 000 342 43063.6859400926
24.11.2017 16:27:45 +00.03590E+00  0688 007557 1 00003761 00003714 000 343 43063.6859440625
24.11.2017 16:27:45 +00.03590E+00  0699 007557 1 00003762 00003714 000 380 43063.6859484606
24.11.2017 16:27:46 +00.03590E+00  0714 007557 1 00003763 00003714 000 344 43063.6859524421
24.11.2017 16:27:46 +00.03590E+00  0726 007557 1 00003764 00003714 000 343 43063.685956412
24.11.2017 16:27:46 +00.03590E+00  0748 007557 1 00003765 00003714 000 343 43063.6859603819
24.11.2017 16:27:47 +00.03590E+00  0767 007557 1 00003766 00003714 000 375 43063.6859647222
24.11.2017 16:27:47 +00.03590E+00  0784 007557 1 00003767 00003714 000 343 43063.6859686921
24.11.2017 16:27:48 +00.03590E+00  0794 007557 1 00003768 00003714 000 343 43063.685972662
24.11.2017 16:27:48 +00.03590E+00  0814 007557 1 00003769 00003714 000 343 43063.6859766319
24.11.2017 16:27:48 +00.03590E+00  0824 007557 1 00003770 00003714 000 376 43063.6859809838
24.11.2017 16:27:49 +00.03590E+00  0841 007557 1 00003771 00003714 000 341 43063.6859849306
24.11.2017 16:27:54 +00.03609E+00  0009 007598 1 00003772 00003772 000 378 43063.6860460301
24.11.2017 16:27:54 +00.03609E+00  0029 007598 1 00003773 00003772 000 340 43063.6860499653
24.11.2017 16:27:55 +00.03609E+00  0043 007598 1 00003774 00003772 000 341 43063.6860539236
24.11.2017 16:27:55 +00.03609E+00  0059 007598 1 00003775 00003772 000 343 43063.6860579051
24.11.2017 16:27:55 +00.03609E+00  0074 007598 1 00003776 00003772 000 379 43063.6860622917
24.11.2017 16:27:56 +00.03609E+00  0090 007598 1 00003777 00003772 000 344 43063.6860662847
24.11.2017 16:27:56 +00.03609E+00  0110 007598 1 00003778 00003772 000 342 43063.6860702431
24.11.2017 16:27:56 +00.03609E+00  0127 007598 1 00003779 00003772 000 342 43063.686074213
24.11.2017 16:27:57 +00.03609E+00  0146 007598 1 00003780 00003772 000 374 43063.6860785532
24.11.2017 16:27:57 +00.03609E+00  0162 007598 1 00003781 00003772 000 342 43063.6860825231
24.11.2017 16:27:57 +00.03609E+00  0175 007598 1 00003782 00003772 000 343 43063.6860864931
24.11.2017 16:27:58 +00.03609E+00  0195 007598 1 00003783 00003772 000 343 43063.686090463
24.11.2017 16:27:58 +00.03609E+00  0207 007598 1 00003784 00003772 000 376 43063.6860948148
24.11.2017 16:27:58 +00.03609E+00  0226 007598 1 00003785 00003772 000 342 43063.6860987731
24.11.2017 16:27:59 +00.03609E+00  0244 007598 1 00003786 00003772 000 343 43063.6861027431
24.11.2017 16:27:59 +00.03609E+00  0262 007600 1 00003787 00003772 000 343 43063.686106713
24.11.2017 16:27:59 +00.03610E+00  0273 007600 1 00003788 00003772 000 376 43063.6861110764
24.11.2017 16:28:00 +00.03610E+00  0291 007600 1 00003789 00003772 000 341 43063.6861150231
24.11.2017 16:28:00 +00.03610E+00  0308 007600 1 00003790 00003772 000 343 43063.6861189931
24.11.2017 16:28:01 +00.03610E+00  0318 007600 1 00003791 00003772 000 343 43063.686122963
24.11.2017 16:28:01 +00.03610E+00  0332 007600 1 00003792 00003772 000 379 43063.6861273495
24.11.2017 16:28:01 +00.03610E+00  0345 007600 1 00003793 00003772 000 345 43063.6861313426
24.11.2017 16:28:02 +00.03610E+00  0360 007600 1 00003794 00003772 000 343 43063.6861353125
24.11.2017 16:28:02 +00.03610E+00  0376 007600 1 00003795 00003772 000 343 43063.6861392824
24.11.2017 16:28:02 +00.03610E+00  0398 007600 1 00003796 00003772 000 374 43063.6861436111
24.11.2017 16:28:03 +00.03610E+00  0411 007600 1 00003797 00003772 000 343 43063.6861475926
24.11.2017 16:28:03 +00.03610E+00  0430 007600 1 00003798 00003772 000 342 43063.6861515625
24.11.2017 16:28:03 +00.03610E+00  0437 007600 1 00003799 00003772 000 343 43063.6861555324
24.11.2017 16:28:04 +00.03610E+00  0450 007600 1 00003800 00003772 000 375 43063.6861598727
24.11.2017 16:28:04 +00.03610E+00  0465 007600 1 00003801 00003772 000 342 43063.686163831
24.11.2017 16:28:04 +00.03611E+00  0473 007600 1 00003802 00003772 000 342 43063.6861678009
24.11.2017 16:28:05 +00.03610E+00  0486 007600 1 00003803 00003772 000 342 43063.6861717708
24.11.2017 16:28:05 +00.03610E+00  0499 007600 1 00003804 00003772 000 375 43063.6861761227
24.11.2017 16:28:05 +00.03610E+00  0519 007600 1 00003805 00003772 000 341 43063.686180081
24.11.2017 16:28:06 +00.03610E+00  0540 007600 1 00003806 00003772 000 342 43063.6861840509
24.11.2017 16:28:06 +00.03610E+00  0553 007600 1 00003807 00003772 000 342 43063.6861880208
24.11.2017 16:28:07 +00.03610E+00  0566 007600 1 00003808 00003772 000 376 43063.6861923843
24.11.2017 16:28:07 +00.03610E+00  0582 007600 1 00003809 00003772 000 340 43063.686196331
24.11.2017 16:28:07 +00.03610E+00  0596 007600 1 00003810 00003772 000 342 43063.6862003009
24.11.2017 16:28:08 +00.03610E+00  0617 007600 1 00003811 00003772 000 343 43063.6862042708
24.11.2017 16:28:08 +00.03610E+00  0626 007600 1 00003812 00003772 000 378 43063.6862086574
24.11.2017 16:28:08 +00.03610E+00  0644 007600 1 00003813 00003772 000 340 43063.6862125926
24.11.2017 16:28:09 +00.03610E+00  0659 007600 1 00003814 00003772 000 342 43063.6862165509
24.11.2017 16:28:09 +00.03610E+00  0670 007600 1 00003815 00003772 000 343 43063.6862205208
24.11.2017 16:28:09 +00.03610E+00  0687 007600 1 00003816 00003772 000 380 43063.686224919
24.11.2017 16:28:10 +00.03610E+00  0702 007600 1 00003817 00003772 000 344 43063.6862289005
24.11.2017 16:28:10 +00.03610E+00  0718 007600 1 00003818 00003772 000 343 43063.6862328704
24.11.2017 16:28:10 +00.03610E+00  0729 007600 1 00003819 00003772 000 343 43063.6862368403
24.11.2017 16:28:11 +00.03610E+00  0746 007600 1 00003820 00003772 000 375 43063.6862411806
24.11.2017 16:28:11 +00.03610E+00  0759 007600 1 00003821 00003772 000 343 43063.6862451505
24.11.2017 16:28:11 +00.03610E+00  0770 007600 1 00003822 00003772 000 343 43063.6862491204
24.11.2017 16:28:12 +00.03610E+00  0780 007600 1 00003823 00003772 000 343 43063.6862530903
24.11.2017 16:28:12 +00.03610E+00  0798 007600 1 00003824 00003772 000 376 43063.6862574421
24.11.2017 16:28:12 +00.03610E+00  0817 007600 1 00003825 00003772 000 341 43063.6862613889
24.11.2017 16:28:13 +00.03610E+00  0836 007600 1 00003826 00003772 000 342 43063.6862653588
24.11.2017 16:28:13 +00.03610E+00  0852 007600 1 00003827 00003772 000 342 43063.6862693287
24.11.2017 16:28:14 +00.03610E+00  0871 007600 1 00003828 00003772 000 377 43063.6862737037
24.11.2017 16:28:14 +00.03610E+00  0886 007600 1 00003829 00003772 000 340 43063.6862776389
24.11.2017 16:28:19 +00.03629E+00  0011 007639 1 00003830 00003830 000 379 43063.68633875
24.11.2017 16:28:20 +00.03629E+00  0033 007639 1 00003831 00003830 000 343 43063.6863427315
24.11.2017 16:28:20 +00.03629E+00  0053 007639 1 00003832 00003830 000 343 43063.6863467014
24.11.2017 16:28:20 +00.03629E+00  0067 007639 1 00003833 00003830 000 343 43063.6863506713
24.11.2017 16:28:21 +00.03629E+00  0077 007639 1 00003834 00003830 000 373 43063.686355
24.11.2017 16:28:21 +00.03629E+00  0089 007639 1 00003835 00003830 000 345 43063.6863589931
24.11.2017 16:28:21 +00.03629E+00  0104 007639 1 00003836 00003830 000 342 43063.6863629514
24.11.2017 16:28:22 +00.03629E+00  0118 007639 1 00003837 00003830 000 343 43063.6863669213
24.11.2017 16:28:22 +00.03629E+00  0134 007639 1 00003838 00003830 000 376 43063.6863712732
24.11.2017 16:28:22 +00.03629E+00  0147 007639 1 00003839 00003830 000 342 43063.6863752315
24.11.2017 16:28:23 +00.03629E+00  0168 007639 1 00003840 00003830 000 343 43063.6863792014
24.11.2017 16:28:23 +00.03629E+00  0179 007639 1 00003841 00003830 000 343 43063.6863831713
24.11.2017 16:28:23 +00.03629E+00  0195 007639 1 00003842 00003830 000 377 43063.6863875347
24.11.2017 16:28:24 +00.03629E+00  0208 007639 1 00003843 00003830 000 340 43063.6863914699
24.11.2017 16:28:24 +00.03629E+00  0223 007639 1 00003844 00003830 000 343 43063.6863954514
24.11.2017 16:28:24 +00.03629E+00  0241 007641 1 00003845 00003830 000 343 43063.6863994213
24.11.2017 16:28:25 +00.03630E+00  0247 007641 1 00003846 00003830 000 378 43063.6864037963
24.11.2017 16:28:25 +00.03630E+00  0264 007641 1 00003847 00003830 000 340 43063.6864077315
24.11.2017 16:28:25 +00.03629E+00  0274 007641 1 00003848 00003830 000 341 43063.6864116898
24.11.2017 16:28:26 +00.03630E+00  0286 007641 1 00003849 00003830 000 343 43063.6864156597
24.11.2017 16:28:26 +00.03630E+00  0303 007641 1 00003850 00003830 000 378 43063.6864200463
24.11.2017 16:28:27 +00.03630E+00  0322 007641 1 00003851 00003830 000 344 43063.6864240394
24.11.2017 16:28:27 +00.03630E+00  0337 007641 1 00003852 00003830 000 342 43063.6864280093
24.11.2017 16:28:27 +00.03630E+00  0352 007641 1 00003853 00003830 000 343 43063.6864319792
24.11.2017 16:28:28 +00.03630E+00  0364 007641 1 00003854 00003830 000 373 43063.6864363079
24.11.2017 16:28:28 +00.03630E+00  0382 007641 1 00003855 00003830 000 343 43063.6864402894
24.11.2017 16:28:28 +00.03630E+00  0398 007641 1 00003856 00003830 000 343 43063.6864442593
24.11.2017 16:28:29 +00.03630E+00  0416 007641 1 00003857 00003830 000 342 43063.6864482292
24.11.2017 16:28:29 +00.03630E+00  0431 007641 1 00003858 00003830 000 374 43063.6864525694
24.11.2017 16:28:29 +00.03630E+00  0435 007641 1 00003859 00003830 000 342 43063.6864565394
24.11.2017 16:28:30 +00.03630E+00  0448 007641 1 00003860 00003830 000 343 43063.6864605093
24.11.2017 16:28:30 +00.03630E+00  0463 007641 1 00003861 00003830 000 343 43063.6864644792
24.11.2017 16:28:30 +00.03630E+00  0474 007641 1 00003862 00003830 000 377 43063.6864688426
24.11.2017 16:28:31 +00.03630E+00  0494 007641 1 00003863 00003830 000 340 43063.6864727894
24.11.2017 16:28:31 +00.03630E+00  0506 007641 1 00003864 00003830 000 342 43063.6864767593
24.11.2017 16:28:31 +00.03630E+00  0519 007641 1 00003865 00003830 000 343 43063.6864807292
24.11.2017 16:28:32 +00.03630E+00  0531 007641 1 00003866 00003830 000 378 43063.6864851042
24.11.2017 16:28:32 +00.03630E+00  0551 007641 1 00003867 00003830 000 340 43063.6864890394
24.11.2017 16:28:32 +00.03630E+00  0568 007641 1 00003868 00003830 000 342 43063.6864930093
24.11.2017 16:28:33 +00.03630E+00  0579 007641 1 00003869 00003830 000 343 43063.6864969792
24.11.2017 16:28:33 +00.03630E+00  0594 007641 1 00003870 00003830 000 379 43063.6865013657
24.11.2017 16:28:34 +00.03630E+00  0608 007641 1 00003871 00003830 000 345 43063.6865053588
24.11.2017 16:28:34 +00.03630E+00  0622 007641 1 00003872 00003830 000 343 43063.6865093287
24.11.2017 16:28:34 +00.03630E+00  0635 007641 1 00003873 00003830 000 343 43063.6865132986
24.11.2017 16:28:35 +00.03630E+00  0652 007641 1 00003874 00003830 000 374 43063.6865176273
24.11.2017 16:28:35 +00.03630E+00  0666 007641 1 00003875 00003830 000 343 43063.6865215972
24.11.2017 16:28:35 +00.03630E+00  0682 007641 1 00003876 00003830 000 342 43063.6865255671
24.11.2017 16:28:36 +00.03630E+00  0702 007641 1 00003877 00003830 000 343 43063.6865295486
24.11.2017 16:28:36 +00.03630E+00  0721 007641 1 00003878 00003830 000 375 43063.6865338889
24.11.2017 16:28:36 +00.03630E+00  0737 007641 1 00003879 00003830 000 342 43063.6865378472
24.11.2017 16:28:37 +00.03630E+00  0755 007641 1 00003880 00003830 000 343 43063.6865418171
24.11.2017 16:28:37 +00.03630E+00  0760 007641 1 00003881 00003830 000 342 43063.686545787
24.11.2017 16:28:37 +00.03630E+00  0775 007641 1 00003882 00003830 000 376 43063.6865501505
24.11.2017 16:28:38 +00.03630E+00  0797 007641 1 00003883 00003830 000 340 43063.6865540972
24.11.2017 16:28:38 +00.03630E+00  0815 007641 1 00003884 00003830 000 342 43063.6865580671
24.11.2017 16:28:38 +00.03630E+00  0834 007641 1 00003885 00003830 000 343 43063.686562037
24.11.2017 16:28:39 +00.03630E+00  0851 007641 1 00003886 00003830 000 378 43063.686566412
24.11.2017 16:28:39 +00.03630E+00  0874 007641 1 00003887 00003830 000 340 43063.6865703472
24.11.2017 16:28:44 +00.03649E+00  0009 007680 1 00003888 00003888 000 380 43063.6866314583
24.11.2017 16:28:45 +00.03649E+00  0024 007680 1 00003889 00003888 000 344 43063.6866354398
24.11.2017 16:28:45 +00.03649E+00  0043 007680 1 00003890 00003888 000 343 43063.6866394097
24.11.2017 16:28:45 +00.03649E+00  0059 007680 1 00003891 00003888 000 343 43063.6866433796
24.11.2017 16:28:46 +00.03649E+00  0074 007680 1 00003892 00003888 000 375 43063.6866477199
24.11.2017 16:28:46 +00.03649E+00  0082 007680 1 00003893 00003888 000 342 43063.6866516782
24.11.2017 16:28:47 +00.03649E+00  0096 007680 1 00003894 00003888 000 343 43063.6866556597
24.11.2017 16:28:47 +00.03649E+00  0109 007680 1 00003895 00003888 000 343 43063.6866596296
24.11.2017 16:28:47 +00.03649E+00  0128 007680 1 00003896 00003888 000 376 43063.6866639815
24.11.2017 16:28:48 +00.03648E+00  0140 007680 1 00003897 00003888 000 341 43063.6866679282
24.11.2017 16:28:48 +00.03649E+00  0155 007680 1 00003898 00003888 000 342 43063.6866718981
24.11.2017 16:28:48 +00.03649E+00  0167 007680 1 00003899 00003888 000 342 43063.6866758681
24.11.2017 16:28:49 +00.03649E+00  0182 007680 1 00003900 00003888 000 377 43063.6866802431
24.11.2017 16:28:49 +00.03649E+00  0205 007680 1 00003901 00003888 000 340 43063.6866841898
24.11.2017 16:28:49 +00.03649E+00  0216 007680 1 00003902 00003888 000 342 43063.6866881481
24.11.2017 16:28:50 +00.03649E+00  0231 007682 1 00003903 00003888 000 343 43063.6866921181
24.11.2017 16:28:50 +00.03649E+00  0252 007682 1 00003904 00003888 000 378 43063.6866965046
24.11.2017 16:28:50 +00.03650E+00  0265 007682 1 00003905 00003888 000 344 43063.6867004977
24.11.2017 16:28:51 +00.03650E+00  0278 007682 1 00003906 00003888 000 342 43063.6867044676
24.11.2017 16:28:51 +00.03650E+00  0291 007682 1 00003907 00003888 000 342 43063.6867084375
24.11.2017 16:28:51 +00.03650E+00  0304 007682 1 00003908 00003888 000 373 43063.6867127662
24.11.2017 16:28:52 +00.03650E+00  0317 007682 1 00003909 00003888 000 343 43063.6867167477
24.11.2017 16:28:52 +00.03650E+00  0336 007682 1 00003910 00003888 000 343 43063.6867207176
24.11.2017 16:28:53 +00.03650E+00  0353 007682 1 00003911 00003888 000 343 43063.6867246875
24.11.2017 16:28:53 +00.03649E+00  0369 007682 1 00003912 00003888 000 374 43063.6867290278
24.11.2017 16:28:53 +00.03650E+00  0382 007682 1 00003913 00003888 000 343 43063.6867330093
24.11.2017 16:28:54 +00.03650E+00  0393 007682 1 00003914 00003888 000 342 43063.6867369676
24.11.2017 16:28:54 +00.03650E+00  0401 007682 1 00003915 00003888 000 343 43063.6867409375
24.11.2017 16:28:54 +00.03649E+00  0413 007682 1 00003916 00003888 000 376 43063.6867452893
24.11.2017 16:28:55 +00.03650E+00  0426 007684 1 00003917 00003888 000 342 43063.6867492477
24.11.2017 16:28:55 +00.03650E+00  0443 007684 1 00003918 00003888 000 343 43063.6867532176
24.11.2017 16:28:55 +00.03650E+00  0455 007684 1 00003919 00003888 000 343 43063.6867571875
24.11.2017 16:28:56 +00.03651E+00  0469 007684 1 00003920 00003888 000 377 43063.6867615509
24.11.2017 16:28:56 +00.03651E+00  0486 007684 1 00003921 00003888 000 340 43063.6867654861
24.11.2017 16:28:56 +00.03651E+00  0500 007684 1 00003922 00003888 000 342 43063.686769456
24.11.2017 16:28:57 +00.03651E+00  0514 007684 1 00003923 00003888 000 342 43063.6867734259
24.11.2017 16:28:57 +00.03651E+00  0526 007684 1 00003924 00003888 000 379 43063.6867778241
24.11.2017 16:28:57 +00.03651E+00  0538 007684 1 00003925 00003888 000 345 43063.6867818171
24.11.2017 16:28:58 +00.03651E+00  0555 007684 1 00003926 00003888 000 343 43063.686785787
24.11.2017 16:28:58 +00.03651E+00  0566 007684 1 00003927 00003888 000 343 43063.6867897569
24.11.2017 16:28:59 +00.03651E+00  0583 007684 1 00003928 00003888 000 373 43063.6867940741
24.11.2017 16:28:59 +00.03651E+00  0600 007684 1 00003929 00003888 000 344 43063.6867980556
24.11.2017 16:28:59 +00.03651E+00  0610 007684 1 00003930 00003888 000 342 43063.6868020255
24.11.2017 16:29:00 +00.03651E+00  0619 007684 1 00003931 00003888 000 342 43063.6868059954
24.11.2017 16:29:00 +00.03650E+00  0626 007682 1 00003932 00003888 000 374 43063.6868103356
24.11.2017 16:29:00 +00.03650E+00  0639 007682 1 00003933 00003888 000 342 43063.6868143056
24.11.2017 16:29:01 +00.03650E+00  0662 007682 1 00003934 00003888 000 343 43063.6868182755
24.11.2017 16:29:01 +00.03650E+00  0670 007682 1 00003935 00003888 000 343 43063.6868222454
24.11.2017 16:29:01 +00.03650E+00  0682 007682 1 00003936 00003888 000 376 43063.6868265972
24.11.2017 16:29:02 +00.03650E+00  0695 007682 1 00003937 00003888 000 342 43063.6868305556
24.11.2017 16:29:02 +00.03650E+00  0713 007682 1 00003938 00003888 000 343 43063.6868345255
24.11.2017 16:29:02 +00.03650E+00  0725 007682 1 00003939 00003888 000 343 43063.6868384954
24.11.2017 16:29:03 +00.03650E+00  0737 007682 1 00003940 00003888 000 377 43063.6868428588
24.11.2017 16:29:03 +00.03650E+00  0758 007682 1 00003941 00003888 000 341 43063.6868468056
24.11.2017 16:29:03 +00.03650E+00  0773 007682 1 00003942 00003888 000 343 43063.6868507755
24.11.2017 16:29:04 +00.03650E+00  0788 007682 1 00003943 00003888 000 343 43063.6868547454
24.11.2017 16:29:04 +00.03650E+00  0796 007682 1 00003944 00003888 000 378 43063.6868591204
24.11.2017 16:29:04 +00.03650E+00  0810 007682 1 00003945 00003888 000 340 43063.6868630556