
24.11.2017 16:00:00 0.032788 0.000004   00221 6904 00000001 000018 000004 43063.6666743519
24.11.2017 16:00:07 0.033190 0.000000   00189 6989 00000001 000032 000018 43063.6667569444
24.11.2017 16:00:14 0.033440 0.000000   00186 7041 00000001 000046 000032 43063.6668382176
24.11.2017 16:00:21 0.033750 0.000000   00228 7107 00000001 000060 000046 43063.6669194792
24.11.2017 16:00:28 0.034098 0.000004   00202 7179 00000001 000074 000060 43063.6670007407
24.11.2017 16:00:47 0.034491 0.000007   00695 7262 00000001 000117 000074 43063.6672214815
24.11.2017 16:01:07 0.034602 0.000006   00678 7285 00000001 000161 000117 43063.6674439468
24.11.2017 16:01:26 0.034700 0.000000   00655 7305 00000001 000204 000161 43063.6676653356
24.11.2017 16:01:45 0.034798 0.000005   00619 7327 00000001 000247 000204 43063.6678868981
24.11.2017 16:02:04 0.034900 0.000002   00677 7347 00000001 000290 000247 43063.6681097917
24.11.2017 16:02:23 0.034998 0.000005   00624 7369 00000001 000333 000290 43063.6683318056
24.11.2017 16:02:43 0.035100 0.000000   00649 7389 00000001 000376 000333 43063.6685548611
24.11.2017 16:03:02 0.035201 0.000003   00646 7411 00000001 000419 000376 43063.6687769444
24.11.2017 16:03:21 0.035300 0.000000   00653 7431 00000001 000462 000419 43063.6689990972
24.11.2017 16:03:40 0.035398 0.000006   00676 7453 00000001 000506 000462 43063.6692212847
24.11.2017 16:04:00 0.035500 0.000000   00638 7473 00000001 000550 000506 43063.6694449537
24.11.2017 16:04:24 0.035899 0.000005   00831 7558 00000001 000608 000550 43063.6697273843
24.11.2017 16:04:49 0.036097 0.000004   00864 7599 00000001 000666 000608 43063.6700217245
24.11.2017 16:05:15 0.036298 0.000005   00845 7642 00000001 000725 000666 43063.6703163773
24.11.2017 16:05:40 0.036497 0.000004   00879 7683 00000001 000783 000725 43063.6706098495
24.11.2017 16:06:03 0.036607 0.000009   00858 7703 -00000001 000841 000783 43063.6708687384
24.11.2017 16:06:28 0.036402 0.000004   00925 7662 -00000001 000898 000841 43063.6711628009
24.11.2017 16:06:54 0.036201 0.000003   00868 7621 -00000001 000956 000898 43063.6714584491
24.11.2017 16:07:19 0.036003 0.000004   00894 7578 -00000001 001014 000956 43063.6717528588
24.11.2017 16:07:38 0.035503 0.000005   00637 7473 -00000001 001058 001014 43063.6719777546
24.11.2017 16:07:58 0.035402 0.000004   00617 7453 -00000001 001101 001058 43063.6722016898
24.11.2017 16:08:17 0.035300 0.000000   00663 7431 -00000001 001145 001101 43063.6724265972
24.11.2017 16:08:37 0.035202 0.000004   00636 7411 -00000001 001189 001145 43063.6726518519
24.11.2017 16:08:56 0.035103 0.000005   00587 7389 -00000001 001233 001189 43063.6728769444
24.11.2017 16:09:16 0.035001 0.000003   00672 7369 -00000001 001277 001233 43063.6731025231
24.11.2017 16:09:35 0.034900 0.000000   00601 7347 -00000001 001320 001277 43063.6733268981
24.11.2017 16:09:54 0.034802 0.000004   00620 7327 -00000001 001364 001320 43063.6735513657
24.11.2017 16:10:14 0.034700 0.000000   00635 7305 -00000001 001408 001364 43063.6737754977
24.11.2017 16:10:33 0.034603 0.000005   00623 7285 -00000001 001452 001408 43063.6739997454
24.11.2017 16:10:53 0.034500 0.000000   00661 7263 -00000001 001496 001452 43063.6742249074
24.11.2017 16:11:02 0.034018 0.000004   00203 7162 -00000001 001510 001496 43063.6743303588
24.11.2017 16:11:09 0.033610 0.000000   00196 7077 -00000001 001524 001510 43063.6744123843
24.11.2017 16:11:16 0.033362 0.000004   00226 7025 -00000001 001538 001524 43063.6744947222
24.11.2017 16:11:23 0.033050 0.000000   00203 6959 -00000001 001552 001538 43063.6745772454
24.11.2017 16:11:30 0.032761 0.000003   00233 6899 -00000001 001567 001552 43063.6746606713
24.11.2017 16:11:36 0.032800 0.000000   00216 6907 00000001 001582 001567 43063.6747324769
24.11.2017 16:11:44 0.033161 0.000003   00225 6983 00000001 001597 001582 43063.6748148148
24.11.2017 16:11:51 0.033469 0.000003   00220 7047 00000001 001612 001597 43063.6748983565
24.11.2017 16:11:58 0.033751 0.000003   00237 7107 00000001 001627 001612 43063.6749818056
24.11.2017 16:12:05 0.034089 0.000003   00221 7177 00000001 001642 001627 43063.6750653588
24.11.2017 16:12:25 0.034498 0.000006   00624 7264 00000001 001685 001642 43063.6752910995
24.11.2017 16:12:44 0.034597 0.000005   00645 7284 00000001 001729 001685 43063.6755159028
24.11.2017 16:13:03 0.034700 0.000002   00657 7306 00000001 001772 001729 43063.6757404514
24.11.2017 16:13:23 0.034800 0.000000   00644 7326 00000001 001816 001772 43063.6759666204
24.11.2017 16:13:42 0.034897 0.000004   00644 7348 00000001 001860 001816 43063.6761913657
24.11.2017 16:14:02 0.035000 0.000001   00674 7368 00000001 001905 001860 43063.6764176968
24.11.2017 16:14:21 0.035100 0.000000   00706 7389 00000001 001949 001905 43063.6766424537
24.11.2017 16:14:41 0.035196 0.000006   00696 7409 00000001 001993 001949 43063.6768676042
24.11.2017 16:15:00 0.035300 0.000002   00646 7432 00000001 002037 001993 43063.6770929514
24.11.2017 16:15:20 0.035400 0.000000   00677 7452 00000001 002082 002037 43063.6773193634
24.11.2017 16:15:39 0.035496 0.000006   00669 7472 00000001 002127 002082 43063.6775459028
24.11.2017 16:16:04 0.035900 0.000000   00909 7557 00000001 002186 002127 43063.6778308449
24.11.2017 16:16:30 0.036101 0.000002   00906 7600 00000001 002245 002186 43063.6781276968
24.11.2017 16:16:55 0.036302 0.000005   00887 7641 00000001 002303 002245 43063.6784247685
24.11.2017 16:17:21 0.036502 0.000006   00961 7682 00000001 002362 002303 43063.6787226852
24.11.2017 16:17:44 0.036605 0.000009   00838 7704 -00000001 002420 002362 43063.6789846875
24.11.2017 16:18:10 0.036403 0.000005   00884 7663 -00000001 002479 002420 43063.6792827778
24.11.2017 16:18:35 0.036202 0.000005   00845 7620 -00000001 002538 002479 43063.679580544
24.11.2017 16:19:01 0.036000 0.000001   00814 7579 -00000001 002597 002538 43063.6798781597
24.11.2017 16:19:20 0.035500 0.000002   00673 7474 -00000001 002641 002597 43063.6801040046
24.11.2017 16:19:40 0.035400 0.000000   00658 7452 -00000001 002685 002641 43063.680331331
24.11.2017 16:20:00 0.035299 0.000005   00666 7430 -00000001 002729 002685 43063.6805582986
24.11.2017 16:20:19 0.035200 0.000002   00656 7410 -00000001 002773 002729 43063.6807855903
24.11.2017 16:20:39 0.035100 0.000002   00628 7390 -00000001 002817 002773 43063.6810112963
24.11.2017 16:20:58 0.035000 0.000002   00660 7368 -00000001 002861 002817 43063.6812381713
24.11.2017 16:21:18 0.034900 0.000002   00646 7348 -00000001 002905 002861 43063.6814655093
24.11.2017 16:21:38 0.034800 0.000000   00679 7326 -00000001 002950 002905 43063.6816918287
24.11.2017 16:21:57 0.034698 0.000004   00632 7306 -00000001 002995 002950 43063.6819183102
24.11.2017 16:22:17 0.034600 0.000000   00656 7284 -00000001 003040 002995 43063.6821446875
24.11.2017 16:22:36 0.034501 0.000003   00644 7264 -00000001 003085 003040 43063.6823721991
24.11.2017 16:22:46 0.034022 0.000004   00195 7164 -00000001 003099 003085 43063.6824794329
24.11.2017 16:22:53 0.033630 0.000000   00214 7081 -00000001 003113 003099 43063.6825629282
24.11.2017 16:23:00 0.033361 0.000003   00223 7025 -00000001 003127 003113 43063.6826456134
24.11.2017 16:23:07 0.033040 0.000000   00222 6957 -00000001 003141 003127 43063.6827296991
24.11.2017 16:23:15 0.032742 0.000004   00231 6895 -00000001 003155 003141 43063.68281375
24.11.2017 16:23:21 0.032800 0.000000   00224 6907 00000001 003170 003155 43063.6828851852
24.11.2017 16:23:28 0.033207 0.000005   00211 6992 00000001 003185 003170 43063.682968044
24.11.2017 16:23:35 0.033449 0.000003   00242 7043 00000001 003200 003185 43063.6830521412
24.11.2017 16:23:42 0.033734 0.000005   00218 7103 00000001 003215 003200 43063.6831349884
24.11.2017 16:23:50 0.034039 0.000003   00215 7167 00000001 003230 003215 43063.6832179745
24.11.2017 16:24:09 0.034493 0.000009   00642 7264 00000001 003274 003230 43063.6834447454
24.11.2017 16:24:29 0.034600 0.000000   00640 7284 00000001 003318 003274 43063.6836722106
24.11.2017 16:24:48 0.034700 0.000002   00652 7306 00000001 003362 003318 43063.6838998843
24.11.2017 16:25:08 0.034800 0.000000   00658 7326 00000001 003406 003362 43063.6841278472
24.11.2017 16:25:28 0.034900 0.000000   00661 7348 00000001 003451 003406 43063.6843561111
24.11.2017 16:25:47 0.035000 0.000000   00668 7368 00000001 003494 003451 43063.6845805671
24.11.2017 16:26:07 0.035101 0.000003   00669 7390 00000001 003538 003494 43063.6848073148
24.11.2017 16:26:26 0.035200 0.000000   00630 7410 00000001 003582 003538 43063.6850332755
24.11.2017 16:26:46 0.035295 0.000005   00676 7432 00000001 003626 003582 43063.6852578819
24.11.2017 16:27:05 0.035400 0.000000   00679 7452 00000001 003670 003626 43063.6854797685
24.11.2017 16:27:24 0.035501 0.000003   00684 7474 00000001 003714 003670 43063.6857032755
24.11.2017 16:27:49 0.035900 0.000000   00841 7557 00000001 003772 003714 43063.6859872801
24.11.2017 16:28:14 0.036098 0.000005   00886 7600 00000001 003830 003772 43063.6862786921
24.11.2017 16:28:39 0.036297 0.000004   00874 7641 00000001 003888 003830 43063.6865717593
24.11.2017 16:29:05 0.036499 0.000008   00810 7682 00000001 003946 003888 43063.6868664468
24.11.2017 16:29:27 0.036605 0.000008   00897 7704 -00000001 004004 003946 43063.68712625
24.11.2017 16:29:53 0.036403 0.000005   00891 7663 -00000001 004063 004004 43063.687422662