
24.11.2017 16:07:23 +00.03550E+00  0009 007475 -1 00001014 00001014 000 382 43063.6718006829
24.11.2017 16:07:23 +00.03551E+00  0026 007475 -1 00001015 00001014 000 340 43063.6718046296
24.11.2017 16:07:24 +00.03551E+00  0037 007475 -1 00001016 00001014 000 342 43063.6718085995
24.11.2017 16:07:24 +00.03551E+00  0049 007475 -1 00001017 00001014 000 343 43063.6718125694
24.11.2017 16:07:24 +00.03551E+00  0062 007475 -1 00001018 00001014 000 378 43063.6718169444
24.11.2017 16:07:25 +00.03551E+00  0076 007475 -1 00001019 00001014 000 340 43063.6718208796
24.11.2017 16:07:25 +00.03551E+00  0091 007475 -1 00001020 00001014 000 342 43063.6718248495
24.11.2017 16:07:26 +00.03551E+00  0104 007475 -1 00001021 00001014 000 343 43063.6718288194
24.11.2017 16:07:26 +00.03551E+00  0120 007475 -1 00001022 00001014 000 379 43063.671833206
24.11.2017 16:07:26 +00.03551E+00  0134 007475 -1 00001023 00001014 000 340 43063.6718371412
24.11.2017 16:07:27 +00.03551E+00  0137 007475 -1 00001024 00001014 000 342 43063.6718410995
24.11.2017 16:07:27 +00.03551E+00  0153 007475 -1 00001025 00001014 000 343 43063.6718450694
24.11.2017 16:07:27 +00.03551E+00  0171 007475 -1 00001026 00001014 000 380 43063.6718494676
24.11.2017 16:07:28 +00.03551E+00  0182 007475 -1 00001027 00001014 000 344 43063.6718534491
24.11.2017 16:07:28 +00.03551E+00  0197 007475 -1 00001028 00001014 000 343 43063.671857419
24.11.2017 16:07:28 +00.03551E+00  0213 007473 -1 00001029 00001014 000 343 43063.6718613889
24.11.2017 16:07:29 +00.03550E+00  0228 007473 -1 00001030 00001014 000 375 43063.6718657292
24.11.2017 16:07:29 +00.03550E+00  0239 007473 -1 00001031 00001014 000 342 43063.6718696875
24.11.2017 16:07:29 +00.03550E+00  0265 007473 -1 00001032 00001014 000 342 43063.6718736574
24.11.2017 16:07:30 +00.03550E+00  0276 007473 -1 00001033 00001014 000 342 43063.6718776273
24.11.2017 16:07:30 +00.03550E+00  0290 007473 -1 00001034 00001014 000 375 43063.6718819792
24.11.2017 16:07:30 +00.03550E+00  0315 007473 -1 00001035 00001014 000 341 43063.6718859375
24.11.2017 16:07:31 +00.03550E+00  0327 007473 -1 00001036 00001014 000 344 43063.671889919
24.11.2017 16:07:31 +00.03550E+00  0341 007473 -1 00001037 00001014 000 342 43063.6718938773
24.11.2017 16:07:32 +00.03550E+00  0355 007473 -1 00001038 00001014 000 376 43063.6718982407
24.11.2017 16:07:32 +00.03550E+00  0372 007473 -1 00001039 00001014 000 340 43063.6719021875
24.11.2017 16:07:32 +00.03550E+00  0382 007473 -1 00001040 00001014 000 342 43063.6719061574
24.11.2017 16:07:33 +00.03550E+00  0391 007473 -1 00001041 00001014 000 343 43063.6719101273
24.11.2017 16:07:33 +00.03550E+00  0402 007473 -1 00001042 00001014 000 379 43063.6719145139
24.11.2017 16:07:33 +00.03550E+00  0417 007473 -1 00001043 00001014 000 341 43063.6719184606
24.11.2017 16:07:34 +00.03550E+00  0437 007473 -1 00001044 00001014 000 341 43063.6719224074
24.11.2017 16:07:34 +00.03550E+00  0453 007473 -1 00001045 00001014 000 343 43063.6719263773
24.11.2017 16:07:34 +00.03550E+00  0470 007473 -1 00001046 00001014 000 380 43063.6719307755
24.11.2017 16:07:35 +00.03550E+00  0486 007473 -1 00001047 00001014 000 344 43063.6719347569
24.11.2017 16:07:35 +00.03550E+00  0497 007473 -1 00001048 00001014 000 343 43063.6719387269
24.11.2017 16:07:35 +00.03550E+00  0519 007473 -1 00001049 00001014 000 343 43063.6719426968
24.11.2017 16:07:36 +00.03550E+00  0534 007473 -1 00001050 00001014 000 375 43063.671947037
24.11.2017 16:07:36 +00.03550E+00  0553 007473 -1 00001051 00001014 000 343 43063.6719510069
24.11.2017 16:07:36 +00.03550E+00  0569 007473 -1 00001052 00001014 000 343 43063.6719549769
24.11.2017 16:07:37 +00.03550E+00  0580 007473 -1 00001053 00001014 000 343 43063.6719589468
24.11.2017 16:07:37 +00.03550E+00  0592 007473 -1 00001054 00001014 000 376 43063.6719632986
24.11.2017 16:07:37 +00.03550E+00  0604 007473 -1 00001055 00001014 000 341 43063.6719672454
24.11.2017 16:07:38 +00.03550E+00  0618 007473 -1 00001056 00001014 000 343 43063.6719712269
24.11.2017 16:07:38 +00.03550E+00  0637 007473 -1 00001057 00001014 000 343 43063.6719751968
24.11.2017 16:07:43 +00.03540E+00  0011 007453 -1 00001058 00001058 000 343 43063.672026956
24.11.2017 16:07:43 +00.03540E+00  0021 007453 -1 00001059 00001058 000 401 43063.6720315972
24.11.2017 16:07:43 +00.03540E+00  0037 007453 -1 00001060 00001058 000 342 43063.6720355556
24.11.2017 16:07:44 +00.03540E+00  0058 007453 -1 00001061 00001058 000 343 43063.6720395255
24.11.2017 16:07:44 +00.03540E+00  0067 007453 -1 00001062 00001058 000 343 43063.6720434954
24.11.2017 16:07:44 +00.03540E+00  0075 007453 -1 00001063 00001058 000 377 43063.6720478588
24.11.2017 16:07:45 +00.03540E+00  0088 007453 -1 00001064 00001058 000 340 43063.672051794
24.11.2017 16:07:45 +00.03540E+00  0110 007453 -1 00001065 00001058 000 342 43063.6720557639
24.11.2017 16:07:45 +00.03540E+00  0119 007453 -1 00001066 00001058 000 343 43063.6720597454
24.11.2017 16:07:46 +00.03541E+00  0136 007453 -1 00001067 00001058 000 378 43063.6720641204
24.11.2017 16:07:46 +00.03540E+00  0154 007453 -1 00001068 00001058 000 340 43063.6720680556
24.11.2017 16:07:47 +00.03540E+00  0162 007453 -1 00001069 00001058 000 341 43063.6720720139
24.11.2017 16:07:47 +00.03540E+00  0187 007453 -1 00001070 00001058 000 344 43063.6720759954
24.11.2017 16:07:47 +00.03540E+00  0200 007453 -1 00001071 00001058 000 379 43063.6720803819
24.11.2017 16:07:48 +00.03540E+00  0215 007453 -1 00001072 00001058 000 343 43063.6720843634
24.11.2017 16:07:48 +00.03540E+00  0233 007453 -1 00001073 00001058 000 342 43063.6720883333
24.11.2017 16:07:48 +00.03540E+00  0246 007453 -1 00001074 00001058 000 342 43063.6720923032
24.11.2017 16:07:49 +00.03540E+00  0261 007453 -1 00001075 00001058 000 374 43063.6720966435
24.11.2017 16:07:49 +00.03541E+00  0277 007453 -1 00001076 00001058 000 342 43063.6721006134
24.11.2017 16:07:49 +00.03540E+00  0292 007453 -1 00001077 00001058 000 343 43063.6721045833
24.11.2017 16:07:50 +00.03541E+00  0308 007453 -1 00001078 00001058 000 342 43063.6721085532
24.11.2017 16:07:50 +00.03540E+00  0321 007453 -1 00001079 00001058 000 376 43063.6721129051
24.11.2017 16:07:50 +00.03540E+00  0329 007453 -1 00001080 00001058 000 342 43063.6721168634
24.11.2017 16:07:51 +00.03540E+00  0347 007453 -1 00001081 00001058 000 343 43063.6721208333
24.11.2017 16:07:51 +00.03540E+00  0359 007453 -1 00001082 00001058 000 343 43063.6721248032
24.11.2017 16:07:51 +00.03540E+00  0366 007453 -1 00001083 00001058 000 377 43063.6721291667
24.11.2017 16:07:52 +00.03540E+00  0382 007453 -1 00001084 00001058 000 341 43063.6721331134
24.11.2017 16:07:52 +00.03540E+00  0393 007453 -1 00001085 00001058 000 343 43063.6721370833
24.11.2017 16:07:52 +00.03540E+00  0403 007453 -1 00001086 00001058 000 343 43063.6721410532
24.11.2017 16:07:53 +00.03540E+00  0419 007453 -1 00001087 00001058 000 378 43063.6721454282
24.11.2017 16:07:53 +00.03540E+00  0436 007453 -1 00001088 00001058 000 340 43063.6721493634
24.11.2017 16:07:54 +00.03540E+00  0450 007453 -1 00001089 00001058 000 342 43063.6721533333
24.11.2017 16:07:54 +00.03540E+00  0475 007453 -1 00001090 00001058 000 343 43063.6721573032
24.11.2017 16:07:54 +00.03540E+00  0483 007453 -1 00001091 00001058 000 379 43063.6721616898
24.11.2017 16:07:55 +00.03541E+00  0503 007453 -1 00001092 00001058 000 345 43063.6721656829
24.11.2017 16:07:55 +00.03540E+00  0517 007453 -1 00001093 00001058 000 343 43063.6721696528
24.11.2017 16:07:55 +00.03540E+00  0531 007453 -1 00001094 00001058 000 343 43063.6721736227
24.11.2017 16:07:56 +00.03540E+00  0551 007453 -1 00001095 00001058 000 374 43063.6721779514
24.11.2017 16:07:56 +00.03541E+00  0569 007453 -1 00001096 00001058 000 343 43063.6721819213
24.11.2017 16:07:56 +00.03541E+00  0584 007453 -1 00001097 00001058 000 342 43063.6721858912
24.11.2017 16:07:57 +00.03541E+00  0594 007453 -1 00001098 00001058 000 343 43063.6721898727
24.11.2017 16:07:57 +00.03540E+00  0607 007453 -1 00001099 00001058 000 376 43063.6721942245
24.11.2017 16:07:57 +00.03540E+00  0617 007453 -1 00001100 00001058 000 341 43063.6721981713
24.11.2017 16:08:02 +00.03530E+00  0017 007431 -1 00001101 00001101 000 343 43063.6722504514
24.11.2017 16:08:02 +00.03530E+00  0026 007431 -1 00001102 00001101 000 343 43063.6722544213
24.11.2017 16:08:03 +00.03530E+00  0045 007431 -1 00001103 00001101 000 418 43063.6722592593
24.11.2017 16:08:03 +00.03530E+00  0068 007431 -1 00001104 00001101 000 344 43063.6722632407
24.11.2017 16:08:03 +00.03530E+00  0082 007431 -1 00001105 00001101 000 343 43063.6722672106
24.11.2017 16:08:04 +00.03530E+00  0096 007431 -1 00001106 00001101 000 343 43063.6722711806
24.11.2017 16:08:04 +00.03530E+00  0111 007431 -1 00001107 00001101 000 375 43063.6722755208
24.11.2017 16:08:04 +00.03530E+00  0124 007431 -1 00001108 00001101 000 342 43063.6722794792
24.11.2017 16:08:05 +00.03530E+00  0133 007431 -1 00001109 00001101 000 342 43063.6722834491
24.11.2017 16:08:05 +00.03530E+00  0152 007431 -1 00001110 00001101 000 342 43063.672287419
24.11.2017 16:08:06 +00.03530E+00  0164 007431 -1 00001111 00001101 000 377 43063.672291794
24.11.2017 16:08:06 +00.03530E+00  0174 007431 -1 00001112 00001101 000 340 43063.6722957292
24.11.2017 16:08:06 +00.03530E+00  0194 007431 -1 00001113 00001101 000 342 43063.6722996991
24.11.2017 16:08:07 +00.03530E+00  0203 007431 -1 00001114 00001101 000 342 43063.672303669
24.11.2017 16:08:07 +00.03530E+00  0214 007431 -1 00001115 00001101 000 378 43063.672308044
24.11.2017 16:08:07 +00.03530E+00  0236 007431 -1 00001116 00001101 000 340 43063.6723119907
24.11.2017 16:08:08 +00.03530E+00  0252 007431 -1 00001117 00001101 000 341 43063.6723159491
24.11.2017 16:08:08 +00.03530E+00  0259 007431 -1 00001118 00001101 000 343 43063.672319919
24.11.2017 16:08:08 +00.03530E+00  0271 007431 -1 00001119 00001101 000 378 43063.6723243056
24.11.2017 16:08:09 +00.03530E+00  0285 007431 -1 00001120 00001101 000 340 43063.6723282407
24.11.2017 16:08:09 +00.03530E+00  0305 007431 -1 00001121 00001101 000 341 43063.6723321991
24.11.2017 16:08:09 +00.03530E+00  0320 007431 -1 00001122 00001101 000 343 43063.672336169
24.11.2017 16:08:10 +00.03530E+00  0338 007431 -1 00001123 00001101 000 380 43063.6723405671
24.11.2017 16:08:10 +00.03530E+00  0356 007431 -1 00001124 00001101 000 344 43063.6723445486
24.11.2017 16:08:10 +00.03530E+00  0374 007431 -1 00001125 00001101 000 344 43063.6723485301
24.11.2017 16:08:11 +00.03530E+00  0383 007431 -1 00001126 00001101 000 342 43063.6723524884
24.11.2017 16:08:11 +00.03530E+00  0400 007431 -1 00001127 00001101 000 375 43063.6723568287
24.11.2017 16:08:11 +00.03530E+00  0418 007431 -1 00001128 00001101 000 343 43063.6723607986
24.11.2017 16:08:12 +00.03530E+00  0434 007431 -1 00001129 00001101 000 343 43063.6723647685
24.11.2017 16:08:12 +00.03530E+00  0449 007431 -1 00001130 00001101 000 343 43063.6723687384
24.11.2017 16:08:13 +00.03530E+00  0468 007431 -1 00001131 00001101 000 378 43063.6723731134
24.11.2017 16:08:13 +00.03530E+00  0485 007431 -1 00001132 00001101 000 340 43063.6723770486
24.11.2017 16:08:13 +00.03530E+00  0498 007431 -1 00001133 00001101 000 341 43063.6723810069
24.11.2017 16:08:14 +00.03530E+00  0513 007431 -1 00001134 00001101 000 343 43063.6723849884
24.11.2017 16:08:14 +00.03530E+00  0527 007431 -1 00001135 00001101 000 377 43063.6723893634
24.11.2017 16:08:14 +00.03530E+00  0541 007431 -1 00001136 00001101 000 340 43063.6723932986
24.11.2017 16:08:15 +00.03530E+00  0555 007431 -1 00001137 00001101 000 342 43063.6723972569
24.11.2017 16:08:15 +00.03530E+00  0570 007431 -1 00001138 00001101 000 342 43063.6724012269
24.11.2017 16:08:15 +00.03530E+00  0581 007431 -1 00001139 00001101 000 378 43063.6724056134
24.11.2017 16:08:16 +00.03530E+00  0597 007431 -1 00001140 00001101 000 344 43063.6724096065
24.11.2017 16:08:16 +00.03530E+00  0624 007431 -1 00001141 00001101 000 342 43063.6724135764
24.11.2017 16:08:16 +00.03530E+00  0640 007431 -1 00001142 00001101 000 342 43063.6724175463
24.11.2017 16:08:17 +00.03530E+00  0654 007431 -1 00001143 00001101 000 373 43063.672421875
24.11.2017 16:08:17 +00.03530E+00  0663 007431 -1 00001144 00001101 000 343 43063.6724258565
24.11.2017 16:08:21 +00.03520E+00  0011 007411 -1 00001145 00001145 000 379 43063.672473912
24.11.2017 16:08:22 +00.03520E+00  0023 007411 -1 00001146 00001145 000 344 43063.6724778935
24.11.2017 16:08:22 +00.03520E+00  0045 007411 -1 00001147 00001145 000 342 43063.6724818634
24.11.2017 16:08:22 +00.03520E+00  0066 007411 -1 00001148 00001145 000 343 43063.6724858333
24.11.2017 16:08:23 +00.03520E+00  0076 007411 -1 00001149 00001145 000 374 43063.6724901736
24.11.2017 16:08:23 +00.03520E+00  0087 007411 -1 00001150 00001145 000 342 43063.6724941435
24.11.2017 16:08:23 +00.03520E+00  0100 007411 -1 00001151 00001145 000 343 43063.6724981134
24.11.2017 16:08:24 +00.03520E+00  0117 007411 -1 00001152 00001145 000 343 43063.6725020833
24.11.2017 16:08:24 +00.03520E+00  0126 007411 -1 00001153 00001145 000 376 43063.6725064352
24.11.2017 16:08:24 +00.03521E+00  0145 007411 -1 00001154 00001145 000 341 43063.6725103935
24.11.2017 16:08:25 +00.03520E+00  0163 007411 -1 00001155 00001145 000 343 43063.6725143634
24.11.2017 16:08:25 +00.03520E+00  0174 007411 -1 00001156 00001145 000 343 43063.6725183333
24.11.2017 16:08:25 +00.03521E+00  0189 007411 -1 00001157 00001145 000 378 43063.6725227083
24.11.2017 16:08:26 +00.03521E+00  0205 007411 -1 00001158 00001145 000 340 43063.6725266435
24.11.2017 16:08:26 +00.03520E+00  0224 007411 -1 00001159 00001145 000 342 43063.6725306134
24.11.2017 16:08:26 +00.03520E+00  0232 007411 -1 00001160 00001145 000 343 43063.6725345833
24.11.2017 16:08:27 +00.03520E+00  0245 007411 -1 00001161 00001145 000 379 43063.6725389699
24.11.2017 16:08:27 +00.03520E+00  0265 007411 -1 00001162 00001145 000 345 43063.672542963
24.11.2017 16:08:28 +00.03520E+00  0281 007411 -1 00001163 00001145 000 343 43063.6725469329
24.11.2017 16:08:28 +00.03520E+00  0297 007411 -1 00001164 00001145 000 343 43063.6725509028
24.11.2017 16:08:28 +00.03520E+00  0307 007411 -1 00001165 00001145 000 374 43063.6725552315
24.11.2017 16:08:29 +00.03520E+00  0319 007411 -1 00001166 00001145 000 343 43063.672559213
24.11.2017 16:08:29 +00.03521E+00  0333 007411 -1 00001167 00001145 000 342 43063.6725631713
24.11.2017 16:08:29 +00.03520E+00  0345 007411 -1 00001168 00001145 000 343 43063.6725671528
24.11.2017 16:08:30 +00.03520E+00  0357 007411 -1 00001169 00001145 000 375 43063.6725714931
24.11.2017 16:08:30 +00.03520E+00  0372 007411 -1 00001170 00001145 000 342 43063.6725754514
24.11.2017 16:08:30 +00.03521E+00  0386 007411 -1 00001171 00001145 000 342 43063.6725794213
24.11.2017 16:08:31 +00.03521E+00  0403 007411 -1 00001172 00001145 000 342 43063.6725833912
24.11.2017 16:08:31 +00.03520E+00  0413 007411 -1 00001173 00001145 000 376 43063.6725877546
24.11.2017 16:08:31 +00.03520E+00  0427 007411 -1 00001174 00001145 000 342 43063.672591713
24.11.2017 16:08:32 +00.03520E+00  0437 007411 -1 00001175 00001145 000 342 43063.6725956713
24.11.2017 16:08:32 +00.03520E+00  0446 007411 -1 00001176 00001145 000 342 43063.6725996412
24.11.2017 16:08:32 +00.03520E+00  0457 007411 -1 00001177 00001145 000 377 43063.6726040046
24.11.2017 16:08:33 +00.03520E+00  0473 007411 -1 00001178 00001145 000 341 43063.6726079514
24.11.2017 16:08:33 +00.03520E+00  0484 007411 -1 00001179 00001145 000 343 43063.6726119213
24.11.2017 16:08:34 +00.03520E+00  0497 007411 -1 00001180 00001145 000 343 43063.6726158912
24.11.2017 16:08:34 +00.03521E+00  0510 007411 -1 00001181 00001145 000 379 43063.6726202778
24.11.2017 16:08:34 +00.03520E+00  0525 007411 -1 00001182 00001145 000 340 43063.672624213
24.11.2017 16:08:35 +00.03520E+00  0547 007411 -1 00001183 00001145 000 341 43063.6726281713
24.11.2017 16:08:35 +00.03520E+00  0563 007411 -1 00001184 00001145 000 343 43063.6726321412
24.11.2017 16:08:35 +00.03520E+00  0585 007411 -1 00001185 00001145 000 380 43063.6726365394
24.11.2017 16:08:36 +00.03520E+00  0606 007411 -1 00001186 00001145 000 344 43063.6726405208
24.11.2017 16:08:36 +00.03520E+00  0617 007411 -1 00001187 00001145 000 343 43063.6726444907
24.11.2017 16:08:36 +00.03520E+00  0636 007411 -1 00001188 00001145 000 343 43063.6726484606
24.11.2017 16:08:41 +00.03511E+00  0010 007391 -1 00001189 00001189 000 342 43063.6727002199
24.11.2017 16:08:41 +00.03511E+00  0024 007391 -1 00001190 00001189 000 399 43063.672704838
24.11.2017 16:08:42 +00.03511E+00  0042 007391 -1 00001191 00001189 000 343 43063.6727088194
24.11.2017 16:08:42 +00.03511E+00  0052 007391 -1 00001192 00001189 000 343 43063.6727127894
24.11.2017 16:08:42 +00.03511E+00  0065 007391 -1 00001193 00001189 000 343 43063.6727167593
24.11.2017 16:08:43 +00.03511E+00  0081 007391 -1 00001194 00001189 000 375 43063.6727210995
24.11.2017 16:08:43 +00.03511E+00  0099 007391 -1 00001195 00001189 000 342 43063.6727250694
24.11.2017 16:08:43 +00.03511E+00  0113 007391 -1 00001196 00001189 000 343 43063.6727290394
24.11.2017 16:08:44 +00.03511E+00  0125 007391 -1 00001197 00001189 000 343 43063.6727330093
24.11.2017 16:08:44 +00.03511E+00  0136 007391 -1 00001198 00001189 000 376 43063.6727373611
24.11.2017 16:08:44 +00.03511E+00  0147 007391 -1 00001199 00001189 000 341 43063.6727413079
24.11.2017 16:08:45 +00.03511E+00  0165 007391 -1 00001200 00001189 000 343 43063.6727452894
24.11.2017 16:08:45 +00.03511E+00  0179 007391 -1 00001201 00001189 000 343 43063.6727492593
24.11.2017 16:08:45 +00.03511E+00  0193 007391 -1 00001202 00001189 000 377 43063.6727536227
24.11.2017 16:08:46 +00.03511E+00  0206 007391 -1 00001203 00001189 000 340 43063.6727575579
24.11.2017 16:08:46 +00.03511E+00  0221 007389 -1 00001204 00001189 000 342 43063.6727615278
24.11.2017 16:08:46 +00.03510E+00  0232 007389 -1 00001205 00001189 000 342 43063.6727654977
24.11.2017 16:08:47 +00.03510E+00  0247 007389 -1 00001206 00001189 000 377 43063.6727698727
24.11.2017 16:08:47 +00.03510E+00  0263 007389 -1 00001207 00001189 000 340 43063.6727738194
24.11.2017 16:08:48 +00.03510E+00  0277 007389 -1 00001208 00001189 000 341 43063.6727777778
24.11.2017 16:08:48 +00.03510E+00  0286 007389 -1 00001209 00001189 000 343 43063.6727817593
24.11.2017 16:08:48 +00.03510E+00  0297 007389 -1 00001210 00001189 000 379 43063.6727861458
24.11.2017 16:08:49 +00.03510E+00  0311 007389 -1 00001211 00001189 000 344 43063.6727901273
24.11.2017 16:08:49 +00.03510E+00  0324 007389 -1 00001212 00001189 000 342 43063.6727940972
24.11.2017 16:08:49 +00.03510E+00  0341 007389 -1 00001213 00001189 000 342 43063.6727980671
24.11.2017 16:08:50 +00.03510E+00  0352 007389 -1 00001214 00001189 000 374 43063.6728024074
24.11.2017 16:08:50 +00.03510E+00  0363 007389 -1 00001215 00001189 000 343 43063.6728063773
24.11.2017 16:08:50 +00.03510E+00  0378 007389 -1 00001216 00001189 000 343 43063.6728103472
24.11.2017 16:08:51 +00.03510E+00  0394 007389 -1 00001217 00001189 000 343 43063.6728143287
24.11.2017 16:08:51 +00.03510E+00  0401 007389 -1 00001218 00001189 000 375 43063.672818669
24.11.2017 16:08:51 +00.03510E+00  0415 007389 -1 00001219 00001189 000 341 43063.6728226273
24.11.2017 16:08:52 +00.03510E+00  0425 007389 -1 00001220 00001189 000 343 43063.6728265972
24.11.2017 16:08:52 +00.03510E+00  0440 007389 -1 00001221 00001189 000 343 43063.6728305671
24.11.2017 16:08:52 +00.03510E+00  0448 007389 -1 00001222 00001189 000 377 43063.6728349306
24.11.2017 16:08:53 +00.03510E+00  0469 007389 -1 00001223 00001189 000 341 43063.6728388773
24.11.2017 16:08:53 +00.03510E+00  0481 007389 -1 00001224 00001189 000 343 43063.6728428472
24.11.2017 16:08:53 +00.03510E+00  0492 007389 -1 00001225 00001189 000 343 43063.6728468171
24.11.2017 16:08:54 +00.03510E+00  0503 007389 -1 00001226 00001189 000 378 43063.6728511921
24.11.2017 16:08:54 +00.03510E+00  0512 007389 -1 00001227 00001189 000 341 43063.6728551389
24.11.2017 16:08:55 +00.03510E+00  0530 007389 -1 00001228 00001189 000 341 43063.6728590857
24.11.2017 16:08:55 +00.03510E+00  0549 007389 -1 00001229 00001189 000 342 43063.6728630556
24.11.2017 16:08:55 +00.03510E+00  0561 007389 -1 00001230 00001189 000 379 43063.6728674537
24.11.2017 16:08:56 +00.03510E+00  0569 007389 -1 00001231 00001189 000 345 43063.6728714468
24.11.2017 16:08:56 +00.03510E+00  0587 007389 -1 00001232 00001189 000 342 43063.6728754051
24.11.2017 16:09:00 +00.03500E+00  0014 007369 -1 00001233 00001233 000 340 43063.672926875
24.11.2017 16:09:01 +00.03500E+00  0030 007369 -1 00001234 00001233 000 342 43063.6729308449
24.11.2017 16:09:01 +00.03500E+00  0048 007369 -1 00001235 00001233 000 342 43063.6729348148
24.11.2017 16:09:01 +00.03500E+00  0072 007369 -1 00001236 00001233 000 361 43063.6729390046
24.11.2017 16:09:02 +00.03500E+00  0087 007369 -1 00001237 00001233 000 343 43063.6729429745
24.11.2017 16:09:02 +00.03500E+00  0097 007369 -1 00001238 00001233 000 343 43063.672946956
24.11.2017 16:09:02 +00.03501E+00  0108 007369 -1 00001239 00001233 000 343 43063.6729509259
24.11.2017 16:09:03 +00.03500E+00  0122 007369 -1 00001240 00001233 000 375 43063.6729552662
24.11.2017 16:09:03 +00.03501E+00  0138 007369 -1 00001241 00001233 000 341 43063.6729592245
24.11.2017 16:09:04 +00.03500E+00  0156 007369 -1 00001242 00001233 000 342 43063.6729631944
24.11.2017 16:09:04 +00.03500E+00  0169 007369 -1 00001243 00001233 000 343 43063.6729671644
24.11.2017 16:09:04 +00.03500E+00  0185 007369 -1 00001244 00001233 000 376 43063.6729715278
24.11.2017 16:09:05 +00.03500E+00  0199 007369 -1 00001245 00001233 000 340 43063.6729754745
24.11.2017 16:09:05 +00.03500E+00  0219 007369 -1 00001246 00001233 000 342 43063.6729794444
24.11.2017 16:09:05 +00.03500E+00  0241 007369 -1 00001247 00001233 000 343 43063.6729834144
24.11.2017 16:09:06 +00.03500E+00  0256 007369 -1 00001248 00001233 000 378 43063.6729877894
24.11.2017 16:09:06 +00.03500E+00  0264 007369 -1 00001249 00001233 000 340 43063.6729917245
24.11.2017 16:09:06 +00.03500E+00  0280 007369 -1 00001250 00001233 000 343 43063.672995706
24.11.2017 16:09:07 +00.03500E+00  0288 007369 -1 00001251 00001233 000 342 43063.6729996644
24.11.2017 16:09:07 +00.03500E+00  0305 007369 -1 00001252 00001233 000 379 43063.6730040509
24.11.2017 16:09:07 +00.03500E+00  0320 007369 -1 00001253 00001233 000 340 43063.6730079861
24.11.2017 16:09:08 +00.03500E+00  0335 007369 -1 00001254 00001233 000 341 43063.6730119444
24.11.2017 16:09:08 +00.03500E+00  0348 007369 -1 00001255 00001233 000 343 43063.6730159144
24.11.2017 16:09:08 +00.03500E+00  0370 007369 -1 00001256 00001233 000 380 43063.6730203125
24.11.2017 16:09:09 +00.03500E+00  0387 007369 -1 00001257 00001233 000 344 43063.673024294
24.11.2017 16:09:09 +00.03500E+00  0400 007369 -1 00001258 00001233 000 343 43063.6730282639
24.11.2017 16:09:09 +00.03500E+00  0414 007369 -1 00001259 00001233 000 343 43063.6730322338
24.11.2017 16:09:10 +00.03500E+00  0426 007369 -1 00001260 00001233 000 375 43063.6730365741
24.11.2017 16:09:10 +00.03500E+00  0437 007369 -1 00001261 00001233 000 343 43063.673040544
24.11.2017 16:09:11 +00.03500E+00  0456 007369 -1 00001262 00001233 000 343 43063.6730445139
24.11.2017 16:09:11 +00.03500E+00  0472 007369 -1 00001263 00001233 000 343 43063.6730484838
24.11.2017 16:09:11 +00.03500E+00  0486 007369 -1 00001264 00001233 000 377 43063.6730528472
24.11.2017 16:09:12 +00.03500E+00  0500 007369 -1 00001265 00001233 000 340 43063.6730567824
24.11.2017 16:09:12 +00.03500E+00  0509 007369 -1 00001266 00001233 000 343 43063.6730607523
24.11.2017 16:09:12 +00.03501E+00  0525 007369 -1 00001267 00001233 000 342 43063.6730647222
24.11.2017 16:09:13 +00.03500E+00  0544 007369 -1 00001268 00001233 000 377 43063.6730690972
24.11.2017 16:09:13 +00.03500E+00  0559 007369 -1 00001269 00001233 000 340 43063.6730730324
24.11.2017 16:09:13 +00.03500E+00  0582 007369 -1 00001270 00001233 000 342 43063.6730770023
24.11.2017 16:09:14 +00.03500E+00  0597 007369 -1 00001271 00001233 000 342 43063.6730809722
24.11.2017 16:09:14 +00.03500E+00  0611 007369 -1 00001272 00001233 000 379 43063.6730853588
24.11.2017 16:09:14 +00.03500E+00  0626 007369 -1 00001273 00001233 000 344 43063.6730893519
24.11.2017 16:09:15 +00.03500E+00  0648 007369 -1 00001274 00001233 000 342 43063.6730933218
24.11.2017 16:09:15 +00.03500E+00  0659 007369 -1 00001275 00001233 000 343 43063.6730972917
24.11.2017 16:09:15 +00.03500E+00  0672 007369 -1 00001276 00001233 000 373 43063.6731016204
24.11.2017 16:09:20 +00.03490E+00  0007 007347 -1 00001277 00001277 000 378 43063.6731536574
24.11.2017 16:09:20 +00.03490E+00  0028 007347 -1 00001278 00001277 000 344 43063.6731576505
24.11.2017 16:09:21 +00.03490E+00  0046 007347 -1 00001279 00001277 000 343 43063.6731616319
24.11.2017 16:09:21 +00.03490E+00  0057 007347 -1 00001280 00001277 000 342 43063.6731655903
24.11.2017 16:09:21 +00.03490E+00  0064 007347 -1 00001281 00001277 000 374 43063.6731699306
24.11.2017 16:09:22 +00.03490E+00  0077 007347 -1 00001282 00001277 000 343 43063.6731739005
24.11.2017 16:09:22 +00.03490E+00  0086 007347 -1 00001283 00001277 000 343 43063.6731778704
24.11.2017 16:09:22 +00.03490E+00  0097 007347 -1 00001284 00001277 000 343 43063.6731818403
24.11.2017 16:09:23 +00.03490E+00  0109 007347 -1 00001285 00001277 000 375 43063.6731861806
24.11.2017 16:09:23 +00.03490E+00  0125 007347 -1 00001286 00001277 000 343 43063.6731901505
24.11.2017 16:09:23 +00.03490E+00  0137 007347 -1 00001287 00001277 000 344 43063.6731941319
24.11.2017 16:09:24 +00.03490E+00  0157 007347 -1 00001288 00001277 000 342 43063.6731980903
24.11.2017 16:09:24 +00.03490E+00  0173 007347 -1 00001289 00001277 000 376 43063.6732024421
24.11.2017 16:09:25 +00.03490E+00  0190 007347 -1 00001290 00001277 000 342 43063.6732064005
24.11.2017 16:09:25 +00.03490E+00  0205 007347 -1 00001291 00001277 000 343 43063.6732103704
24.11.2017 16:09:25 +00.03490E+00  0218 007347 -1 00001292 00001277 000 343 43063.6732143403
24.11.2017 16:09:26 +00.03490E+00  0235 007347 -1 00001293 00001277 000 377 43063.6732187037
24.11.2017 16:09:26 +00.03490E+00  0242 007347 -1 00001294 00001277 000 341 43063.6732226505
24.11.2017 16:09:26 +00.03490E+00  0252 007347 -1 00001295 00001277 000 343 43063.6732266204
24.11.2017 16:09:27 +00.03490E+00  0260 007347 -1 00001296 00001277 000 343 43063.6732305903
24.11.2017 16:09:27 +00.03490E+00  0279 007347 -1 00001297 00001277 000 380 43063.6732349884
24.11.2017 16:09:27 +00.03490E+00  0298 007347 -1 00001298 00001277 000 344 43063.6732389699
24.11.2017 16:09:28 +00.03490E+00  0313 007347 -1 00001299 00001277 000 343 43063.6732429398
24.11.2017 16:09:28 +00.03490E+00  0329 007347 -1 00001300 00001277 000 343 43063.6732469097
24.11.2017 16:09:28 +00.03490E+00  0350 007347 -1 00001301 00001277 000 374 43063.6732512384
24.11.2017 16:09:29 +00.03490E+00  0369 007347 -1 00001302 00001277 000 343 43063.6732552083
24.11.2017 16:09:29 +00.03490E+00  0384 007347 -1 00001303 00001277 000 343 43063.6732591898
24.11.2017 16:09:29 +00.03490E+00  0400 007347 -1 00001304 00001277 000 343 43063.6732631597
24.11.2017 16:09:30 +00.03490E+00  0422 007347 -1 00001305 00001277 000 374 43063.6732674884
24.11.2017 16:09:30 +00.03490E+00  0440 007347 -1 00001306 00001277 000 342 43063.6732714583
24.11.2017 16:09:30 +00.03490E+00  0454 007347 -1 00001307 00001277 000 343 43063.6732754282
24.11.2017 16:09:31 +00.03490E+00  0467 007347 -1 00001308 00001277 000 342 43063.6732793982
24.11.2017 16:09:31 +00.03490E+00  0479 007347 -1 00001309 00001277 000 375 43063.67328375
24.11.2017 16:09:32 +00.03490E+00  0489 007347 -1 00001310 00001277 000 341 43063.6732877083
24.11.2017 16:09:32 +00.03490E+00  0506 007347 -1 00001311 00001277 000 343 43063.6732916782
24.11.2017 16:09:32 +00.03490E+00  0514 007347 -1 00001312 00001277 000 343 43063.6732956482
24.11.2017 16:09:33 +00.03490E+00  0525 007347 -1 00001313 00001277 000 378 43063.6733000231
24.11.2017 16:09:33 +00.03490E+00  0538 007347 -1 00001314 00001277 000 340 43063.6733039583
24.11.2017 16:09:33 +00.03490E+00  0543 007347 -1 00001315 00001277 000 342 43063.6733079282
24.11.2017 16:09:34 +00.03490E+00  0562 007347 -1 00001316 00001277 000 343 43063.6733118982
24.11.2017 16:09:34 +00.03490E+00  0573 007347 -1 00001317 00001277 000 379 43063.6733162847
24.11.2017 16:09:34 +00.03490E+00  0587 007347 -1 00001318 00001277 000 340 43063.6733202199
24.11.2017 16:09:35 +00.03490E+00  0601 007347 -1 00001319 00001277 000 341 43063.6733241782
24.11.2017 16:09:39 +00.03480E+00  0017 007327 -1 00001320 00001320 000 341 43063.6733757176
24.11.2017 16:09:40 +00.03480E+00  0025 007327 -1 00001321 00001320 000 344 43063.6733796991
24.11.2017 16:09:40 +00.03480E+00  0037 007327 -1 00001322 00001320 000 342 43063.6733836574
24.11.2017 16:09:40 +00.03481E+00  0052 007327 -1 00001323 00001320 000 361 43063.6733878356
24.11.2017 16:09:41 +00.03480E+00  0064 007327 -1 00001324 00001320 000 344 43063.6733918171
24.11.2017 16:09:41 +00.03480E+00  0077 007327 -1 00001325 00001320 000 343 43063.673395787
24.11.2017 16:09:41 +00.03480E+00  0098 007327 -1 00001326 00001320 000 343 43063.6733997569
24.11.2017 16:09:42 +00.03480E+00  0105 007327 -1 00001327 00001320 000 375 43063.6734040972
24.11.2017 16:09:42 +00.03480E+00  0114 007327 -1 00001328 00001320 000 343 43063.6734080671
24.11.2017 16:09:42 +00.03480E+00  0122 007327 -1 00001329 00001320 000 343 43063.673412037
24.11.2017 16:09:43 +00.03480E+00  0145 007327 -1 00001330 00001320 000 343 43063.6734160069
24.11.2017 16:09:43 +00.03480E+00  0158 007327 -1 00001331 00001320 000 376 43063.6734203588
24.11.2017 16:09:43 +00.03480E+00  0171 007327 -1 00001332 00001320 000 342 43063.6734243171
24.11.2017 16:09:44 +00.03480E+00  0188 007327 -1 00001333 00001320 000 342 43063.6734282755
24.11.2017 16:09:44 +00.03480E+00  0200 007327 -1 00001334 00001320 000 343 43063.6734322569
24.11.2017 16:09:44 +00.03480E+00  0210 007327 -1 00001335 00001320 000 377 43063.6734366204
24.11.2017 16:09:45 +00.03480E+00  0218 007327 -1 00001336 00001320 000 340 43063.6734405556
24.11.2017 16:09:45 +00.03481E+00  0234 007327 -1 00001337 00001320 000 342 43063.6734445255
24.11.2017 16:09:45 +00.03481E+00  0251 007327 -1 00001338 00001320 000 342 43063.6734484954
24.11.2017 16:09:46 +00.03480E+00  0270 007327 -1 00001339 00001320 000 377 43063.6734528704
24.11.2017 16:09:46 +00.03480E+00  0287 007327 -1 00001340 00001320 000 340 43063.6734568171
24.11.2017 16:09:47 +00.03481E+00  0301 007327 -1 00001341 00001320 000 342 43063.6734607755
24.11.2017 16:09:47 +00.03480E+00  0311 007327 -1 00001342 00001320 000 343 43063.6734647454
24.11.2017 16:09:47 +00.03480E+00  0322 007327 -1 00001343 00001320 000 380 43063.6734691435
24.11.2017 16:09:48 +00.03480E+00  0338 007327 -1 00001344 00001320 000 344 43063.673473125
24.11.2017 16:09:48 +00.03480E+00  0351 007327 -1 00001345 00001320 000 342 43063.6734770949
24.11.2017 16:09:48 +00.03481E+00  0370 007327 -1 00001346 00001320 000 342 43063.6734810648
24.11.2017 16:09:49 +00.03480E+00  0384 007327 -1 00001347 00001320 000 374 43063.6734853935
24.11.2017 16:09:49 +00.03480E+00  0399 007327 -1 00001348 00001320 000 343 43063.673489375
24.11.2017 16:09:49 +00.03480E+00  0419 007327 -1 00001349 00001320 000 343 43063.6734933449
24.11.2017 16:09:50 +00.03480E+00  0433 007327 -1 00001350 00001320 000 343 43063.6734973148
24.11.2017 16:09:50 +00.03480E+00  0449 007327 -1 00001351 00001320 000 376 43063.6735016667
24.11.2017 16:09:50 +00.03481E+00  0462 007327 -1 00001352 00001320 000 342 43063.673505625
24.11.2017 16:09:51 +00.03480E+00  0476 007327 -1 00001353 00001320 000 343 43063.6735095949
24.11.2017 16:09:51 +00.03481E+00  0495 007327 -1 00001354 00001320 000 343 43063.6735135648
24.11.2017 16:09:51 +00.03480E+00  0512 007327 -1 00001355 00001320 000 377 43063.6735179282
24.11.2017 16:09:52 +00.03480E+00  0526 007327 -1 00001356 00001320 000 341 43063.673521875
24.11.2017 16:09:52 +00.03480E+00  0537 007327 -1 00001357 00001320 000 343 43063.6735258449
24.11.2017 16:09:52 +00.03480E+00  0544 007327 -1 00001358 00001320 000 343 43063.6735298148
24.11.2017 16:09:53 +00.03480E+00  0556 007327 -1 00001359 00001320 000 378 43063.6735341898
24.11.2017 16:09:53 +00.03480E+00  0571 007327 -1 00001360 00001320 000 340 43063.673538125
24.11.2017 16:09:54 +00.03480E+00  0582 007327 -1 00001361 00001320 000 342 43063.6735420833
24.11.2017 16:09:54 +00.03481E+00  0604 007327 -1 00001362 00001320 000 342 43063.6735460532
24.11.2017 16:09:54 +00.03480E+00  0620 007327 -1 00001363 00001320 000 378 43063.6735504398
24.11.2017 16:09:58 +00.03470E+00  0006 007305 -1 00001364 00001364 000 343 43063.6735978819
24.11.2017 16:09:59 +00.03470E+00  0022 007305 -1 00001365 00001364 000 398 43063.6736024884
24.11.2017 16:09:59 +00.03470E+00  0039 007305 -1 00001366 00001364 000 345 43063.6736064815
24.11.2017 16:09:59 +00.03470E+00  0051 007305 -1 00001367 00001364 000 343 43063.6736104514
24.11.2017 16:10:00 +00.03470E+00  0063 007305 -1 00001368 00001364 000 343 43063.6736144213
24.11.2017 16:10:00 +00.03470E+00  0082 007305 -1 00001369 00001364 000 374 43063.67361875
24.11.2017 16:10:01 +00.03470E+00  0099 007305 -1 00001370 00001364 000 343 43063.6736227199
24.11.2017 16:10:01 +00.03470E+00  0115 007305 -1 00001371 00001364 000 343 43063.6736266898
24.11.2017 16:10:01 +00.03470E+00  0130 007305 -1 00001372 00001364 000 342 43063.6736306597
24.11.2017 16:10:02 +00.03470E+00  0136 007305 -1 00001373 00001364 000 375 43063.6736350116
24.11.2017 16:10:02 +00.03470E+00  0144 007305 -1 00001374 00001364 000 343 43063.6736389815
24.11.2017 16:10:02 +00.03470E+00  0154 007305 -1 00001375 00001364 000 342 43063.6736429398
24.11.2017 16:10:03 +00.03470E+00  0164 007305 -1 00001376 00001364 000 343 43063.6736469097
24.11.2017 16:10:03 +00.03470E+00  0185 007305 -1 00001377 00001364 000 377 43063.6736512732
24.11.2017 16:10:03 +00.03470E+00  0201 007305 -1 00001378 00001364 000 340 43063.6736552199
24.11.2017 16:10:04 +00.03470E+00  0216 007305 -1 00001379 00001364 000 342 43063.6736591898
24.11.2017 16:10:04 +00.03470E+00  0229 007305 -1 00001380 00001364 000 343 43063.6736631597
24.11.2017 16:10:04 +00.03470E+00  0241 007305 -1 00001381 00001364 000 378 43063.6736675347
24.11.2017 16:10:05 +00.03470E+00  0257 007305 -1 00001382 00001364 000 340 43063.6736714699
24.11.2017 16:10:05 +00.03470E+00  0274 007305 -1 00001383 00001364 000 343 43063.6736754398
24.11.2017 16:10:05 +00.03470E+00  0288 007305 -1 00001384 00001364 000 343 43063.6736794097
24.11.2017 16:10:06 +00.03470E+00  0298 007305 -1 00001385 00001364 000 379 43063.6736837963
24.11.2017 16:10:06 +00.03470E+00  0316 007305 -1 00001386 00001364 000 340 43063.6736877315
24.11.2017 16:10:06 +00.03470E+00  0331 007305 -1 00001387 00001364 000 340 43063.6736916782
24.11.2017 16:10:07 +00.03470E+00  0346 007305 -1 00001388 00001364 000 343 43063.6736956597
24.11.2017 16:10:07 +00.03470E+00  0357 007305 -1 00001389 00001364 000 380 43063.6737000579
24.11.2017 16:10:08 +00.03470E+00  0377 007305 -1 00001390 00001364 000 344 43063.6737040393
24.11.2017 16:10:08 +00.03470E+00  0392 007305 -1 00001391 00001364 000 343 43063.6737080093
24.11.2017 16:10:08 +00.03470E+00  0406 007305 -1 00001392 00001364 000 343 43063.6737119792
24.11.2017 16:10:09 +00.03470E+00  0419 007305 -1 00001393 00001364 000 376 43063.673716331
24.11.2017 16:10:09 +00.03470E+00  0439 007305 -1 00001394 00001364 000 342 43063.6737202893
24.11.2017 16:10:09 +00.03470E+00  0453 007305 -1 00001395 00001364 000 342 43063.6737242477
24.11.2017 16:10:10 +00.03470E+00  0468 007305 -1 00001396 00001364 000 342 43063.6737282176
24.11.2017 16:10:10 +00.03470E+00  0480 007305 -1 00001397 00001364 000 378 43063.6737326042
24.11.2017 16:10:10 +00.03470E+00  0498 007305 -1 00001398 00001364 000 340 43063.6737365393
24.11.2017 16:10:11 +00.03470E+00  0501 007305 -1 00001399 00001364 000 341 43063.6737404977
24.11.2017 16:10:11 +00.03470E+00  0518 007305 -1 00001400 00001364 000 343 43063.6737444676
24.11.2017 16:10:11 +00.03470E+00  0532 007305 -1 00001401 00001364 000 377 43063.6737488426
24.11.2017 16:10:12 +00.03470E+00  0545 007305 -1 00001402 00001364 000 340 43063.6737527893
24.11.2017 16:10:12 +00.03470E+00  0565 007305 -1 00001403 00001364 000 342 43063.6737567477
24.11.2017 16:10:12 +00.03470E+00  0577 007305 -1 00001404 00001364 000 342 43063.6737607176
24.11.2017 16:10:13 +00.03470E+00  0599 007305 -1 00001405 00001364 000 379 43063.6737651042
24.11.2017 16:10:13 +00.03470E+00  0623 007305 -1 00001406 00001364 000 344 43063.6737690972
24.11.2017 16:10:13 +00.03470E+00  0635 007305 -1 00001407 00001364 000 343 43063.6737730671
24.11.2017 16:10:18 +00.03461E+00  0009 007285 -1 00001408 00001408 000 341 43063.673824537
24.11.2017 16:10:18 +00.03460E+00  0021 007285 -1 00001409 00001408 000 343 43063.6738285069
24.11.2017 16:10:19 +00.03460E+00  0038 007285 -1 00001410 00001408 000 343 43063.6738324769
24.11.2017 16:10:19 +00.03460E+00  0053 007285 -1 00001411 00001408 000 360 43063.6738366551
24.11.2017 16:10:19 +00.03461E+00  0069 007285 -1 00001412 00001408 000 344 43063.6738406366
24.11.2017 16:10:20 +00.03460E+00  0089 007285 -1 00001413 00001408 000 342 43063.6738446065
24.11.2017 16:10:20 +00.03460E+00  0105 007285 -1 00001414 00001408 000 342 43063.6738485764
24.11.2017 16:10:20 +00.03461E+00  0119 007285 -1 00001415 00001408 000 375 43063.6738529167
24.11.2017 16:10:21 +00.03460E+00  0126 007285 -1 00001416 00001408 000 342 43063.6738568866
24.11.2017 16:10:21 +00.03460E+00  0134 007285 -1 00001417 00001408 000 343 43063.6738608565
24.11.2017 16:10:21 +00.03461E+00  0140 007285 -1 00001418 00001408 000 343 43063.6738648264
24.11.2017 16:10:22 +00.03461E+00  0154 007285 -1 00001419 00001408 000 376 43063.6738691782
24.11.2017 16:10:22 +00.03461E+00  0171 007285 -1 00001420 00001408 000 342 43063.6738731366
24.11.2017 16:10:22 +00.03461E+00  0182 007285 -1 00001421 00001408 000 343 43063.6738771065
24.11.2017 16:10:23 +00.03460E+00  0197 007285 -1 00001422 00001408 000 343 43063.6738810764
24.11.2017 16:10:23 +00.03461E+00  0214 007285 -1 00001423 00001408 000 378 43063.6738854514
24.11.2017 16:10:24 +00.03460E+00  0229 007285 -1 00001424 00001408 000 340 43063.6738893866
24.11.2017 16:10:24 +00.03460E+00  0242 007285 -1 00001425 00001408 000 341 43063.6738933449
24.11.2017 16:10:24 +00.03461E+00  0257 007285 -1 00001426 00001408 000 343 43063.6738973264
24.11.2017 16:10:25 +00.03460E+00  0275 007285 -1 00001427 00001408 000 379 43063.673901713
24.11.2017 16:10:25 +00.03460E+00  0290 007285 -1 00001428 00001408 000 345 43063.673905706
24.11.2017 16:10:25 +00.03460E+00  0306 007285 -1 00001429 00001408 000 343 43063.6739096759
24.11.2017 16:10:26 +00.03460E+00  0317 007285 -1 00001430 00001408 000 343 43063.6739136458
24.11.2017 16:10:26 +00.03460E+00  0330 007285 -1 00001431 00001408 000 373 43063.673917963
24.11.2017 16:10:26 +00.03460E+00  0345 007285 -1 00001432 00001408 000 344 43063.6739219444
24.11.2017 16:10:27 +00.03461E+00  0359 007285 -1 00001433 00001408 000 342 43063.6739259144
24.11.2017 16:10:27 +00.03460E+00  0371 007285 -1 00001434 00001408 000 343 43063.6739298958
24.11.2017 16:10:27 +00.03460E+00  0380 007285 -1 00001435 00001408 000 374 43063.6739342245
24.11.2017 16:10:28 +00.03460E+00  0388 007285 -1 00001436 00001408 000 343 43063.6739381944
24.11.2017 16:10:28 +00.03460E+00  0395 007285 -1 00001437 00001408 000 343 43063.6739421644
24.11.2017 16:10:28 +00.03460E+00  0408 007285 -1 00001438 00001408 000 343 43063.6739461343
24.11.2017 16:10:29 +00.03460E+00  0425 007285 -1 00001439 00001408 000 375 43063.6739504861
24.11.2017 16:10:29 +00.03461E+00  0442 007285 -1 00001440 00001408 000 341 43063.6739544444
24.11.2017 16:10:30 +00.03461E+00  0459 007285 -1 00001441 00001408 000 343 43063.6739584144
24.11.2017 16:10:30 +00.03461E+00  0481 007285 -1 00001442 00001408 000 343 43063.6739623843
24.11.2017 16:10:30 +00.03461E+00  0498 007285 -1 00001443 00001408 000 377 43063.6739667477
24.11.2017 16:10:31 +00.03460E+00  0513 007285 -1 00001444 00001408 000 341 43063.6739706944
24.11.2017 16:10:31 +00.03460E+00  0525 007285 -1 00001445 00001408 000 343 43063.6739746644
24.11.2017 16:10:31 +00.03460E+00  0540 007285 -1 00001446 00001408 000 343 43063.6739786343
24.11.2017 16:10:32 +00.03460E+00  0551 007285 -1 00001447 00001408 000 378 43063.6739830093
24.11.2017 16:10:32 +00.03460E+00  0573 007285 -1 00001448 00001408 000 340 43063.6739869444
24.11.2017 16:10:32 +00.03460E+00  0595 007285 -1 00001449 00001408 000 342 43063.6739909144
24.11.2017 16:10:33 +00.03460E+00  0609 007285 -1 00001450 00001408 000 343 43063.6739948843
24.11.2017 16:10:33 +00.03460E+00  0623 007285 -1 00001451 00001408 000 380 43063.6739992824
24.11.2017 16:10:37 +00.03450E+00  0016 007263 -1 00001452 00001452 000 343 43063.6740467014
24.11.2017 16:10:38 +00.03450E+00  0032 007263 -1 00001453 00001452 000 399 43063.6740513194
24.11.2017 16:10:38 +00.03450E+00  0052 007263 -1 00001454 00001452 000 344 43063.6740553009
24.11.2017 16:10:38 +00.03450E+00  0070 007263 -1 00001455 00001452 000 343 43063.6740592708
24.11.2017 16:10:39 +00.03450E+00  0087 007263 -1 00001456 00001452 000 342 43063.6740632292
24.11.2017 16:10:39 +00.03450E+00  0104 007263 -1 00001457 00001452 000 376 43063.674067581
24.11.2017 16:10:39 +00.03450E+00  0116 007263 -1 00001458 00001452 000 343 43063.6740715509
24.11.2017 16:10:40 +00.03450E+00  0130 007263 -1 00001459 00001452 000 343 43063.6740755208
24.11.2017 16:10:40 +00.03450E+00  0146 007263 -1 00001460 00001452 000 343 43063.6740794907
24.11.2017 16:10:40 +00.03450E+00  0157 007263 -1 00001461 00001452 000 376 43063.6740838426
24.11.2017 16:10:41 +00.03450E+00  0177 007263 -1 00001462 00001452 000 341 43063.6740877894
24.11.2017 16:10:41 +00.03450E+00  0195 007263 -1 00001463 00001452 000 342 43063.6740917593
24.11.2017 16:10:41 +00.03450E+00  0212 007263 -1 00001464 00001452 000 342 43063.6740957292
24.11.2017 16:10:42 +00.03450E+00  0223 007263 -1 00001465 00001452 000 376 43063.6741000926
24.11.2017 16:10:42 +00.03450E+00  0240 007263 -1 00001466 00001452 000 340 43063.6741040394
24.11.2017 16:10:42 +00.03450E+00  0258 007263 -1 00001467 00001452 000 342 43063.6741080093
24.11.2017 16:10:43 +00.03450E+00  0276 007263 -1 00001468 00001452 000 342 43063.6741119792
24.11.2017 16:10:43 +00.03450E+00  0286 007263 -1 00001469 00001452 000 378 43063.6741163542
24.11.2017 16:10:43 +00.03450E+00  0305 007263 -1 00001470 00001452 000 340 43063.6741203009
24.11.2017 16:10:44 +00.03450E+00  0323 007263 -1 00001471 00001452 000 341 43063.6741242593
24.11.2017 16:10:44 +00.03450E+00  0331 007263 -1 00001472 00001452 000 343 43063.6741282292
24.11.2017 16:10:45 +00.03450E+00  0345 007263 -1 00001473 00001452 000 380 43063.6741326273
24.11.2017 16:10:45 +00.03450E+00  0356 007263 -1 00001474 00001452 000 344 43063.6741366088
24.11.2017 16:10:45 +00.03450E+00  0372 007263 -1 00001475 00001452 000 343 43063.6741405787
24.11.2017 16:10:46 +00.03450E+00  0392 007263 -1 00001476 00001452 000 343 43063.6741445486
24.11.2017 16:10:46 +00.03450E+00  0401 007263 -1 00001477 00001452 000 375 43063.6741488889
24.11.2017 16:10:46 +00.03450E+00  0412 007263 -1 00001478 00001452 000 343 43063.6741528588
24.11.2017 16:10:47 +00.03450E+00  0421 007263 -1 00001479 00001452 000 343 43063.6741568287
24.11.2017 16:10:47 +00.03450E+00  0438 007263 -1 00001480 00001452 000 343 43063.6741607986
24.11.2017 16:10:47 +00.03450E+00  0456 007263 -1 00001481 00001452 000 376 43063.6741651505
24.11.2017 16:10:48 +00.03450E+00  0469 007263 -1 00001482 00001452 000 342 43063.6741691088
24.11.2017 16:10:48 +00.03450E+00  0481 007263 -1 00001483 00001452 000 343 43063.6741730787
24.11.2017 16:10:48 +00.03450E+00  0500 007263 -1 00001484 00001452 000 343 43063.6741770486
24.11.2017 16:10:49 +00.03450E+00  0520 007263 -1 00001485 00001452 000 377 43063.674181412
24.11.2017 16:10:49 +00.03450E+00  0540 007263 -1 00001486 00001452 000 340 43063.6741853472
24.11.2017 16:10:49 +00.03450E+00  0548 007263 -1 00001487 00001452 000 342 43063.6741893171
24.11.2017 16:10:50 +00.03450E+00  0561 007263 -1 00001488 00001452 000 342 43063.674193287
24.11.2017 16:10:50 +00.03450E+00  0576 007263 -1 00001489 00001452 000 377 43063.674197662
24.11.2017 16:10:51 +00.03450E+00  0594 007263 -1 00001490 00001452 000 340 43063.6742016088
24.11.2017 16:10:51 +00.03450E+00  0605 007263 -1 00001491 00001452 000 342 43063.6742055787
24.11.2017 16:10:51 +00.03450E+00  0612 007263 -1 00001492 00001452 000 341 43063.674209537
24.11.2017 16:10:52 +00.03450E+00  0625 007263 -1 00001493 00001452 000 378 43063.6742139236
24.11.2017 16:10:52 +00.03450E+00  0645 007263 -1 00001494 00001452 000 345 43063.6742179282
24.11.2017 16:10:52 +00.03450E+00  0661 007263 -1 00001495 00001452 000 342 43063.6742218866