
24.11.2017 16:11:31 +00.03280E+00  0012 006907 1 00001567 00001567 000 342 43063.6746743866
24.11.2017 16:11:32 +00.03280E+00  0029 006907 1 00001568 00001567 000 399 43063.6746790162
24.11.2017 16:11:32 +00.03280E+00  0040 006907 1 00001569 00001567 000 342 43063.6746829861
24.11.2017 16:11:32 +00.03280E+00  0058 006907 1 00001570 00001567 000 342 43063.674686956
24.11.2017 16:11:33 +00.03280E+00  0072 006907 1 00001571 00001567 000 342 43063.6746909259
24.11.2017 16:11:33 +00.03280E+00  0080 006907 1 00001572 00001567 000 375 43063.6746952778
24.11.2017 16:11:34 +00.03280E+00  0097 006907 1 00001573 00001567 000 341 43063.6746992361
24.11.2017 16:11:34 +00.03280E+00  0109 006907 1 00001574 00001567 000 344 43063.6747032176
24.11.2017 16:11:34 +00.03280E+00  0131 006907 1 00001575 00001567 000 342 43063.6747071759
24.11.2017 16:11:35 +00.03280E+00  0151 006907 1 00001576 00001567 000 376 43063.6747115394
24.11.2017 16:11:35 +00.03280E+00  0164 006907 1 00001577 00001567 000 341 43063.6747154861
24.11.2017 16:11:35 +00.03280E+00  0180 006907 1 00001578 00001567 000 343 43063.674719456
24.11.2017 16:11:36 +00.03280E+00  0195 006907 1 00001579 00001567 000 343 43063.6747234259
24.11.2017 16:11:36 +00.03280E+00  0208 006907 1 00001580 00001567 000 379 43063.6747278125
24.11.2017 16:11:36 +00.03280E+00  0216 006907 1 00001581 00001567 000 340 43063.6747317477
24.11.2017 16:11:39 +00.03315E+00  0016 006983 1 00001582 00001582 000 341 43063.674757963
24.11.2017 16:11:39 +00.03316E+00  0033 006983 1 00001583 00001582 000 344 43063.674761956
24.11.2017 16:11:39 +00.03316E+00  0045 006983 1 00001584 00001582 000 342 43063.6747659144
24.11.2017 16:11:40 +00.03316E+00  0056 006983 1 00001585 00001582 000 361 43063.6747700926
24.11.2017 16:11:40 +00.03316E+00  0071 006983 1 00001586 00001582 000 344 43063.6747740741
24.11.2017 16:11:40 +00.03316E+00  0084 006983 1 00001587 00001582 000 343 43063.674778044
24.11.2017 16:11:41 +00.03317E+00  0097 006983 1 00001588 00001582 000 343 43063.6747820139
24.11.2017 16:11:41 +00.03316E+00  0113 006983 1 00001589 00001582 000 375 43063.6747863542
24.11.2017 16:11:41 +00.03316E+00  0135 006983 1 00001590 00001582 000 343 43063.6747903241
24.11.2017 16:11:42 +00.03316E+00  0149 006983 1 00001591 00001582 000 343 43063.674794294
24.11.2017 16:11:42 +00.03316E+00  0161 006983 1 00001592 00001582 000 343 43063.6747982639
24.11.2017 16:11:42 +00.03316E+00  0177 006983 1 00001593 00001582 000 376 43063.6748026157
24.11.2017 16:11:43 +00.03316E+00  0197 006983 1 00001594 00001582 000 341 43063.6748065625
24.11.2017 16:11:43 +00.03316E+00  0214 006983 1 00001595 00001582 000 342 43063.6748105324
24.11.2017 16:11:43 +00.03316E+00  0225 006983 1 00001596 00001582 000 342 43063.6748145023
24.11.2017 16:11:46 +00.03346E+00  0017 007047 1 00001597 00001597 000 342 43063.6748402315
24.11.2017 16:11:46 +00.03346E+00  0034 007047 1 00001598 00001597 000 402 43063.6748448843
24.11.2017 16:11:46 +00.03347E+00  0054 007047 1 00001599 00001597 000 341 43063.6748488426
24.11.2017 16:11:47 +00.03347E+00  0064 007047 1 00001600 00001597 000 343 43063.6748528125
24.11.2017 16:11:47 +00.03347E+00  0081 007047 1 00001601 00001597 000 343 43063.6748567824
24.11.2017 16:11:48 +00.03347E+00  0098 007047 1 00001602 00001597 000 377 43063.6748611458
24.11.2017 16:11:48 +00.03347E+00  0117 007047 1 00001603 00001597 000 340 43063.6748650926
24.11.2017 16:11:48 +00.03347E+00  0131 007047 1 00001604 00001597 000 342 43063.6748690509
24.11.2017 16:11:49 +00.03347E+00  0141 007047 1 00001605 00001597 000 343 43063.6748730208
24.11.2017 16:11:49 +00.03347E+00  0152 007047 1 00001606 00001597 000 380 43063.674877419
24.11.2017 16:11:49 +00.03347E+00  0171 007047 1 00001607 00001597 000 344 43063.6748814005
24.11.2017 16:11:50 +00.03347E+00  0179 007047 1 00001608 00001597 000 343 43063.6748853704
24.11.2017 16:11:50 +00.03347E+00  0194 007047 1 00001609 00001597 000 343 43063.6748893403
24.11.2017 16:11:50 +00.03347E+00  0206 007047 1 00001610 00001597 000 375 43063.6748936806
24.11.2017 16:11:51 +00.03347E+00  0220 007047 1 00001611 00001597 000 342 43063.6748976505
24.11.2017 16:11:53 +00.03374E+00  0017 007107 1 00001612 00001612 000 343 43063.6749238889
24.11.2017 16:11:53 +00.03375E+00  0031 007107 1 00001613 00001612 000 343 43063.6749278588
24.11.2017 16:11:54 +00.03375E+00  0048 007107 1 00001614 00001612 000 419 43063.6749327083
24.11.2017 16:11:54 +00.03375E+00  0069 007107 1 00001615 00001612 000 343 43063.6749366782
24.11.2017 16:11:54 +00.03375E+00  0081 007107 1 00001616 00001612 000 343 43063.6749406481
24.11.2017 16:11:55 +00.03375E+00  0097 007107 1 00001617 00001612 000 343 43063.6749446181
24.11.2017 16:11:55 +00.03375E+00  0114 007107 1 00001618 00001612 000 377 43063.6749489815
24.11.2017 16:11:55 +00.03375E+00  0129 007107 1 00001619 00001612 000 341 43063.6749529282
24.11.2017 16:11:56 +00.03375E+00  0148 007107 1 00001620 00001612 000 343 43063.6749568981
24.11.2017 16:11:56 +00.03375E+00  0158 007107 1 00001621 00001612 000 343 43063.6749608681
24.11.2017 16:11:56 +00.03376E+00  0170 007107 1 00001622 00001612 000 377 43063.6749652315
24.11.2017 16:11:57 +00.03375E+00  0186 007107 1 00001623 00001612 000 340 43063.6749691667
24.11.2017 16:11:57 +00.03375E+00  0205 007107 1 00001624 00001612 000 343 43063.6749731481
24.11.2017 16:11:58 +00.03375E+00  0219 007107 1 00001625 00001612 000 343 43063.6749771181
24.11.2017 16:11:58 +00.03375E+00  0237 007107 1 00001626 00001612 000 378 43063.6749814931
24.11.2017 16:12:00 +00.03408E+00  0008 007177 1 00001627 00001627 000 378 43063.6750075116
24.11.2017 16:12:00 +00.03408E+00  0024 007177 1 00001628 00001627 000 340 43063.6750114468
24.11.2017 16:12:01 +00.03409E+00  0039 007177 1 00001629 00001627 000 341 43063.6750154051
24.11.2017 16:12:01 +00.03409E+00  0051 007177 1 00001630 00001627 000 343 43063.6750193866
24.11.2017 16:12:02 +00.03409E+00  0064 007177 1 00001631 00001627 000 378 43063.6750237616
24.11.2017 16:12:02 +00.03409E+00  0076 007177 1 00001632 00001627 000 345 43063.6750277662
24.11.2017 16:12:02 +00.03409E+00  0088 007177 1 00001633 00001627 000 342 43063.6750317245
24.11.2017 16:12:03 +00.03409E+00  0101 007177 1 00001634 00001627 000 342 43063.6750356944
24.11.2017 16:12:03 +00.03409E+00  0119 007177 1 00001635 00001627 000 374 43063.6750400347
24.11.2017 16:12:03 +00.03409E+00  0140 007177 1 00001636 00001627 000 343 43063.6750440046
24.11.2017 16:12:04 +00.03409E+00  0155 007177 1 00001637 00001627 000 342 43063.6750479745
24.11.2017 16:12:04 +00.03409E+00  0174 007177 1 00001638 00001627 000 343 43063.6750519444
24.11.2017 16:12:04 +00.03409E+00  0190 007177 1 00001639 00001627 000 375 43063.6750562963
24.11.2017 16:12:05 +00.03409E+00  0207 007177 1 00001640 00001627 000 341 43063.6750602546
24.11.2017 16:12:05 +00.03409E+00  0221 007177 1 00001641 00001627 000 343 43063.6750642245