
24.11.2017 16:12:10 +00.03450E+00  0013 007262 1 00001642 00001642 000 342 43063.6751157639
24.11.2017 16:12:10 +00.03450E+00  0029 007262 1 00001643 00001642 000 342 43063.6751197338
24.11.2017 16:12:10 +00.03450E+00  0044 007262 1 00001644 00001642 000 420 43063.6751245949
24.11.2017 16:12:11 +00.03450E+00  0063 007262 1 00001645 00001642 000 341 43063.6751285532
24.11.2017 16:12:11 +00.03449E+00  0074 007262 1 00001646 00001642 000 342 43063.6751325231
24.11.2017 16:12:11 +00.03450E+00  0086 007262 1 00001647 00001642 000 342 43063.6751364931
24.11.2017 16:12:12 +00.03450E+00  0097 007262 1 00001648 00001642 000 376 43063.6751408565
24.11.2017 16:12:12 +00.03449E+00  0117 007262 1 00001649 00001642 000 340 43063.6751448032
24.11.2017 16:12:12 +00.03449E+00  0127 007262 1 00001650 00001642 000 342 43063.6751487731
24.11.2017 16:12:13 +00.03450E+00  0137 007262 1 00001651 00001642 000 343 43063.6751527431
24.11.2017 16:12:13 +00.03449E+00  0153 007262 1 00001652 00001642 000 378 43063.6751571181
24.11.2017 16:12:13 +00.03449E+00  0171 007262 1 00001653 00001642 000 340 43063.6751610532
24.11.2017 16:12:14 +00.03450E+00  0183 007262 1 00001654 00001642 000 343 43063.6751650231
24.11.2017 16:12:14 +00.03450E+00  0200 007262 1 00001655 00001642 000 343 43063.6751689931
24.11.2017 16:12:14 +00.03450E+00  0214 007262 1 00001656 00001642 000 379 43063.6751733796
24.11.2017 16:12:15 +00.03449E+00  0232 007262 1 00001657 00001642 000 340 43063.6751773148
24.11.2017 16:12:15 +00.03449E+00  0245 007262 1 00001658 00001642 000 342 43063.6751812731
24.11.2017 16:12:16 +00.03450E+00  0256 007262 1 00001659 00001642 000 343 43063.6751852431
24.11.2017 16:12:16 +00.03449E+00  0273 007262 1 00001660 00001642 000 380 43063.6751896412
24.11.2017 16:12:16 +00.03450E+00  0289 007262 1 00001661 00001642 000 344 43063.6751936227
24.11.2017 16:12:17 +00.03449E+00  0305 007262 1 00001662 00001642 000 343 43063.6751975926
24.11.2017 16:12:17 +00.03450E+00  0316 007262 1 00001663 00001642 000 343 43063.6752015625
24.11.2017 16:12:17 +00.03450E+00  0329 007262 1 00001664 00001642 000 375 43063.6752059028
24.11.2017 16:12:18 +00.03449E+00  0347 007262 1 00001665 00001642 000 343 43063.6752098727
24.11.2017 16:12:18 +00.03450E+00  0365 007262 1 00001666 00001642 000 343 43063.6752138426
24.11.2017 16:12:18 +00.03450E+00  0381 007262 1 00001667 00001642 000 342 43063.6752178009
24.11.2017 16:12:19 +00.03450E+00  0393 007262 1 00001668 00001642 000 376 43063.6752221644
24.11.2017 16:12:19 +00.03450E+00  0415 007262 1 00001669 00001642 000 341 43063.6752261111
24.11.2017 16:12:19 +00.03449E+00  0432 007262 1 00001670 00001642 000 342 43063.675230081
24.11.2017 16:12:20 +00.03449E+00  0445 007264 1 00001671 00001642 000 343 43063.6752340509
24.11.2017 16:12:20 +00.03450E+00  0455 007264 1 00001672 00001642 000 378 43063.6752384259
24.11.2017 16:12:20 +00.03450E+00  0472 007264 1 00001673 00001642 000 340 43063.6752423727
24.11.2017 16:12:21 +00.03450E+00  0490 007264 1 00001674 00001642 000 341 43063.675246331
24.11.2017 16:12:21 +00.03450E+00  0507 007264 1 00001675 00001642 000 343 43063.6752503009
24.11.2017 16:12:22 +00.03450E+00  0525 007264 1 00001676 00001642 000 379 43063.6752546875
24.11.2017 16:12:22 +00.03450E+00  0537 007264 1 00001677 00001642 000 344 43063.6752586806
24.11.2017 16:12:22 +00.03450E+00  0555 007264 1 00001678 00001642 000 343 43063.6752626505
24.11.2017 16:12:23 +00.03451E+00  0561 007264 1 00001679 00001642 000 343 43063.6752666204
24.11.2017 16:12:23 +00.03450E+00  0574 007264 1 00001680 00001642 000 374 43063.6752709491
24.11.2017 16:12:23 +00.03451E+00  0588 007264 1 00001681 00001642 000 343 43063.6752749306
24.11.2017 16:12:24 +00.03451E+00  0603 007264 1 00001682 00001642 000 343 43063.6752789005
24.11.2017 16:12:24 +00.03451E+00  0614 007264 1 00001683 00001642 000 343 43063.6752828704
24.11.2017 16:12:24 +00.03450E+00  0624 007264 1 00001684 00001642 000 375 43063.6752872107
24.11.2017 16:12:29 +00.03459E+00  0016 007282 1 00001685 00001685 000 379 43063.6753392477
24.11.2017 16:12:29 +00.03459E+00  0037 007282 1 00001686 00001685 000 343 43063.6753432292
24.11.2017 16:12:29 +00.03459E+00  0054 007282 1 00001687 00001685 000 343 43063.6753471991
24.11.2017 16:12:30 +00.03459E+00  0065 007282 1 00001688 00001685 000 343 43063.675351169
24.11.2017 16:12:30 +00.03459E+00  0080 007282 1 00001689 00001685 000 374 43063.6753555093
24.11.2017 16:12:31 +00.03459E+00  0097 007282 1 00001690 00001685 000 342 43063.6753594792
24.11.2017 16:12:31 +00.03459E+00  0117 007282 1 00001691 00001685 000 343 43063.6753634491
24.11.2017 16:12:31 +00.03459E+00  0126 007282 1 00001692 00001685 000 343 43063.675367419
24.11.2017 16:12:32 +00.03459E+00  0136 007282 1 00001693 00001685 000 376 43063.6753717708
24.11.2017 16:12:32 +00.03459E+00  0151 007282 1 00001694 00001685 000 342 43063.6753757292
24.11.2017 16:12:32 +00.03459E+00  0165 007282 1 00001695 00001685 000 343 43063.6753796991
24.11.2017 16:12:33 +00.03459E+00  0181 007282 1 00001696 00001685 000 343 43063.675383669
24.11.2017 16:12:33 +00.03459E+00  0195 007282 1 00001697 00001685 000 377 43063.6753880324
24.11.2017 16:12:33 +00.03459E+00  0217 007282 1 00001698 00001685 000 340 43063.6753919676
24.11.2017 16:12:34 +00.03459E+00  0234 007282 1 00001699 00001685 000 343 43063.6753959491
24.11.2017 16:12:34 +00.03459E+00  0246 007284 1 00001700 00001685 000 343 43063.675399919
24.11.2017 16:12:34 +00.03460E+00  0260 007284 1 00001701 00001685 000 378 43063.675404294
24.11.2017 16:12:35 +00.03460E+00  0274 007284 1 00001702 00001685 000 340 43063.6754082292
24.11.2017 16:12:35 +00.03460E+00  0294 007284 1 00001703 00001685 000 341 43063.6754121875
24.11.2017 16:12:35 +00.03460E+00  0305 007284 1 00001704 00001685 000 342 43063.6754161574
24.11.2017 16:12:36 +00.03460E+00  0321 007284 1 00001705 00001685 000 380 43063.6754205556
24.11.2017 16:12:36 +00.03460E+00  0336 007284 1 00001706 00001685 000 343 43063.675424537
24.11.2017 16:12:37 +00.03460E+00  0348 007284 1 00001707 00001685 000 343 43063.6754285185
24.11.2017 16:12:37 +00.03460E+00  0363 007284 1 00001708 00001685 000 342 43063.6754324769
24.11.2017 16:12:37 +00.03460E+00  0369 007284 1 00001709 00001685 000 374 43063.6754368171
24.11.2017 16:12:38 +00.03460E+00  0390 007284 1 00001710 00001685 000 343 43063.675440787
24.11.2017 16:12:38 +00.03460E+00  0403 007284 1 00001711 00001685 000 342 43063.6754447569
24.11.2017 16:12:38 +00.03460E+00  0424 007284 1 00001712 00001685 000 343 43063.6754487269
24.11.2017 16:12:39 +00.03460E+00  0430 007284 1 00001713 00001685 000 375 43063.6754530787
24.11.2017 16:12:39 +00.03460E+00  0445 007284 1 00001714 00001685 000 341 43063.675457037
24.11.2017 16:12:39 +00.03460E+00  0456 007284 1 00001715 00001685 000 343 43063.6754610069
24.11.2017 16:12:40 +00.03460E+00  0475 007284 1 00001716 00001685 000 343 43063.6754649769
24.11.2017 16:12:40 +00.03460E+00  0485 007284 1 00001717 00001685 000 377 43063.6754693403
24.11.2017 16:12:40 +00.03460E+00  0495 007284 1 00001718 00001685 000 340 43063.675473287
24.11.2017 16:12:41 +00.03460E+00  0507 007284 1 00001719 00001685 000 342 43063.6754772569
24.11.2017 16:12:41 +00.03460E+00  0524 007284 1 00001720 00001685 000 343 43063.6754812269
24.11.2017 16:12:41 +00.03460E+00  0538 007284 1 00001721 00001685 000 378 43063.6754856019
24.11.2017 16:12:42 +00.03460E+00  0559 007284 1 00001722 00001685 000 340 43063.675489537
24.11.2017 16:12:42 +00.03460E+00  0577 007284 1 00001723 00001685 000 341 43063.6754934954
24.11.2017 16:12:42 +00.03460E+00  0591 007284 1 00001724 00001685 000 343 43063.6754974768
24.11.2017 16:12:43 +00.03460E+00  0603 007284 1 00001725 00001685 000 380 43063.675501875
24.11.2017 16:12:43 +00.03460E+00  0614 007284 1 00001726 00001685 000 344 43063.6755058565
24.11.2017 16:12:44 +00.03460E+00  0630 007284 1 00001727 00001685 000 343 43063.6755098264
24.11.2017 16:12:44 +00.03460E+00  0645 007284 1 00001728 00001685 000 343 43063.6755137963
24.11.2017 16:12:48 +00.03470E+00  0015 007306 1 00001729 00001729 000 343 43063.6755655556
24.11.2017 16:12:49 +00.03470E+00  0030 007306 1 00001730 00001729 000 399 43063.6755701736
24.11.2017 16:12:49 +00.03471E+00  0049 007306 1 00001731 00001729 000 344 43063.6755741551
24.11.2017 16:12:49 +00.03470E+00  0067 007306 1 00001732 00001729 000 343 43063.675578125
24.11.2017 16:12:50 +00.03470E+00  0078 007306 1 00001733 00001729 000 343 43063.6755820949
24.11.2017 16:12:50 +00.03470E+00  0095 007306 1 00001734 00001729 000 375 43063.6755864352
24.11.2017 16:12:51 +00.03470E+00  0110 007306 1 00001735 00001729 000 343 43063.6755904051
24.11.2017 16:12:51 +00.03470E+00  0121 007306 1 00001736 00001729 000 343 43063.675594375
24.11.2017 16:12:51 +00.03470E+00  0138 007306 1 00001737 00001729 000 343 43063.6755983449
24.11.2017 16:12:52 +00.03470E+00  0148 007306 1 00001738 00001729 000 376 43063.6756026968
24.11.2017 16:12:52 +00.03470E+00  0169 007306 1 00001739 00001729 000 341 43063.6756066435
24.11.2017 16:12:52 +00.03470E+00  0185 007306 1 00001740 00001729 000 343 43063.675610625
24.11.2017 16:12:53 +00.03470E+00  0203 007306 1 00001741 00001729 000 342 43063.6756145833
24.11.2017 16:12:53 +00.03470E+00  0214 007306 1 00001742 00001729 000 377 43063.6756189583
24.11.2017 16:12:53 +00.03470E+00  0224 007306 1 00001743 00001729 000 340 43063.6756228935
24.11.2017 16:12:54 +00.03470E+00  0238 007306 1 00001744 00001729 000 342 43063.6756268634
24.11.2017 16:12:54 +00.03470E+00  0253 007306 1 00001745 00001729 000 343 43063.6756308333
24.11.2017 16:12:54 +00.03470E+00  0266 007306 1 00001746 00001729 000 377 43063.6756352083
24.11.2017 16:12:55 +00.03470E+00  0280 007306 1 00001747 00001729 000 340 43063.6756391551
24.11.2017 16:12:55 +00.03470E+00  0293 007306 1 00001748 00001729 000 342 43063.6756431134
24.11.2017 16:12:55 +00.03470E+00  0311 007306 1 00001749 00001729 000 342 43063.6756470833
24.11.2017 16:12:56 +00.03470E+00  0320 007306 1 00001750 00001729 000 380 43063.6756514815
24.11.2017 16:12:56 +00.03470E+00  0336 007306 1 00001751 00001729 000 344 43063.675655463
24.11.2017 16:12:56 +00.03470E+00  0346 007306 1 00001752 00001729 000 343 43063.6756594329
24.11.2017 16:12:57 +00.03470E+00  0363 007306 1 00001753 00001729 000 342 43063.6756634028
24.11.2017 16:12:57 +00.03470E+00  0379 007306 1 00001754 00001729 000 374 43063.6756677315
24.11.2017 16:12:58 +00.03470E+00  0403 007306 1 00001755 00001729 000 343 43063.675671713
24.11.2017 16:12:58 +00.03470E+00  0416 007306 1 00001756 00001729 000 343 43063.6756756829
24.11.2017 16:12:58 +00.03470E+00  0430 007306 1 00001757 00001729 000 344 43063.6756796644
24.11.2017 16:12:59 +00.03470E+00  0448 007306 1 00001758 00001729 000 375 43063.6756840046
24.11.2017 16:12:59 +00.03471E+00  0460 007306 1 00001759 00001729 000 342 43063.675687963
24.11.2017 16:12:59 +00.03470E+00  0469 007306 1 00001760 00001729 000 343 43063.6756919329
24.11.2017 16:13:00 +00.03470E+00  0480 007306 1 00001761 00001729 000 343 43063.6756959028
24.11.2017 16:13:00 +00.03470E+00  0497 007306 1 00001762 00001729 000 377 43063.6757002662
24.11.2017 16:13:00 +00.03470E+00  0520 007306 1 00001763 00001729 000 341 43063.675704213
24.11.2017 16:13:01 +00.03470E+00  0536 007306 1 00001764 00001729 000 342 43063.6757081713
24.11.2017 16:13:01 +00.03470E+00  0560 007306 1 00001765 00001729 000 342 43063.6757121412
24.11.2017 16:13:01 +00.03470E+00  0576 007306 1 00001766 00001729 000 378 43063.6757165278
24.11.2017 16:13:02 +00.03470E+00  0592 007306 1 00001767 00001729 000 340 43063.675720463
24.11.2017 16:13:02 +00.03470E+00  0604 007306 1 00001768 00001729 000 342 43063.6757244213
24.11.2017 16:13:02 +00.03470E+00  0619 007306 1 00001769 00001729 000 342 43063.6757283912
24.11.2017 16:13:03 +00.03470E+00  0635 007306 1 00001770 00001729 000 378 43063.6757327778
24.11.2017 16:13:03 +00.03470E+00  0657 007306 1 00001771 00001729 000 344 43063.6757367708
24.11.2017 16:13:08 +00.03480E+00  0014 007326 1 00001772 00001772 000 341 43063.6757889699
24.11.2017 16:13:08 +00.03480E+00  0021 007326 1 00001773 00001772 000 342 43063.6757929398
24.11.2017 16:13:08 +00.03480E+00  0037 007326 1 00001774 00001772 000 343 43063.6757969213
24.11.2017 16:13:09 +00.03480E+00  0049 007326 1 00001775 00001772 000 360 43063.675801088
24.11.2017 16:13:09 +00.03480E+00  0064 007326 1 00001776 00001772 000 345 43063.675805081
24.11.2017 16:13:09 +00.03480E+00  0088 007326 1 00001777 00001772 000 343 43063.6758090509
24.11.2017 16:13:10 +00.03480E+00  0100 007326 1 00001778 00001772 000 343 43063.6758130208
24.11.2017 16:13:10 +00.03480E+00  0116 007326 1 00001779 00001772 000 374 43063.6758173495
24.11.2017 16:13:10 +00.03480E+00  0134 007326 1 00001780 00001772 000 344 43063.675821331
24.11.2017 16:13:11 +00.03480E+00  0150 007326 1 00001781 00001772 000 342 43063.6758252893
24.11.2017 16:13:11 +00.03480E+00  0167 007326 1 00001782 00001772 000 342 43063.6758292593
24.11.2017 16:13:12 +00.03480E+00  0186 007326 1 00001783 00001772 000 374 43063.6758335995
24.11.2017 16:13:12 +00.03480E+00  0204 007326 1 00001784 00001772 000 342 43063.6758375694
24.11.2017 16:13:12 +00.03480E+00  0214 007326 1 00001785 00001772 000 343 43063.6758415393
24.11.2017 16:13:13 +00.03480E+00  0232 007326 1 00001786 00001772 000 342 43063.6758455093
24.11.2017 16:13:13 +00.03480E+00  0243 007326 1 00001787 00001772 000 376 43063.6758498727
24.11.2017 16:13:13 +00.03480E+00  0255 007326 1 00001788 00001772 000 340 43063.6758538194
24.11.2017 16:13:14 +00.03480E+00  0271 007326 1 00001789 00001772 000 342 43063.6758577893
24.11.2017 16:13:14 +00.03480E+00  0293 007326 1 00001790 00001772 000 343 43063.6758617593
24.11.2017 16:13:14 +00.03480E+00  0308 007326 1 00001791 00001772 000 378 43063.6758661343
24.11.2017 16:13:15 +00.03480E+00  0329 007326 1 00001792 00001772 000 340 43063.6758700694
24.11.2017 16:13:15 +00.03480E+00  0344 007326 1 00001793 00001772 000 342 43063.6758740393
24.11.2017 16:13:15 +00.03480E+00  0357 007326 1 00001794 00001772 000 343 43063.6758780093
24.11.2017 16:13:16 +00.03480E+00  0368 007326 1 00001795 00001772 000 379 43063.6758823958
24.11.2017 16:13:16 +00.03480E+00  0374 007326 1 00001796 00001772 000 345 43063.6758863889
24.11.2017 16:13:16 +00.03480E+00  0395 007326 1 00001797 00001772 000 343 43063.6758903588
24.11.2017 16:13:17 +00.03480E+00  0410 007326 1 00001798 00001772 000 343 43063.6758943287
24.11.2017 16:13:17 +00.03480E+00  0419 007326 1 00001799 00001772 000 374 43063.6758986574
24.11.2017 16:13:17 +00.03480E+00  0429 007326 1 00001800 00001772 000 344 43063.6759026389
24.11.2017 16:13:18 +00.03480E+00  0441 007326 1 00001801 00001772 000 343 43063.6759066088
24.11.2017 16:13:18 +00.03480E+00  0455 007326 1 00001802 00001772 000 343 43063.6759105787
24.11.2017 16:13:19 +00.03480E+00  0473 007326 1 00001803 00001772 000 375 43063.675914919
24.11.2017 16:13:19 +00.03480E+00  0486 007326 1 00001804 00001772 000 343 43063.6759188889
24.11.2017 16:13:19 +00.03480E+00  0502 007326 1 00001805 00001772 000 342 43063.6759228472
24.11.2017 16:13:20 +00.03480E+00  0516 007326 1 00001806 00001772 000 342 43063.6759268171
24.11.2017 16:13:20 +00.03480E+00  0529 007326 1 00001807 00001772 000 376 43063.6759311806
24.11.2017 16:13:20 +00.03480E+00  0543 007326 1 00001808 00001772 000 341 43063.6759351273
24.11.2017 16:13:21 +00.03480E+00  0558 007326 1 00001809 00001772 000 342 43063.6759390972
24.11.2017 16:13:21 +00.03480E+00  0572 007326 1 00001810 00001772 000 343 43063.6759430671
24.11.2017 16:13:21 +00.03480E+00  0590 007326 1 00001811 00001772 000 377 43063.6759474421
24.11.2017 16:13:22 +00.03480E+00  0601 007326 1 00001812 00001772 000 340 43063.6759513889
24.11.2017 16:13:22 +00.03480E+00  0617 007326 1 00001813 00001772 000 341 43063.6759553472
24.11.2017 16:13:22 +00.03480E+00  0635 007326 1 00001814 00001772 000 343 43063.6759593171
24.11.2017 16:13:23 +00.03480E+00  0644 007326 1 00001815 00001772 000 379 43063.6759637037
24.11.2017 16:13:27 +00.03490E+00  0009 007346 1 00001816 00001816 000 377 43063.6760157407
24.11.2017 16:13:28 +00.03489E+00  0024 007346 1 00001817 00001816 000 340 43063.6760196875
24.11.2017 16:13:28 +00.03489E+00  0038 007346 1 00001818 00001816 000 341 43063.6760236458
24.11.2017 16:13:28 +00.03489E+00  0055 007346 1 00001819 00001816 000 342 43063.6760276157
24.11.2017 16:13:29 +00.03490E+00  0071 007346 1 00001820 00001816 000 379 43063.6760320023
24.11.2017 16:13:29 +00.03489E+00  0089 007346 1 00001821 00001816 000 344 43063.6760359954
24.11.2017 16:13:29 +00.03489E+00  0114 007346 1 00001822 00001816 000 342 43063.6760399653
24.11.2017 16:13:30 +00.03489E+00  0123 007346 1 00001823 00001816 000 342 43063.6760439352
24.11.2017 16:13:30 +00.03489E+00  0137 007346 1 00001824 00001816 000 373 43063.6760482639
24.11.2017 16:13:30 +00.03489E+00  0153 007346 1 00001825 00001816 000 343 43063.6760522454
24.11.2017 16:13:31 +00.03490E+00  0168 007346 1 00001826 00001816 000 343 43063.6760562153
24.11.2017 16:13:31 +00.03489E+00  0177 007346 1 00001827 00001816 000 343 43063.6760601852
24.11.2017 16:13:31 +00.03489E+00  0188 007346 1 00001828 00001816 000 375 43063.6760645255
24.11.2017 16:13:32 +00.03489E+00  0207 007346 1 00001829 00001816 000 343 43063.6760684954
24.11.2017 16:13:32 +00.03489E+00  0215 007348 1 00001830 00001816 000 343 43063.6760724653
24.11.2017 16:13:33 +00.03490E+00  0230 007348 1 00001831 00001816 000 343 43063.6760764352
24.11.2017 16:13:33 +00.03490E+00  0246 007348 1 00001832 00001816 000 376 43063.676080787
24.11.2017 16:13:33 +00.03490E+00  0260 007348 1 00001833 00001816 000 342 43063.6760847454
24.11.2017 16:13:34 +00.03490E+00  0272 007348 1 00001834 00001816 000 343 43063.6760887153
24.11.2017 16:13:34 +00.03490E+00  0290 007348 1 00001835 00001816 000 343 43063.6760926852
24.11.2017 16:13:34 +00.03490E+00  0300 007348 1 00001836 00001816 000 377 43063.6760970486
24.11.2017 16:13:35 +00.03490E+00  0314 007348 1 00001837 00001816 000 340 43063.6761009838
24.11.2017 16:13:35 +00.03490E+00  0334 007348 1 00001838 00001816 000 343 43063.6761049653
24.11.2017 16:13:35 +00.03490E+00  0351 007348 1 00001839 00001816 000 342 43063.6761089236
24.11.2017 16:13:36 +00.03490E+00  0363 007348 1 00001840 00001816 000 379 43063.6761133218
24.11.2017 16:13:36 +00.03490E+00  0386 007348 1 00001841 00001816 000 344 43063.6761173032
24.11.2017 16:13:36 +00.03490E+00  0401 007348 1 00001842 00001816 000 343 43063.6761212847
24.11.2017 16:13:37 +00.03490E+00  0418 007348 1 00001843 00001816 000 343 43063.6761252546
24.11.2017 16:13:37 +00.03490E+00  0433 007348 1 00001844 00001816 000 374 43063.6761295833
24.11.2017 16:13:37 +00.03490E+00  0442 007348 1 00001845 00001816 000 343 43063.6761335532
24.11.2017 16:13:38 +00.03490E+00  0460 007348 1 00001846 00001816 000 342 43063.6761375232
24.11.2017 16:13:38 +00.03490E+00  0483 007348 1 00001847 00001816 000 342 43063.6761414931
24.11.2017 16:13:39 +00.03490E+00  0497 007348 1 00001848 00001816 000 374 43063.6761458333
24.11.2017 16:13:39 +00.03490E+00  0512 007348 1 00001849 00001816 000 342 43063.6761498032
24.11.2017 16:13:39 +00.03490E+00  0520 007348 1 00001850 00001816 000 343 43063.6761537732
24.11.2017 16:13:40 +00.03490E+00  0532 007348 1 00001851 00001816 000 343 43063.6761577431
24.11.2017 16:13:40 +00.03490E+00  0548 007348 1 00001852 00001816 000 375 43063.6761620949
24.11.2017 16:13:40 +00.03490E+00  0565 007348 1 00001853 00001816 000 341 43063.6761660532
24.11.2017 16:13:41 +00.03490E+00  0580 007348 1 00001854 00001816 000 343 43063.6761700232
24.11.2017 16:13:41 +00.03490E+00  0594 007348 1 00001855 00001816 000 343 43063.6761739931
24.11.2017 16:13:41 +00.03490E+00  0610 007348 1 00001856 00001816 000 377 43063.6761783565
24.11.2017 16:13:42 +00.03490E+00  0621 007348 1 00001857 00001816 000 341 43063.6761823032
24.11.2017 16:13:42 +00.03490E+00  0630 007348 1 00001858 00001816 000 343 43063.6761862732
24.11.2017 16:13:42 +00.03490E+00  0644 007348 1 00001859 00001816 000 343 43063.6761902431
24.11.2017 16:13:46 +00.03500E+00  0019 007368 1 00001860 00001860 000 342 43063.6762378704
24.11.2017 16:13:47 +00.03500E+00  0029 007368 1 00001861 00001860 000 343 43063.6762418403
24.11.2017 16:13:47 +00.03500E+00  0041 007368 1 00001862 00001860 000 417 43063.6762466667
24.11.2017 16:13:48 +00.03500E+00  0057 007368 1 00001863 00001860 000 340 43063.6762506018
24.11.2017 16:13:48 +00.03500E+00  0071 007368 1 00001864 00001860 000 341 43063.6762545602
24.11.2017 16:13:48 +00.03500E+00  0085 007368 1 00001865 00001860 000 343 43063.6762585301
24.11.2017 16:13:49 +00.03500E+00  0094 007368 1 00001866 00001860 000 380 43063.6762629282
24.11.2017 16:13:49 +00.03500E+00  0116 007368 1 00001867 00001860 000 344 43063.6762669097
24.11.2017 16:13:49 +00.03500E+00  0128 007368 1 00001868 00001860 000 343 43063.6762708796
24.11.2017 16:13:50 +00.03500E+00  0141 007368 1 00001869 00001860 000 343 43063.6762748495
24.11.2017 16:13:50 +00.03500E+00  0157 007368 1 00001870 00001860 000 375 43063.6762791898
24.11.2017 16:13:50 +00.03500E+00  0181 007368 1 00001871 00001860 000 343 43063.6762831597
24.11.2017 16:13:51 +00.03500E+00  0195 007368 1 00001872 00001860 000 343 43063.6762871296
24.11.2017 16:13:51 +00.03500E+00  0210 007368 1 00001873 00001860 000 342 43063.6762910995
24.11.2017 16:13:51 +00.03500E+00  0222 007368 1 00001874 00001860 000 376 43063.6762954514
24.11.2017 16:13:52 +00.03500E+00  0247 007368 1 00001875 00001860 000 342 43063.6762994097
24.11.2017 16:13:52 +00.03500E+00  0259 007368 1 00001876 00001860 000 342 43063.6763033681
24.11.2017 16:13:52 +00.03500E+00  0276 007368 1 00001877 00001860 000 342 43063.676307338
24.11.2017 16:13:53 +00.03500E+00  0290 007368 1 00001878 00001860 000 376 43063.6763117014
24.11.2017 16:13:53 +00.03500E+00  0307 007368 1 00001879 00001860 000 340 43063.6763156481
24.11.2017 16:13:54 +00.03500E+00  0328 007368 1 00001880 00001860 000 343 43063.6763196296
24.11.2017 16:13:54 +00.03500E+00  0344 007368 1 00001881 00001860 000 342 43063.676323588
24.11.2017 16:13:54 +00.03500E+00  0357 007368 1 00001882 00001860 000 378 43063.6763279745
24.11.2017 16:13:55 +00.03500E+00  0370 007368 1 00001883 00001860 000 340 43063.6763319097
24.11.2017 16:13:55 +00.03500E+00  0384 007368 1 00001884 00001860 000 341 43063.6763358681
24.11.2017 16:13:55 +00.03500E+00  0401 007368 1 00001885 00001860 000 343 43063.676339838
24.11.2017 16:13:56 +00.03500E+00  0410 007368 1 00001886 00001860 000 380 43063.6763442361
24.11.2017 16:13:56 +00.03500E+00  0426 007368 1 00001887 00001860 000 344 43063.6763482176
24.11.2017 16:13:56 +00.03500E+00  0438 007368 1 00001888 00001860 000 343 43063.6763521875
24.11.2017 16:13:57 +00.03500E+00  0449 007368 1 00001889 00001860 000 343 43063.6763561574
24.11.2017 16:13:57 +00.03500E+00  0459 007368 1 00001890 00001860 000 374 43063.6763604861
24.11.2017 16:13:57 +00.03500E+00  0478 007368 1 00001891 00001860 000 344 43063.6763644676
24.11.2017 16:13:58 +00.03500E+00  0490 007368 1 00001892 00001860 000 343 43063.6763684375
24.11.2017 16:13:58 +00.03500E+00  0501 007368 1 00001893 00001860 000 343 43063.6763724074
24.11.2017 16:13:58 +00.03500E+00  0517 007368 1 00001894 00001860 000 376 43063.6763767593
24.11.2017 16:13:59 +00.03500E+00  0536 007368 1 00001895 00001860 000 342 43063.6763807176
24.11.2017 16:13:59 +00.03500E+00  0550 007368 1 00001896 00001860 000 343 43063.6763846875
24.11.2017 16:13:59 +00.03500E+00  0564 007368 1 00001897 00001860 000 343 43063.6763886574
24.11.2017 16:14:00 +00.03500E+00  0579 007368 1 00001898 00001860 000 377 43063.6763930208
24.11.2017 16:14:00 +00.03500E+00  0602 007368 1 00001899 00001860 000 340 43063.676396956
24.11.2017 16:14:01 +00.03500E+00  0613 007368 1 00001900 00001860 000 342 43063.6764009259
24.11.2017 16:14:01 +00.03500E+00  0627 007368 1 00001901 00001860 000 342 43063.6764048958
24.11.2017 16:14:01 +00.03500E+00  0641 007368 1 00001902 00001860 000 377 43063.6764092708
24.11.2017 16:14:02 +00.03500E+00  0657 007368 1 00001903 00001860 000 340 43063.6764132176
24.11.2017 16:14:02 +00.03499E+00  0674 007368 1 00001904 00001860 000 342 43063.6764171875
24.11.2017 16:14:06 +00.03510E+00  0012 007389 1 00001905 00001905 000 379 43063.6764645718
24.11.2017 16:14:06 +00.03510E+00  0031 007389 1 00001906 00001905 000 344 43063.6764685532
24.11.2017 16:14:07 +00.03510E+00  0044 007389 1 00001907 00001905 000 343 43063.6764725231
24.11.2017 16:14:07 +00.03510E+00  0061 007389 1 00001908 00001905 000 343 43063.6764765046
24.11.2017 16:14:07 +00.03510E+00  0075 007389 1 00001909 00001905 000 373 43063.6764808218
24.11.2017 16:14:08 +00.03510E+00  0093 007389 1 00001910 00001905 000 343 43063.6764848032
24.11.2017 16:14:08 +00.03510E+00  0117 007389 1 00001911 00001905 000 342 43063.6764887731
24.11.2017 16:14:08 +00.03510E+00  0139 007389 1 00001912 00001905 000 343 43063.6764927431
24.11.2017 16:14:09 +00.03510E+00  0155 007389 1 00001913 00001905 000 374 43063.6764970833
24.11.2017 16:14:09 +00.03510E+00  0177 007389 1 00001914 00001905 000 342 43063.6765010532
24.11.2017 16:14:10 +00.03510E+00  0194 007389 1 00001915 00001905 000 343 43063.6765050231
24.11.2017 16:14:10 +00.03510E+00  0202 007389 1 00001916 00001905 000 343 43063.6765089931
24.11.2017 16:14:10 +00.03510E+00  0217 007389 1 00001917 00001905 000 377 43063.6765133565
24.11.2017 16:14:11 +00.03510E+00  0236 007389 1 00001918 00001905 000 341 43063.6765173032
24.11.2017 16:14:11 +00.03510E+00  0259 007389 1 00001919 00001905 000 343 43063.6765212731
24.11.2017 16:14:11 +00.03510E+00  0273 007389 1 00001920 00001905 000 343 43063.6765252431
24.11.2017 16:14:12 +00.03510E+00  0287 007389 1 00001921 00001905 000 378 43063.6765296181
24.11.2017 16:14:12 +00.03510E+00  0300 007389 1 00001922 00001905 000 340 43063.6765335532
24.11.2017 16:14:12 +00.03510E+00  0318 007389 1 00001923 00001905 000 343 43063.6765375231
24.11.2017 16:14:13 +00.03510E+00  0331 007389 1 00001924 00001905 000 343 43063.6765414931
24.11.2017 16:14:13 +00.03510E+00  0354 007389 1 00001925 00001905 000 379 43063.6765458796
24.11.2017 16:14:13 +00.03510E+00  0373 007389 1 00001926 00001905 000 345 43063.6765498727
24.11.2017 16:14:14 +00.03510E+00  0396 007389 1 00001927 00001905 000 343 43063.6765538426
24.11.2017 16:14:14 +00.03510E+00  0407 007389 1 00001928 00001905 000 343 43063.6765578125
24.11.2017 16:14:14 +00.03510E+00  0424 007389 1 00001929 00001905 000 374 43063.6765621412
24.11.2017 16:14:15 +00.03510E+00  0437 007389 1 00001930 00001905 000 343 43063.6765661111
24.11.2017 16:14:15 +00.03510E+00  0448 007389 1 00001931 00001905 000 342 43063.676570081
24.11.2017 16:14:15 +00.03510E+00  0465 007389 1 00001932 00001905 000 343 43063.6765740625
24.11.2017 16:14:16 +00.03510E+00  0483 007389 1 00001933 00001905 000 375 43063.6765784028
24.11.2017 16:14:16 +00.03510E+00  0496 007389 1 00001934 00001905 000 342 43063.6765823611
24.11.2017 16:14:17 +00.03510E+00  0511 007389 1 00001935 00001905 000 342 43063.676586331
24.11.2017 16:14:17 +00.03510E+00  0526 007389 1 00001936 00001905 000 343 43063.6765903125
24.11.2017 16:14:17 +00.03510E+00  0540 007389 1 00001937 00001905 000 374 43063.6765946528
24.11.2017 16:14:18 +00.03510E+00  0561 007389 1 00001938 00001905 000 341 43063.6765986111
24.11.2017 16:14:18 +00.03510E+00  0581 007389 1 00001939 00001905 000 343 43063.676602581
24.11.2017 16:14:18 +00.03510E+00  0597 007389 1 00001940 00001905 000 343 43063.6766065509
24.11.2017 16:14:19 +00.03510E+00  0614 007389 1 00001941 00001905 000 378 43063.6766109259
24.11.2017 16:14:19 +00.03510E+00  0624 007389 1 00001942 00001905 000 340 43063.6766148611
24.11.2017 16:14:19 +00.03510E+00  0636 007389 1 00001943 00001905 000 342 43063.676618831
24.11.2017 16:14:20 +00.03510E+00  0647 007389 1 00001944 00001905 000 343 43063.6766228009
24.11.2017 16:14:20 +00.03510E+00  0661 007389 1 00001945 00001905 000 379 43063.6766271875
24.11.2017 16:14:20 +00.03510E+00  0679 007389 1 00001946 00001905 000 340 43063.6766311227
24.11.2017 16:14:21 +00.03510E+00  0688 007389 1 00001947 00001905 000 342 43063.676635081
24.11.2017 16:14:21 +00.03510E+00  0706 007389 1 00001948 00001905 000 343 43063.6766390509
24.11.2017 16:14:26 +00.03520E+00  0017 007409 1 00001949 00001949 000 342 43063.6766908796
24.11.2017 16:14:26 +00.03519E+00  0038 007409 1 00001950 00001949 000 398 43063.6766954861
24.11.2017 16:14:26 +00.03519E+00  0058 007409 1 00001951 00001949 000 340 43063.6766994213
24.11.2017 16:14:27 +00.03520E+00  0074 007409 1 00001952 00001949 000 341 43063.6767033796
24.11.2017 16:14:27 +00.03519E+00  0089 007409 1 00001953 00001949 000 343 43063.6767073495
24.11.2017 16:14:27 +00.03519E+00  0106 007409 1 00001954 00001949 000 380 43063.6767117477
24.11.2017 16:14:28 +00.03519E+00  0117 007409 1 00001955 00001949 000 344 43063.6767157292
24.11.2017 16:14:28 +00.03519E+00  0130 007409 1 00001956 00001949 000 344 43063.6767197106
24.11.2017 16:14:28 +00.03519E+00  0150 007409 1 00001957 00001949 000 342 43063.676723669
24.11.2017 16:14:29 +00.03519E+00  0166 007409 1 00001958 00001949 000 375 43063.6767280093
24.11.2017 16:14:29 +00.03520E+00  0185 007409 1 00001959 00001949 000 343 43063.6767319792
24.11.2017 16:14:29 +00.03519E+00  0193 007409 1 00001960 00001949 000 343 43063.6767359491
24.11.2017 16:14:30 +00.03519E+00  0216 007409 1 00001961 00001949 000 343 43063.676739919
24.11.2017 16:14:30 +00.03519E+00  0237 007409 1 00001962 00001949 000 376 43063.6767442708
24.11.2017 16:14:31 +00.03519E+00  0258 007411 1 00001963 00001949 000 341 43063.6767482176
24.11.2017 16:14:31 +00.03520E+00  0272 007411 1 00001964 00001949 000 342 43063.6767521875
24.11.2017 16:14:31 +00.03520E+00  0289 007411 1 00001965 00001949 000 343 43063.676756169
24.11.2017 16:14:32 +00.03520E+00  0300 007411 1 00001966 00001949 000 377 43063.6767605324
24.11.2017 16:14:32 +00.03520E+00  0315 007411 1 00001967 00001949 000 340 43063.6767644676
24.11.2017 16:14:32 +00.03520E+00  0333 007411 1 00001968 00001949 000 342 43063.6767684375
24.11.2017 16:14:33 +00.03520E+00  0347 007411 1 00001969 00001949 000 342 43063.6767724074
24.11.2017 16:14:33 +00.03520E+00  0366 007411 1 00001970 00001949 000 378 43063.676776794
24.11.2017 16:14:33 +00.03520E+00  0379 007411 1 00001971 00001949 000 344 43063.676780787
24.11.2017 16:14:34 +00.03521E+00  0401 007411 1 00001972 00001949 000 342 43063.6767847569
24.11.2017 16:14:34 +00.03520E+00  0418 007411 1 00001973 00001949 000 342 43063.6767887269
24.11.2017 16:14:34 +00.03521E+00  0444 007411 1 00001974 00001949 000 373 43063.6767930556
24.11.2017 16:14:35 +00.03520E+00  0454 007411 1 00001975 00001949 000 343 43063.676797037
24.11.2017 16:14:35 +00.03520E+00  0464 007411 1 00001976 00001949 000 343 43063.6768010069
24.11.2017 16:14:35 +00.03521E+00  0480 007411 1 00001977 00001949 000 342 43063.6768049769
24.11.2017 16:14:36 +00.03520E+00  0486 007409 1 00001978 00001949 000 374 43063.6768093171
24.11.2017 16:14:36 +00.03520E+00  0496 007409 1 00001979 00001949 000 342 43063.676813287
24.11.2017 16:14:37 +00.03520E+00  0507 007409 1 00001980 00001949 000 343 43063.6768172569
24.11.2017 16:14:37 +00.03519E+00  0522 007409 1 00001981 00001949 000 343 43063.6768212269
24.11.2017 16:14:37 +00.03520E+00  0544 007409 1 00001982 00001949 000 376 43063.6768255787
24.11.2017 16:14:38 +00.03520E+00  0563 007409 1 00001983 00001949 000 342 43063.676829537
24.11.2017 16:14:38 +00.03519E+00  0576 007409 1 00001984 00001949 000 343 43063.6768335069
24.11.2017 16:14:38 +00.03519E+00  0586 007409 1 00001985 00001949 000 344 43063.6768374884
24.11.2017 16:14:39 +00.03519E+00  0600 007409 1 00001986 00001949 000 376 43063.6768418403
24.11.2017 16:14:39 +00.03520E+00  0615 007409 1 00001987 00001949 000 341 43063.676845787
24.11.2017 16:14:39 +00.03519E+00  0634 007409 1 00001988 00001949 000 343 43063.6768497569
24.11.2017 16:14:40 +00.03519E+00  0651 007409 1 00001989 00001949 000 343 43063.6768537269
24.11.2017 16:14:40 +00.03519E+00  0668 007409 1 00001990 00001949 000 378 43063.6768581019
24.11.2017 16:14:40 +00.03520E+00  0684 007409 1 00001991 00001949 000 340 43063.676862037
24.11.2017 16:14:41 +00.03519E+00  0696 007409 1 00001992 00001949 000 341 43063.6768659954
24.11.2017 16:14:45 +00.03531E+00  0017 007432 1 00001993 00001993 000 341 43063.6769175347
24.11.2017 16:14:46 +00.03530E+00  0033 007432 1 00001994 00001993 000 342 43063.6769215046
24.11.2017 16:14:46 +00.03531E+00  0050 007432 1 00001995 00001993 000 342 43063.6769254745
24.11.2017 16:14:46 +00.03530E+00  0070 007432 1 00001996 00001993 000 360 43063.6769296528
24.11.2017 16:14:47 +00.03530E+00  0082 007432 1 00001997 00001993 000 345 43063.6769336458
24.11.2017 16:14:47 +00.03530E+00  0101 007432 1 00001998 00001993 000 343 43063.6769376157
24.11.2017 16:14:47 +00.03531E+00  0117 007432 1 00001999 00001993 000 343 43063.6769415856
24.11.2017 16:14:48 +00.03530E+00  0135 007432 1 00002000 00001993 000 374 43063.6769459144
24.11.2017 16:14:48 +00.03530E+00  0156 007432 1 00002001 00001993 000 343 43063.6769498843
24.11.2017 16:14:48 +00.03530E+00  0164 007432 1 00002002 00001993 000 342 43063.6769538542
24.11.2017 16:14:49 +00.03530E+00  0178 007432 1 00002003 00001993 000 342 43063.6769578241
24.11.2017 16:14:49 +00.03530E+00  0190 007432 1 00002004 00001993 000 375 43063.6769621759
24.11.2017 16:14:49 +00.03530E+00  0207 007432 1 00002005 00001993 000 341 43063.6769661343
24.11.2017 16:14:50 +00.03530E+00  0227 007432 1 00002006 00001993 000 343 43063.6769701042
24.11.2017 16:14:50 +00.03530E+00  0246 007432 1 00002007 00001993 000 342 43063.6769740741
24.11.2017 16:14:50 +00.03530E+00  0260 007432 1 00002008 00001993 000 377 43063.6769784375
24.11.2017 16:14:51 +00.03530E+00  0278 007432 1 00002009 00001993 000 340 43063.6769823843
24.11.2017 16:14:51 +00.03530E+00  0293 007432 1 00002010 00001993 000 342 43063.6769863542
24.11.2017 16:14:51 +00.03530E+00  0303 007432 1 00002011 00001993 000 343 43063.6769903241
24.11.2017 16:14:52 +00.03530E+00  0312 007432 1 00002012 00001993 000 378 43063.6769946991
24.11.2017 16:14:52 +00.03530E+00  0321 007432 1 00002013 00001993 000 340 43063.6769986458
24.11.2017 16:14:53 +00.03530E+00  0334 007432 1 00002014 00001993 000 341 43063.6770026042
24.11.2017 16:14:53 +00.03530E+00  0350 007432 1 00002015 00001993 000 343 43063.6770065741
24.11.2017 16:14:53 +00.03530E+00  0366 007432 1 00002016 00001993 000 379 43063.6770109607
24.11.2017 16:14:54 +00.03530E+00  0384 007432 1 00002017 00001993 000 340 43063.6770148958
24.11.2017 16:14:54 +00.03530E+00  0397 007432 1 00002018 00001993 000 342 43063.6770188542
24.11.2017 16:14:54 +00.03530E+00  0410 007432 1 00002019 00001993 000 343 43063.6770228241
24.11.2017 16:14:55 +00.03530E+00  0419 007432 1 00002020 00001993 000 381 43063.6770272338
24.11.2017 16:14:55 +00.03530E+00  0433 007432 1 00002021 00001993 000 343 43063.6770312037
24.11.2017 16:14:55 +00.03530E+00  0447 007432 1 00002022 00001993 000 343 43063.6770351736
24.11.2017 16:14:56 +00.03530E+00  0456 007432 1 00002023 00001993 000 343 43063.6770391435
24.11.2017 16:14:56 +00.03530E+00  0463 007432 1 00002024 00001993 000 376 43063.6770434954
24.11.2017 16:14:56 +00.03530E+00  0470 007432 1 00002025 00001993 000 341 43063.6770474421
24.11.2017 16:14:57 +00.03530E+00  0488 007432 1 00002026 00001993 000 343 43063.6770514236
24.11.2017 16:14:57 +00.03530E+00  0501 007432 1 00002027 00001993 000 343 43063.6770553935
24.11.2017 16:14:57 +00.03530E+00  0516 007432 1 00002028 00001993 000 376 43063.6770597454
24.11.2017 16:14:58 +00.03530E+00  0531 007432 1 00002029 00001993 000 340 43063.6770636921
24.11.2017 16:14:58 +00.03530E+00  0549 007432 1 00002030 00001993 000 342 43063.677067662
24.11.2017 16:14:58 +00.03530E+00  0564 007432 1 00002031 00001993 000 343 43063.6770716319
24.11.2017 16:14:59 +00.03530E+00  0581 007432 1 00002032 00001993 000 378 43063.6770760069
24.11.2017 16:14:59 +00.03530E+00  0593 007432 1 00002033 00001993 000 340 43063.6770799537
24.11.2017 16:15:00 +00.03530E+00  0615 007432 1 00002034 00001993 000 342 43063.677083912
24.11.2017 16:15:00 +00.03530E+00  0634 007432 1 00002035 00001993 000 343 43063.6770878819
24.11.2017 16:15:00 +00.03530E+00  0646 007432 1 00002036 00001993 000 379 43063.6770922685
24.11.2017 16:15:04 +00.03540E+00  0016 007452 1 00002037 00002037 000 343 43063.6771397106
24.11.2017 16:15:05 +00.03540E+00  0029 007452 1 00002038 00002037 000 398 43063.6771443171
24.11.2017 16:15:05 +00.03540E+00  0053 007452 1 00002039 00002037 000 344 43063.6771482986
24.11.2017 16:15:05 +00.03540E+00  0064 007452 1 00002040 00002037 000 342 43063.6771522685
24.11.2017 16:15:06 +00.03540E+00  0074 007452 1 00002041 00002037 000 342 43063.6771562384
24.11.2017 16:15:06 +00.03540E+00  0092 007452 1 00002042 00002037 000 373 43063.6771605671
24.11.2017 16:15:07 +00.03540E+00  0109 007452 1 00002043 00002037 000 343 43063.6771645486
24.11.2017 16:15:07 +00.03540E+00  0121 007452 1 00002044 00002037 000 343 43063.6771685185
24.11.2017 16:15:07 +00.03540E+00  0140 007452 1 00002045 00002037 000 343 43063.6771724884
24.11.2017 16:15:08 +00.03540E+00  0161 007452 1 00002046 00002037 000 374 43063.6771768287
24.11.2017 16:15:08 +00.03540E+00  0179 007452 1 00002047 00002037 000 342 43063.6771807986
24.11.2017 16:15:08 +00.03540E+00  0190 007452 1 00002048 00002037 000 343 43063.6771847685
24.11.2017 16:15:09 +00.03540E+00  0204 007452 1 00002049 00002037 000 343 43063.6771887384
24.11.2017 16:15:09 +00.03540E+00  0219 007452 1 00002050 00002037 000 377 43063.6771931019
24.11.2017 16:15:09 +00.03540E+00  0231 007452 1 00002051 00002037 000 340 43063.6771970486
24.11.2017 16:15:10 +00.03540E+00  0240 007452 1 00002052 00002037 000 343 43063.6772010185
24.11.2017 16:15:10 +00.03540E+00  0254 007452 1 00002053 00002037 000 343 43063.6772049884
24.11.2017 16:15:10 +00.03540E+00  0266 007452 1 00002054 00002037 000 378 43063.6772093634
24.11.2017 16:15:11 +00.03540E+00  0278 007452 1 00002055 00002037 000 340 43063.6772132986
24.11.2017 16:15:11 +00.03540E+00  0302 007452 1 00002056 00002037 000 341 43063.6772172569
24.11.2017 16:15:11 +00.03540E+00  0319 007452 1 00002057 00002037 000 343 43063.6772212384
24.11.2017 16:15:12 +00.03540E+00  0335 007452 1 00002058 00002037 000 379 43063.677225625
24.11.2017 16:15:12 +00.03540E+00  0350 007452 1 00002059 00002037 000 345 43063.6772296181
24.11.2017 16:15:12 +00.03540E+00  0367 007452 1 00002060 00002037 000 343 43063.677233588
24.11.2017 16:15:13 +00.03540E+00  0380 007452 1 00002061 00002037 000 343 43063.6772375579
24.11.2017 16:15:13 +00.03540E+00  0392 007452 1 00002062 00002037 000 374 43063.6772418866
24.11.2017 16:15:14 +00.03540E+00  0404 007452 1 00002063 00002037 000 343 43063.6772458565
24.11.2017 16:15:14 +00.03540E+00  0414 007452 1 00002064 00002037 000 343 43063.6772498264
24.11.2017 16:15:14 +00.03540E+00  0431 007452 1 00002065 00002037 000 342 43063.6772537963
24.11.2017 16:15:15 +00.03540E+00  0448 007452 1 00002066 00002037 000 374 43063.6772581366
24.11.2017 16:15:15 +00.03540E+00  0465 007452 1 00002067 00002037 000 342 43063.6772621065
24.11.2017 16:15:15 +00.03540E+00  0482 007452 1 00002068 00002037 000 343 43063.6772660764
24.11.2017 16:15:16 +00.03540E+00  0490 007452 1 00002069 00002037 000 343 43063.6772700463
24.11.2017 16:15:16 +00.03540E+00  0505 007452 1 00002070 00002037 000 377 43063.6772744097
24.11.2017 16:15:16 +00.03540E+00  0527 007452 1 00002071 00002037 000 340 43063.6772783565
24.11.2017 16:15:17 +00.03540E+00  0542 007452 1 00002072 00002037 000 343 43063.6772823264
24.11.2017 16:15:17 +00.03540E+00  0554 007452 1 00002073 00002037 000 343 43063.6772862963
24.11.2017 16:15:17 +00.03540E+00  0572 007452 1 00002074 00002037 000 377 43063.6772906597
24.11.2017 16:15:18 +00.03540E+00  0586 007452 1 00002075 00002037 000 340 43063.6772946065
24.11.2017 16:15:18 +00.03540E+00  0603 007452 1 00002076 00002037 000 342 43063.6772985764
24.11.2017 16:15:18 +00.03540E+00  0623 007452 1 00002077 00002037 000 343 43063.6773025463
24.11.2017 16:15:19 +00.03540E+00  0631 007452 1 00002078 00002037 000 379 43063.6773069329
24.11.2017 16:15:19 +00.03540E+00  0650 007452 1 00002079 00002037 000 345 43063.6773109259
24.11.2017 16:15:20 +00.03540E+00  0665 007452 1 00002080 00002037 000 343 43063.6773148958
24.11.2017 16:15:20 +00.03540E+00  0677 007452 1 00002081 00002037 000 343 43063.6773188657
24.11.2017 16:15:24 +00.03550E+00  0013 007472 1 00002082 00002082 000 343 43063.6773664236
24.11.2017 16:15:24 +00.03550E+00  0023 007472 1 00002083 00002082 000 343 43063.6773703935
24.11.2017 16:15:25 +00.03549E+00  0034 007472 1 00002084 00002082 000 418 43063.6773752315
24.11.2017 16:15:25 +00.03549E+00  0057 007472 1 00002085 00002082 000 344 43063.677379213
24.11.2017 16:15:25 +00.03549E+00  0070 007472 1 00002086 00002082 000 343 43063.6773831829
24.11.2017 16:15:26 +00.03549E+00  0092 007472 1 00002087 00002082 000 343 43063.6773871528
24.11.2017 16:15:26 +00.03549E+00  0109 007472 1 00002088 00002082 000 375 43063.6773914931
24.11.2017 16:15:26 +00.03549E+00  0121 007472 1 00002089 00002082 000 342 43063.6773954514
24.11.2017 16:15:27 +00.03549E+00  0141 007472 1 00002090 00002082 000 343 43063.6773994329
24.11.2017 16:15:27 +00.03550E+00  0153 007472 1 00002091 00002082 000 343 43063.6774034028
24.11.2017 16:15:28 +00.03550E+00  0164 007472 1 00002092 00002082 000 376 43063.6774077546
24.11.2017 16:15:28 +00.03550E+00  0172 007472 1 00002093 00002082 000 341 43063.6774117014
24.11.2017 16:15:28 +00.03550E+00  0186 007472 1 00002094 00002082 000 343 43063.6774156713
24.11.2017 16:15:29 +00.03549E+00  0202 007472 1 00002095 00002082 000 343 43063.6774196412
24.11.2017 16:15:29 +00.03549E+00  0216 007472 1 00002096 00002082 000 377 43063.6774240162
24.11.2017 16:15:29 +00.03549E+00  0235 007474 1 00002097 00002082 000 340 43063.677427963
24.11.2017 16:15:30 +00.03550E+00  0247 007474 1 00002098 00002082 000 343 43063.6774319329
24.11.2017 16:15:30 +00.03550E+00  0258 007474 1 00002099 00002082 000 342 43063.6774358912
24.11.2017 16:15:30 +00.03550E+00  0276 007474 1 00002100 00002082 000 379 43063.6774402778
24.11.2017 16:15:31 +00.03550E+00  0293 007474 1 00002101 00002082 000 340 43063.677444213
24.11.2017 16:15:31 +00.03550E+00  0312 007474 1 00002102 00002082 000 342 43063.6774481829
24.11.2017 16:15:31 +00.03550E+00  0328 007474 1 00002103 00002082 000 342 43063.6774521412
24.11.2017 16:15:32 +00.03551E+00  0337 007474 1 00002104 00002082 000 380 43063.6774565393
24.11.2017 16:15:32 +00.03550E+00  0354 007474 1 00002105 00002082 000 344 43063.6774605208
24.11.2017 16:15:32 +00.03550E+00  0367 007474 1 00002106 00002082 000 343 43063.6774644907
24.11.2017 16:15:33 +00.03551E+00  0382 007474 1 00002107 00002082 000 342 43063.6774684606
24.11.2017 16:15:33 +00.03550E+00  0398 007474 1 00002108 00002082 000 375 43063.6774728009
24.11.2017 16:15:33 +00.03550E+00  0410 007474 1 00002109 00002082 000 343 43063.6774767708
24.11.2017 16:15:34 +00.03551E+00  0424 007474 1 00002110 00002082 000 343 43063.6774807407
24.11.2017 16:15:34 +00.03551E+00  0435 007474 1 00002111 00002082 000 343 43063.6774847106
24.11.2017 16:15:35 +00.03550E+00  0451 007472 1 00002112 00002082 000 376 43063.6774890625
24.11.2017 16:15:35 +00.03550E+00  0467 007472 1 00002113 00002082 000 342 43063.6774930208
24.11.2017 16:15:35 +00.03549E+00  0483 007472 1 00002114 00002082 000 342 43063.6774969792
24.11.2017 16:15:36 +00.03549E+00  0496 007472 1 00002115 00002082 000 343 43063.6775009606
24.11.2017 16:15:36 +00.03550E+00  0509 007472 1 00002116 00002082 000 377 43063.6775053241
24.11.2017 16:15:36 +00.03549E+00  0525 007472 1 00002117 00002082 000 340 43063.6775092593
24.11.2017 16:15:37 +00.03549E+00  0537 007472 1 00002118 00002082 000 342 43063.6775132292
24.11.2017 16:15:37 +00.03549E+00  0553 007472 1 00002119 00002082 000 342 43063.6775171991
24.11.2017 16:15:37 +00.03549E+00  0568 007472 1 00002120 00002082 000 378 43063.6775215856
24.11.2017 16:15:38 +00.03549E+00  0581 007472 1 00002121 00002082 000 340 43063.6775255208
24.11.2017 16:15:38 +00.03550E+00  0597 007472 1 00002122 00002082 000 341 43063.6775294792
24.11.2017 16:15:38 +00.03549E+00  0619 007472 1 00002123 00002082 000 343 43063.6775334491
24.11.2017 16:15:39 +00.03549E+00  0632 007472 1 00002124 00002082 000 379 43063.6775378472
24.11.2017 16:15:39 +00.03549E+00  0647 007472 1 00002125 00002082 000 343 43063.6775418287
24.11.2017 16:15:39 +00.03549E+00  0669 007472 1 00002126 00002082 000 343 43063.6775457986