
24.11.2017 16:15:44 +00.03590E+00  0017 007557 1 00002127 00002127 000 380 43063.6775931366
24.11.2017 16:15:44 +00.03590E+00  0033 007557 1 00002128 00002127 000 343 43063.6775971181
24.11.2017 16:15:44 +00.03590E+00  0044 007557 1 00002129 00002127 000 343 43063.677601088
24.11.2017 16:15:45 +00.03590E+00  0063 007557 1 00002130 00002127 000 342 43063.6776050463
24.11.2017 16:15:45 +00.03590E+00  0080 007557 1 00002131 00002127 000 376 43063.6776093981
24.11.2017 16:15:45 +00.03590E+00  0095 007557 1 00002132 00002127 000 342 43063.6776133565
24.11.2017 16:15:46 +00.03590E+00  0111 007557 1 00002133 00002127 000 343 43063.6776173264
24.11.2017 16:15:46 +00.03590E+00  0123 007557 1 00002134 00002127 000 343 43063.6776212963
24.11.2017 16:15:46 +00.03590E+00  0137 007557 1 00002135 00002127 000 377 43063.6776256597
24.11.2017 16:15:47 +00.03590E+00  0157 007557 1 00002136 00002127 000 341 43063.6776296065
24.11.2017 16:15:47 +00.03590E+00  0166 007557 1 00002137 00002127 000 343 43063.6776335764
24.11.2017 16:15:47 +00.03590E+00  0178 007557 1 00002138 00002127 000 343 43063.6776375463
24.11.2017 16:15:48 +00.03590E+00  0201 007557 1 00002139 00002127 000 378 43063.6776419213
24.11.2017 16:15:48 +00.03590E+00  0219 007557 1 00002140 00002127 000 340 43063.6776458565
24.11.2017 16:15:48 +00.03590E+00  0235 007557 1 00002141 00002127 000 342 43063.6776498264
24.11.2017 16:15:49 +00.03590E+00  0246 007557 1 00002142 00002127 000 343 43063.6776537963
24.11.2017 16:15:49 +00.03590E+00  0256 007557 1 00002143 00002127 000 379 43063.6776581829
24.11.2017 16:15:50 +00.03590E+00  0267 007557 1 00002144 00002127 000 345 43063.6776621759
24.11.2017 16:15:50 +00.03590E+00  0282 007557 1 00002145 00002127 000 343 43063.6776661458
24.11.2017 16:15:50 +00.03590E+00  0295 007557 1 00002146 00002127 000 343 43063.6776701157
24.11.2017 16:15:51 +00.03590E+00  0318 007557 1 00002147 00002127 000 375 43063.677674456
24.11.2017 16:15:51 +00.03590E+00  0336 007557 1 00002148 00002127 000 342 43063.6776784144
24.11.2017 16:15:51 +00.03590E+00  0354 007557 1 00002149 00002127 000 343 43063.6776823958
24.11.2017 16:15:52 +00.03590E+00  0365 007557 1 00002150 00002127 000 342 43063.6776863542
24.11.2017 16:15:52 +00.03590E+00  0376 007557 1 00002151 00002127 000 376 43063.6776907176
24.11.2017 16:15:52 +00.03590E+00  0396 007557 1 00002152 00002127 000 341 43063.6776946644
24.11.2017 16:15:53 +00.03590E+00  0409 007557 1 00002153 00002127 000 343 43063.6776986343
24.11.2017 16:15:53 +00.03590E+00  0423 007557 1 00002154 00002127 000 343 43063.6777026042
24.11.2017 16:15:53 +00.03590E+00  0438 007557 1 00002155 00002127 000 376 43063.6777069676
24.11.2017 16:15:54 +00.03590E+00  0457 007557 1 00002156 00002127 000 340 43063.6777109144
24.11.2017 16:15:54 +00.03590E+00  0474 007557 1 00002157 00002127 000 342 43063.6777148843
24.11.2017 16:15:54 +00.03590E+00  0482 007557 1 00002158 00002127 000 343 43063.6777188542
24.11.2017 16:15:55 +00.03590E+00  0502 007557 1 00002159 00002127 000 378 43063.6777232292
24.11.2017 16:15:55 +00.03590E+00  0521 007557 1 00002160 00002127 000 341 43063.6777271759
24.11.2017 16:15:55 +00.03590E+00  0530 007557 1 00002161 00002127 000 342 43063.6777311343
24.11.2017 16:15:56 +00.03590E+00  0545 007557 1 00002162 00002127 000 343 43063.6777351042
24.11.2017 16:15:56 +00.03590E+00  0555 007557 1 00002163 00002127 000 380 43063.6777395023
24.11.2017 16:15:57 +00.03590E+00  0568 007557 1 00002164 00002127 000 344 43063.6777434838
24.11.2017 16:15:57 +00.03590E+00  0584 007557 1 00002165 00002127 000 344 43063.6777474653
24.11.2017 16:15:57 +00.03590E+00  0607 007557 1 00002166 00002127 000 342 43063.6777514236
24.11.2017 16:15:58 +00.03590E+00  0616 007557 1 00002167 00002127 000 374 43063.6777557523
24.11.2017 16:15:58 +00.03590E+00  0632 007557 1 00002168 00002127 000 344 43063.6777597338
24.11.2017 16:15:58 +00.03590E+00  0651 007557 1 00002169 00002127 000 343 43063.6777637037
24.11.2017 16:15:59 +00.03590E+00  0667 007557 1 00002170 00002127 000 343 43063.6777676736
24.11.2017 16:15:59 +00.03590E+00  0684 007557 1 00002171 00002127 000 375 43063.6777720139
24.11.2017 16:15:59 +00.03590E+00  0709 007557 1 00002172 00002127 000 343 43063.6777759838
24.11.2017 16:16:00 +00.03590E+00  0725 007557 1 00002173 00002127 000 344 43063.6777799653
24.11.2017 16:16:00 +00.03590E+00  0741 007557 1 00002174 00002127 000 342 43063.6777839236
24.11.2017 16:16:00 +00.03590E+00  0752 007557 1 00002175 00002127 000 376 43063.6777882755
24.11.2017 16:16:01 +00.03590E+00  0770 007557 1 00002176 00002127 000 340 43063.6777922222
24.11.2017 16:16:01 +00.03590E+00  0781 007557 1 00002177 00002127 000 342 43063.6777961921
24.11.2017 16:16:01 +00.03590E+00  0794 007557 1 00002178 00002127 000 343 43063.677800162
24.11.2017 16:16:02 +00.03590E+00  0804 007557 1 00002179 00002127 000 377 43063.677804537
24.11.2017 16:16:02 +00.03590E+00  0818 007557 1 00002180 00002127 000 340 43063.6778084838
24.11.2017 16:16:02 +00.03590E+00  0841 007557 1 00002181 00002127 000 342 43063.6778124421
24.11.2017 16:16:03 +00.03590E+00  0861 007557 1 00002182 00002127 000 344 43063.6778164236
24.11.2017 16:16:03 +00.03590E+00  0877 007557 1 00002183 00002127 000 378 43063.6778207986
24.11.2017 16:16:04 +00.03590E+00  0895 007557 1 00002184 00002127 000 340 43063.6778247338
24.11.2017 16:16:04 +00.03590E+00  0909 007557 1 00002185 00002127 000 341 43063.6778286921
24.11.2017 16:16:09 +00.03610E+00  0016 007600 1 00002186 00002186 000 377 43063.6778891088
24.11.2017 16:16:09 +00.03610E+00  0032 007600 1 00002187 00002186 000 340 43063.677893044
24.11.2017 16:16:10 +00.03610E+00  0044 007600 1 00002188 00002186 000 343 43063.6778970255
24.11.2017 16:16:10 +00.03610E+00  0067 007600 1 00002189 00002186 000 343 43063.6779009954
24.11.2017 16:16:11 +00.03610E+00  0088 007600 1 00002190 00002186 000 378 43063.6779053704
24.11.2017 16:16:11 +00.03610E+00  0104 007600 1 00002191 00002186 000 340 43063.6779093056
24.11.2017 16:16:11 +00.03610E+00  0113 007600 1 00002192 00002186 000 341 43063.6779132639
24.11.2017 16:16:12 +00.03610E+00  0127 007600 1 00002193 00002186 000 342 43063.6779172338
24.11.2017 16:16:12 +00.03611E+00  0142 007600 1 00002194 00002186 000 379 43063.6779216319
24.11.2017 16:16:12 +00.03610E+00  0161 007600 1 00002195 00002186 000 345 43063.677925625
24.11.2017 16:16:13 +00.03610E+00  0178 007600 1 00002196 00002186 000 343 43063.6779295949
24.11.2017 16:16:13 +00.03610E+00  0198 007600 1 00002197 00002186 000 342 43063.6779335532
24.11.2017 16:16:13 +00.03610E+00  0211 007600 1 00002198 00002186 000 374 43063.6779378935
24.11.2017 16:16:14 +00.03610E+00  0218 007600 1 00002199 00002186 000 343 43063.6779418634
24.11.2017 16:16:14 +00.03610E+00  0233 007600 1 00002200 00002186 000 343 43063.6779458333
24.11.2017 16:16:14 +00.03610E+00  0244 007600 1 00002201 00002186 000 342 43063.6779498032
24.11.2017 16:16:15 +00.03610E+00  0263 007600 1 00002202 00002186 000 374 43063.6779541435
24.11.2017 16:16:15 +00.03610E+00  0275 007600 1 00002203 00002186 000 342 43063.6779581134
24.11.2017 16:16:15 +00.03610E+00  0289 007600 1 00002204 00002186 000 343 43063.6779620833
24.11.2017 16:16:16 +00.03610E+00  0307 007600 1 00002205 00002186 000 343 43063.6779660532
24.11.2017 16:16:16 +00.03610E+00  0313 007600 1 00002206 00002186 000 378 43063.6779704282
24.11.2017 16:16:16 +00.03610E+00  0326 007600 1 00002207 00002186 000 340 43063.677974375
24.11.2017 16:16:17 +00.03610E+00  0339 007600 1 00002208 00002186 000 342 43063.6779783333
24.11.2017 16:16:17 +00.03610E+00  0353 007600 1 00002209 00002186 000 343 43063.6779823032
24.11.2017 16:16:18 +00.03610E+00  0369 007600 1 00002210 00002186 000 378 43063.6779866782
24.11.2017 16:16:18 +00.03610E+00  0388 007600 1 00002211 00002186 000 340 43063.6779906134
24.11.2017 16:16:18 +00.03610E+00  0396 007600 1 00002212 00002186 000 342 43063.6779945833
24.11.2017 16:16:19 +00.03610E+00  0409 007600 1 00002213 00002186 000 343 43063.6779985532
24.11.2017 16:16:19 +00.03610E+00  0425 007600 1 00002214 00002186 000 379 43063.6780029398
24.11.2017 16:16:19 +00.03610E+00  0445 007600 1 00002215 00002186 000 345 43063.6780069329
24.11.2017 16:16:20 +00.03610E+00  0455 007600 1 00002216 00002186 000 343 43063.6780109028
24.11.2017 16:16:20 +00.03610E+00  0475 007600 1 00002217 00002186 000 343 43063.6780148727
24.11.2017 16:16:20 +00.03610E+00  0493 007600 1 00002218 00002186 000 374 43063.6780192014
24.11.2017 16:16:21 +00.03610E+00  0508 007600 1 00002219 00002186 000 343 43063.6780231713
24.11.2017 16:16:21 +00.03610E+00  0519 007600 1 00002220 00002186 000 343 43063.6780271528
24.11.2017 16:16:21 +00.03610E+00  0537 007600 1 00002221 00002186 000 343 43063.6780311227
24.11.2017 16:16:22 +00.03610E+00  0554 007600 1 00002222 00002186 000 375 43063.678035463
24.11.2017 16:16:22 +00.03610E+00  0568 007600 1 00002223 00002186 000 342 43063.6780394213
24.11.2017 16:16:22 +00.03610E+00  0579 007600 1 00002224 00002186 000 343 43063.6780433912
24.11.2017 16:16:23 +00.03610E+00  0589 007600 1 00002225 00002186 000 342 43063.6780473611
24.11.2017 16:16:23 +00.03610E+00  0605 007600 1 00002226 00002186 000 375 43063.678051713
24.11.2017 16:16:24 +00.03610E+00  0627 007600 1 00002227 00002186 000 341 43063.6780556713
24.11.2017 16:16:24 +00.03610E+00  0637 007600 1 00002228 00002186 000 343 43063.6780596412
24.11.2017 16:16:24 +00.03610E+00  0655 007600 1 00002229 00002186 000 343 43063.6780636111
24.11.2017 16:16:25 +00.03610E+00  0667 007600 1 00002230 00002186 000 377 43063.6780679861
24.11.2017 16:16:25 +00.03610E+00  0682 007600 1 00002231 00002186 000 340 43063.6780719329
24.11.2017 16:16:25 +00.03610E+00  0703 007600 1 00002232 00002186 000 341 43063.6780758912
24.11.2017 16:16:26 +00.03610E+00  0722 007600 1 00002233 00002186 000 343 43063.6780798611
24.11.2017 16:16:26 +00.03611E+00  0740 007600 1 00002234 00002186 000 379 43063.6780842477
24.11.2017 16:16:26 +00.03611E+00  0766 007600 1 00002235 00002186 000 340 43063.6780881829
24.11.2017 16:16:27 +00.03610E+00  0785 007600 1 00002236 00002186 000 341 43063.6780921412
24.11.2017 16:16:27 +00.03610E+00  0796 007600 1 00002237 00002186 000 343 43063.6780961111
24.11.2017 16:16:27 +00.03610E+00  0814 007600 1 00002238 00002186 000 380 43063.6781005093
24.11.2017 16:16:28 +00.03610E+00  0828 007600 1 00002239 00002186 000 344 43063.6781044907
24.11.2017 16:16:28 +00.03610E+00  0840 007600 1 00002240 00002186 000 343 43063.6781084606
24.11.2017 16:16:28 +00.03610E+00  0854 007600 1 00002241 00002186 000 343 43063.6781124306
24.11.2017 16:16:29 +00.03610E+00  0871 007600 1 00002242 00002186 000 375 43063.6781167708
24.11.2017 16:16:29 +00.03610E+00  0888 007600 1 00002243 00002186 000 343 43063.6781207407
24.11.2017 16:16:29 +00.03610E+00  0906 007600 1 00002244 00002186 000 343 43063.6781247106
24.11.2017 16:16:35 +00.03630E+00  0012 007641 1 00002245 00002245 000 342 43063.6781892245
24.11.2017 16:16:35 +00.03630E+00  0031 007641 1 00002246 00002245 000 343 43063.6781931944
24.11.2017 16:16:36 +00.03630E+00  0047 007641 1 00002247 00002245 000 421 43063.6781980787
24.11.2017 16:16:36 +00.03630E+00  0070 007641 1 00002248 00002245 000 340 43063.6782020139
24.11.2017 16:16:36 +00.03630E+00  0084 007641 1 00002249 00002245 000 343 43063.6782059838
24.11.2017 16:16:37 +00.03630E+00  0095 007641 1 00002250 00002245 000 342 43063.6782099537
24.11.2017 16:16:37 +00.03630E+00  0113 007641 1 00002251 00002245 000 379 43063.6782143403
24.11.2017 16:16:38 +00.03630E+00  0129 007641 1 00002252 00002245 000 344 43063.6782183333
24.11.2017 16:16:38 +00.03630E+00  0140 007641 1 00002253 00002245 000 342 43063.6782223032
24.11.2017 16:16:38 +00.03630E+00  0154 007641 1 00002254 00002245 000 342 43063.6782262732
24.11.2017 16:16:39 +00.03630E+00  0166 007641 1 00002255 00002245 000 373 43063.6782306019
24.11.2017 16:16:39 +00.03630E+00  0184 007641 1 00002256 00002245 000 344 43063.6782345833
24.11.2017 16:16:39 +00.03630E+00  0197 007641 1 00002257 00002245 000 344 43063.6782385648
24.11.2017 16:16:40 +00.03629E+00  0214 007641 1 00002258 00002245 000 342 43063.6782425232
24.11.2017 16:16:40 +00.03630E+00  0235 007643 1 00002259 00002245 000 375 43063.6782468634
24.11.2017 16:16:40 +00.03630E+00  0245 007643 1 00002260 00002245 000 342 43063.6782508333
24.11.2017 16:16:41 +00.03631E+00  0258 007643 1 00002261 00002245 000 343 43063.6782548032
24.11.2017 16:16:41 +00.03631E+00  0273 007643 1 00002262 00002245 000 344 43063.6782587847
24.11.2017 16:16:41 +00.03631E+00  0288 007643 1 00002263 00002245 000 375 43063.678263125
24.11.2017 16:16:42 +00.03631E+00  0297 007643 1 00002264 00002245 000 342 43063.6782670833
24.11.2017 16:16:42 +00.03631E+00  0308 007643 1 00002265 00002245 000 343 43063.6782710532
24.11.2017 16:16:42 +00.03631E+00  0328 007643 1 00002266 00002245 000 343 43063.6782750232
24.11.2017 16:16:43 +00.03631E+00  0342 007643 1 00002267 00002245 000 377 43063.6782793866
24.11.2017 16:16:43 +00.03631E+00  0360 007643 1 00002268 00002245 000 341 43063.6782833333
24.11.2017 16:16:44 +00.03631E+00  0373 007643 1 00002269 00002245 000 343 43063.6782873032
24.11.2017 16:16:44 +00.03631E+00  0383 007643 1 00002270 00002245 000 343 43063.6782912732
24.11.2017 16:16:44 +00.03631E+00  0407 007643 1 00002271 00002245 000 378 43063.6782956481
24.11.2017 16:16:45 +00.03631E+00  0423 007643 1 00002272 00002245 000 340 43063.6782995833
24.11.2017 16:16:45 +00.03631E+00  0434 007643 1 00002273 00002245 000 341 43063.6783035417
24.11.2017 16:16:45 +00.03631E+00  0452 007641 1 00002274 00002245 000 342 43063.6783075116
24.11.2017 16:16:46 +00.03630E+00  0461 007641 1 00002275 00002245 000 379 43063.6783119097
24.11.2017 16:16:46 +00.03630E+00  0484 007641 1 00002276 00002245 000 343 43063.6783158912
24.11.2017 16:16:46 +00.03630E+00  0506 007641 1 00002277 00002245 000 342 43063.6783198611
24.11.2017 16:16:47 +00.03630E+00  0522 007641 1 00002278 00002245 000 342 43063.678323831
24.11.2017 16:16:47 +00.03630E+00  0535 007641 1 00002279 00002245 000 375 43063.6783281829
24.11.2017 16:16:47 +00.03630E+00  0553 007641 1 00002280 00002245 000 342 43063.6783321412
24.11.2017 16:16:48 +00.03630E+00  0564 007641 1 00002281 00002245 000 343 43063.6783361111
24.11.2017 16:16:48 +00.03630E+00  0585 007641 1 00002282 00002245 000 342 43063.678340081
24.11.2017 16:16:48 +00.03630E+00  0595 007641 1 00002283 00002245 000 375 43063.6783444329
24.11.2017 16:16:49 +00.03630E+00  0613 007641 1 00002284 00002245 000 342 43063.6783483912
24.11.2017 16:16:49 +00.03630E+00  0624 007641 1 00002285 00002245 000 343 43063.6783523611
24.11.2017 16:16:49 +00.03630E+00  0637 007641 1 00002286 00002245 000 343 43063.678356331
24.11.2017 16:16:50 +00.03630E+00  0652 007641 1 00002287 00002245 000 376 43063.6783606944
24.11.2017 16:16:50 +00.03630E+00  0674 007641 1 00002288 00002245 000 341 43063.6783646412
24.11.2017 16:16:51 +00.03630E+00  0686 007641 1 00002289 00002245 000 343 43063.6783686111
24.11.2017 16:16:51 +00.03630E+00  0702 007641 1 00002290 00002245 000 343 43063.678372581
24.11.2017 16:16:51 +00.03630E+00  0723 007641 1 00002291 00002245 000 378 43063.678376956
24.11.2017 16:16:52 +00.03630E+00  0739 007641 1 00002292 00002245 000 340 43063.6783808912
24.11.2017 16:16:52 +00.03630E+00  0756 007641 1 00002293 00002245 000 342 43063.6783848611
24.11.2017 16:16:52 +00.03630E+00  0771 007641 1 00002294 00002245 000 343 43063.678388831
24.11.2017 16:16:53 +00.03630E+00  0779 007641 1 00002295 00002245 000 379 43063.6783932176
24.11.2017 16:16:53 +00.03630E+00  0794 007641 1 00002296 00002245 000 345 43063.6783972106
24.11.2017 16:16:53 +00.03630E+00  0808 007641 1 00002297 00002245 000 343 43063.6784011806
24.11.2017 16:16:54 +00.03630E+00  0830 007641 1 00002298 00002245 000 343 43063.6784051505
24.11.2017 16:16:54 +00.03630E+00  0843 007641 1 00002299 00002245 000 374 43063.6784094792
24.11.2017 16:16:54 +00.03630E+00  0852 007641 1 00002300 00002245 000 344 43063.6784134606
24.11.2017 16:16:55 +00.03630E+00  0876 007641 1 00002301 00002245 000 343 43063.6784174306
24.11.2017 16:16:55 +00.03630E+00  0887 007641 1 00002302 00002245 000 343 43063.6784214005
24.11.2017 16:17:01 +00.03650E+00  0009 007682 1 00002303 00002303 000 342 43063.6784861343
24.11.2017 16:17:01 +00.03650E+00  0021 007682 1 00002304 00002303 000 401 43063.678490787
24.11.2017 16:17:01 +00.03649E+00  0038 007682 1 00002305 00002303 000 340 43063.6784947338
24.11.2017 16:17:02 +00.03650E+00  0050 007682 1 00002306 00002303 000 342 43063.6784987037
24.11.2017 16:17:02 +00.03650E+00  0065 007682 1 00002307 00002303 000 343 43063.6785026736
24.11.2017 16:17:03 +00.03650E+00  0088 007682 1 00002308 00002303 000 377 43063.6785070486
24.11.2017 16:17:03 +00.03650E+00  0102 007682 1 00002309 00002303 000 340 43063.6785109954
24.11.2017 16:17:03 +00.03650E+00  0117 007682 1 00002310 00002303 000 341 43063.6785149537
24.11.2017 16:17:04 +00.03650E+00  0134 007682 1 00002311 00002303 000 344 43063.6785189352
24.11.2017 16:17:04 +00.03650E+00  0153 007682 1 00002312 00002303 000 378 43063.6785233102
24.11.2017 16:17:04 +00.03649E+00  0174 007682 1 00002313 00002303 000 340 43063.6785272454
24.11.2017 16:17:05 +00.03649E+00  0189 007682 1 00002314 00002303 000 342 43063.6785312037
24.11.2017 16:17:05 +00.03650E+00  0199 007682 1 00002315 00002303 000 343 43063.6785351736
24.11.2017 16:17:05 +00.03649E+00  0213 007682 1 00002316 00002303 000 381 43063.6785395833
24.11.2017 16:17:06 +00.03649E+00  0228 007684 1 00002317 00002303 000 343 43063.6785435532
24.11.2017 16:17:06 +00.03650E+00  0238 007684 1 00002318 00002303 000 343 43063.6785475231
24.11.2017 16:17:06 +00.03650E+00  0246 007684 1 00002319 00002303 000 343 43063.6785514931
24.11.2017 16:17:07 +00.03650E+00  0266 007684 1 00002320 00002303 000 376 43063.6785558449
24.11.2017 16:17:07 +00.03651E+00  0289 007684 1 00002321 00002303 000 342 43063.6785598032
24.11.2017 16:17:07 +00.03650E+00  0305 007684 1 00002322 00002303 000 343 43063.6785637731
24.11.2017 16:17:08 +00.03651E+00  0321 007684 1 00002323 00002303 000 343 43063.6785677431
24.11.2017 16:17:08 +00.03651E+00  0342 007684 1 00002324 00002303 000 377 43063.6785721065
24.11.2017 16:17:08 +00.03651E+00  0358 007684 1 00002325 00002303 000 340 43063.6785760417
24.11.2017 16:17:09 +00.03651E+00  0378 007684 1 00002326 00002303 000 342 43063.6785800116
24.11.2017 16:17:09 +00.03651E+00  0396 007684 1 00002327 00002303 000 343 43063.6785839931
24.11.2017 16:17:10 +00.03650E+00  0409 007684 1 00002328 00002303 000 378 43063.6785883681
24.11.2017 16:17:10 +00.03650E+00  0423 007684 1 00002329 00002303 000 340 43063.6785923032
24.11.2017 16:17:10 +00.03650E+00  0440 007684 1 00002330 00002303 000 342 43063.6785962616
24.11.2017 16:17:11 +00.03650E+00  0458 007684 1 00002331 00002303 000 343 43063.6786002315
24.11.2017 16:17:11 +00.03651E+00  0470 007684 1 00002332 00002303 000 378 43063.6786046181
24.11.2017 16:17:11 +00.03651E+00  0491 007684 1 00002333 00002303 000 344 43063.6786086111
24.11.2017 16:17:12 +00.03651E+00  0503 007684 1 00002334 00002303 000 343 43063.678612581
24.11.2017 16:17:12 +00.03651E+00  0519 007684 1 00002335 00002303 000 342 43063.6786165509
24.11.2017 16:17:12 +00.03651E+00  0538 007684 1 00002336 00002303 000 373 43063.6786208796
24.11.2017 16:17:13 +00.03651E+00  0550 007684 1 00002337 00002303 000 343 43063.6786248611
24.11.2017 16:17:13 +00.03650E+00  0570 007684 1 00002338 00002303 000 343 43063.678628831
24.11.2017 16:17:13 +00.03651E+00  0587 007684 1 00002339 00002303 000 342 43063.6786328009
24.11.2017 16:17:14 +00.03651E+00  0604 007684 1 00002340 00002303 000 375 43063.6786371412
24.11.2017 16:17:14 +00.03651E+00  0617 007684 1 00002341 00002303 000 342 43063.6786411111
24.11.2017 16:17:14 +00.03651E+00  0632 007684 1 00002342 00002303 000 343 43063.678645081
24.11.2017 16:17:15 +00.03651E+00  0652 007684 1 00002343 00002303 000 343 43063.6786490509
24.11.2017 16:17:15 +00.03651E+00  0667 007684 1 00002344 00002303 000 377 43063.6786534144
24.11.2017 16:17:15 +00.03651E+00  0682 007684 1 00002345 00002303 000 341 43063.6786573611
24.11.2017 16:17:16 +00.03651E+00  0703 007684 1 00002346 00002303 000 343 43063.678661331
24.11.2017 16:17:16 +00.03650E+00  0720 007682 1 00002347 00002303 000 343 43063.6786653009
24.11.2017 16:17:17 +00.03650E+00  0735 007682 1 00002348 00002303 000 378 43063.6786696759
24.11.2017 16:17:17 +00.03649E+00  0755 007682 1 00002349 00002303 000 340 43063.6786736111
24.11.2017 16:17:17 +00.03650E+00  0781 007682 1 00002350 00002303 000 342 43063.678677581
24.11.2017 16:17:18 +00.03650E+00  0801 007682 1 00002351 00002303 000 343 43063.6786815509
24.11.2017 16:17:18 +00.03650E+00  0810 007682 1 00002352 00002303 000 379 43063.6786859375
24.11.2017 16:17:18 +00.03650E+00  0831 007682 1 00002353 00002303 000 345 43063.6786899306
24.11.2017 16:17:19 +00.03650E+00  0844 007682 1 00002354 00002303 000 343 43063.6786939005
24.11.2017 16:17:19 +00.03650E+00  0863 007682 1 00002355 00002303 000 343 43063.6786978704
24.11.2017 16:17:19 +00.03650E+00  0888 007682 1 00002356 00002303 000 374 43063.6787021991
24.11.2017 16:17:20 +00.03650E+00  0903 007682 1 00002357 00002303 000 343 43063.678706169
24.11.2017 16:17:20 +00.03650E+00  0914 007682 1 00002358 00002303 000 342 43063.6787101389
24.11.2017 16:17:20 +00.03650E+00  0933 007682 1 00002359 00002303 000 343 43063.6787141204
24.11.2017 16:17:21 +00.03650E+00  0946 007682 1 00002360 00002303 000 375 43063.6787184607
24.11.2017 16:17:21 +00.03650E+00  0961 007682 1 00002361 00002303 000 342 43063.678722419