
25.11.2017 03:19:57 +00.03800E+00  0020 007998 1 00029982 00029982 000 378 43064.1388597569
25.11.2017 03:19:57 +00.03800E+00  0032 007998 1 00029983 00029982 000 345 43064.1388637616
25.11.2017 03:19:58 +00.03800E+00  0045 007998 1 00029984 00029982 000 342 43064.1388677199
25.11.2017 03:19:58 +00.03800E+00  0064 007998 1 00029985 00029982 000 343 43064.1388716898
25.11.2017 03:19:58 +00.03800E+00  0077 007998 1 00029986 00029982 000 373 43064.1388760069
25.11.2017 03:19:59 +00.03800E+00  0094 007998 1 00029987 00029982 000 345 43064.13888
25.11.2017 03:19:59 +00.03800E+00  0118 007998 1 00029988 00029982 000 343 43064.1388839699
25.11.2017 03:19:59 +00.03800E+00  0131 007998 1 00029989 00029982 000 343 43064.1388879398
25.11.2017 03:20:00 +00.03800E+00  0147 007998 1 00029990 00029982 000 374 43064.1388922685
25.11.2017 03:20:00 +00.03800E+00  0164 007998 1 00029991 00029982 000 343 43064.13889625
25.11.2017 03:20:00 +00.03800E+00  0182 007998 1 00029992 00029982 000 343 43064.1389002199
25.11.2017 03:20:01 +00.03800E+00  0194 007998 1 00029993 00029982 000 343 43064.1389041898
25.11.2017 03:20:01 +00.03800E+00  0206 007998 1 00029994 00029982 000 376 43064.1389085417
25.11.2017 03:20:02 +00.03800E+00  0232 007998 1 00029995 00029982 000 341 43064.1389124884
25.11.2017 03:20:02 +00.03800E+00  0245 007998 1 00029996 00029982 000 342 43064.1389164583
25.11.2017 03:20:02 +00.03800E+00  0258 007998 1 00029997 00029982 000 342 43064.1389204282
25.11.2017 03:20:03 +00.03800E+00  0278 007998 1 00029998 00029982 000 376 43064.1389247917
25.11.2017 03:20:03 +00.03800E+00  0296 007998 1 00029999 00029982 000 340 43064.1389287384
25.11.2017 03:20:03 +00.03800E+00  0315 007998 1 00030000 00029982 000 342 43064.1389327083
25.11.2017 03:20:04 +00.03800E+00  0330 007998 1 00030001 00029982 000 344 43064.1389366898
25.11.2017 03:20:04 +00.03800E+00  0350 007998 1 00030002 00029982 000 377 43064.1389410532
25.11.2017 03:20:04 +00.03800E+00  0367 007998 1 00030003 00029982 000 340 43064.138945
25.11.2017 03:20:05 +00.03800E+00  0382 007998 1 00030004 00029982 000 341 43064.1389489583
25.11.2017 03:20:05 +00.03800E+00  0401 007998 1 00030005 00029982 000 343 43064.1389529282
25.11.2017 03:20:05 +00.03800E+00  0415 007998 1 00030006 00029982 000 380 43064.1389573264
25.11.2017 03:20:06 +00.03800E+00  0432 007998 1 00030007 00029982 000 344 43064.1389613079
25.11.2017 03:20:06 +00.03800E+00  0444 007998 1 00030008 00029982 000 343 43064.1389652778
25.11.2017 03:20:06 +00.03800E+00  0459 007998 1 00030009 00029982 000 343 43064.1389692477
25.11.2017 03:20:07 +00.03800E+00  0465 007998 1 00030010 00029982 000 374 43064.1389735764
25.11.2017 03:20:07 +00.03800E+00  0483 007998 1 00030011 00029982 000 343 43064.1389775579
25.11.2017 03:20:08 +00.03800E+00  0498 007998 1 00030012 00029982 000 343 43064.1389815278
25.11.2017 03:20:08 +00.03800E+00  0516 007998 1 00030013 00029982 000 343 43064.1389854977
25.11.2017 03:20:08 +00.03800E+00  0530 007998 1 00030014 00029982 000 376 43064.1389898495
25.11.2017 03:20:09 +00.03800E+00  0543 007998 1 00030015 00029982 000 342 43064.1389938079
25.11.2017 03:20:09 +00.03800E+00  0561 007998 1 00030016 00029982 000 343 43064.1389977778
25.11.2017 03:20:09 +00.03800E+00  0571 007998 1 00030017 00029982 000 343 43064.1390017477
25.11.2017 03:20:10 +00.03800E+00  0582 007998 1 00030018 00029982 000 377 43064.1390061111
25.11.2017 03:20:10 +00.03800E+00  0599 007998 1 00030019 00029982 000 340 43064.1390100463
25.11.2017 03:20:10 +00.03800E+00  0614 007998 1 00030020 00029982 000 343 43064.1390140278
25.11.2017 03:20:11 +00.03800E+00  0633 007998 1 00030021 00029982 000 342 43064.1390179861
25.11.2017 03:20:11 +00.03800E+00  0644 007998 1 00030022 00029982 000 378 43064.1390223727
25.11.2017 03:20:11 +00.03800E+00  0657 007998 1 00030023 00029982 000 340 43064.1390263079
25.11.2017 03:20:12 +00.03800E+00  0670 007998 1 00030024 00029982 000 341 43064.1390302662
25.11.2017 03:20:12 +00.03800E+00  0688 007998 1 00030025 00029982 000 342 43064.1390342361
25.11.2017 03:20:12 +00.03800E+00  0697 007998 1 00030026 00029982 000 378 43064.1390386227
25.11.2017 03:20:13 +00.03800E+00  0712 007998 1 00030027 00029982 000 344 43064.1390426157
25.11.2017 03:20:13 +00.03800E+00  0734 007998 1 00030028 00029982 000 342 43064.1390465856
25.11.2017 03:20:13 +00.03800E+00  0746 007998 1 00030029 00029982 000 342 43064.1390505556
25.11.2017 03:20:14 +00.03800E+00  0757 007998 1 00030030 00029982 000 373 43064.1390548843
25.11.2017 03:20:14 +00.03800E+00  0775 007998 1 00030031 00029982 000 343 43064.1390588657
25.11.2017 03:20:15 +00.03800E+00  0783 007998 1 00030032 00029982 000 342 43064.1390628356
25.11.2017 03:20:15 +00.03800E+00  0797 007998 1 00030033 00029982 000 342 43064.1390668056
25.11.2017 03:20:15 +00.03800E+00  0819 007998 1 00030034 00029982 000 374 43064.1390711458
25.11.2017 03:20:16 +00.03800E+00  0840 007998 1 00030035 00029982 000 342 43064.1390751157
25.11.2017 03:20:16 +00.03800E+00  0865 007998 1 00030036 00029982 000 343 43064.1390790856
25.11.2017 03:20:16 +00.03800E+00  0879 007998 1 00030037 00029982 000 343 43064.1390830556
25.11.2017 03:20:17 +00.03800E+00  0890 007998 1 00030038 00029982 000 377 43064.139087419
25.11.2017 03:20:17 +00.03800E+00  0907 007998 1 00030039 00029982 000 341 43064.1390913657
25.11.2017 03:20:17 +00.03800E+00  0927 007998 1 00030040 00029982 000 343 43064.1390953356
25.11.2017 03:20:18 +00.03800E+00  0943 007998 1 00030041 00029982 000 343 43064.1390993056
25.11.2017 03:20:18 +00.03800E+00  0958 007998 1 00030042 00029982 000 378 43064.1391036806
25.11.2017 03:20:18 +00.03800E+00  0975 007998 1 00030043 00029982 000 340 43064.1391076157
25.11.2017 03:20:19 +00.03800E+00  0995 007998 1 00030044 00029982 000 342 43064.1391115856
25.11.2017 03:20:19 +00.03800E+00  1007 007998 1 00030045 00029982 000 343 43064.1391155556
25.11.2017 03:20:19 +00.03800E+00  1018 007998 1 00030046 00029982 000 379 43064.1391199421
25.11.2017 03:20:20 +00.03800E+00  1029 007998 1 00030047 00029982 000 345 43064.1391239352
25.11.2017 03:20:20 +00.03800E+00  1050 007998 1 00030048 00029982 000 343 43064.1391279051
25.11.2017 03:20:20 +00.03800E+00  1060 007998 1 00030049 00029982 000 343 43064.139131875
25.11.2017 03:20:21 +00.03800E+00  1079 007998 1 00030050 00029982 000 374 43064.1391362037
25.11.2017 03:20:21 +00.03800E+00  1097 007998 1 00030051 00029982 000 344 43064.1391401852
25.11.2017 03:20:22 +00.03800E+00  1113 007998 1 00030052 00029982 000 342 43064.1391441435
25.11.2017 03:20:22 +00.03800E+00  1128 007998 1 00030053 00029982 000 342 43064.1391481134
25.11.2017 03:20:22 +00.03800E+00  1141 007998 1 00030054 00029982 000 375 43064.1391524653
25.11.2017 03:20:23 +00.03800E+00  1150 007998 1 00030055 00029982 000 342 43064.1391564236
25.11.2017 03:20:23 +00.03800E+00  1160 007998 1 00030056 00029982 000 342 43064.1391603935
25.11.2017 03:20:23 +00.03800E+00  1175 007998 1 00030057 00029982 000 342 43064.1391643634
25.11.2017 03:20:24 +00.03800E+00  1188 007998 1 00030058 00029982 000 376 43064.1391687269
25.11.2017 03:20:24 +00.03800E+00  1210 007998 1 00030059 00029982 000 340 43064.1391726736
25.11.2017 03:20:24 +00.03800E+00  1227 007998 1 00030060 00029982 000 342 43064.1391766435
25.11.2017 03:20:25 +00.03800E+00  1242 007998 1 00030061 00029982 000 343 43064.1391806134
25.11.2017 03:20:25 +00.03800E+00  1254 007998 1 00030062 00029982 000 378 43064.1391849884
25.11.2017 03:20:25 +00.03800E+00  1268 007998 1 00030063 00029982 000 341 43064.1391889468
25.11.2017 03:20:26 +00.03800E+00  1293 007998 1 00030064 00029982 000 341 43064.1391928935
25.11.2017 03:20:26 +00.03800E+00  1314 007998 1 00030065 00029982 000 343 43064.1391968634
25.11.2017 03:20:26 +00.03800E+00  1334 007998 1 00030066 00029982 000 379 43064.13920125
25.11.2017 03:20:27 +00.03800E+00  1355 007998 1 00030067 00029982 000 340 43064.1392051852
25.11.2017 03:20:27 +00.03800E+00  1365 007998 1 00030068 00029982 000 341 43064.1392091435
25.11.2017 03:20:32 +00.03820E+00  0013 008039 1 00030069 00030069 000 382 43064.1392695486
25.11.2017 03:20:33 +00.03820E+00  0030 008039 1 00030070 00030069 000 342 43064.1392735185
25.11.2017 03:20:33 +00.03819E+00  0049 008039 1 00030071 00030069 000 341 43064.1392774653
25.11.2017 03:20:33 +00.03820E+00  0062 008039 1 00030072 00030069 000 342 43064.1392814352
25.11.2017 03:20:34 +00.03820E+00  0076 008039 1 00030073 00030069 000 377 43064.1392858102
25.11.2017 03:20:34 +00.03819E+00  0091 008039 1 00030074 00030069 000 340 43064.1392897569
25.11.2017 03:20:34 +00.03819E+00  0105 008039 1 00030075 00030069 000 341 43064.1392937153
25.11.2017 03:20:35 +00.03819E+00  0123 008039 1 00030076 00030069 000 343 43064.1392976852
25.11.2017 03:20:35 +00.03819E+00  0140 008039 1 00030077 00030069 000 379 43064.1393020718
25.11.2017 03:20:36 +00.03819E+00  0151 008039 1 00030078 00030069 000 344 43064.1393060648
25.11.2017 03:20:36 +00.03820E+00  0161 008039 1 00030079 00030069 000 342 43064.1393100347
25.11.2017 03:20:36 +00.03819E+00  0178 008039 1 00030080 00030069 000 342 43064.1393140046
25.11.2017 03:20:37 +00.03819E+00  0191 008039 1 00030081 00030069 000 373 43064.1393183333
25.11.2017 03:20:37 +00.03819E+00  0201 008039 1 00030082 00030069 000 343 43064.1393223148
25.11.2017 03:20:37 +00.03819E+00  0221 008039 1 00030083 00030069 000 343 43064.1393262847
25.11.2017 03:20:38 +00.03819E+00  0242 008041 1 00030084 00030069 000 343 43064.1393302546
25.11.2017 03:20:38 +00.03820E+00  0258 008041 1 00030085 00030069 000 375 43064.1393345949
25.11.2017 03:20:38 +00.03820E+00  0270 008041 1 00030086 00030069 000 343 43064.1393385648
25.11.2017 03:20:39 +00.03820E+00  0278 008041 1 00030087 00030069 000 343 43064.1393425347
25.11.2017 03:20:39 +00.03821E+00  0291 008041 1 00030088 00030069 000 343 43064.1393465046
25.11.2017 03:20:39 +00.03821E+00  0314 008041 1 00030089 00030069 000 376 43064.1393508565
25.11.2017 03:20:40 +00.03820E+00  0323 008041 1 00030090 00030069 000 342 43064.1393548148
25.11.2017 03:20:40 +00.03821E+00  0336 008041 1 00030091 00030069 000 343 43064.1393587847
25.11.2017 03:20:40 +00.03820E+00  0353 008041 1 00030092 00030069 000 343 43064.1393627546
25.11.2017 03:20:41 +00.03821E+00  0369 008041 1 00030093 00030069 000 377 43064.1393671181
25.11.2017 03:20:41 +00.03821E+00  0385 008041 1 00030094 00030069 000 340 43064.1393710532
25.11.2017 03:20:42 +00.03820E+00  0400 008041 1 00030095 00030069 000 343 43064.1393750347
25.11.2017 03:20:42 +00.03820E+00  0409 008041 1 00030096 00030069 000 342 43064.1393789931
25.11.2017 03:20:42 +00.03820E+00  0420 008041 1 00030097 00030069 000 378 43064.1393833796
25.11.2017 03:20:43 +00.03820E+00  0437 008041 1 00030098 00030069 000 344 43064.1393873727
25.11.2017 03:20:43 +00.03821E+00  0445 008041 1 00030099 00030069 000 342 43064.1393913426
25.11.2017 03:20:43 +00.03820E+00  0462 008041 1 00030100 00030069 000 342 43064.1393953125
25.11.2017 03:20:44 +00.03821E+00  0477 008041 1 00030101 00030069 000 373 43064.1393996412
25.11.2017 03:20:44 +00.03821E+00  0495 008041 1 00030102 00030069 000 343 43064.1394036227
25.11.2017 03:20:44 +00.03821E+00  0509 008041 1 00030103 00030069 000 342 43064.1394075926
25.11.2017 03:20:45 +00.03820E+00  0524 008041 1 00030104 00030069 000 342 43064.1394115625
25.11.2017 03:20:45 +00.03820E+00  0537 008041 1 00030105 00030069 000 374 43064.1394159028
25.11.2017 03:20:45 +00.03821E+00  0559 008041 1 00030106 00030069 000 342 43064.1394198727
25.11.2017 03:20:46 +00.03820E+00  0568 008041 1 00030107 00030069 000 343 43064.1394238426
25.11.2017 03:20:46 +00.03820E+00  0583 008041 1 00030108 00030069 000 343 43064.1394278125
25.11.2017 03:20:46 +00.03820E+00  0597 008041 1 00030109 00030069 000 375 43064.1394321644
25.11.2017 03:20:47 +00.03820E+00  0618 008041 1 00030110 00030069 000 341 43064.1394361227
25.11.2017 03:20:47 +00.03820E+00  0629 008041 1 00030111 00030069 000 343 43064.1394400926
25.11.2017 03:20:47 +00.03821E+00  0652 008041 1 00030112 00030069 000 344 43064.1394440741
25.11.2017 03:20:48 +00.03820E+00  0672 008041 1 00030113 00030069 000 376 43064.1394484259
25.11.2017 03:20:48 +00.03820E+00  0684 008041 1 00030114 00030069 000 341 43064.1394523727
25.11.2017 03:20:49 +00.03820E+00  0691 008041 1 00030115 00030069 000 343 43064.1394563426
25.11.2017 03:20:49 +00.03820E+00  0701 008041 1 00030116 00030069 000 343 43064.1394603125
25.11.2017 03:20:49 +00.03820E+00  0712 008041 1 00030117 00030069 000 378 43064.1394646875
25.11.2017 03:20:50 +00.03820E+00  0729 008041 1 00030118 00030069 000 340 43064.1394686227
25.11.2017 03:20:50 +00.03821E+00  0741 008041 1 00030119 00030069 000 341 43064.139472581
25.11.2017 03:20:50 +00.03821E+00  0761 008041 1 00030120 00030069 000 342 43064.1394765509
25.11.2017 03:20:51 +00.03820E+00  0777 008041 1 00030121 00030069 000 379 43064.1394809491
25.11.2017 03:20:51 +00.03820E+00  0792 008041 1 00030122 00030069 000 343 43064.1394849306
25.11.2017 03:20:51 +00.03820E+00  0802 008041 1 00030123 00030069 000 342 43064.1394889005
25.11.2017 03:20:52 +00.03820E+00  0816 008041 1 00030124 00030069 000 343 43064.1394928819
25.11.2017 03:20:52 +00.03820E+00  0828 008041 1 00030125 00030069 000 374 43064.1394972107
25.11.2017 03:20:52 +00.03820E+00  0854 008041 1 00030126 00030069 000 343 43064.1395011806
25.11.2017 03:20:53 +00.03820E+00  0870 008041 1 00030127 00030069 000 342 43064.1395051505
25.11.2017 03:20:53 +00.03820E+00  0885 008041 1 00030128 00030069 000 342 43064.1395091204
25.11.2017 03:20:53 +00.03820E+00  0899 008041 1 00030129 00030069 000 375 43064.1395134722
25.11.2017 03:20:54 +00.03821E+00  0916 008041 1 00030130 00030069 000 341 43064.1395174306
25.11.2017 03:20:54 +00.03820E+00  0928 008041 1 00030131 00030069 000 343 43064.1395214005
25.11.2017 03:20:54 +00.03821E+00  0942 008041 1 00030132 00030069 000 342 43064.1395253704
25.11.2017 03:20:55 +00.03821E+00  0964 008041 1 00030133 00030069 000 376 43064.1395297338
25.11.2017 03:20:55 +00.03820E+00  0984 008041 1 00030134 00030069 000 340 43064.1395336806
25.11.2017 03:20:56 +00.03821E+00  1003 008041 1 00030135 00030069 000 342 43064.1395376505
25.11.2017 03:20:56 +00.03821E+00  1018 008041 1 00030136 00030069 000 343 43064.1395416204
25.11.2017 03:20:56 +00.03820E+00  1029 008041 1 00030137 00030069 000 378 43064.1395459954
25.11.2017 03:20:57 +00.03820E+00  1053 008041 1 00030138 00030069 000 340 43064.1395499306
25.11.2017 03:20:57 +00.03821E+00  1070 008041 1 00030139 00030069 000 342 43064.1395539005
25.11.2017 03:20:57 +00.03820E+00  1091 008041 1 00030140 00030069 000 343 43064.1395578704
25.11.2017 03:20:58 +00.03820E+00  1108 008041 1 00030141 00030069 000 379 43064.1395622569
25.11.2017 03:20:58 +00.03820E+00  1123 008041 1 00030142 00030069 000 345 43064.13956625
25.11.2017 03:20:58 +00.03820E+00  1142 008041 1 00030143 00030069 000 343 43064.1395702199
25.11.2017 03:20:59 +00.03820E+00  1152 008041 1 00030144 00030069 000 343 43064.1395741898
25.11.2017 03:20:59 +00.03820E+00  1165 008041 1 00030145 00030069 000 374 43064.1395785185
25.11.2017 03:20:59 +00.03820E+00  1182 008041 1 00030146 00030069 000 343 43064.1395825
25.11.2017 03:21:00 +00.03820E+00  1198 008041 1 00030147 00030069 000 343 43064.1395864699
25.11.2017 03:21:00 +00.03820E+00  1215 008041 1 00030148 00030069 000 343 43064.1395904398
25.11.2017 03:21:00 +00.03820E+00  1225 008041 1 00030149 00030069 000 376 43064.1395947917
25.11.2017 03:21:01 +00.03821E+00  1239 008041 1 00030150 00030069 000 341 43064.1395987384
25.11.2017 03:21:01 +00.03820E+00  1254 008041 1 00030151 00030069 000 343 43064.1396027199
25.11.2017 03:21:02 +00.03820E+00  1267 008041 1 00030152 00030069 000 342 43064.1396066782
25.11.2017 03:21:02 +00.03821E+00  1280 008041 1 00030153 00030069 000 376 43064.1396110417
25.11.2017 03:21:02 +00.03820E+00  1300 008041 1 00030154 00030069 000 340 43064.1396149884
25.11.2017 03:21:03 +00.03820E+00  1311 008041 1 00030155 00030069 000 342 43064.1396189583
25.11.2017 03:21:08 +00.03840E+00  0018 008082 1 00030156 00030156 000 381 43064.1396793519
25.11.2017 03:21:08 +00.03840E+00  0034 008082 1 00030157 00030156 000 343 43064.1396833218
25.11.2017 03:21:08 +00.03840E+00  0045 008082 1 00030158 00030156 000 343 43064.1396872917
25.11.2017 03:21:09 +00.03840E+00  0056 008082 1 00030159 00030156 000 343 43064.1396912616
25.11.2017 03:21:09 +00.03840E+00  0073 008082 1 00030160 00030156 000 376 43064.1396956134
25.11.2017 03:21:10 +00.03840E+00  0092 008082 1 00030161 00030156 000 342 43064.1396995718
25.11.2017 03:21:10 +00.03840E+00  0107 008082 1 00030162 00030156 000 343 43064.1397035417
25.11.2017 03:21:10 +00.03840E+00  0125 008082 1 00030163 00030156 000 343 43064.1397075116
25.11.2017 03:21:11 +00.03840E+00  0145 008082 1 00030164 00030156 000 377 43064.139711875
25.11.2017 03:21:11 +00.03840E+00  0158 008082 1 00030165 00030156 000 340 43064.1397158102
25.11.2017 03:21:11 +00.03840E+00  0176 008082 1 00030166 00030156 000 343 43064.1397197917
25.11.2017 03:21:12 +00.03840E+00  0189 008082 1 00030167 00030156 000 342 43064.13972375
25.11.2017 03:21:12 +00.03840E+00  0200 008082 1 00030168 00030156 000 378 43064.1397281366
25.11.2017 03:21:12 +00.03840E+00  0218 008082 1 00030169 00030156 000 340 43064.1397320718
25.11.2017 03:21:13 +00.03840E+00  0236 008082 1 00030170 00030156 000 341 43064.1397360301
25.11.2017 03:21:13 +00.03840E+00  0256 008082 1 00030171 00030156 000 342 43064.13974
25.11.2017 03:21:13 +00.03840E+00  0269 008082 1 00030172 00030156 000 379 43064.1397443866
25.11.2017 03:21:14 +00.03840E+00  0278 008082 1 00030173 00030156 000 344 43064.1397483796
25.11.2017 03:21:14 +00.03840E+00  0289 008082 1 00030174 00030156 000 342 43064.1397523495
25.11.2017 03:21:14 +00.03840E+00  0300 008082 1 00030175 00030156 000 342 43064.1397563194
25.11.2017 03:21:15 +00.03840E+00  0320 008082 1 00030176 00030156 000 374 43064.1397606597
25.11.2017 03:21:15 +00.03840E+00  0340 008082 1 00030177 00030156 000 343 43064.1397646296
25.11.2017 03:21:16 +00.03840E+00  0358 008082 1 00030178 00030156 000 343 43064.1397685995
25.11.2017 03:21:16 +00.03840E+00  0374 008082 1 00030179 00030156 000 343 43064.1397725694
25.11.2017 03:21:16 +00.03840E+00  0388 008082 1 00030180 00030156 000 374 43064.1397769097
25.11.2017 03:21:17 +00.03840E+00  0404 008082 1 00030181 00030156 000 342 43064.1397808796
25.11.2017 03:21:17 +00.03840E+00  0415 008082 1 00030182 00030156 000 343 43064.1397848495
25.11.2017 03:21:17 +00.03840E+00  0428 008082 1 00030183 00030156 000 344 43064.139788831
25.11.2017 03:21:18 +00.03840E+00  0443 008082 1 00030184 00030156 000 376 43064.1397931829
25.11.2017 03:21:18 +00.03840E+00  0455 008082 1 00030185 00030156 000 341 43064.1397971296
25.11.2017 03:21:18 +00.03840E+00  0467 008082 1 00030186 00030156 000 343 43064.1398010995
25.11.2017 03:21:19 +00.03840E+00  0480 008082 1 00030187 00030156 000 343 43064.1398050694
25.11.2017 03:21:19 +00.03840E+00  0495 008082 1 00030188 00030156 000 378 43064.1398094444
25.11.2017 03:21:19 +00.03840E+00  0509 008082 1 00030189 00030156 000 340 43064.1398133796
25.11.2017 03:21:20 +00.03840E+00  0522 008082 1 00030190 00030156 000 343 43064.1398173495
25.11.2017 03:21:20 +00.03840E+00  0534 008082 1 00030191 00030156 000 343 43064.1398213194
25.11.2017 03:21:20 +00.03840E+00  0550 008082 1 00030192 00030156 000 379 43064.139825706
25.11.2017 03:21:21 +00.03840E+00  0566 008082 1 00030193 00030156 000 345 43064.1398296991
25.11.2017 03:21:21 +00.03840E+00  0594 008082 1 00030194 00030156 000 343 43064.139833669
25.11.2017 03:21:21 +00.03840E+00  0608 008082 1 00030195 00030156 000 343 43064.1398376389
25.11.2017 03:21:22 +00.03840E+00  0620 008082 1 00030196 00030156 000 374 43064.1398419676
25.11.2017 03:21:22 +00.03840E+00  0650 008082 1 00030197 00030156 000 343 43064.1398459375
25.11.2017 03:21:23 +00.03840E+00  0659 008082 1 00030198 00030156 000 343 43064.139849919
25.11.2017 03:21:23 +00.03840E+00  0677 008082 1 00030199 00030156 000 343 43064.1398538889
25.11.2017 03:21:23 +00.03840E+00  0690 008082 1 00030200 00030156 000 375 43064.1398582292
25.11.2017 03:21:24 +00.03840E+00  0711 008082 1 00030201 00030156 000 342 43064.1398621875
25.11.2017 03:21:24 +00.03840E+00  0730 008082 1 00030202 00030156 000 343 43064.1398661574
25.11.2017 03:21:24 +00.03840E+00  0743 008082 1 00030203 00030156 000 342 43064.1398701273
25.11.2017 03:21:25 +00.03840E+00  0759 008082 1 00030204 00030156 000 376 43064.1398744907
25.11.2017 03:21:25 +00.03840E+00  0775 008082 1 00030205 00030156 000 341 43064.1398784375
25.11.2017 03:21:25 +00.03840E+00  0791 008082 1 00030206 00030156 000 344 43064.139882419
25.11.2017 03:21:26 +00.03840E+00  0810 008082 1 00030207 00030156 000 342 43064.1398863773
25.11.2017 03:21:26 +00.03840E+00  0826 008082 1 00030208 00030156 000 378 43064.1398907523
25.11.2017 03:21:26 +00.03840E+00  0842 008082 1 00030209 00030156 000 340 43064.1398946991
25.11.2017 03:21:27 +00.03840E+00  0862 008082 1 00030210 00030156 000 341 43064.1398986574
25.11.2017 03:21:27 +00.03840E+00  0875 008082 1 00030211 00030156 000 343 43064.1399026273
25.11.2017 03:21:27 +00.03840E+00  0896 008082 1 00030212 00030156 000 379 43064.1399070139
25.11.2017 03:21:28 +00.03840E+00  0918 008082 1 00030213 00030156 000 340 43064.1399109491
25.11.2017 03:21:28 +00.03840E+00  0934 008082 1 00030214 00030156 000 341 43064.1399149074
25.11.2017 03:21:28 +00.03840E+00  0952 008082 1 00030215 00030156 000 343 43064.1399188773
25.11.2017 03:21:29 +00.03840E+00  0964 008082 1 00030216 00030156 000 380 43064.1399232755
25.11.2017 03:21:29 +00.03840E+00  0978 008082 1 00030217 00030156 000 344 43064.1399272569
25.11.2017 03:21:30 +00.03840E+00  0995 008082 1 00030218 00030156 000 343 43064.1399312269
25.11.2017 03:21:30 +00.03840E+00  1013 008082 1 00030219 00030156 000 343 43064.1399351968
25.11.2017 03:21:30 +00.03840E+00  1025 008082 1 00030220 00030156 000 375 43064.139939537
25.11.2017 03:21:31 +00.03840E+00  1039 008082 1 00030221 00030156 000 342 43064.1399434954
25.11.2017 03:21:31 +00.03840E+00  1056 008082 1 00030222 00030156 000 343 43064.1399474769
25.11.2017 03:21:31 +00.03840E+00  1071 008082 1 00030223 00030156 000 343 43064.1399514468
25.11.2017 03:21:32 +00.03840E+00  1083 008082 1 00030224 00030156 000 376 43064.1399557986
25.11.2017 03:21:32 +00.03840E+00  1102 008082 1 00030225 00030156 000 341 43064.1399597454
25.11.2017 03:21:32 +00.03840E+00  1118 008082 1 00030226 00030156 000 342 43064.1399637153
25.11.2017 03:21:33 +00.03840E+00  1136 008082 1 00030227 00030156 000 342 43064.1399676852
25.11.2017 03:21:33 +00.03840E+00  1153 008082 1 00030228 00030156 000 377 43064.1399720602
25.11.2017 03:21:33 +00.03840E+00  1167 008082 1 00030229 00030156 000 340 43064.1399760069
25.11.2017 03:21:34 +00.03840E+00  1175 008082 1 00030230 00030156 000 341 43064.1399799653
25.11.2017 03:21:34 +00.03840E+00  1190 008082 1 00030231 00030156 000 343 43064.1399839352
25.11.2017 03:21:34 +00.03840E+00  1210 008082 1 00030232 00030156 000 379 43064.1399883218
25.11.2017 03:21:35 +00.03840E+00  1224 008082 1 00030233 00030156 000 344 43064.1399923148
25.11.2017 03:21:35 +00.03840E+00  1249 008082 1 00030234 00030156 000 344 43064.1399962963
25.11.2017 03:21:36 +00.03840E+00  1263 008082 1 00030235 00030156 000 342 43064.1400002546
25.11.2017 03:21:36 +00.03840E+00  1271 008082 1 00030236 00030156 000 373 43064.1400045833
25.11.2017 03:21:36 +00.03840E+00  1286 008082 1 00030237 00030156 000 343 43064.1400085648
25.11.2017 03:21:37 +00.03840E+00  1299 008082 1 00030238 00030156 000 343 43064.1400125347
25.11.2017 03:21:37 +00.03840E+00  1305 008082 1 00030239 00030156 000 343 43064.1400165046
25.11.2017 03:21:37 +00.03840E+00  1316 008082 1 00030240 00030156 000 375 43064.1400208449
25.11.2017 03:21:38 +00.03840E+00  1329 008082 1 00030241 00030156 000 343 43064.1400248148
25.11.2017 03:21:38 +00.03840E+00  1341 008082 1 00030242 00030156 000 343 43064.1400287847
25.11.2017 03:21:44 +00.03860E+00  0011 008123 1 00030243 00030243 000 342 43064.1400932986
25.11.2017 03:21:44 +00.03860E+00  0022 008123 1 00030244 00030243 000 342 43064.1400972685
25.11.2017 03:21:44 +00.03859E+00  0040 008123 1 00030245 00030243 000 421 43064.1401021528
25.11.2017 03:21:45 +00.03860E+00  0064 008123 1 00030246 00030243 000 340 43064.140106088
25.11.2017 03:21:45 +00.03859E+00  0084 008123 1 00030247 00030243 000 342 43064.1401100579
25.11.2017 03:21:45 +00.03860E+00  0098 008123 1 00030248 00030243 000 342 43064.1401140278
25.11.2017 03:21:46 +00.03860E+00  0119 008123 1 00030249 00030243 000 378 43064.1401184144
25.11.2017 03:21:46 +00.03859E+00  0136 008123 1 00030250 00030243 000 345 43064.140122419
25.11.2017 03:21:46 +00.03859E+00  0152 008123 1 00030251 00030243 000 342 43064.1401263773
25.11.2017 03:21:47 +00.03859E+00  0165 008123 1 00030252 00030243 000 343 43064.1401303588
25.11.2017 03:21:47 +00.03859E+00  0175 008123 1 00030253 00030243 000 373 43064.1401346759
25.11.2017 03:21:47 +00.03859E+00  0187 008123 1 00030254 00030243 000 344 43064.1401386574
25.11.2017 03:21:48 +00.03859E+00  0200 008123 1 00030255 00030243 000 343 43064.1401426273
25.11.2017 03:21:48 +00.03860E+00  0213 008123 1 00030256 00030243 000 342 43064.1401465972
25.11.2017 03:21:49 +00.03860E+00  0228 008123 1 00030257 00030243 000 374 43064.1401509375
25.11.2017 03:21:49 +00.03859E+00  0247 008123 1 00030258 00030243 000 343 43064.1401549074
25.11.2017 03:21:49 +00.03859E+00  0259 008123 1 00030259 00030243 000 342 43064.1401588773
25.11.2017 03:21:50 +00.03859E+00  0271 008123 1 00030260 00030243 000 342 43064.1401628472
25.11.2017 03:21:50 +00.03859E+00  0283 008123 1 00030261 00030243 000 375 43064.1401671991
25.11.2017 03:21:50 +00.03859E+00  0300 008123 1 00030262 00030243 000 342 43064.1401711574
25.11.2017 03:21:51 +00.03859E+00  0316 008123 1 00030263 00030243 000 344 43064.1401751389
25.11.2017 03:21:51 +00.03860E+00  0329 008123 1 00030264 00030243 000 342 43064.1401790972
25.11.2017 03:21:51 +00.03859E+00  0344 008123 1 00030265 00030243 000 377 43064.1401834607
25.11.2017 03:21:52 +00.03859E+00  0361 008123 1 00030266 00030243 000 341 43064.1401874074
25.11.2017 03:21:52 +00.03859E+00  0375 008123 1 00030267 00030243 000 343 43064.1401913773
25.11.2017 03:21:52 +00.03859E+00  0391 008123 1 00030268 00030243 000 343 43064.1401953472
25.11.2017 03:21:53 +00.03859E+00  0404 008123 1 00030269 00030243 000 378 43064.1401997222
25.11.2017 03:21:53 +00.03860E+00  0418 008123 1 00030270 00030243 000 340 43064.1402036574
25.11.2017 03:21:53 +00.03859E+00  0437 008123 1 00030271 00030243 000 342 43064.1402076157
25.11.2017 03:21:54 +00.03859E+00  0446 008125 1 00030272 00030243 000 343 43064.1402115972
25.11.2017 03:21:54 +00.03860E+00  0458 008125 1 00030273 00030243 000 380 43064.1402159954
25.11.2017 03:21:55 +00.03860E+00  0480 008125 1 00030274 00030243 000 344 43064.1402199768
25.11.2017 03:21:55 +00.03860E+00  0495 008125 1 00030275 00030243 000 343 43064.1402239468
25.11.2017 03:21:55 +00.03860E+00  0508 008125 1 00030276 00030243 000 343 43064.1402279167
25.11.2017 03:21:56 +00.03860E+00  0525 008125 1 00030277 00030243 000 375 43064.1402322569
25.11.2017 03:21:56 +00.03860E+00  0543 008125 1 00030278 00030243 000 342 43064.1402362153
25.11.2017 03:21:56 +00.03860E+00  0560 008125 1 00030279 00030243 000 343 43064.1402401852
25.11.2017 03:21:57 +00.03860E+00  0577 008125 1 00030280 00030243 000 342 43064.1402441551
25.11.2017 03:21:57 +00.03860E+00  0594 008125 1 00030281 00030243 000 376 43064.1402485185
25.11.2017 03:21:57 +00.03860E+00  0607 008125 1 00030282 00030243 000 341 43064.1402524653
25.11.2017 03:21:58 +00.03860E+00  0625 008125 1 00030283 00030243 000 342 43064.1402564352
25.11.2017 03:21:58 +00.03860E+00  0646 008125 1 00030284 00030243 000 342 43064.1402604051
25.11.2017 03:21:58 +00.03860E+00  0667 008125 1 00030285 00030243 000 376 43064.1402647685
25.11.2017 03:21:59 +00.03860E+00  0688 008125 1 00030286 00030243 000 340 43064.1402687153
25.11.2017 03:21:59 +00.03860E+00  0694 008125 1 00030287 00030243 000 342 43064.1402726852
25.11.2017 03:21:59 +00.03860E+00  0711 008125 1 00030288 00030243 000 343 43064.1402766551
25.11.2017 03:22:00 +00.03861E+00  0733 008125 1 00030289 00030243 000 378 43064.1402810301
25.11.2017 03:22:00 +00.03860E+00  0747 008125 1 00030290 00030243 000 340 43064.1402849653
25.11.2017 03:22:00 +00.03860E+00  0756 008125 1 00030291 00030243 000 342 43064.1402889352
25.11.2017 03:22:01 +00.03860E+00  0775 008125 1 00030292 00030243 000 343 43064.1402929051
25.11.2017 03:22:01 +00.03860E+00  0787 008125 1 00030293 00030243 000 379 43064.1402972917
25.11.2017 03:22:02 +00.03860E+00  0808 008125 1 00030294 00030243 000 340 43064.1403012268
25.11.2017 03:22:02 +00.03861E+00  0819 008125 1 00030295 00030243 000 341 43064.1403051852
25.11.2017 03:22:02 +00.03861E+00  0824 008125 1 00030296 00030243 000 343 43064.1403091551
25.11.2017 03:22:03 +00.03860E+00  0838 008125 1 00030297 00030243 000 381 43064.1403135648
25.11.2017 03:22:03 +00.03861E+00  0861 008125 1 00030298 00030243 000 343 43064.1403175347
25.11.2017 03:22:03 +00.03860E+00  0873 008125 1 00030299 00030243 000 343 43064.1403215046
25.11.2017 03:22:04 +00.03860E+00  0887 008125 1 00030300 00030243 000 343 43064.1403254745
25.11.2017 03:22:04 +00.03860E+00  0908 008125 1 00030301 00030243 000 376 43064.1403298264
25.11.2017 03:22:04 +00.03860E+00  0923 008125 1 00030302 00030243 000 342 43064.1403337847
25.11.2017 03:22:05 +00.03860E+00  0937 008125 1 00030303 00030243 000 343 43064.1403377546
25.11.2017 03:22:05 +00.03860E+00  0947 008125 1 00030304 00030243 000 343 43064.1403417245
25.11.2017 03:22:05 +00.03860E+00  0964 008125 1 00030305 00030243 000 377 43064.140346088
25.11.2017 03:22:06 +00.03860E+00  0981 008125 1 00030306 00030243 000 340 43064.1403500231
25.11.2017 03:22:06 +00.03860E+00  0995 008125 1 00030307 00030243 000 342 43064.1403539931
25.11.2017 03:22:06 +00.03860E+00  1014 008125 1 00030308 00030243 000 342 43064.140357963
25.11.2017 03:22:07 +00.03860E+00  1032 008125 1 00030309 00030243 000 378 43064.140362338
25.11.2017 03:22:07 +00.03860E+00  1048 008125 1 00030310 00030243 000 341 43064.1403662963
25.11.2017 03:22:07 +00.03860E+00  1062 008125 1 00030311 00030243 000 341 43064.1403702431
25.11.2017 03:22:08 +00.03860E+00  1077 008125 1 00030312 00030243 000 343 43064.140374213
25.11.2017 03:22:08 +00.03860E+00  1090 008125 1 00030313 00030243 000 378 43064.1403785995
25.11.2017 03:22:09 +00.03861E+00  1109 008125 1 00030314 00030243 000 340 43064.1403825347
25.11.2017 03:22:09 +00.03861E+00  1126 008125 1 00030315 00030243 000 342 43064.1403864931
25.11.2017 03:22:09 +00.03861E+00  1146 008125 1 00030316 00030243 000 343 43064.140390463
25.11.2017 03:22:10 +00.03860E+00  1165 008123 1 00030317 00030243 000 382 43064.1403948843
25.11.2017 03:22:10 +00.03860E+00  1178 008123 1 00030318 00030243 000 342 43064.1403988426
25.11.2017 03:22:10 +00.03860E+00  1195 008123 1 00030319 00030243 000 343 43064.1404028125
25.11.2017 03:22:11 +00.03859E+00  1208 008123 1 00030320 00030243 000 343 43064.1404067824
25.11.2017 03:22:11 +00.03859E+00  1226 008123 1 00030321 00030243 000 375 43064.1404111227
25.11.2017 03:22:11 +00.03860E+00  1237 008123 1 00030322 00030243 000 342 43064.1404150926
25.11.2017 03:22:12 +00.03859E+00  1253 008123 1 00030323 00030243 000 343 43064.1404190625
25.11.2017 03:22:12 +00.03860E+00  1263 008123 1 00030324 00030243 000 344 43064.140423044
25.11.2017 03:22:12 +00.03860E+00  1283 008123 1 00030325 00030243 000 376 43064.1404273958
25.11.2017 03:22:13 +00.03860E+00  1298 008123 1 00030326 00030243 000 341 43064.1404313426
25.11.2017 03:22:13 +00.03860E+00  1314 008123 1 00030327 00030243 000 343 43064.1404353125
25.11.2017 03:22:13 +00.03859E+00  1331 008123 1 00030328 00030243 000 343 43064.1404392824
25.11.2017 03:22:19 +00.03880E+00  0009 008165 1 00030329 00030329 000 342 43064.1405040856
25.11.2017 03:22:19 +00.03879E+00  0023 008165 1 00030330 00030329 000 397 43064.1405086921
25.11.2017 03:22:20 +00.03879E+00  0036 008165 1 00030331 00030329 000 344 43064.1405126852
25.11.2017 03:22:20 +00.03880E+00  0047 008165 1 00030332 00030329 000 343 43064.1405166667
25.11.2017 03:22:20 +00.03880E+00  0055 008165 1 00030333 00030329 000 343 43064.1405206366
25.11.2017 03:22:21 +00.03879E+00  0073 008165 1 00030334 00030329 000 374 43064.1405249653
25.11.2017 03:22:21 +00.03879E+00  0096 008165 1 00030335 00030329 000 343 43064.1405289352
25.11.2017 03:22:22 +00.03879E+00  0115 008165 1 00030336 00030329 000 342 43064.1405329051
25.11.2017 03:22:22 +00.03879E+00  0133 008165 1 00030337 00030329 000 342 43064.140536875
25.11.2017 03:22:22 +00.03879E+00  0148 008165 1 00030338 00030329 000 374 43064.1405412153
25.11.2017 03:22:23 +00.03879E+00  0164 008165 1 00030339 00030329 000 342 43064.1405451852
25.11.2017 03:22:23 +00.03879E+00  0176 008165 1 00030340 00030329 000 343 43064.1405491551
25.11.2017 03:22:23 +00.03880E+00  0194 008165 1 00030341 00030329 000 343 43064.140553125
25.11.2017 03:22:24 +00.03879E+00  0213 008165 1 00030342 00030329 000 377 43064.1405574884
25.11.2017 03:22:24 +00.03879E+00  0229 008165 1 00030343 00030329 000 340 43064.1405614352
25.11.2017 03:22:24 +00.03879E+00  0240 008167 1 00030344 00030329 000 342 43064.1405654051
25.11.2017 03:22:25 +00.03880E+00  0250 008167 1 00030345 00030329 000 343 43064.140569375
25.11.2017 03:22:25 +00.03880E+00  0262 008167 1 00030346 00030329 000 378 43064.14057375
25.11.2017 03:22:25 +00.03880E+00  0282 008167 1 00030347 00030329 000 340 43064.1405776852
25.11.2017 03:22:26 +00.03880E+00  0296 008167 1 00030348 00030329 000 342 43064.1405816551
25.11.2017 03:22:26 +00.03880E+00  0317 008167 1 00030349 00030329 000 343 43064.140585625
25.11.2017 03:22:26 +00.03880E+00  0338 008167 1 00030350 00030329 000 379 43064.1405900116
25.11.2017 03:22:27 +00.03880E+00  0353 008167 1 00030351 00030329 000 345 43064.1405940046
25.11.2017 03:22:27 +00.03880E+00  0367 008167 1 00030352 00030329 000 343 43064.1405979745
25.11.2017 03:22:28 +00.03880E+00  0384 008167 1 00030353 00030329 000 343 43064.1406019444
25.11.2017 03:22:28 +00.03880E+00  0399 008167 1 00030354 00030329 000 374 43064.1406062731
25.11.2017 03:22:28 +00.03880E+00  0413 008167 1 00030355 00030329 000 344 43064.1406102546
25.11.2017 03:22:29 +00.03880E+00  0429 008167 1 00030356 00030329 000 343 43064.1406142245
25.11.2017 03:22:29 +00.03880E+00  0441 008167 1 00030357 00030329 000 343 43064.1406181944
25.11.2017 03:22:29 +00.03880E+00  0462 008167 1 00030358 00030329 000 375 43064.1406225347
25.11.2017 03:22:30 +00.03880E+00  0486 008167 1 00030359 00030329 000 343 43064.1406265046
25.11.2017 03:22:30 +00.03880E+00  0498 008167 1 00030360 00030329 000 341 43064.140630463
25.11.2017 03:22:30 +00.03881E+00  0513 008167 1 00030361 00030329 000 342 43064.1406344329
25.11.2017 03:22:31 +00.03880E+00  0532 008167 1 00030362 00030329 000 375 43064.1406387847
25.11.2017 03:22:31 +00.03881E+00  0545 008167 1 00030363 00030329 000 341 43064.1406427431
25.11.2017 03:22:31 +00.03880E+00  0559 008167 1 00030364 00030329 000 343 43064.1406467245
25.11.2017 03:22:32 +00.03880E+00  0582 008167 1 00030365 00030329 000 342 43064.1406506829
25.11.2017 03:22:32 +00.03880E+00  0592 008167 1 00030366 00030329 000 377 43064.1406550579
25.11.2017 03:22:32 +00.03880E+00  0609 008167 1 00030367 00030329 000 341 43064.1406590046
25.11.2017 03:22:33 +00.03880E+00  0614 008167 1 00030368 00030329 000 342 43064.140662963
25.11.2017 03:22:33 +00.03880E+00  0631 008167 1 00030369 00030329 000 343 43064.1406669329
25.11.2017 03:22:34 +00.03880E+00  0646 008167 1 00030370 00030329 000 379 43064.1406713194
25.11.2017 03:22:34 +00.03880E+00  0666 008167 1 00030371 00030329 000 340 43064.1406752546
25.11.2017 03:22:34 +00.03880E+00  0679 008167 1 00030372 00030329 000 341 43064.140679213
25.11.2017 03:22:35 +00.03881E+00  0694 008167 1 00030373 00030329 000 343 43064.1406831829
25.11.2017 03:22:35 +00.03880E+00  0703 008165 1 00030374 00030329 000 380 43064.140687581
25.11.2017 03:22:35 +00.03879E+00  0719 008165 1 00030375 00030329 000 344 43064.1406915625
25.11.2017 03:22:36 +00.03880E+00  0730 008165 1 00030376 00030329 000 343 43064.1406955324
25.11.2017 03:22:36 +00.03879E+00  0743 008165 1 00030377 00030329 000 343 43064.1406995023
25.11.2017 03:22:36 +00.03879E+00  0759 008165 1 00030378 00030329 000 375 43064.1407038426
25.11.2017 03:22:37 +00.03879E+00  0784 008165 1 00030379 00030329 000 343 43064.1407078125
25.11.2017 03:22:37 +00.03879E+00  0804 008165 1 00030380 00030329 000 343 43064.1407117824
25.11.2017 03:22:37 +00.03879E+00  0819 008165 1 00030381 00030329 000 343 43064.1407157523
25.11.2017 03:22:38 +00.03879E+00  0835 008165 1 00030382 00030329 000 376 43064.1407201042
25.11.2017 03:22:38 +00.03879E+00  0853 008165 1 00030383 00030329 000 341 43064.1407240509
25.11.2017 03:22:38 +00.03879E+00  0866 008165 1 00030384 00030329 000 342 43064.1407280208
25.11.2017 03:22:39 +00.03879E+00  0878 008165 1 00030385 00030329 000 342 43064.1407319907
25.11.2017 03:22:39 +00.03879E+00  0885 008165 1 00030386 00030329 000 377 43064.1407363657
25.11.2017 03:22:39 +00.03879E+00  0896 008165 1 00030387 00030329 000 340 43064.1407403009
25.11.2017 03:22:40 +00.03879E+00  0910 008165 1 00030388 00030329 000 342 43064.1407442708
25.11.2017 03:22:40 +00.03879E+00  0923 008167 1 00030389 00030329 000 342 43064.1407482407
25.11.2017 03:22:41 +00.03880E+00  0943 008167 1 00030390 00030329 000 378 43064.1407526273
25.11.2017 03:22:41 +00.03880E+00  0959 008167 1 00030391 00030329 000 344 43064.1407566204
25.11.2017 03:22:41 +00.03880E+00  0968 008167 1 00030392 00030329 000 342 43064.1407605903
25.11.2017 03:22:42 +00.03880E+00  0978 008167 1 00030393 00030329 000 343 43064.1407645718
25.11.2017 03:22:42 +00.03880E+00  0997 008167 1 00030394 00030329 000 373 43064.1407688889
25.11.2017 03:22:42 +00.03880E+00  1014 008167 1 00030395 00030329 000 343 43064.1407728704
25.11.2017 03:22:43 +00.03881E+00  1032 008167 1 00030396 00030329 000 343 43064.1407768403
25.11.2017 03:22:43 +00.03881E+00  1052 008167 1 00030397 00030329 000 343 43064.1407808218
25.11.2017 03:22:43 +00.03880E+00  1070 008167 1 00030398 00030329 000 375 43064.140785162
25.11.2017 03:22:44 +00.03880E+00  1080 008167 1 00030399 00030329 000 342 43064.1407891204
25.11.2017 03:22:44 +00.03880E+00  1096 008167 1 00030400 00030329 000 343 43064.1407930903
25.11.2017 03:22:44 +00.03880E+00  1117 008167 1 00030401 00030329 000 343 43064.1407970602
25.11.2017 03:22:45 +00.03881E+00  1128 008167 1 00030402 00030329 000 376 43064.140801412
25.11.2017 03:22:45 +00.03880E+00  1150 008167 1 00030403 00030329 000 342 43064.1408053704
25.11.2017 03:22:45 +00.03880E+00  1162 008167 1 00030404 00030329 000 343 43064.1408093403
25.11.2017 03:22:46 +00.03880E+00  1172 008167 1 00030405 00030329 000 343 43064.1408133102
25.11.2017 03:22:46 +00.03880E+00  1186 008167 1 00030406 00030329 000 377 43064.1408176736
25.11.2017 03:22:46 +00.03880E+00  1211 008167 1 00030407 00030329 000 340 43064.1408216088
25.11.2017 03:22:47 +00.03880E+00  1225 008167 1 00030408 00030329 000 343 43064.1408255903
25.11.2017 03:22:47 +00.03880E+00  1244 008167 1 00030409 00030329 000 343 43064.1408295602
25.11.2017 03:22:48 +00.03880E+00  1254 008167 1 00030410 00030329 000 378 43064.1408339352
25.11.2017 03:22:48 +00.03880E+00  1272 008167 1 00030411 00030329 000 340 43064.1408378704
25.11.2017 03:22:48 +00.03881E+00  1286 008167 1 00030412 00030329 000 341 43064.1408418287
25.11.2017 03:22:49 +00.03880E+00  1299 008167 1 00030413 00030329 000 342 43064.1408457986
25.11.2017 03:22:49 +00.03880E+00  1315 008167 1 00030414 00030329 000 379 43064.1408501968
25.11.2017 03:22:49 +00.03880E+00  1328 008167 1 00030415 00030329 000 343 43064.1408541782
25.11.2017 03:22:55 +00.03899E+00  0009 008206 1 00030416 00030416 000 381 43064.1409152431
25.11.2017 03:22:55 +00.03899E+00  0022 008206 1 00030417 00030416 000 342 43064.1409192014
25.11.2017 03:22:55 +00.03899E+00  0035 008206 1 00030418 00030416 000 343 43064.1409231713
25.11.2017 03:22:56 +00.03899E+00  0046 008206 1 00030419 00030416 000 343 43064.1409271412
25.11.2017 03:22:56 +00.03899E+00  0060 008206 1 00030420 00030416 000 377 43064.1409315046
25.11.2017 03:22:56 +00.03899E+00  0077 008206 1 00030421 00030416 000 342 43064.140935463
25.11.2017 03:22:57 +00.03899E+00  0083 008206 1 00030422 00030416 000 342 43064.1409394213
25.11.2017 03:22:57 +00.03899E+00  0098 008206 1 00030423 00030416 000 343 43064.1409433912
25.11.2017 03:22:57 +00.03899E+00  0112 008206 1 00030424 00030416 000 378 43064.1409477662
25.11.2017 03:22:58 +00.03899E+00  0124 008206 1 00030425 00030416 000 340 43064.1409517014
25.11.2017 03:22:58 +00.03899E+00  0135 008206 1 00030426 00030416 000 342 43064.1409556713
25.11.2017 03:22:58 +00.03899E+00  0146 008206 1 00030427 00030416 000 343 43064.1409596412
25.11.2017 03:22:59 +00.03899E+00  0156 008206 1 00030428 00030416 000 379 43064.1409640278
25.11.2017 03:22:59 +00.03899E+00  0169 008206 1 00030429 00030416 000 345 43064.1409680208
25.11.2017 03:22:59 +00.03899E+00  0179 008206 1 00030430 00030416 000 343 43064.1409719907
25.11.2017 03:23:00 +00.03899E+00  0197 008208 1 00030431 00030416 000 343 43064.1409759606
25.11.2017 03:23:00 +00.03900E+00  0208 008208 1 00030432 00030416 000 375 43064.1409803009
25.11.2017 03:23:01 +00.03900E+00  0224 008208 1 00030433 00030416 000 342 43064.1409842593
25.11.2017 03:23:01 +00.03900E+00  0238 008208 1 00030434 00030416 000 343 43064.1409882407
25.11.2017 03:23:01 +00.03900E+00  0254 008208 1 00030435 00030416 000 342 43064.1409921991
25.11.2017 03:23:02 +00.03900E+00  0264 008208 1 00030436 00030416 000 376 43064.1409965625
25.11.2017 03:23:02 +00.03900E+00  0278 008208 1 00030437 00030416 000 341 43064.1410005093
25.11.2017 03:23:02 +00.03900E+00  0286 008208 1 00030438 00030416 000 342 43064.1410044792
25.11.2017 03:23:03 +00.03900E+00  0301 008208 1 00030439 00030416 000 342 43064.1410084491
25.11.2017 03:23:03 +00.03900E+00  0312 008208 1 00030440 00030416 000 376 43064.1410128125
25.11.2017 03:23:03 +00.03900E+00  0329 008208 1 00030441 00030416 000 340 43064.1410167593
25.11.2017 03:23:04 +00.03900E+00  0341 008208 1 00030442 00030416 000 342 43064.1410207292
25.11.2017 03:23:04 +00.03900E+00  0356 008208 1 00030443 00030416 000 343 43064.1410246991
25.11.2017 03:23:04 +00.03900E+00  0375 008208 1 00030444 00030416 000 378 43064.1410290741
25.11.2017 03:23:05 +00.03900E+00  0383 008208 1 00030445 00030416 000 340 43064.1410330208
25.11.2017 03:23:05 +00.03900E+00  0396 008208 1 00030446 00030416 000 341 43064.1410369792
25.11.2017 03:23:05 +00.03900E+00  0412 008208 1 00030447 00030416 000 343 43064.1410409491
25.11.2017 03:23:06 +00.03900E+00  0423 008208 1 00030448 00030416 000 379 43064.1410453357
25.11.2017 03:23:06 +00.03900E+00  0444 008208 1 00030449 00030416 000 340 43064.1410492708
25.11.2017 03:23:06 +00.03900E+00  0468 008208 1 00030450 00030416 000 342 43064.1410532292
25.11.2017 03:23:07 +00.03900E+00  0488 008208 1 00030451 00030416 000 343 43064.1410571991
25.11.2017 03:23:07 +00.03900E+00  0503 008208 1 00030452 00030416 000 380 43064.1410615972
25.11.2017 03:23:08 +00.03900E+00  0519 008208 1 00030453 00030416 000 344 43064.1410655787
25.11.2017 03:23:08 +00.03900E+00  0536 008208 1 00030454 00030416 000 343 43064.1410695486
25.11.2017 03:23:08 +00.03900E+00  0546 008208 1 00030455 00030416 000 343 43064.1410735185
25.11.2017 03:23:09 +00.03900E+00  0562 008208 1 00030456 00030416 000 375 43064.1410778588
25.11.2017 03:23:09 +00.03900E+00  0575 008208 1 00030457 00030416 000 342 43064.1410818171
25.11.2017 03:23:09 +00.03900E+00  0589 008208 1 00030458 00030416 000 343 43064.1410857986
25.11.2017 03:23:10 +00.03900E+00  0608 008208 1 00030459 00030416 000 343 43064.1410897685
25.11.2017 03:23:10 +00.03900E+00  0619 008208 1 00030460 00030416 000 377 43064.1410941319
25.11.2017 03:23:10 +00.03900E+00  0635 008208 1 00030461 00030416 000 340 43064.1410980671
25.11.2017 03:23:11 +00.03900E+00  0651 008208 1 00030462 00030416 000 343 43064.141102037
25.11.2017 03:23:11 +00.03900E+00  0664 008208 1 00030463 00030416 000 342 43064.1411060069
25.11.2017 03:23:11 +00.03900E+00  0685 008208 1 00030464 00030416 000 377 43064.1411103819
25.11.2017 03:23:12 +00.03900E+00  0698 008208 1 00030465 00030416 000 340 43064.1411143171
25.11.2017 03:23:12 +00.03900E+00  0718 008208 1 00030466 00030416 000 343 43064.1411182986
25.11.2017 03:23:12 +00.03900E+00  0730 008208 1 00030467 00030416 000 342 43064.1411222569
25.11.2017 03:23:13 +00.03900E+00  0758 008208 1 00030468 00030416 000 379 43064.1411266435
25.11.2017 03:23:13 +00.03900E+00  0779 008208 1 00030469 00030416 000 344 43064.1411306366
25.11.2017 03:23:14 +00.03900E+00  0791 008208 1 00030470 00030416 000 343 43064.1411346181
25.11.2017 03:23:14 +00.03900E+00  0808 008208 1 00030471 00030416 000 343 43064.141138588
25.11.2017 03:23:14 +00.03900E+00  0821 008208 1 00030472 00030416 000 373 43064.1411429051
25.11.2017 03:23:15 +00.03900E+00  0841 008208 1 00030473 00030416 000 343 43064.1411468866
25.11.2017 03:23:15 +00.03900E+00  0861 008208 1 00030474 00030416 000 343 43064.1411508565
25.11.2017 03:23:15 +00.03900E+00  0874 008208 1 00030475 00030416 000 343 43064.1411548264
25.11.2017 03:23:16 +00.03900E+00  0890 008208 1 00030476 00030416 000 374 43064.1411591667
25.11.2017 03:23:16 +00.03900E+00  0908 008208 1 00030477 00030416 000 343 43064.1411631366
25.11.2017 03:23:16 +00.03900E+00  0928 008208 1 00030478 00030416 000 343 43064.1411671065
25.11.2017 03:23:17 +00.03900E+00  0937 008208 1 00030479 00030416 000 343 43064.1411710764
25.11.2017 03:23:17 +00.03900E+00  0952 008208 1 00030480 00030416 000 377 43064.1411754398
25.11.2017 03:23:17 +00.03900E+00  0971 008208 1 00030481 00030416 000 341 43064.1411793866
25.11.2017 03:23:18 +00.03900E+00  0983 008208 1 00030482 00030416 000 343 43064.1411833565
25.11.2017 03:23:18 +00.03900E+00  1000 008208 1 00030483 00030416 000 343 43064.1411873264
25.11.2017 03:23:18 +00.03900E+00  1014 008208 1 00030484 00030416 000 378 43064.1411917014
25.11.2017 03:23:19 +00.03900E+00  1031 008208 1 00030485 00030416 000 340 43064.1411956366
25.11.2017 03:23:19 +00.03900E+00  1044 008208 1 00030486 00030416 000 341 43064.1411995949
25.11.2017 03:23:19 +00.03900E+00  1058 008208 1 00030487 00030416 000 342 43064.1412035648
25.11.2017 03:23:20 +00.03900E+00  1072 008208 1 00030488 00030416 000 379 43064.141207963
25.11.2017 03:23:20 +00.03900E+00  1088 008208 1 00030489 00030416 000 345 43064.141211956
25.11.2017 03:23:21 +00.03900E+00  1101 008208 1 00030490 00030416 000 342 43064.1412159144
25.11.2017 03:23:21 +00.03900E+00  1115 008208 1 00030491 00030416 000 343 43064.1412198958
25.11.2017 03:23:21 +00.03900E+00  1124 008208 1 00030492 00030416 000 374 43064.1412242245
25.11.2017 03:23:22 +00.03900E+00  1138 008208 1 00030493 00030416 000 343 43064.1412281944
25.11.2017 03:23:22 +00.03900E+00  1153 008208 1 00030494 00030416 000 342 43064.1412321644
25.11.2017 03:23:22 +00.03900E+00  1167 008208 1 00030495 00030416 000 343 43064.1412361343
25.11.2017 03:23:23 +00.03900E+00  1183 008208 1 00030496 00030416 000 374 43064.1412404745
25.11.2017 03:23:23 +00.03900E+00  1195 008208 1 00030497 00030416 000 342 43064.1412444444
25.11.2017 03:23:23 +00.03900E+00  1214 008208 1 00030498 00030416 000 344 43064.1412484259
25.11.2017 03:23:24 +00.03900E+00  1237 008208 1 00030499 00030416 000 342 43064.1412523843
25.11.2017 03:23:24 +00.03900E+00  1249 008208 1 00030500 00030416 000 375 43064.1412567361
25.11.2017 03:23:24 +00.03900E+00  1263 008208 1 00030501 00030416 000 341 43064.1412606944
25.11.2017 03:23:25 +00.03900E+00  1271 008208 1 00030502 00030416 000 343 43064.1412646644
25.11.2017 03:23:30 +00.03920E+00  0014 008249 1 00030503 00030503 000 340 43064.1413291782
25.11.2017 03:23:31 +00.03920E+00  0028 008249 1 00030504 00030503 000 343 43064.1413331597
25.11.2017 03:23:31 +00.03920E+00  0045 008249 1 00030505 00030503 000 343 43064.1413371296
25.11.2017 03:23:31 +00.03920E+00  0065 008249 1 00030506 00030503 000 361 43064.1413413079
25.11.2017 03:23:32 +00.03920E+00  0079 008249 1 00030507 00030503 000 344 43064.1413452894
25.11.2017 03:23:32 +00.03920E+00  0101 008249 1 00030508 00030503 000 343 43064.1413492593
25.11.2017 03:23:32 +00.03920E+00  0113 008249 1 00030509 00030503 000 343 43064.1413532292
25.11.2017 03:23:33 +00.03920E+00  0127 008249 1 00030510 00030503 000 375 43064.1413575694
25.11.2017 03:23:33 +00.03920E+00  0142 008249 1 00030511 00030503 000 342 43064.1413615278
25.11.2017 03:23:33 +00.03920E+00  0162 008249 1 00030512 00030503 000 342 43064.1413654977
25.11.2017 03:23:34 +00.03920E+00  0170 008249 1 00030513 00030503 000 343 43064.1413694792
25.11.2017 03:23:34 +00.03919E+00  0183 008249 1 00030514 00030503 000 376 43064.141373831
25.11.2017 03:23:35 +00.03919E+00  0197 008249 1 00030515 00030503 000 341 43064.1413777778
25.11.2017 03:23:35 +00.03919E+00  0216 008249 1 00030516 00030503 000 342 43064.1413817477
25.11.2017 03:23:35 +00.03919E+00  0233 008249 1 00030517 00030503 000 342 43064.1413857176
25.11.2017 03:23:36 +00.03920E+00  0248 008251 1 00030518 00030503 000 376 43064.141390081
25.11.2017 03:23:36 +00.03920E+00  0266 008251 1 00030519 00030503 000 340 43064.1413940278
25.11.2017 03:23:36 +00.03920E+00  0282 008251 1 00030520 00030503 000 342 43064.1413979977
25.11.2017 03:23:37 +00.03920E+00  0299 008251 1 00030521 00030503 000 342 43064.1414019676
25.11.2017 03:23:37 +00.03920E+00  0314 008251 1 00030522 00030503 000 379 43064.1414063542
25.11.2017 03:23:37 +00.03920E+00  0330 008251 1 00030523 00030503 000 344 43064.1414103472
25.11.2017 03:23:38 +00.03921E+00  0339 008251 1 00030524 00030503 000 342 43064.1414143171
25.11.2017 03:23:38 +00.03920E+00  0347 008251 1 00030525 00030503 000 342 43064.141418287
25.11.2017 03:23:38 +00.03920E+00  0360 008251 1 00030526 00030503 000 373 43064.1414226157
25.11.2017 03:23:39 +00.03921E+00  0375 008251 1 00030527 00030503 000 343 43064.1414265972
25.11.2017 03:23:39 +00.03920E+00  0391 008251 1 00030528 00030503 000 343 43064.1414305671
25.11.2017 03:23:39 +00.03921E+00  0409 008251 1 00030529 00030503 000 343 43064.141434537
25.11.2017 03:23:40 +00.03921E+00  0430 008251 1 00030530 00030503 000 375 43064.1414388773
25.11.2017 03:23:40 +00.03920E+00  0451 008251 1 00030531 00030503 000 343 43064.1414428472
25.11.2017 03:23:41 +00.03921E+00  0463 008251 1 00030532 00030503 000 343 43064.1414468171
25.11.2017 03:23:41 +00.03921E+00  0473 008249 1 00030533 00030503 000 343 43064.141450787
25.11.2017 03:23:41 +00.03920E+00  0491 008249 1 00030534 00030503 000 376 43064.1414551389
25.11.2017 03:23:42 +00.03920E+00  0512 008249 1 00030535 00030503 000 342 43064.1414590972
25.11.2017 03:23:42 +00.03920E+00  0524 008249 1 00030536 00030503 000 343 43064.1414630671
25.11.2017 03:23:42 +00.03920E+00  0541 008249 1 00030537 00030503 000 343 43064.141467037
25.11.2017 03:23:43 +00.03919E+00  0550 008249 1 00030538 00030503 000 377 43064.1414714005
25.11.2017 03:23:43 +00.03920E+00  0570 008249 1 00030539 00030503 000 341 43064.1414753472
25.11.2017 03:23:43 +00.03920E+00  0582 008249 1 00030540 00030503 000 342 43064.1414793056
25.11.2017 03:23:44 +00.03920E+00  0592 008249 1 00030541 00030503 000 342 43064.1414832755
25.11.2017 03:23:44 +00.03920E+00  0606 008249 1 00030542 00030503 000 377 43064.1414876505
25.11.2017 03:23:44 +00.03919E+00  0619 008249 1 00030543 00030503 000 340 43064.1414915972
25.11.2017 03:23:45 +00.03919E+00  0632 008249 1 00030544 00030503 000 341 43064.1414955556
25.11.2017 03:23:45 +00.03919E+00  0649 008249 1 00030545 00030503 000 342 43064.1414995255
25.11.2017 03:23:45 +00.03920E+00  0659 008249 1 00030546 00030503 000 379 43064.1415039236
25.11.2017 03:23:46 +00.03920E+00  0682 008249 1 00030547 00030503 000 343 43064.1415079051
25.11.2017 03:23:46 +00.03920E+00  0702 008249 1 00030548 00030503 000 342 43064.141511875
25.11.2017 03:23:46 +00.03920E+00  0718 008249 1 00030549 00030503 000 342 43064.1415158449
25.11.2017 03:23:47 +00.03920E+00  0732 008249 1 00030550 00030503 000 374 43064.1415201852
25.11.2017 03:23:47 +00.03920E+00  0750 008249 1 00030551 00030503 000 342 43064.1415241551
25.11.2017 03:23:48 +00.03919E+00  0758 008249 1 00030552 00030503 000 343 43064.141528125
25.11.2017 03:23:48 +00.03919E+00  0772 008249 1 00030553 00030503 000 343 43064.1415320949
25.11.2017 03:23:48 +00.03919E+00  0785 008249 1 00030554 00030503 000 376 43064.1415364468
25.11.2017 03:23:49 +00.03919E+00  0799 008249 1 00030555 00030503 000 341 43064.1415404051
25.11.2017 03:23:49 +00.03919E+00  0821 008249 1 00030556 00030503 000 343 43064.141544375
25.11.2017 03:23:49 +00.03920E+00  0847 008249 1 00030557 00030503 000 343 43064.1415483449
25.11.2017 03:23:50 +00.03920E+00  0868 008249 1 00030558 00030503 000 377 43064.1415527083
25.11.2017 03:23:50 +00.03920E+00  0889 008249 1 00030559 00030503 000 341 43064.1415566551
25.11.2017 03:23:50 +00.03920E+00  0905 008249 1 00030560 00030503 000 343 43064.141560625
25.11.2017 03:23:51 +00.03920E+00  0919 008249 1 00030561 00030503 000 343 43064.1415645949
25.11.2017 03:23:51 +00.03920E+00  0932 008249 1 00030562 00030503 000 378 43064.1415689699
25.11.2017 03:23:51 +00.03919E+00  0945 008249 1 00030563 00030503 000 340 43064.1415729051
25.11.2017 03:23:52 +00.03920E+00  0967 008249 1 00030564 00030503 000 341 43064.1415768634
25.11.2017 03:23:52 +00.03920E+00  0985 008249 1 00030565 00030503 000 342 43064.1415808333
25.11.2017 03:23:52 +00.03920E+00  0998 008249 1 00030566 00030503 000 379 43064.1415852315
25.11.2017 03:23:53 +00.03920E+00  1011 008249 1 00030567 00030503 000 343 43064.141589213
25.11.2017 03:23:53 +00.03919E+00  1030 008249 1 00030568 00030503 000 342 43064.1415931829
25.11.2017 03:23:53 +00.03920E+00  1052 008249 1 00030569 00030503 000 343 43064.1415971644
25.11.2017 03:23:54 +00.03919E+00  1068 008249 1 00030570 00030503 000 374 43064.1416014931
25.11.2017 03:23:54 +00.03920E+00  1081 008249 1 00030571 00030503 000 343 43064.141605463
25.11.2017 03:23:55 +00.03920E+00  1100 008249 1 00030572 00030503 000 342 43064.1416094329
25.11.2017 03:23:55 +00.03920E+00  1117 008249 1 00030573 00030503 000 342 43064.1416134028
25.11.2017 03:23:55 +00.03920E+00  1127 008249 1 00030574 00030503 000 375 43064.1416177546
25.11.2017 03:23:56 +00.03920E+00  1149 008249 1 00030575 00030503 000 341 43064.141621713
25.11.2017 03:23:56 +00.03920E+00  1160 008249 1 00030576 00030503 000 342 43064.1416256829
25.11.2017 03:23:56 +00.03920E+00  1173 008249 1 00030577 00030503 000 342 43064.1416296528
25.11.2017 03:23:57 +00.03920E+00  1191 008249 1 00030578 00030503 000 377 43064.1416340162
25.11.2017 03:23:57 +00.03920E+00  1206 008249 1 00030579 00030503 000 340 43064.141637963
25.11.2017 03:23:57 +00.03920E+00  1221 008249 1 00030580 00030503 000 342 43064.1416419329
25.11.2017 03:23:58 +00.03920E+00  1228 008249 1 00030581 00030503 000 343 43064.1416459028
25.11.2017 03:23:58 +00.03920E+00  1244 008249 1 00030582 00030503 000 378 43064.1416502778
25.11.2017 03:23:58 +00.03920E+00  1259 008249 1 00030583 00030503 000 340 43064.141654213
25.11.2017 03:23:59 +00.03920E+00  1274 008249 1 00030584 00030503 000 343 43064.1416581829
25.11.2017 03:23:59 +00.03920E+00  1295 008249 1 00030585 00030503 000 343 43064.1416621528
25.11.2017 03:23:59 +00.03920E+00  1308 008249 1 00030586 00030503 000 379 43064.1416665394
25.11.2017 03:24:00 +00.03920E+00  1320 008249 1 00030587 00030503 000 340 43064.1416704745
25.11.2017 03:24:00 +00.03920E+00  1334 008249 1 00030588 00030503 000 341 43064.1416744213
25.11.2017 03:24:01 +00.03920E+00  1348 008249 1 00030589 00030503 000 343 43064.1416784028