
25.11.2017 03:24:05 +00.03980E+00  0010 008374 1 00030590 00030590 000 343 43064.1417260301
25.11.2017 03:24:05 +00.03980E+00  0026 008374 1 00030591 00030590 000 343 43064.14173
25.11.2017 03:24:05 +00.03979E+00  0041 008374 1 00030592 00030590 000 418 43064.141734838
25.11.2017 03:24:06 +00.03979E+00  0053 008374 1 00030593 00030590 000 345 43064.141738831
25.11.2017 03:24:06 +00.03979E+00  0067 008374 1 00030594 00030590 000 342 43064.1417427894
25.11.2017 03:24:06 +00.03979E+00  0081 008374 1 00030595 00030590 000 343 43064.1417467593
25.11.2017 03:24:07 +00.03979E+00  0102 008374 1 00030596 00030590 000 375 43064.1417510995
25.11.2017 03:24:07 +00.03979E+00  0117 008374 1 00030597 00030590 000 342 43064.1417550579
25.11.2017 03:24:07 +00.03979E+00  0129 008374 1 00030598 00030590 000 343 43064.1417590394
25.11.2017 03:24:08 +00.03979E+00  0147 008374 1 00030599 00030590 000 343 43064.1417630093
25.11.2017 03:24:08 +00.03979E+00  0151 008374 1 00030600 00030590 000 377 43064.1417673727
25.11.2017 03:24:09 +00.03979E+00  0173 008374 1 00030601 00030590 000 340 43064.1417713079
25.11.2017 03:24:09 +00.03979E+00  0184 008374 1 00030602 00030590 000 342 43064.1417752778
25.11.2017 03:24:09 +00.03979E+00  0207 008374 1 00030603 00030590 000 342 43064.1417792477
25.11.2017 03:24:10 +00.03979E+00  0225 008374 1 00030604 00030590 000 377 43064.1417836227
25.11.2017 03:24:10 +00.03979E+00  0245 008376 1 00030605 00030590 000 341 43064.141787581
25.11.2017 03:24:10 +00.03979E+00  0256 008376 1 00030606 00030590 000 341 43064.1417915278
25.11.2017 03:24:11 +00.03980E+00  0272 008376 1 00030607 00030590 000 343 43064.1417954977
25.11.2017 03:24:11 +00.03980E+00  0292 008376 1 00030608 00030590 000 379 43064.1417998843
25.11.2017 03:24:11 +00.03980E+00  0302 008376 1 00030609 00030590 000 341 43064.141803831
25.11.2017 03:24:12 +00.03980E+00  0312 008376 1 00030610 00030590 000 341 43064.1418077778
25.11.2017 03:24:12 +00.03980E+00  0329 008376 1 00030611 00030590 000 343 43064.1418117477
25.11.2017 03:24:12 +00.03980E+00  0341 008376 1 00030612 00030590 000 380 43064.1418161458
25.11.2017 03:24:13 +00.03980E+00  0357 008376 1 00030613 00030590 000 344 43064.1418201273
25.11.2017 03:24:13 +00.03980E+00  0375 008376 1 00030614 00030590 000 343 43064.1418240972
25.11.2017 03:24:13 +00.03980E+00  0390 008376 1 00030615 00030590 000 343 43064.1418280671
25.11.2017 03:24:14 +00.03980E+00  0405 008376 1 00030616 00030590 000 375 43064.1418324074
25.11.2017 03:24:14 +00.03980E+00  0423 008376 1 00030617 00030590 000 343 43064.1418363773
25.11.2017 03:24:15 +00.03980E+00  0438 008376 1 00030618 00030590 000 343 43064.1418403472
25.11.2017 03:24:15 +00.03980E+00  0453 008376 1 00030619 00030590 000 343 43064.1418443171
25.11.2017 03:24:15 +00.03980E+00  0470 008376 1 00030620 00030590 000 376 43064.141848669
25.11.2017 03:24:16 +00.03980E+00  0485 008376 1 00030621 00030590 000 341 43064.1418526157
25.11.2017 03:24:16 +00.03980E+00  0502 008376 1 00030622 00030590 000 343 43064.1418565972
25.11.2017 03:24:16 +00.03980E+00  0516 008376 1 00030623 00030590 000 343 43064.1418605671
25.11.2017 03:24:17 +00.03980E+00  0531 008376 1 00030624 00030590 000 378 43064.1418649421
25.11.2017 03:24:17 +00.03980E+00  0547 008376 1 00030625 00030590 000 340 43064.1418688773
25.11.2017 03:24:17 +00.03980E+00  0557 008376 1 00030626 00030590 000 341 43064.1418728357
25.11.2017 03:24:18 +00.03980E+00  0574 008376 1 00030627 00030590 000 342 43064.1418768056
25.11.2017 03:24:18 +00.03980E+00  0587 008376 1 00030628 00030590 000 378 43064.1418811921
25.11.2017 03:24:18 +00.03980E+00  0601 008376 1 00030629 00030590 000 344 43064.1418851852
25.11.2017 03:24:19 +00.03980E+00  0615 008376 1 00030630 00030590 000 342 43064.1418891551
25.11.2017 03:24:19 +00.03980E+00  0631 008376 1 00030631 00030590 000 342 43064.1418931366
25.11.2017 03:24:19 +00.03980E+00  0650 008376 1 00030632 00030590 000 374 43064.1418974653
25.11.2017 03:24:20 +00.03980E+00  0666 008376 1 00030633 00030590 000 343 43064.1419014352
25.11.2017 03:24:20 +00.03980E+00  0677 008376 1 00030634 00030590 000 342 43064.1419054051
25.11.2017 03:24:20 +00.03980E+00  0688 008376 1 00030635 00030590 000 342 43064.141909375
25.11.2017 03:24:21 +00.03980E+00  0699 008376 1 00030636 00030590 000 374 43064.1419137153
25.11.2017 03:24:21 +00.03980E+00  0716 008376 1 00030637 00030590 000 342 43064.1419176852
25.11.2017 03:24:22 +00.03980E+00  0739 008376 1 00030638 00030590 000 343 43064.1419216551
25.11.2017 03:24:22 +00.03980E+00  0760 008376 1 00030639 00030590 000 343 43064.141925625
25.11.2017 03:24:22 +00.03980E+00  0777 008376 1 00030640 00030590 000 375 43064.1419299769
25.11.2017 03:24:23 +00.03980E+00  0790 008376 1 00030641 00030590 000 342 43064.1419339352
25.11.2017 03:24:23 +00.03980E+00  0802 008376 1 00030642 00030590 000 343 43064.1419379051
25.11.2017 03:24:23 +00.03980E+00  0811 008376 1 00030643 00030590 000 343 43064.141941875
25.11.2017 03:24:24 +00.03980E+00  0830 008376 1 00030644 00030590 000 378 43064.14194625
25.11.2017 03:24:24 +00.03980E+00  0847 008376 1 00030645 00030590 000 340 43064.1419501852
25.11.2017 03:24:24 +00.03980E+00  0863 008376 1 00030646 00030590 000 342 43064.1419541551
25.11.2017 03:24:25 +00.03980E+00  0876 008376 1 00030647 00030590 000 343 43064.141958125
25.11.2017 03:24:25 +00.03980E+00  0888 008376 1 00030648 00030590 000 379 43064.1419625116
25.11.2017 03:24:25 +00.03980E+00  0904 008376 1 00030649 00030590 000 345 43064.1419665046
25.11.2017 03:24:26 +00.03980E+00  0916 008376 1 00030650 00030590 000 343 43064.1419704745
25.11.2017 03:24:26 +00.03980E+00  0925 008376 1 00030651 00030590 000 343 43064.1419744444
25.11.2017 03:24:26 +00.03980E+00  0935 008376 1 00030652 00030590 000 374 43064.1419787732
25.11.2017 03:24:27 +00.03980E+00  0953 008376 1 00030653 00030590 000 344 43064.1419827546
25.11.2017 03:24:27 +00.03980E+00  0969 008376 1 00030654 00030590 000 343 43064.1419867245
25.11.2017 03:24:27 +00.03980E+00  0994 008376 1 00030655 00030590 000 343 43064.1419906944
25.11.2017 03:24:28 +00.03980E+00  1003 008376 1 00030656 00030590 000 375 43064.1419950347
25.11.2017 03:24:28 +00.03980E+00  1017 008376 1 00030657 00030590 000 342 43064.1419989931
25.11.2017 03:24:29 +00.03980E+00  1033 008376 1 00030658 00030590 000 342 43064.142002963
25.11.2017 03:24:29 +00.03980E+00  1042 008376 1 00030659 00030590 000 342 43064.1420069329
25.11.2017 03:24:29 +00.03980E+00  1049 008376 1 00030660 00030590 000 375 43064.1420112847
25.11.2017 03:24:30 +00.03980E+00  1066 008376 1 00030661 00030590 000 341 43064.1420152431
25.11.2017 03:24:30 +00.03980E+00  1078 008376 1 00030662 00030590 000 344 43064.1420192245
25.11.2017 03:24:30 +00.03980E+00  1094 008376 1 00030663 00030590 000 342 43064.1420231829
25.11.2017 03:24:31 +00.03980E+00  1111 008376 1 00030664 00030590 000 377 43064.1420275579
25.11.2017 03:24:31 +00.03980E+00  1131 008376 1 00030665 00030590 000 341 43064.1420315162
25.11.2017 03:24:31 +00.03980E+00  1150 008376 1 00030666 00030590 000 341 43064.142035463
25.11.2017 03:24:32 +00.03980E+00  1165 008376 1 00030667 00030590 000 343 43064.1420394329
25.11.2017 03:24:32 +00.03980E+00  1174 008376 1 00030668 00030590 000 379 43064.1420438194
25.11.2017 03:24:32 +00.03980E+00  1194 008376 1 00030669 00030590 000 340 43064.1420477546
25.11.2017 03:24:33 +00.03980E+00  1210 008376 1 00030670 00030590 000 341 43064.142051713
25.11.2017 03:24:33 +00.03980E+00  1223 008376 1 00030671 00030590 000 343 43064.1420556829
25.11.2017 03:24:33 +00.03980E+00  1235 008376 1 00030672 00030590 000 380 43064.142060081
25.11.2017 03:24:34 +00.03980E+00  1247 008376 1 00030673 00030590 000 344 43064.1420640625
25.11.2017 03:24:34 +00.03980E+00  1264 008376 1 00030674 00030590 000 343 43064.1420680324
25.11.2017 03:24:35 +00.03980E+00  1282 008376 1 00030675 00030590 000 343 43064.1420720023
25.11.2017 03:24:35 +00.03980E+00  1292 008376 1 00030676 00030590 000 375 43064.1420763426
25.11.2017 03:24:40 +00.03990E+00  0016 008396 1 00030677 00030677 000 343 43064.1421367361
25.11.2017 03:24:41 +00.03990E+00  0029 008396 1 00030678 00030677 000 402 43064.1421413889
25.11.2017 03:24:41 +00.03990E+00  0051 008396 1 00030679 00030677 000 340 43064.1421453356
25.11.2017 03:24:41 +00.03989E+00  0061 008396 1 00030680 00030677 000 341 43064.142149294
25.11.2017 03:24:42 +00.03989E+00  0077 008396 1 00030681 00030677 000 343 43064.1421532639
25.11.2017 03:24:42 +00.03989E+00  0093 008396 1 00030682 00030677 000 377 43064.1421576389
25.11.2017 03:24:42 +00.03989E+00  0108 008396 1 00030683 00030677 000 341 43064.1421615972
25.11.2017 03:24:43 +00.03990E+00  0122 008396 1 00030684 00030677 000 341 43064.142165544
25.11.2017 03:24:43 +00.03989E+00  0140 008396 1 00030685 00030677 000 343 43064.1421695139
25.11.2017 03:24:43 +00.03990E+00  0152 008396 1 00030686 00030677 000 380 43064.142173912
25.11.2017 03:24:44 +00.03990E+00  0174 008396 1 00030687 00030677 000 344 43064.1421778935
25.11.2017 03:24:44 +00.03990E+00  0189 008396 1 00030688 00030677 000 342 43064.1421818634
25.11.2017 03:24:44 +00.03989E+00  0205 008396 1 00030689 00030677 000 342 43064.1421858333
25.11.2017 03:24:45 +00.03989E+00  0221 008396 1 00030690 00030677 000 374 43064.1421901736
25.11.2017 03:24:45 +00.03990E+00  0235 008396 1 00030691 00030677 000 342 43064.1421941435
25.11.2017 03:24:45 +00.03989E+00  0251 008396 1 00030692 00030677 000 343 43064.1421981134
25.11.2017 03:24:46 +00.03989E+00  0260 008396 1 00030693 00030677 000 344 43064.1422020949
25.11.2017 03:24:46 +00.03989E+00  0272 008396 1 00030694 00030677 000 375 43064.1422064352
25.11.2017 03:24:46 +00.03990E+00  0290 008396 1 00030695 00030677 000 342 43064.1422103935
25.11.2017 03:24:47 +00.03990E+00  0310 008396 1 00030696 00030677 000 343 43064.1422143634
25.11.2017 03:24:47 +00.03990E+00  0323 008396 1 00030697 00030677 000 343 43064.1422183333
25.11.2017 03:24:48 +00.03989E+00  0337 008396 1 00030698 00030677 000 377 43064.1422226968
25.11.2017 03:24:48 +00.03989E+00  0355 008396 1 00030699 00030677 000 340 43064.1422266319
25.11.2017 03:24:48 +00.03989E+00  0374 008396 1 00030700 00030677 000 342 43064.1422306019
25.11.2017 03:24:49 +00.03990E+00  0386 008396 1 00030701 00030677 000 343 43064.1422345833
25.11.2017 03:24:49 +00.03989E+00  0404 008396 1 00030702 00030677 000 378 43064.1422389583
25.11.2017 03:24:49 +00.03990E+00  0419 008396 1 00030703 00030677 000 340 43064.1422428935
25.11.2017 03:24:50 +00.03990E+00  0432 008396 1 00030704 00030677 000 341 43064.1422468519
25.11.2017 03:24:50 +00.03990E+00  0443 008396 1 00030705 00030677 000 343 43064.1422508333
25.11.2017 03:24:50 +00.03989E+00  0462 008396 1 00030706 00030677 000 379 43064.1422552199
25.11.2017 03:24:51 +00.03990E+00  0483 008398 1 00030707 00030677 000 343 43064.1422592014
25.11.2017 03:24:51 +00.03990E+00  0494 008398 1 00030708 00030677 000 342 43064.1422631713
25.11.2017 03:24:51 +00.03990E+00  0509 008398 1 00030709 00030677 000 342 43064.1422671412
25.11.2017 03:24:52 +00.03990E+00  0519 008398 1 00030710 00030677 000 374 43064.1422714815
25.11.2017 03:24:52 +00.03991E+00  0536 008398 1 00030711 00030677 000 343 43064.1422754514
25.11.2017 03:24:52 +00.03990E+00  0556 008398 1 00030712 00030677 000 342 43064.1422794213
25.11.2017 03:24:53 +00.03991E+00  0570 008398 1 00030713 00030677 000 342 43064.1422833912
25.11.2017 03:24:53 +00.03991E+00  0585 008398 1 00030714 00030677 000 376 43064.1422877431
25.11.2017 03:24:54 +00.03991E+00  0598 008398 1 00030715 00030677 000 341 43064.1422917014
25.11.2017 03:24:54 +00.03990E+00  0616 008398 1 00030716 00030677 000 343 43064.1422956713
25.11.2017 03:24:54 +00.03991E+00  0634 008398 1 00030717 00030677 000 343 43064.1422996412
25.11.2017 03:24:55 +00.03990E+00  0646 008398 1 00030718 00030677 000 377 43064.1423040046
25.11.2017 03:24:55 +00.03990E+00  0662 008398 1 00030719 00030677 000 341 43064.1423079514
25.11.2017 03:24:55 +00.03991E+00  0672 008398 1 00030720 00030677 000 343 43064.1423119213
25.11.2017 03:24:56 +00.03991E+00  0688 008398 1 00030721 00030677 000 343 43064.1423158912
25.11.2017 03:24:56 +00.03990E+00  0703 008396 1 00030722 00030677 000 378 43064.1423202662
25.11.2017 03:24:56 +00.03990E+00  0721 008396 1 00030723 00030677 000 340 43064.1423242014
25.11.2017 03:24:57 +00.03990E+00  0744 008396 1 00030724 00030677 000 341 43064.1423281597
25.11.2017 03:24:57 +00.03990E+00  0758 008396 1 00030725 00030677 000 343 43064.1423321412
25.11.2017 03:24:57 +00.03990E+00  0776 008396 1 00030726 00030677 000 379 43064.1423365278
25.11.2017 03:24:58 +00.03989E+00  0787 008396 1 00030727 00030677 000 345 43064.1423405208
25.11.2017 03:24:58 +00.03990E+00  0803 008396 1 00030728 00030677 000 343 43064.1423444907
25.11.2017 03:24:58 +00.03990E+00  0819 008396 1 00030729 00030677 000 343 43064.1423484606
25.11.2017 03:24:59 +00.03989E+00  0832 008396 1 00030730 00030677 000 374 43064.1423527893
25.11.2017 03:24:59 +00.03990E+00  0853 008396 1 00030731 00030677 000 344 43064.1423567708
25.11.2017 03:24:59 +00.03989E+00  0867 008396 1 00030732 00030677 000 342 43064.1423607292
25.11.2017 03:25:00 +00.03990E+00  0881 008396 1 00030733 00030677 000 342 43064.1423646991
25.11.2017 03:25:00 +00.03990E+00  0890 008396 1 00030734 00030677 000 375 43064.1423690509
25.11.2017 03:25:01 +00.03990E+00  0911 008396 1 00030735 00030677 000 342 43064.1423730093
25.11.2017 03:25:01 +00.03990E+00  0928 008396 1 00030736 00030677 000 342 43064.1423769792
25.11.2017 03:25:01 +00.03990E+00  0942 008396 1 00030737 00030677 000 343 43064.1423809606
25.11.2017 03:25:02 +00.03989E+00  0957 008396 1 00030738 00030677 000 376 43064.1423853125
25.11.2017 03:25:02 +00.03990E+00  0972 008396 1 00030739 00030677 000 340 43064.1423892593
25.11.2017 03:25:02 +00.03989E+00  0981 008396 1 00030740 00030677 000 342 43064.1423932292
25.11.2017 03:25:03 +00.03990E+00  0998 008396 1 00030741 00030677 000 343 43064.1423971991
25.11.2017 03:25:03 +00.03990E+00  1012 008396 1 00030742 00030677 000 378 43064.1424015741
25.11.2017 03:25:03 +00.03990E+00  1027 008396 1 00030743 00030677 000 340 43064.1424055208
25.11.2017 03:25:04 +00.03990E+00  1040 008396 1 00030744 00030677 000 342 43064.1424094792
25.11.2017 03:25:04 +00.03989E+00  1061 008396 1 00030745 00030677 000 343 43064.1424134491
25.11.2017 03:25:04 +00.03990E+00  1085 008396 1 00030746 00030677 000 379 43064.1424178356
25.11.2017 03:25:05 +00.03989E+00  1097 008396 1 00030747 00030677 000 340 43064.1424217708
25.11.2017 03:25:05 +00.03990E+00  1113 008396 1 00030748 00030677 000 341 43064.1424257292
25.11.2017 03:25:05 +00.03990E+00  1123 008396 1 00030749 00030677 000 343 43064.1424296991
25.11.2017 03:25:06 +00.03990E+00  1140 008396 1 00030750 00030677 000 380 43064.1424340972
25.11.2017 03:25:06 +00.03990E+00  1161 008396 1 00030751 00030677 000 344 43064.1424380787
25.11.2017 03:25:06 +00.03989E+00  1175 008396 1 00030752 00030677 000 343 43064.1424420486
25.11.2017 03:25:07 +00.03989E+00  1188 008396 1 00030753 00030677 000 343 43064.1424460185
25.11.2017 03:25:07 +00.03989E+00  1207 008396 1 00030754 00030677 000 375 43064.1424503588
25.11.2017 03:25:08 +00.03990E+00  1222 008396 1 00030755 00030677 000 342 43064.1424543171
25.11.2017 03:25:08 +00.03989E+00  1236 008396 1 00030756 00030677 000 342 43064.142458287
25.11.2017 03:25:08 +00.03990E+00  1251 008396 1 00030757 00030677 000 343 43064.1424622685
25.11.2017 03:25:09 +00.03990E+00  1270 008396 1 00030758 00030677 000 376 43064.1424666204
25.11.2017 03:25:09 +00.03990E+00  1287 008396 1 00030759 00030677 000 341 43064.1424705671
25.11.2017 03:25:09 +00.03990E+00  1302 008396 1 00030760 00030677 000 342 43064.142474537
25.11.2017 03:25:10 +00.03990E+00  1319 008396 1 00030761 00030677 000 342 43064.1424785069
25.11.2017 03:25:10 +00.03990E+00  1329 008396 1 00030762 00030677 000 378 43064.1424828819
25.11.2017 03:25:10 +00.03989E+00  1340 008396 1 00030763 00030677 000 340 43064.1424868287
25.11.2017 03:25:16 +00.04000E+00  0009 008419 1 00030764 00030764 000 380 43064.1425479282
25.11.2017 03:25:16 +00.04001E+00  0032 008419 1 00030765 00030764 000 344 43064.1425519097
25.11.2017 03:25:16 +00.04000E+00  0054 008419 1 00030766 00030764 000 343 43064.1425558796
25.11.2017 03:25:17 +00.04000E+00  0072 008419 1 00030767 00030764 000 343 43064.1425598495
25.11.2017 03:25:17 +00.04000E+00  0084 008419 1 00030768 00030764 000 375 43064.1425641898
25.11.2017 03:25:17 +00.04001E+00  0100 008419 1 00030769 00030764 000 343 43064.1425681597
25.11.2017 03:25:18 +00.04001E+00  0115 008419 1 00030770 00030764 000 343 43064.1425721296
25.11.2017 03:25:18 +00.04001E+00  0130 008419 1 00030771 00030764 000 343 43064.1425760995
25.11.2017 03:25:18 +00.04000E+00  0144 008419 1 00030772 00030764 000 376 43064.1425804514
25.11.2017 03:25:19 +00.04000E+00  0166 008419 1 00030773 00030764 000 341 43064.1425843981
25.11.2017 03:25:19 +00.04000E+00  0179 008419 1 00030774 00030764 000 343 43064.1425883796
25.11.2017 03:25:19 +00.04000E+00  0190 008419 1 00030775 00030764 000 343 43064.1425923495
25.11.2017 03:25:20 +00.04000E+00  0205 008419 1 00030776 00030764 000 378 43064.1425967245
25.11.2017 03:25:20 +00.04000E+00  0222 008419 1 00030777 00030764 000 340 43064.1426006597
25.11.2017 03:25:21 +00.04000E+00  0240 008419 1 00030778 00030764 000 341 43064.1426046181
25.11.2017 03:25:21 +00.04000E+00  0256 008419 1 00030779 00030764 000 343 43064.1426085995
25.11.2017 03:25:21 +00.04000E+00  0275 008419 1 00030780 00030764 000 378 43064.1426129745
25.11.2017 03:25:22 +00.04000E+00  0292 008419 1 00030781 00030764 000 344 43064.1426169676
25.11.2017 03:25:22 +00.04000E+00  0307 008419 1 00030782 00030764 000 343 43064.1426209491
25.11.2017 03:25:22 +00.04001E+00  0324 008419 1 00030783 00030764 000 343 43064.142624919
25.11.2017 03:25:23 +00.04001E+00  0340 008419 1 00030784 00030764 000 374 43064.1426292477
25.11.2017 03:25:23 +00.04000E+00  0359 008419 1 00030785 00030764 000 343 43064.1426332176
25.11.2017 03:25:23 +00.04000E+00  0372 008419 1 00030786 00030764 000 343 43064.1426371875
25.11.2017 03:25:24 +00.04000E+00  0389 008419 1 00030787 00030764 000 342 43064.1426411574
25.11.2017 03:25:24 +00.04000E+00  0402 008419 1 00030788 00030764 000 375 43064.1426455093
25.11.2017 03:25:24 +00.04000E+00  0415 008419 1 00030789 00030764 000 342 43064.1426494676
25.11.2017 03:25:25 +00.04000E+00  0432 008419 1 00030790 00030764 000 343 43064.1426534375
25.11.2017 03:25:25 +00.04000E+00  0449 008419 1 00030791 00030764 000 343 43064.1426574074
25.11.2017 03:25:25 +00.04000E+00  0463 008419 1 00030792 00030764 000 375 43064.1426617593
25.11.2017 03:25:26 +00.04000E+00  0480 008419 1 00030793 00030764 000 341 43064.1426657176
25.11.2017 03:25:26 +00.04000E+00  0496 008419 1 00030794 00030764 000 343 43064.1426696875
25.11.2017 03:25:27 +00.04000E+00  0509 008419 1 00030795 00030764 000 343 43064.1426736574
25.11.2017 03:25:27 +00.04001E+00  0536 008419 1 00030796 00030764 000 378 43064.1426780324
25.11.2017 03:25:27 +00.04001E+00  0554 008419 1 00030797 00030764 000 340 43064.1426819676
25.11.2017 03:25:28 +00.04000E+00  0565 008419 1 00030798 00030764 000 343 43064.1426859375
25.11.2017 03:25:28 +00.04000E+00  0570 008419 1 00030799 00030764 000 343 43064.1426899074
25.11.2017 03:25:28 +00.04001E+00  0582 008419 1 00030800 00030764 000 379 43064.142694294
25.11.2017 03:25:29 +00.04001E+00  0596 008419 1 00030801 00030764 000 345 43064.142698287
25.11.2017 03:25:29 +00.04000E+00  0611 008419 1 00030802 00030764 000 343 43064.1427022569
25.11.2017 03:25:29 +00.04000E+00  0623 008419 1 00030803 00030764 000 343 43064.1427062268
25.11.2017 03:25:30 +00.04000E+00  0641 008419 1 00030804 00030764 000 374 43064.1427105556
25.11.2017 03:25:30 +00.04000E+00  0664 008419 1 00030805 00030764 000 343 43064.1427145255
25.11.2017 03:25:30 +00.04000E+00  0676 008419 1 00030806 00030764 000 342 43064.1427185069
25.11.2017 03:25:31 +00.04000E+00  0694 008419 1 00030807 00030764 000 343 43064.1427224768
25.11.2017 03:25:31 +00.04000E+00  0707 008419 1 00030808 00030764 000 375 43064.1427268171
25.11.2017 03:25:31 +00.04000E+00  0719 008419 1 00030809 00030764 000 342 43064.1427307755
25.11.2017 03:25:32 +00.04000E+00  0735 008419 1 00030810 00030764 000 342 43064.1427347454
25.11.2017 03:25:32 +00.04000E+00  0753 008419 1 00030811 00030764 000 342 43064.1427387153
25.11.2017 03:25:33 +00.04000E+00  0772 008419 1 00030812 00030764 000 376 43064.1427430787
25.11.2017 03:25:33 +00.04001E+00  0786 008419 1 00030813 00030764 000 341 43064.1427470255
25.11.2017 03:25:33 +00.04000E+00  0801 008419 1 00030814 00030764 000 342 43064.1427509954
25.11.2017 03:25:34 +00.04000E+00  0819 008419 1 00030815 00030764 000 342 43064.1427549653
25.11.2017 03:25:34 +00.04000E+00  0836 008419 1 00030816 00030764 000 376 43064.1427593287
25.11.2017 03:25:34 +00.04001E+00  0860 008419 1 00030817 00030764 000 340 43064.1427632755
25.11.2017 03:25:35 +00.04000E+00  0879 008419 1 00030818 00030764 000 342 43064.1427672454
25.11.2017 03:25:35 +00.04000E+00  0893 008419 1 00030819 00030764 000 343 43064.1427712153
25.11.2017 03:25:35 +00.04000E+00  0910 008419 1 00030820 00030764 000 379 43064.1427756019
25.11.2017 03:25:36 +00.04000E+00  0931 008419 1 00030821 00030764 000 340 43064.142779537
25.11.2017 03:25:36 +00.04000E+00  0943 008419 1 00030822 00030764 000 341 43064.1427834954
25.11.2017 03:25:36 +00.04000E+00  0957 008419 1 00030823 00030764 000 343 43064.1427874653
25.11.2017 03:25:37 +00.04000E+00  0968 008419 1 00030824 00030764 000 380 43064.1427918634
25.11.2017 03:25:37 +00.04001E+00  0991 008419 1 00030825 00030764 000 344 43064.1427958449
25.11.2017 03:25:37 +00.04001E+00  1011 008419 1 00030826 00030764 000 343 43064.1427998148
25.11.2017 03:25:38 +00.04000E+00  1030 008419 1 00030827 00030764 000 343 43064.1428037847
25.11.2017 03:25:38 +00.04000E+00  1041 008419 1 00030828 00030764 000 375 43064.142808125
25.11.2017 03:25:38 +00.04000E+00  1059 008419 1 00030829 00030764 000 343 43064.1428120949
25.11.2017 03:25:39 +00.04000E+00  1070 008419 1 00030830 00030764 000 343 43064.1428160648
25.11.2017 03:25:39 +00.04000E+00  1084 008419 1 00030831 00030764 000 343 43064.1428200347
25.11.2017 03:25:40 +00.04000E+00  1103 008419 1 00030832 00030764 000 376 43064.1428243866
25.11.2017 03:25:40 +00.04001E+00  1123 008419 1 00030833 00030764 000 341 43064.1428283333
25.11.2017 03:25:40 +00.04000E+00  1142 008419 1 00030834 00030764 000 342 43064.1428323032
25.11.2017 03:25:41 +00.04001E+00  1160 008419 1 00030835 00030764 000 343 43064.1428362731
25.11.2017 03:25:41 +00.04000E+00  1181 008419 1 00030836 00030764 000 376 43064.1428406366
25.11.2017 03:25:41 +00.04000E+00  1191 008419 1 00030837 00030764 000 340 43064.1428445833
25.11.2017 03:25:42 +00.04000E+00  1206 008419 1 00030838 00030764 000 342 43064.1428485532
25.11.2017 03:25:42 +00.04000E+00  1218 008419 1 00030839 00030764 000 343 43064.1428525347
25.11.2017 03:25:42 +00.04000E+00  1231 008419 1 00030840 00030764 000 377 43064.1428568982
25.11.2017 03:25:43 +00.04000E+00  1246 008419 1 00030841 00030764 000 341 43064.1428608565
25.11.2017 03:25:43 +00.04001E+00  1259 008419 1 00030842 00030764 000 342 43064.1428648148
25.11.2017 03:25:43 +00.04000E+00  1268 008419 1 00030843 00030764 000 342 43064.1428687731
25.11.2017 03:25:44 +00.04001E+00  1281 008419 1 00030844 00030764 000 380 43064.1428731713
25.11.2017 03:25:44 +00.04000E+00  1297 008419 1 00030845 00030764 000 344 43064.1428771528
25.11.2017 03:25:44 +00.04001E+00  1319 008419 1 00030846 00030764 000 343 43064.1428811227
25.11.2017 03:25:45 +00.04001E+00  1333 008419 1 00030847 00030764 000 343 43064.1428850926
25.11.2017 03:25:45 +00.04001E+00  1354 008419 1 00030848 00030764 000 374 43064.1428894329
25.11.2017 03:25:45 +00.04001E+00  1373 008419 1 00030849 00030764 000 342 43064.1428934028
25.11.2017 03:25:46 +00.04001E+00  1378 008419 1 00030850 00030764 000 343 43064.1428973727
25.11.2017 03:25:51 +00.04010E+00  0010 008439 1 00030851 00030851 000 378 43064.1429577315
25.11.2017 03:25:51 +00.04010E+00  0024 008439 1 00030852 00030851 000 340 43064.1429616667
25.11.2017 03:25:52 +00.04010E+00  0035 008439 1 00030853 00030851 000 342 43064.142965625
25.11.2017 03:25:52 +00.04010E+00  0042 008439 1 00030854 00030851 000 342 43064.1429695949
25.11.2017 03:25:52 +00.04010E+00  0055 008439 1 00030855 00030851 000 379 43064.1429739931
25.11.2017 03:25:53 +00.04010E+00  0070 008439 1 00030856 00030851 000 343 43064.1429779745
25.11.2017 03:25:53 +00.04010E+00  0079 008439 1 00030857 00030851 000 342 43064.1429819444
25.11.2017 03:25:53 +00.04010E+00  0092 008439 1 00030858 00030851 000 342 43064.1429859144
25.11.2017 03:25:54 +00.04010E+00  0108 008439 1 00030859 00030851 000 373 43064.1429902431
25.11.2017 03:25:54 +00.04010E+00  0118 008439 1 00030860 00030851 000 343 43064.1429942245
25.11.2017 03:25:55 +00.04010E+00  0132 008439 1 00030861 00030851 000 342 43064.1429981944
25.11.2017 03:25:55 +00.04010E+00  0149 008439 1 00030862 00030851 000 342 43064.1430021644
25.11.2017 03:25:55 +00.04010E+00  0168 008439 1 00030863 00030851 000 375 43064.1430065162
25.11.2017 03:25:56 +00.04010E+00  0194 008439 1 00030864 00030851 000 341 43064.1430104745
25.11.2017 03:25:56 +00.04010E+00  0212 008439 1 00030865 00030851 000 343 43064.1430144444
25.11.2017 03:25:56 +00.04010E+00  0227 008439 1 00030866 00030851 000 343 43064.1430184144
25.11.2017 03:25:57 +00.04010E+00  0240 008439 1 00030867 00030851 000 377 43064.1430227778
25.11.2017 03:25:57 +00.04010E+00  0257 008439 1 00030868 00030851 000 341 43064.1430267245
25.11.2017 03:25:57 +00.04010E+00  0268 008439 1 00030869 00030851 000 343 43064.1430306944
25.11.2017 03:25:58 +00.04010E+00  0280 008439 1 00030870 00030851 000 343 43064.1430346644
25.11.2017 03:25:58 +00.04010E+00  0290 008439 1 00030871 00030851 000 378 43064.1430390394
25.11.2017 03:25:58 +00.04010E+00  0310 008439 1 00030872 00030851 000 340 43064.1430429745
25.11.2017 03:25:59 +00.04010E+00  0329 008439 1 00030873 00030851 000 341 43064.1430469329
25.11.2017 03:25:59 +00.04010E+00  0337 008439 1 00030874 00030851 000 343 43064.1430509144
25.11.2017 03:25:59 +00.04010E+00  0350 008439 1 00030875 00030851 000 379 43064.1430553009
25.11.2017 03:26:00 +00.04010E+00  0365 008439 1 00030876 00030851 000 345 43064.143059294
25.11.2017 03:26:00 +00.04010E+00  0381 008439 1 00030877 00030851 000 343 43064.1430632639
25.11.2017 03:26:01 +00.04010E+00  0391 008439 1 00030878 00030851 000 343 43064.1430672338
25.11.2017 03:26:01 +00.04010E+00  0406 008439 1 00030879 00030851 000 374 43064.1430715625
25.11.2017 03:26:01 +00.04010E+00  0418 008439 1 00030880 00030851 000 343 43064.1430755324
25.11.2017 03:26:02 +00.04010E+00  0437 008439 1 00030881 00030851 000 342 43064.1430795023
25.11.2017 03:26:02 +00.04010E+00  0449 008439 1 00030882 00030851 000 342 43064.1430834722
25.11.2017 03:26:02 +00.04010E+00  0462 008439 1 00030883 00030851 000 375 43064.1430878241
25.11.2017 03:26:03 +00.04010E+00  0473 008439 1 00030884 00030851 000 342 43064.1430917824
25.11.2017 03:26:03 +00.04010E+00  0485 008439 1 00030885 00030851 000 342 43064.1430957523
25.11.2017 03:26:03 +00.04010E+00  0494 008439 1 00030886 00030851 000 342 43064.1430997222
25.11.2017 03:26:04 +00.04010E+00  0510 008439 1 00030887 00030851 000 376 43064.1431040856
25.11.2017 03:26:04 +00.04010E+00  0531 008439 1 00030888 00030851 000 340 43064.1431080324
25.11.2017 03:26:04 +00.04010E+00  0551 008439 1 00030889 00030851 000 342 43064.1431120023
25.11.2017 03:26:05 +00.04011E+00  0561 008439 1 00030890 00030851 000 343 43064.1431159722
25.11.2017 03:26:05 +00.04010E+00  0573 008439 1 00030891 00030851 000 378 43064.1431203472
25.11.2017 03:26:05 +00.04010E+00  0592 008439 1 00030892 00030851 000 340 43064.1431242824
25.11.2017 03:26:06 +00.04010E+00  0609 008439 1 00030893 00030851 000 342 43064.1431282523
25.11.2017 03:26:06 +00.04010E+00  0616 008439 1 00030894 00030851 000 343 43064.1431322222
25.11.2017 03:26:07 +00.04010E+00  0632 008439 1 00030895 00030851 000 379 43064.1431366088
25.11.2017 03:26:07 +00.04010E+00  0643 008439 1 00030896 00030851 000 340 43064.143140544
25.11.2017 03:26:07 +00.04010E+00  0657 008439 1 00030897 00030851 000 342 43064.1431445023
25.11.2017 03:26:08 +00.04010E+00  0673 008439 1 00030898 00030851 000 343 43064.1431484722
25.11.2017 03:26:08 +00.04010E+00  0691 008439 1 00030899 00030851 000 380 43064.1431528704
25.11.2017 03:26:08 +00.04010E+00  0710 008439 1 00030900 00030851 000 344 43064.1431568519
25.11.2017 03:26:09 +00.04010E+00  0727 008439 1 00030901 00030851 000 343 43064.1431608218
25.11.2017 03:26:09 +00.04010E+00  0743 008439 1 00030902 00030851 000 343 43064.1431647917
25.11.2017 03:26:09 +00.04010E+00  0757 008439 1 00030903 00030851 000 375 43064.1431691319
25.11.2017 03:26:10 +00.04010E+00  0774 008439 1 00030904 00030851 000 342 43064.1431730903
25.11.2017 03:26:10 +00.04010E+00  0787 008439 1 00030905 00030851 000 342 43064.1431770602
25.11.2017 03:26:10 +00.04010E+00  0802 008439 1 00030906 00030851 000 343 43064.1431810417
25.11.2017 03:26:11 +00.04010E+00  0810 008439 1 00030907 00030851 000 376 43064.1431853935
25.11.2017 03:26:11 +00.04010E+00  0827 008439 1 00030908 00030851 000 340 43064.1431893403
25.11.2017 03:26:11 +00.04010E+00  0841 008439 1 00030909 00030851 000 343 43064.1431933102
25.11.2017 03:26:12 +00.04010E+00  0851 008439 1 00030910 00030851 000 342 43064.1431972801
25.11.2017 03:26:12 +00.04010E+00  0871 008439 1 00030911 00030851 000 377 43064.1432016551
25.11.2017 03:26:12 +00.04010E+00  0891 008439 1 00030912 00030851 000 340 43064.1432055903
25.11.2017 03:26:13 +00.04010E+00  0911 008439 1 00030913 00030851 000 342 43064.1432095602
25.11.2017 03:26:13 +00.04010E+00  0922 008439 1 00030914 00030851 000 343 43064.1432135301
25.11.2017 03:26:14 +00.04010E+00  0939 008439 1 00030915 00030851 000 379 43064.1432179167
25.11.2017 03:26:14 +00.04010E+00  0958 008439 1 00030916 00030851 000 344 43064.1432219097
25.11.2017 03:26:14 +00.04010E+00  0978 008439 1 00030917 00030851 000 342 43064.1432258796
25.11.2017 03:26:15 +00.04010E+00  0991 008439 1 00030918 00030851 000 343 43064.1432298495
25.11.2017 03:26:15 +00.04010E+00  1008 008439 1 00030919 00030851 000 374 43064.1432341782
25.11.2017 03:26:15 +00.04010E+00  1019 008439 1 00030920 00030851 000 344 43064.1432381597
25.11.2017 03:26:16 +00.04010E+00  1027 008439 1 00030921 00030851 000 343 43064.1432421296
25.11.2017 03:26:16 +00.04010E+00  1044 008439 1 00030922 00030851 000 343 43064.1432460995
25.11.2017 03:26:16 +00.04010E+00  1063 008439 1 00030923 00030851 000 375 43064.1432504398
25.11.2017 03:26:17 +00.04010E+00  1079 008439 1 00030924 00030851 000 343 43064.1432544097
25.11.2017 03:26:17 +00.04010E+00  1095 008439 1 00030925 00030851 000 343 43064.1432583796
25.11.2017 03:26:17 +00.04010E+00  1111 008439 1 00030926 00030851 000 343 43064.1432623495
25.11.2017 03:26:18 +00.04010E+00  1123 008439 1 00030927 00030851 000 376 43064.1432667014
25.11.2017 03:26:18 +00.04010E+00  1143 008439 1 00030928 00030851 000 342 43064.1432706597
25.11.2017 03:26:18 +00.04010E+00  1158 008439 1 00030929 00030851 000 343 43064.1432746296
25.11.2017 03:26:19 +00.04010E+00  1165 008439 1 00030930 00030851 000 343 43064.1432785995
25.11.2017 03:26:19 +00.04010E+00  1181 008439 1 00030931 00030851 000 378 43064.1432829745
25.11.2017 03:26:19 +00.04010E+00  1193 008439 1 00030932 00030851 000 340 43064.1432869097
25.11.2017 03:26:20 +00.04010E+00  1209 008439 1 00030933 00030851 000 342 43064.1432908681
25.11.2017 03:26:20 +00.04010E+00  1224 008439 1 00030934 00030851 000 342 43064.143294838
25.11.2017 03:26:21 +00.04010E+00  1238 008439 1 00030935 00030851 000 378 43064.1432992245
25.11.2017 03:26:21 +00.04010E+00  1253 008439 1 00030936 00030851 000 345 43064.1433032292
25.11.2017 03:26:21 +00.04010E+00  1264 008439 1 00030937 00030851 000 343 43064.1433071991
25.11.2017 03:26:27 +00.04020E+00  0013 008459 1 00030938 00030938 000 342 43064.143371713
25.11.2017 03:26:27 +00.04020E+00  0023 008459 1 00030939 00030938 000 343 43064.1433756829
25.11.2017 03:26:28 +00.04019E+00  0043 008459 1 00030940 00030938 000 418 43064.1433805324
25.11.2017 03:26:28 +00.04020E+00  0073 008459 1 00030941 00030938 000 342 43064.1433845023
25.11.2017 03:26:28 +00.04020E+00  0093 008459 1 00030942 00030938 000 342 43064.1433884722
25.11.2017 03:26:29 +00.04020E+00  0106 008459 1 00030943 00030938 000 342 43064.1433924421
25.11.2017 03:26:29 +00.04019E+00  0113 008459 1 00030944 00030938 000 375 43064.143396794
25.11.2017 03:26:29 +00.04019E+00  0131 008459 1 00030945 00030938 000 342 43064.1434007523
25.11.2017 03:26:30 +00.04020E+00  0145 008459 1 00030946 00030938 000 344 43064.1434047338
25.11.2017 03:26:30 +00.04020E+00  0153 008459 1 00030947 00030938 000 342 43064.1434086921
25.11.2017 03:26:30 +00.04019E+00  0167 008459 1 00030948 00030938 000 377 43064.1434130556
25.11.2017 03:26:31 +00.04019E+00  0188 008459 1 00030949 00030938 000 341 43064.1434170023
25.11.2017 03:26:31 +00.04019E+00  0212 008459 1 00030950 00030938 000 343 43064.1434209722
25.11.2017 03:26:31 +00.04020E+00  0228 008459 1 00030951 00030938 000 343 43064.1434249421
25.11.2017 03:26:32 +00.04019E+00  0236 008459 1 00030952 00030938 000 379 43064.1434293287
25.11.2017 03:26:32 +00.04020E+00  0251 008459 1 00030953 00030938 000 340 43064.1434332639
25.11.2017 03:26:32 +00.04020E+00  0262 008459 1 00030954 00030938 000 342 43064.1434372222
25.11.2017 03:26:33 +00.04020E+00  0276 008459 1 00030955 00030938 000 342 43064.1434411806
25.11.2017 03:26:33 +00.04019E+00  0292 008459 1 00030956 00030938 000 380 43064.1434455903
25.11.2017 03:26:34 +00.04019E+00  0302 008459 1 00030957 00030938 000 344 43064.1434495718
25.11.2017 03:26:34 +00.04020E+00  0312 008459 1 00030958 00030938 000 343 43064.1434535417
25.11.2017 03:26:34 +00.04020E+00  0324 008459 1 00030959 00030938 000 343 43064.1434575116
25.11.2017 03:26:35 +00.04020E+00  0342 008459 1 00030960 00030938 000 375 43064.1434618519
25.11.2017 03:26:35 +00.04020E+00  0361 008459 1 00030961 00030938 000 342 43064.1434658102
25.11.2017 03:26:35 +00.04020E+00  0371 008459 1 00030962 00030938 000 343 43064.1434697801
25.11.2017 03:26:36 +00.04020E+00  0387 008459 1 00030963 00030938 000 343 43064.1434737616
25.11.2017 03:26:36 +00.04020E+00  0397 008459 1 00030964 00030938 000 376 43064.1434781134
25.11.2017 03:26:36 +00.04020E+00  0414 008459 1 00030965 00030938 000 341 43064.1434820602
25.11.2017 03:26:37 +00.04020E+00  0430 008459 1 00030966 00030938 000 342 43064.1434860301
25.11.2017 03:26:37 +00.04020E+00  0444 008459 1 00030967 00030938 000 343 43064.14349
25.11.2017 03:26:37 +00.04020E+00  0455 008459 1 00030968 00030938 000 377 43064.1434943634
25.11.2017 03:26:38 +00.04020E+00  0468 008459 1 00030969 00030938 000 341 43064.1434983218
25.11.2017 03:26:38 +00.04020E+00  0483 008459 1 00030970 00030938 000 342 43064.1435022801
25.11.2017 03:26:38 +00.04019E+00  0496 008459 1 00030971 00030938 000 343 43064.14350625
25.11.2017 03:26:39 +00.04019E+00  0501 008459 1 00030972 00030938 000 379 43064.1435106366
25.11.2017 03:26:39 +00.04020E+00  0508 008459 1 00030973 00030938 000 340 43064.1435145718
25.11.2017 03:26:40 +00.04020E+00  0525 008459 1 00030974 00030938 000 342 43064.1435185301
25.11.2017 03:26:40 +00.04020E+00  0537 008459 1 00030975 00030938 000 343 43064.1435225
25.11.2017 03:26:40 +00.04019E+00  0549 008459 1 00030976 00030938 000 380 43064.1435268982
25.11.2017 03:26:41 +00.04019E+00  0570 008459 1 00030977 00030938 000 344 43064.1435308796
25.11.2017 03:26:41 +00.04019E+00  0589 008459 1 00030978 00030938 000 343 43064.1435348495
25.11.2017 03:26:41 +00.04019E+00  0602 008459 1 00030979 00030938 000 343 43064.1435388194
25.11.2017 03:26:42 +00.04019E+00  0619 008459 1 00030980 00030938 000 375 43064.1435431597
25.11.2017 03:26:42 +00.04019E+00  0636 008459 1 00030981 00030938 000 343 43064.1435471296
25.11.2017 03:26:42 +00.04020E+00  0649 008461 1 00030982 00030938 000 343 43064.1435510995
25.11.2017 03:26:43 +00.04020E+00  0664 008461 1 00030983 00030938 000 343 43064.1435550694
25.11.2017 03:26:43 +00.04020E+00  0674 008461 1 00030984 00030938 000 376 43064.1435594213
25.11.2017 03:26:43 +00.04020E+00  0687 008461 1 00030985 00030938 000 342 43064.1435633796
25.11.2017 03:26:44 +00.04020E+00  0710 008461 1 00030986 00030938 000 342 43064.143567338
25.11.2017 03:26:44 +00.04021E+00  0719 008461 1 00030987 00030938 000 343 43064.1435713194
25.11.2017 03:26:44 +00.04021E+00  0731 008461 1 00030988 00030938 000 377 43064.1435756829
25.11.2017 03:26:45 +00.04021E+00  0748 008461 1 00030989 00030938 000 340 43064.1435796181
25.11.2017 03:26:45 +00.04021E+00  0756 008461 1 00030990 00030938 000 343 43064.1435835995
25.11.2017 03:26:45 +00.04020E+00  0771 008461 1 00030991 00030938 000 342 43064.1435875579
25.11.2017 03:26:46 +00.04020E+00  0783 008461 1 00030992 00030938 000 377 43064.1435919329
25.11.2017 03:26:46 +00.04021E+00  0801 008461 1 00030993 00030938 000 340 43064.1435958796
25.11.2017 03:26:47 +00.04021E+00  0812 008461 1 00030994 00030938 000 341 43064.143599838
25.11.2017 03:26:47 +00.04020E+00  0824 008461 1 00030995 00030938 000 344 43064.1436038194
25.11.2017 03:26:47 +00.04021E+00  0834 008461 1 00030996 00030938 000 379 43064.143608206
25.11.2017 03:26:48 +00.04021E+00  0848 008459 1 00030997 00030938 000 343 43064.1436121875
25.11.2017 03:26:48 +00.04020E+00  0860 008459 1 00030998 00030938 000 342 43064.1436161574
25.11.2017 03:26:48 +00.04020E+00  0874 008459 1 00030999 00030938 000 342 43064.1436201273
25.11.2017 03:26:49 +00.04020E+00  0884 008459 1 00031000 00030938 000 374 43064.1436244676
25.11.2017 03:26:49 +00.04019E+00  0892 008459 1 00031001 00030938 000 343 43064.1436284375
25.11.2017 03:26:49 +00.04020E+00  0907 008459 1 00031002 00030938 000 343 43064.1436324074
25.11.2017 03:26:50 +00.04020E+00  0922 008459 1 00031003 00030938 000 343 43064.1436363773
25.11.2017 03:26:50 +00.04019E+00  0934 008459 1 00031004 00030938 000 376 43064.1436407292
25.11.2017 03:26:50 +00.04020E+00  0943 008459 1 00031005 00030938 000 342 43064.1436446875
25.11.2017 03:26:51 +00.04020E+00  0954 008459 1 00031006 00030938 000 343 43064.1436486574
25.11.2017 03:26:51 +00.04020E+00  0970 008459 1 00031007 00030938 000 343 43064.1436526273
25.11.2017 03:26:51 +00.04019E+00  0985 008459 1 00031008 00030938 000 377 43064.1436569907
25.11.2017 03:26:52 +00.04020E+00  0999 008459 1 00031009 00030938 000 341 43064.1436609375
25.11.2017 03:26:52 +00.04020E+00  1016 008459 1 00031010 00030938 000 343 43064.1436649074
25.11.2017 03:26:52 +00.04020E+00  1037 008459 1 00031011 00030938 000 343 43064.1436688773
25.11.2017 03:26:53 +00.04019E+00  1050 008459 1 00031012 00030938 000 378 43064.1436732523
25.11.2017 03:26:53 +00.04020E+00  1076 008459 1 00031013 00030938 000 340 43064.1436771875
25.11.2017 03:26:54 +00.04020E+00  1086 008459 1 00031014 00030938 000 343 43064.1436811574
25.11.2017 03:26:54 +00.04019E+00  1098 008459 1 00031015 00030938 000 342 43064.1436851157
25.11.2017 03:26:54 +00.04020E+00  1112 008459 1 00031016 00030938 000 378 43064.1436895023
25.11.2017 03:26:55 +00.04020E+00  1128 008459 1 00031017 00030938 000 344 43064.1436934954
25.11.2017 03:26:55 +00.04019E+00  1145 008459 1 00031018 00030938 000 343 43064.1436974769
25.11.2017 03:26:55 +00.04020E+00  1159 008459 1 00031019 00030938 000 342 43064.1437014352
25.11.2017 03:26:56 +00.04020E+00  1170 008459 1 00031020 00030938 000 374 43064.1437057755
25.11.2017 03:26:56 +00.04020E+00  1193 008459 1 00031021 00030938 000 343 43064.1437097454
25.11.2017 03:26:56 +00.04020E+00  1206 008459 1 00031022 00030938 000 342 43064.1437137153
25.11.2017 03:26:57 +00.04019E+00  1219 008459 1 00031023 00030938 000 343 43064.1437176968
25.11.2017 03:27:02 +00.04029E+00  0011 008480 1 00031024 00031024 000 342 43064.1437824306
25.11.2017 03:27:03 +00.04029E+00  0033 008480 1 00031025 00031024 000 402 43064.1437870833
25.11.2017 03:27:03 +00.04029E+00  0054 008480 1 00031026 00031024 000 341 43064.1437910301
25.11.2017 03:27:03 +00.04030E+00  0072 008480 1 00031027 00031024 000 343 43064.143795
25.11.2017 03:27:04 +00.04030E+00  0090 008480 1 00031028 00031024 000 343 43064.1437989699
25.11.2017 03:27:04 +00.04030E+00  0105 008480 1 00031029 00031024 000 378 43064.1438033449
25.11.2017 03:27:04 +00.04030E+00  0118 008480 1 00031030 00031024 000 340 43064.1438072801
25.11.2017 03:27:05 +00.04030E+00  0126 008480 1 00031031 00031024 000 342 43064.14381125
25.11.2017 03:27:05 +00.04030E+00  0139 008480 1 00031032 00031024 000 343 43064.1438152199
25.11.2017 03:27:06 +00.04030E+00  0155 008480 1 00031033 00031024 000 379 43064.1438196065
25.11.2017 03:27:06 +00.04029E+00  0173 008480 1 00031034 00031024 000 340 43064.1438235417
25.11.2017 03:27:06 +00.04030E+00  0181 008480 1 00031035 00031024 000 340 43064.1438274884
25.11.2017 03:27:07 +00.04030E+00  0194 008480 1 00031036 00031024 000 343 43064.1438314699
25.11.2017 03:27:07 +00.04030E+00  0210 008480 1 00031037 00031024 000 380 43064.1438358681
25.11.2017 03:27:07 +00.04030E+00  0225 008480 1 00031038 00031024 000 344 43064.1438398495
25.11.2017 03:27:08 +00.04029E+00  0240 008480 1 00031039 00031024 000 343 43064.1438438194
25.11.2017 03:27:08 +00.04030E+00  0254 008480 1 00031040 00031024 000 343 43064.1438477894
25.11.2017 03:27:08 +00.04030E+00  0269 008480 1 00031041 00031024 000 375 43064.1438521296
25.11.2017 03:27:09 +00.04029E+00  0293 008480 1 00031042 00031024 000 342 43064.143856088
25.11.2017 03:27:09 +00.04029E+00  0309 008480 1 00031043 00031024 000 343 43064.1438600694
25.11.2017 03:27:09 +00.04029E+00  0322 008480 1 00031044 00031024 000 342 43064.1438640278
25.11.2017 03:27:10 +00.04029E+00  0334 008480 1 00031045 00031024 000 376 43064.1438683912
25.11.2017 03:27:10 +00.04030E+00  0346 008480 1 00031046 00031024 000 341 43064.1438723495
25.11.2017 03:27:10 +00.04029E+00  0359 008480 1 00031047 00031024 000 342 43064.1438763079
25.11.2017 03:27:11 +00.04029E+00  0375 008480 1 00031048 00031024 000 342 43064.1438802778
25.11.2017 03:27:11 +00.04029E+00  0391 008480 1 00031049 00031024 000 377 43064.1438846528
25.11.2017 03:27:11 +00.04030E+00  0419 008480 1 00031050 00031024 000 340 43064.1438885995
25.11.2017 03:27:12 +00.04030E+00  0432 008480 1 00031051 00031024 000 341 43064.1438925579
25.11.2017 03:27:12 +00.04029E+00  0450 008480 1 00031052 00031024 000 343 43064.1438965278
25.11.2017 03:27:13 +00.04030E+00  0460 008482 1 00031053 00031024 000 379 43064.1439009144
25.11.2017 03:27:13 +00.04030E+00  0470 008482 1 00031054 00031024 000 340 43064.1439048495
25.11.2017 03:27:13 +00.04030E+00  0485 008482 1 00031055 00031024 000 342 43064.1439088079
25.11.2017 03:27:14 +00.04030E+00  0504 008482 1 00031056 00031024 000 343 43064.1439127778
25.11.2017 03:27:14 +00.04030E+00  0513 008482 1 00031057 00031024 000 380 43064.1439171759
25.11.2017 03:27:14 +00.04030E+00  0532 008482 1 00031058 00031024 000 344 43064.1439211574
25.11.2017 03:27:15 +00.04031E+00  0546 008482 1 00031059 00031024 000 343 43064.1439251273
25.11.2017 03:27:15 +00.04031E+00  0558 008482 1 00031060 00031024 000 343 43064.1439290972
25.11.2017 03:27:15 +00.04031E+00  0574 008482 1 00031061 00031024 000 375 43064.1439334375
25.11.2017 03:27:16 +00.04030E+00  0590 008482 1 00031062 00031024 000 343 43064.1439374074
25.11.2017 03:27:16 +00.04030E+00  0613 008482 1 00031063 00031024 000 343 43064.1439413773
25.11.2017 03:27:16 +00.04030E+00  0627 008482 1 00031064 00031024 000 343 43064.1439453472
25.11.2017 03:27:17 +00.04030E+00  0635 008482 1 00031065 00031024 000 376 43064.1439496991
25.11.2017 03:27:17 +00.04030E+00  0643 008482 1 00031066 00031024 000 341 43064.1439536458
25.11.2017 03:27:17 +00.04030E+00  0660 008482 1 00031067 00031024 000 342 43064.1439576157
25.11.2017 03:27:18 +00.04030E+00  0669 008482 1 00031068 00031024 000 342 43064.1439615857
25.11.2017 03:27:18 +00.04030E+00  0687 008482 1 00031069 00031024 000 377 43064.1439659606
25.11.2017 03:27:18 +00.04031E+00  0707 008482 1 00031070 00031024 000 340 43064.1439698958
25.11.2017 03:27:19 +00.04030E+00  0722 008482 1 00031071 00031024 000 342 43064.1439738657
25.11.2017 03:27:19 +00.04031E+00  0744 008482 1 00031072 00031024 000 343 43064.1439778357
25.11.2017 03:27:20 +00.04031E+00  0759 008482 1 00031073 00031024 000 378 43064.1439822222
25.11.2017 03:27:20 +00.04031E+00  0774 008482 1 00031074 00031024 000 344 43064.1439862153
25.11.2017 03:27:20 +00.04030E+00  0791 008482 1 00031075 00031024 000 342 43064.1439901852
25.11.2017 03:27:21 +00.04030E+00  0799 008482 1 00031076 00031024 000 342 43064.1439941551
25.11.2017 03:27:21 +00.04030E+00  0813 008482 1 00031077 00031024 000 373 43064.1439984838
25.11.2017 03:27:21 +00.04030E+00  0830 008482 1 00031078 00031024 000 343 43064.1440024653
25.11.2017 03:27:22 +00.04030E+00  0851 008482 1 00031079 00031024 000 342 43064.1440064352
25.11.2017 03:27:22 +00.04030E+00  0864 008482 1 00031080 00031024 000 343 43064.1440104167
25.11.2017 03:27:22 +00.04030E+00  0875 008482 1 00031081 00031024 000 374 43064.1440147454
25.11.2017 03:27:23 +00.04030E+00  0892 008482 1 00031082 00031024 000 342 43064.1440187153
25.11.2017 03:27:23 +00.04030E+00  0900 008482 1 00031083 00031024 000 343 43064.1440226852
25.11.2017 03:27:23 +00.04030E+00  0914 008482 1 00031084 00031024 000 343 43064.1440266551
25.11.2017 03:27:24 +00.04030E+00  0931 008482 1 00031085 00031024 000 376 43064.1440310069
25.11.2017 03:27:24 +00.04030E+00  0943 008482 1 00031086 00031024 000 341 43064.1440349653
25.11.2017 03:27:24 +00.04031E+00  0959 008482 1 00031087 00031024 000 343 43064.1440389352
25.11.2017 03:27:25 +00.04031E+00  0968 008482 1 00031088 00031024 000 343 43064.1440429051
25.11.2017 03:27:25 +00.04030E+00  0983 008482 1 00031089 00031024 000 377 43064.1440472685
25.11.2017 03:27:26 +00.04031E+00  0998 008482 1 00031090 00031024 000 340 43064.1440512037
25.11.2017 03:27:26 +00.04031E+00  1012 008482 1 00031091 00031024 000 343 43064.1440551852
25.11.2017 03:27:26 +00.04030E+00  1026 008482 1 00031092 00031024 000 343 43064.1440591551
25.11.2017 03:27:27 +00.04030E+00  1037 008482 1 00031093 00031024 000 379 43064.1440635417
25.11.2017 03:27:27 +00.04030E+00  1059 008482 1 00031094 00031024 000 345 43064.1440675347
25.11.2017 03:27:27 +00.04031E+00  1064 008482 1 00031095 00031024 000 343 43064.1440715046
25.11.2017 03:27:28 +00.04030E+00  1076 008482 1 00031096 00031024 000 343 43064.1440754745
25.11.2017 03:27:28 +00.04030E+00  1093 008482 1 00031097 00031024 000 374 43064.1440798032
25.11.2017 03:27:28 +00.04030E+00  1106 008482 1 00031098 00031024 000 344 43064.1440837847
25.11.2017 03:27:29 +00.04030E+00  1129 008482 1 00031099 00031024 000 343 43064.1440877546
25.11.2017 03:27:29 +00.04030E+00  1151 008482 1 00031100 00031024 000 343 43064.1440917245
25.11.2017 03:27:29 +00.04031E+00  1168 008482 1 00031101 00031024 000 374 43064.1440960532
25.11.2017 03:27:30 +00.04031E+00  1188 008482 1 00031102 00031024 000 342 43064.1441000231
25.11.2017 03:27:30 +00.04031E+00  1201 008482 1 00031103 00031024 000 342 43064.1441039931
25.11.2017 03:27:30 +00.04030E+00  1216 008482 1 00031104 00031024 000 342 43064.144107963
25.11.2017 03:27:31 +00.04030E+00  1235 008482 1 00031105 00031024 000 375 43064.1441123148
25.11.2017 03:27:31 +00.04031E+00  1251 008482 1 00031106 00031024 000 341 43064.1441162731
25.11.2017 03:27:31 +00.04031E+00  1268 008482 1 00031107 00031024 000 343 43064.1441202431
25.11.2017 03:27:32 +00.04031E+00  1281 008482 1 00031108 00031024 000 343 43064.144124213
25.11.2017 03:27:32 +00.04030E+00  1289 008482 1 00031109 00031024 000 376 43064.1441285764
25.11.2017 03:27:38 +00.04040E+00  0006 008502 1 00031110 00031110 000 378 43064.1441936343
25.11.2017 03:27:38 +00.04040E+00  0020 008502 1 00031111 00031110 000 340 43064.1441975694
25.11.2017 03:27:39 +00.04040E+00  0035 008502 1 00031112 00031110 000 341 43064.1442015278
25.11.2017 03:27:39 +00.04040E+00  0050 008502 1 00031113 00031110 000 343 43064.1442054977
25.11.2017 03:27:39 +00.04040E+00  0064 008502 1 00031114 00031110 000 380 43064.1442098958
25.11.2017 03:27:40 +00.04040E+00  0075 008502 1 00031115 00031110 000 344 43064.1442138773
25.11.2017 03:27:40 +00.04040E+00  0086 008502 1 00031116 00031110 000 343 43064.1442178472
25.11.2017 03:27:40 +00.04040E+00  0097 008502 1 00031117 00031110 000 344 43064.1442218287
25.11.2017 03:27:41 +00.04040E+00  0115 008502 1 00031118 00031110 000 374 43064.1442261574
25.11.2017 03:27:41 +00.04040E+00  0133 008502 1 00031119 00031110 000 343 43064.1442301273
25.11.2017 03:27:41 +00.04040E+00  0150 008502 1 00031120 00031110 000 343 43064.1442340972
25.11.2017 03:27:42 +00.04040E+00  0168 008502 1 00031121 00031110 000 343 43064.1442380671
25.11.2017 03:27:42 +00.04040E+00  0187 008502 1 00031122 00031110 000 376 43064.144242419
25.11.2017 03:27:42 +00.04040E+00  0200 008502 1 00031123 00031110 000 341 43064.1442463657
25.11.2017 03:27:43 +00.04040E+00  0210 008502 1 00031124 00031110 000 342 43064.1442503356
25.11.2017 03:27:43 +00.04040E+00  0220 008502 1 00031125 00031110 000 342 43064.1442543056
25.11.2017 03:27:43 +00.04040E+00  0227 008502 1 00031126 00031110 000 376 43064.144258669
25.11.2017 03:27:44 +00.04040E+00  0242 008502 1 00031127 00031110 000 340 43064.1442626157
25.11.2017 03:27:44 +00.04040E+00  0258 008502 1 00031128 00031110 000 343 43064.1442665972
25.11.2017 03:27:44 +00.04040E+00  0276 008502 1 00031129 00031110 000 342 43064.1442705556
25.11.2017 03:27:45 +00.04040E+00  0297 008502 1 00031130 00031110 000 377 43064.1442749306
25.11.2017 03:27:45 +00.04040E+00  0313 008502 1 00031131 00031110 000 340 43064.1442788773
25.11.2017 03:27:46 +00.04040E+00  0326 008502 1 00031132 00031110 000 342 43064.1442828356
25.11.2017 03:27:46 +00.04040E+00  0341 008502 1 00031133 00031110 000 343 43064.1442868056
25.11.2017 03:27:46 +00.04040E+00  0354 008502 1 00031134 00031110 000 380 43064.1442912037
25.11.2017 03:27:47 +00.04040E+00  0371 008502 1 00031135 00031110 000 344 43064.1442951852
25.11.2017 03:27:47 +00.04040E+00  0382 008502 1 00031136 00031110 000 343 43064.1442991551
25.11.2017 03:27:47 +00.04040E+00  0391 008502 1 00031137 00031110 000 343 43064.144303125
25.11.2017 03:27:48 +00.04040E+00  0410 008502 1 00031138 00031110 000 373 43064.1443074537
25.11.2017 03:27:48 +00.04040E+00  0420 008502 1 00031139 00031110 000 343 43064.1443114352
25.11.2017 03:27:48 +00.04040E+00  0434 008502 1 00031140 00031110 000 343 43064.1443154051
25.11.2017 03:27:49 +00.04040E+00  0441 008502 1 00031141 00031110 000 343 43064.144319375
25.11.2017 03:27:49 +00.04040E+00  0458 008502 1 00031142 00031110 000 376 43064.1443237269
25.11.2017 03:27:49 +00.04040E+00  0471 008502 1 00031143 00031110 000 342 43064.1443276852
25.11.2017 03:27:50 +00.04040E+00  0480 008502 1 00031144 00031110 000 343 43064.1443316551
25.11.2017 03:27:50 +00.04040E+00  0491 008502 1 00031145 00031110 000 343 43064.144335625
25.11.2017 03:27:50 +00.04040E+00  0511 008502 1 00031146 00031110 000 377 43064.1443399884
25.11.2017 03:27:51 +00.04040E+00  0524 008502 1 00031147 00031110 000 341 43064.1443439352
25.11.2017 03:27:51 +00.04040E+00  0541 008502 1 00031148 00031110 000 343 43064.1443479051
25.11.2017 03:27:52 +00.04040E+00  0556 008502 1 00031149 00031110 000 343 43064.144351875
25.11.2017 03:27:52 +00.04040E+00  0569 008502 1 00031150 00031110 000 378 43064.14435625
25.11.2017 03:27:52 +00.04040E+00  0580 008502 1 00031151 00031110 000 341 43064.1443601968
25.11.2017 03:27:53 +00.04040E+00  0594 008502 1 00031152 00031110 000 341 43064.1443641435
25.11.2017 03:27:53 +00.04040E+00  0610 008502 1 00031153 00031110 000 342 43064.1443681134
25.11.2017 03:27:53 +00.04040E+00  0626 008502 1 00031154 00031110 000 378 43064.1443725
25.11.2017 03:27:54 +00.04040E+00  0640 008502 1 00031155 00031110 000 344 43064.1443764931
25.11.2017 03:27:54 +00.04040E+00  0658 008502 1 00031156 00031110 000 343 43064.1443804745
25.11.2017 03:27:54 +00.04040E+00  0670 008502 1 00031157 00031110 000 342 43064.1443844329
25.11.2017 03:27:55 +00.04040E+00  0678 008502 1 00031158 00031110 000 373 43064.1443887616
25.11.2017 03:27:55 +00.04040E+00  0693 008502 1 00031159 00031110 000 343 43064.1443927431
25.11.2017 03:27:55 +00.04040E+00  0711 008502 1 00031160 00031110 000 342 43064.144396713
25.11.2017 03:27:56 +00.04040E+00  0728 008502 1 00031161 00031110 000 343 43064.1444006829
25.11.2017 03:27:56 +00.04040E+00  0743 008502 1 00031162 00031110 000 374 43064.1444050232
25.11.2017 03:27:56 +00.04040E+00  0763 008502 1 00031163 00031110 000 342 43064.1444089931
25.11.2017 03:27:57 +00.04040E+00  0774 008502 1 00031164 00031110 000 343 43064.144412963
25.11.2017 03:27:57 +00.04040E+00  0785 008502 1 00031165 00031110 000 343 43064.1444169329
25.11.2017 03:27:58 +00.04040E+00  0795 008502 1 00031166 00031110 000 377 43064.1444212963
25.11.2017 03:27:58 +00.04040E+00  0817 008502 1 00031167 00031110 000 341 43064.1444252431
25.11.2017 03:27:58 +00.04040E+00  0833 008502 1 00031168 00031110 000 343 43064.144429213
25.11.2017 03:27:59 +00.04040E+00  0854 008502 1 00031169 00031110 000 343 43064.1444331829
25.11.2017 03:27:59 +00.04040E+00  0863 008502 1 00031170 00031110 000 378 43064.1444375579
25.11.2017 03:27:59 +00.04040E+00  0878 008502 1 00031171 00031110 000 341 43064.1444415046
25.11.2017 03:28:00 +00.04040E+00  0889 008502 1 00031172 00031110 000 342 43064.144445463
25.11.2017 03:28:00 +00.04040E+00  0907 008502 1 00031173 00031110 000 343 43064.1444494329
25.11.2017 03:28:00 +00.04040E+00  0918 008502 1 00031174 00031110 000 379 43064.1444538194
25.11.2017 03:28:01 +00.04040E+00  0937 008502 1 00031175 00031110 000 345 43064.1444578125
25.11.2017 03:28:01 +00.04040E+00  0948 008502 1 00031176 00031110 000 343 43064.1444617824
25.11.2017 03:28:01 +00.04040E+00  0969 008502 1 00031177 00031110 000 343 43064.1444657523
25.11.2017 03:28:02 +00.04040E+00  0981 008502 1 00031178 00031110 000 374 43064.144470081
25.11.2017 03:28:02 +00.04040E+00  1002 008502 1 00031179 00031110 000 343 43064.1444740509
25.11.2017 03:28:02 +00.04040E+00  1018 008502 1 00031180 00031110 000 342 43064.1444780208
25.11.2017 03:28:03 +00.04040E+00  1030 008502 1 00031181 00031110 000 343 43064.1444820023
25.11.2017 03:28:03 +00.04040E+00  1048 008502 1 00031182 00031110 000 375 43064.1444863426
25.11.2017 03:28:03 +00.04040E+00  1067 008502 1 00031183 00031110 000 342 43064.1444903009
25.11.2017 03:28:04 +00.04040E+00  1080 008502 1 00031184 00031110 000 342 43064.1444942708
25.11.2017 03:28:04 +00.04040E+00  1091 008502 1 00031185 00031110 000 343 43064.1444982407
25.11.2017 03:28:05 +00.04040E+00  1103 008502 1 00031186 00031110 000 376 43064.1445026042
25.11.2017 03:28:05 +00.04040E+00  1120 008502 1 00031187 00031110 000 340 43064.1445065509
25.11.2017 03:28:05 +00.04040E+00  1140 008502 1 00031188 00031110 000 343 43064.1445105208
25.11.2017 03:28:06 +00.04040E+00  1153 008502 1 00031189 00031110 000 343 43064.1445144907
25.11.2017 03:28:06 +00.04040E+00  1167 008502 1 00031190 00031110 000 378 43064.1445188657
25.11.2017 03:28:06 +00.04040E+00  1188 008502 1 00031191 00031110 000 340 43064.1445228125
25.11.2017 03:28:07 +00.04040E+00  1210 008502 1 00031192 00031110 000 341 43064.1445267708
25.11.2017 03:28:07 +00.04040E+00  1224 008502 1 00031193 00031110 000 343 43064.1445307407
25.11.2017 03:28:07 +00.04040E+00  1242 008502 1 00031194 00031110 000 379 43064.1445351273
25.11.2017 03:28:08 +00.04040E+00  1257 008502 1 00031195 00031110 000 340 43064.1445390625
25.11.2017 03:28:13 +00.04050E+00  0011 008522 1 00031196 00031196 000 380 43064.1446034144
25.11.2017 03:28:14 +00.04049E+00  0023 008522 1 00031197 00031196 000 343 43064.1446073958
25.11.2017 03:28:14 +00.04050E+00  0038 008522 1 00031198 00031196 000 343 43064.1446113657
25.11.2017 03:28:14 +00.04049E+00  0054 008522 1 00031199 00031196 000 343 43064.1446153356
25.11.2017 03:28:15 +00.04050E+00  0068 008522 1 00031200 00031196 000 376 43064.1446196875
25.11.2017 03:28:15 +00.04050E+00  0090 008522 1 00031201 00031196 000 342 43064.1446236458
25.11.2017 03:28:15 +00.04050E+00  0098 008522 1 00031202 00031196 000 342 43064.1446276042
25.11.2017 03:28:16 +00.04050E+00  0111 008522 1 00031203 00031196 000 342 43064.1446315741
25.11.2017 03:28:16 +00.04049E+00  0138 008522 1 00031204 00031196 000 377 43064.1446359491
25.11.2017 03:28:16 +00.04049E+00  0153 008522 1 00031205 00031196 000 340 43064.1446398958
25.11.2017 03:28:17 +00.04050E+00  0169 008522 1 00031206 00031196 000 342 43064.1446438542
25.11.2017 03:28:17 +00.04049E+00  0186 008522 1 00031207 00031196 000 342 43064.1446478241
25.11.2017 03:28:17 +00.04050E+00  0203 008522 1 00031208 00031196 000 378 43064.1446522106
25.11.2017 03:28:18 +00.04050E+00  0220 008522 1 00031209 00031196 000 344 43064.1446562037
25.11.2017 03:28:18 +00.04050E+00  0229 008522 1 00031210 00031196 000 342 43064.1446601736
25.11.2017 03:28:18 +00.04049E+00  0243 008522 1 00031211 00031196 000 342 43064.1446641435
25.11.2017 03:28:19 +00.04049E+00  0249 008522 1 00031212 00031196 000 373 43064.1446684722
25.11.2017 03:28:19 +00.04050E+00  0269 008522 1 00031213 00031196 000 343 43064.1446724537
25.11.2017 03:28:20 +00.04050E+00  0283 008522 1 00031214 00031196 000 343 43064.1446764236
25.11.2017 03:28:20 +00.04050E+00  0302 008522 1 00031215 00031196 000 342 43064.1446803935
25.11.2017 03:28:20 +00.04050E+00  0319 008522 1 00031216 00031196 000 375 43064.1446847338
25.11.2017 03:28:21 +00.04050E+00  0337 008522 1 00031217 00031196 000 342 43064.1446887037
25.11.2017 03:28:21 +00.04050E+00  0354 008522 1 00031218 00031196 000 343 43064.1446926736
25.11.2017 03:28:21 +00.04050E+00  0363 008522 1 00031219 00031196 000 343 43064.1446966435
25.11.2017 03:28:22 +00.04049E+00  0378 008522 1 00031220 00031196 000 376 43064.1447009954
25.11.2017 03:28:22 +00.04050E+00  0390 008522 1 00031221 00031196 000 342 43064.1447049537
25.11.2017 03:28:22 +00.04049E+00  0402 008522 1 00031222 00031196 000 343 43064.1447089236
25.11.2017 03:28:23 +00.04049E+00  0417 008522 1 00031223 00031196 000 343 43064.1447128935
25.11.2017 03:28:23 +00.04049E+00  0431 008522 1 00031224 00031196 000 377 43064.1447172569
25.11.2017 03:28:23 +00.04049E+00  0442 008524 1 00031225 00031196 000 341 43064.1447212037
25.11.2017 03:28:24 +00.04050E+00  0451 008524 1 00031226 00031196 000 343 43064.1447251736
25.11.2017 03:28:24 +00.04050E+00  0465 008524 1 00031227 00031196 000 343 43064.1447291435
25.11.2017 03:28:24 +00.04050E+00  0475 008524 1 00031228 00031196 000 378 43064.1447335185
25.11.2017 03:28:25 +00.04050E+00  0487 008524 1 00031229 00031196 000 340 43064.1447374537
25.11.2017 03:28:25 +00.04050E+00  0504 008524 1 00031230 00031196 000 342 43064.144741412
25.11.2017 03:28:26 +00.04050E+00  0522 008524 1 00031231 00031196 000 342 43064.1447453819
25.11.2017 03:28:26 +00.04051E+00  0547 008524 1 00031232 00031196 000 380 43064.1447497801
25.11.2017 03:28:26 +00.04050E+00  0553 008524 1 00031233 00031196 000 343 43064.1447537616
25.11.2017 03:28:27 +00.04050E+00  0564 008524 1 00031234 00031196 000 343 43064.1447577431
25.11.2017 03:28:27 +00.04050E+00  0581 008524 1 00031235 00031196 000 342 43064.1447617014
25.11.2017 03:28:27 +00.04050E+00  0600 008524 1 00031236 00031196 000 374 43064.1447660417
25.11.2017 03:28:28 +00.04050E+00  0621 008524 1 00031237 00031196 000 342 43064.1447700116
25.11.2017 03:28:28 +00.04050E+00  0634 008524 1 00031238 00031196 000 343 43064.1447739815
25.11.2017 03:28:28 +00.04050E+00  0643 008524 1 00031239 00031196 000 342 43064.1447779514
25.11.2017 03:28:29 +00.04051E+00  0664 008524 1 00031240 00031196 000 375 43064.1447823032
25.11.2017 03:28:29 +00.04051E+00  0677 008524 1 00031241 00031196 000 341 43064.1447862616
25.11.2017 03:28:29 +00.04051E+00  0688 008524 1 00031242 00031196 000 343 43064.1447902315
25.11.2017 03:28:30 +00.04051E+00  0706 008524 1 00031243 00031196 000 343 43064.1447942014
25.11.2017 03:28:30 +00.04050E+00  0719 008524 1 00031244 00031196 000 377 43064.1447985648
25.11.2017 03:28:30 +00.04050E+00  0738 008524 1 00031245 00031196 000 341 43064.1448025116
25.11.2017 03:28:31 +00.04050E+00  0754 008524 1 00031246 00031196 000 343 43064.1448064815
25.11.2017 03:28:31 +00.04050E+00  0764 008524 1 00031247 00031196 000 343 43064.1448104514
25.11.2017 03:28:32 +00.04050E+00  0778 008524 1 00031248 00031196 000 378 43064.1448148264
25.11.2017 03:28:32 +00.04050E+00  0799 008524 1 00031249 00031196 000 340 43064.1448187616
25.11.2017 03:28:32 +00.04050E+00  0813 008524 1 00031250 00031196 000 343 43064.1448227315
25.11.2017 03:28:33 +00.04050E+00  0831 008524 1 00031251 00031196 000 343 43064.1448267014
25.11.2017 03:28:33 +00.04050E+00  0851 008524 1 00031252 00031196 000 379 43064.144831088
25.11.2017 03:28:33 +00.04050E+00  0862 008524 1 00031253 00031196 000 345 43064.144835081
25.11.2017 03:28:34 +00.04050E+00  0866 008524 1 00031254 00031196 000 343 43064.1448390509
25.11.2017 03:28:34 +00.04050E+00  0878 008524 1 00031255 00031196 000 343 43064.1448430208
25.11.2017 03:28:34 +00.04050E+00  0901 008524 1 00031256 00031196 000 375 43064.1448473611
25.11.2017 03:28:35 +00.04050E+00  0921 008524 1 00031257 00031196 000 343 43064.144851331
25.11.2017 03:28:35 +00.04050E+00  0936 008524 1 00031258 00031196 000 342 43064.1448552893
25.11.2017 03:28:35 +00.04050E+00  0943 008524 1 00031259 00031196 000 343 43064.1448592708
25.11.2017 03:28:36 +00.04050E+00  0961 008524 1 00031260 00031196 000 376 43064.1448636227
25.11.2017 03:28:36 +00.04050E+00  0976 008524 1 00031261 00031196 000 341 43064.1448675694
25.11.2017 03:28:36 +00.04050E+00  0992 008524 1 00031262 00031196 000 343 43064.1448715393
25.11.2017 03:28:37 +00.04050E+00  1007 008524 1 00031263 00031196 000 342 43064.1448755093
25.11.2017 03:28:37 +00.04050E+00  1021 008524 1 00031264 00031196 000 376 43064.1448798727
25.11.2017 03:28:37 +00.04050E+00  1038 008524 1 00031265 00031196 000 340 43064.1448838194
25.11.2017 03:28:38 +00.04050E+00  1048 008524 1 00031266 00031196 000 342 43064.1448877893
25.11.2017 03:28:38 +00.04051E+00  1070 008524 1 00031267 00031196 000 345 43064.1448917824
25.11.2017 03:28:39 +00.04050E+00  1089 008524 1 00031268 00031196 000 377 43064.1448961458
25.11.2017 03:28:39 +00.04050E+00  1107 008524 1 00031269 00031196 000 340 43064.144900081
25.11.2017 03:28:39 +00.04051E+00  1122 008524 1 00031270 00031196 000 341 43064.1449040393
25.11.2017 03:28:40 +00.04050E+00  1136 008524 1 00031271 00031196 000 343 43064.1449080093
25.11.2017 03:28:40 +00.04050E+00  1146 008524 1 00031272 00031196 000 380 43064.1449124074
25.11.2017 03:28:40 +00.04050E+00  1157 008524 1 00031273 00031196 000 344 43064.1449163889
25.11.2017 03:28:41 +00.04050E+00  1175 008524 1 00031274 00031196 000 343 43064.1449203588
25.11.2017 03:28:41 +00.04050E+00  1194 008524 1 00031275 00031196 000 343 43064.1449243287
25.11.2017 03:28:41 +00.04051E+00  1209 008524 1 00031276 00031196 000 374 43064.1449286574
25.11.2017 03:28:42 +00.04050E+00  1222 008524 1 00031277 00031196 000 344 43064.1449326389
25.11.2017 03:28:42 +00.04050E+00  1241 008524 1 00031278 00031196 000 343 43064.1449366088
25.11.2017 03:28:42 +00.04050E+00  1259 008524 1 00031279 00031196 000 343 43064.1449405787
25.11.2017 03:28:43 +00.04051E+00  1276 008524 1 00031280 00031196 000 376 43064.1449449306
25.11.2017 03:28:43 +00.04051E+00  1289 008524 1 00031281 00031196 000 341 43064.1449488773