
25.11.2017 00:13:54 +00.03980E+00  0012 008374 1 00000604 00000604 000 342 43064.00966375
25.11.2017 00:13:55 +00.03979E+00  0027 008374 1 00000605 00000604 000 342 43064.0096677199
25.11.2017 00:13:55 +00.03979E+00  0044 008374 1 00000606 00000604 000 417 43064.0096725579
25.11.2017 00:13:56 +00.03979E+00  0065 008374 1 00000607 00000604 000 344 43064.0096765509
25.11.2017 00:13:56 +00.03979E+00  0079 008374 1 00000608 00000604 000 342 43064.0096805093
25.11.2017 00:13:56 +00.03979E+00  0091 008374 1 00000609 00000604 000 342 43064.0096844907
25.11.2017 00:13:57 +00.03979E+00  0111 008374 1 00000610 00000604 000 375 43064.009688831
25.11.2017 00:13:57 +00.03979E+00  0124 008374 1 00000611 00000604 000 342 43064.0096927894
25.11.2017 00:13:57 +00.03979E+00  0145 008374 1 00000612 00000604 000 342 43064.0096967593
25.11.2017 00:13:58 +00.03979E+00  0156 008374 1 00000613 00000604 000 343 43064.0097007292
25.11.2017 00:13:58 +00.03979E+00  0168 008374 1 00000614 00000604 000 376 43064.0097050926
25.11.2017 00:13:58 +00.03979E+00  0183 008374 1 00000615 00000604 000 341 43064.0097090394
25.11.2017 00:13:59 +00.03979E+00  0199 008374 1 00000616 00000604 000 343 43064.0097130093
25.11.2017 00:13:59 +00.03979E+00  0206 008374 1 00000617 00000604 000 342 43064.0097169792
25.11.2017 00:13:59 +00.03979E+00  0225 008374 1 00000618 00000604 000 378 43064.0097213542
25.11.2017 00:14:00 +00.03980E+00  0239 008376 1 00000619 00000604 000 340 43064.0097253009
25.11.2017 00:14:00 +00.03980E+00  0251 008376 1 00000620 00000604 000 341 43064.0097292593
25.11.2017 00:14:00 +00.03980E+00  0262 008376 1 00000621 00000604 000 343 43064.0097332292
25.11.2017 00:14:01 +00.03980E+00  0282 008376 1 00000622 00000604 000 379 43064.0097376157
25.11.2017 00:14:01 +00.03980E+00  0302 008376 1 00000623 00000604 000 340 43064.0097415509
25.11.2017 00:14:02 +00.03980E+00  0319 008376 1 00000624 00000604 000 341 43064.0097455093
25.11.2017 00:14:02 +00.03980E+00  0329 008376 1 00000625 00000604 000 343 43064.0097494792
25.11.2017 00:14:02 +00.03980E+00  0339 008376 1 00000626 00000604 000 380 43064.0097538773
25.11.2017 00:14:03 +00.03980E+00  0355 008376 1 00000627 00000604 000 344 43064.0097578588
25.11.2017 00:14:03 +00.03980E+00  0371 008376 1 00000628 00000604 000 343 43064.0097618287
25.11.2017 00:14:03 +00.03980E+00  0384 008376 1 00000629 00000604 000 343 43064.0097657986
25.11.2017 00:14:04 +00.03980E+00  0402 008376 1 00000630 00000604 000 375 43064.0097701389
25.11.2017 00:14:04 +00.03980E+00  0421 008376 1 00000631 00000604 000 343 43064.0097741088
25.11.2017 00:14:04 +00.03980E+00  0437 008376 1 00000632 00000604 000 343 43064.0097780787
25.11.2017 00:14:05 +00.03980E+00  0457 008376 1 00000633 00000604 000 343 43064.0097820486
25.11.2017 00:14:05 +00.03980E+00  0471 008376 1 00000634 00000604 000 376 43064.0097864005
25.11.2017 00:14:05 +00.03980E+00  0485 008376 1 00000635 00000604 000 341 43064.0097903472
25.11.2017 00:14:06 +00.03980E+00  0503 008376 1 00000636 00000604 000 342 43064.0097943171
25.11.2017 00:14:06 +00.03980E+00  0521 008376 1 00000637 00000604 000 342 43064.009798287
25.11.2017 00:14:06 +00.03980E+00  0538 008376 1 00000638 00000604 000 377 43064.009802662
25.11.2017 00:14:07 +00.03980E+00  0562 008376 1 00000639 00000604 000 340 43064.0098066088
25.11.2017 00:14:07 +00.03980E+00  0578 008376 1 00000640 00000604 000 341 43064.0098105671
25.11.2017 00:14:07 +00.03980E+00  0592 008376 1 00000641 00000604 000 342 43064.009814537
25.11.2017 00:14:08 +00.03980E+00  0607 008376 1 00000642 00000604 000 378 43064.0098189236
25.11.2017 00:14:08 +00.03980E+00  0620 008376 1 00000643 00000604 000 340 43064.0098228588
25.11.2017 00:14:09 +00.03980E+00  0637 008376 1 00000644 00000604 000 341 43064.0098268171
25.11.2017 00:14:09 +00.03980E+00  0652 008376 1 00000645 00000604 000 343 43064.009830787
25.11.2017 00:14:09 +00.03980E+00  0666 008376 1 00000646 00000604 000 380 43064.0098351852
25.11.2017 00:14:10 +00.03980E+00  0688 008376 1 00000647 00000604 000 344 43064.0098391667
25.11.2017 00:14:10 +00.03980E+00  0706 008376 1 00000648 00000604 000 344 43064.0098431481
25.11.2017 00:14:10 +00.03980E+00  0718 008376 1 00000649 00000604 000 342 43064.0098471065
25.11.2017 00:14:11 +00.03980E+00  0737 008376 1 00000650 00000604 000 375 43064.0098514468
25.11.2017 00:14:11 +00.03980E+00  0752 008376 1 00000651 00000604 000 342 43064.0098554167
25.11.2017 00:14:11 +00.03980E+00  0763 008376 1 00000652 00000604 000 343 43064.0098593866
25.11.2017 00:14:12 +00.03980E+00  0782 008376 1 00000653 00000604 000 343 43064.0098633565
25.11.2017 00:14:12 +00.03980E+00  0796 008376 1 00000654 00000604 000 376 43064.0098677083
25.11.2017 00:14:12 +00.03980E+00  0812 008376 1 00000655 00000604 000 342 43064.0098716667
25.11.2017 00:14:13 +00.03980E+00  0821 008376 1 00000656 00000604 000 343 43064.0098756366
25.11.2017 00:14:13 +00.03980E+00  0832 008376 1 00000657 00000604 000 343 43064.0098796065
25.11.2017 00:14:13 +00.03980E+00  0856 008376 1 00000658 00000604 000 377 43064.0098839699
25.11.2017 00:14:14 +00.03980E+00  0872 008376 1 00000659 00000604 000 340 43064.0098879051
25.11.2017 00:14:14 +00.03980E+00  0887 008376 1 00000660 00000604 000 342 43064.009891875
25.11.2017 00:14:15 +00.03980E+00  0905 008376 1 00000661 00000604 000 342 43064.0098958449
25.11.2017 00:14:15 +00.03980E+00  0926 008376 1 00000662 00000604 000 378 43064.0099002315
25.11.2017 00:14:15 +00.03980E+00  0945 008376 1 00000663 00000604 000 345 43064.0099042361
25.11.2017 00:14:16 +00.03980E+00  0962 008376 1 00000664 00000604 000 342 43064.0099081944
25.11.2017 00:14:16 +00.03980E+00  0972 008376 1 00000665 00000604 000 343 43064.0099121759
25.11.2017 00:14:16 +00.03980E+00  0986 008376 1 00000666 00000604 000 374 43064.0099165046
25.11.2017 00:14:17 +00.03980E+00  1006 008376 1 00000667 00000604 000 343 43064.0099204745
25.11.2017 00:14:17 +00.03980E+00  1027 008376 1 00000668 00000604 000 342 43064.0099244444
25.11.2017 00:14:17 +00.03980E+00  1044 008376 1 00000669 00000604 000 342 43064.0099284144
25.11.2017 00:14:18 +00.03980E+00  1061 008376 1 00000670 00000604 000 374 43064.0099327546
25.11.2017 00:14:18 +00.03980E+00  1078 008376 1 00000671 00000604 000 342 43064.0099367245
25.11.2017 00:14:18 +00.03980E+00  1090 008376 1 00000672 00000604 000 342 43064.0099406944
25.11.2017 00:14:19 +00.03980E+00  1105 008376 1 00000673 00000604 000 343 43064.0099446759
25.11.2017 00:14:19 +00.03980E+00  1117 008376 1 00000674 00000604 000 375 43064.0099490162
25.11.2017 00:14:19 +00.03980E+00  1134 008376 1 00000675 00000604 000 341 43064.0099529745
25.11.2017 00:14:20 +00.03980E+00  1152 008376 1 00000676 00000604 000 343 43064.0099569444
25.11.2017 00:14:20 +00.03980E+00  1165 008376 1 00000677 00000604 000 343 43064.0099609144
25.11.2017 00:14:21 +00.03980E+00  1173 008376 1 00000678 00000604 000 377 43064.0099652778
25.11.2017 00:14:21 +00.03980E+00  1191 008376 1 00000679 00000604 000 341 43064.0099692245
25.11.2017 00:14:21 +00.03980E+00  1200 008376 1 00000680 00000604 000 343 43064.0099731944
25.11.2017 00:14:22 +00.03980E+00  1213 008376 1 00000681 00000604 000 343 43064.0099771644
25.11.2017 00:14:22 +00.03980E+00  1235 008376 1 00000682 00000604 000 379 43064.0099815509
25.11.2017 00:14:22 +00.03980E+00  1253 008376 1 00000683 00000604 000 346 43064.0099855556
25.11.2017 00:14:23 +00.03980E+00  1273 008376 1 00000684 00000604 000 342 43064.0099895139
25.11.2017 00:14:23 +00.03980E+00  1285 008376 1 00000685 00000604 000 343 43064.0099934838
25.11.2017 00:14:23 +00.03980E+00  1299 008376 1 00000686 00000604 000 373 43064.0099978009
25.11.2017 00:14:24 +00.03980E+00  1318 008376 1 00000687 00000604 000 345 43064.010001794
25.11.2017 00:14:24 +00.03980E+00  1330 008376 1 00000688 00000604 000 343 43064.0100057639
25.11.2017 00:14:24 +00.03980E+00  1344 008376 1 00000689 00000604 000 343 43064.0100097338
25.11.2017 00:14:25 +00.03980E+00  1357 008376 1 00000690 00000604 000 375 43064.0100140741
25.11.2017 00:14:30 +00.03990E+00  0016 008396 1 00000691 00000691 000 342 43064.010074456
25.11.2017 00:14:30 +00.03990E+00  0029 008396 1 00000692 00000691 000 402 43064.0100791088
25.11.2017 00:14:31 +00.03990E+00  0038 008396 1 00000693 00000691 000 341 43064.0100830556
25.11.2017 00:14:31 +00.03990E+00  0049 008396 1 00000694 00000691 000 343 43064.0100870255
25.11.2017 00:14:31 +00.03990E+00  0068 008396 1 00000695 00000691 000 343 43064.0100909954
25.11.2017 00:14:32 +00.03990E+00  0081 008396 1 00000696 00000691 000 378 43064.0100953704
25.11.2017 00:14:32 +00.03990E+00  0100 008396 1 00000697 00000691 000 341 43064.0100993287
25.11.2017 00:14:32 +00.03990E+00  0113 008396 1 00000698 00000691 000 341 43064.0101032755
25.11.2017 00:14:33 +00.03990E+00  0127 008396 1 00000699 00000691 000 343 43064.0101072454
25.11.2017 00:14:33 +00.03990E+00  0142 008396 1 00000700 00000691 000 380 43064.0101116435
25.11.2017 00:14:33 +00.03990E+00  0159 008396 1 00000701 00000691 000 344 43064.010115625
25.11.2017 00:14:34 +00.03990E+00  0169 008396 1 00000702 00000691 000 343 43064.0101195949
25.11.2017 00:14:34 +00.03990E+00  0185 008396 1 00000703 00000691 000 343 43064.0101235648
25.11.2017 00:14:35 +00.03990E+00  0200 008396 1 00000704 00000691 000 375 43064.0101279051
25.11.2017 00:14:35 +00.03990E+00  0219 008396 1 00000705 00000691 000 343 43064.010131875
25.11.2017 00:14:35 +00.03990E+00  0230 008396 1 00000706 00000691 000 343 43064.0101358449
25.11.2017 00:14:36 +00.03990E+00  0241 008396 1 00000707 00000691 000 343 43064.0101398148
25.11.2017 00:14:36 +00.03990E+00  0264 008396 1 00000708 00000691 000 375 43064.0101441551
25.11.2017 00:14:36 +00.03990E+00  0285 008396 1 00000709 00000691 000 342 43064.0101481134
25.11.2017 00:14:37 +00.03990E+00  0300 008396 1 00000710 00000691 000 342 43064.0101520833
25.11.2017 00:14:37 +00.03990E+00  0309 008396 1 00000711 00000691 000 342 43064.0101560532
25.11.2017 00:14:37 +00.03990E+00  0324 008396 1 00000712 00000691 000 377 43064.0101604282
25.11.2017 00:14:38 +00.03990E+00  0345 008396 1 00000713 00000691 000 340 43064.0101643634
25.11.2017 00:14:38 +00.03990E+00  0368 008396 1 00000714 00000691 000 342 43064.0101683333
25.11.2017 00:14:38 +00.03990E+00  0381 008396 1 00000715 00000691 000 342 43064.0101723032
25.11.2017 00:14:39 +00.03990E+00  0391 008396 1 00000716 00000691 000 378 43064.0101766898
25.11.2017 00:14:39 +00.03990E+00  0405 008396 1 00000717 00000691 000 340 43064.010180625
25.11.2017 00:14:39 +00.03990E+00  0418 008396 1 00000718 00000691 000 341 43064.0101845833
25.11.2017 00:14:40 +00.03990E+00  0432 008396 1 00000719 00000691 000 343 43064.0101885532
25.11.2017 00:14:40 +00.03990E+00  0444 008396 1 00000720 00000691 000 379 43064.0101929398
25.11.2017 00:14:41 +00.03989E+00  0457 008396 1 00000721 00000691 000 344 43064.0101969329
25.11.2017 00:14:41 +00.03990E+00  0479 008396 1 00000722 00000691 000 342 43064.0102009028
25.11.2017 00:14:41 +00.03989E+00  0504 008396 1 00000723 00000691 000 342 43064.0102048727
25.11.2017 00:14:42 +00.03990E+00  0516 008396 1 00000724 00000691 000 374 43064.010209213
25.11.2017 00:14:42 +00.03990E+00  0532 008396 1 00000725 00000691 000 343 43064.0102131829
25.11.2017 00:14:42 +00.03990E+00  0541 008396 1 00000726 00000691 000 343 43064.0102171528
25.11.2017 00:14:43 +00.03990E+00  0558 008396 1 00000727 00000691 000 343 43064.0102211227
25.11.2017 00:14:43 +00.03989E+00  0571 008396 1 00000728 00000691 000 376 43064.0102254745
25.11.2017 00:14:43 +00.03990E+00  0593 008396 1 00000729 00000691 000 342 43064.0102294329
25.11.2017 00:14:44 +00.03990E+00  0610 008396 1 00000730 00000691 000 343 43064.0102334028
25.11.2017 00:14:44 +00.03990E+00  0619 008396 1 00000731 00000691 000 343 43064.0102373727
25.11.2017 00:14:44 +00.03990E+00  0633 008396 1 00000732 00000691 000 377 43064.0102417361
25.11.2017 00:14:45 +00.03990E+00  0646 008396 1 00000733 00000691 000 341 43064.0102456829
25.11.2017 00:14:45 +00.03990E+00  0660 008396 1 00000734 00000691 000 343 43064.0102496528
25.11.2017 00:14:45 +00.03990E+00  0672 008396 1 00000735 00000691 000 343 43064.0102536227
25.11.2017 00:14:46 +00.03990E+00  0688 008396 1 00000736 00000691 000 378 43064.0102579977
25.11.2017 00:14:46 +00.03990E+00  0702 008396 1 00000737 00000691 000 340 43064.0102619329
25.11.2017 00:14:46 +00.03990E+00  0718 008396 1 00000738 00000691 000 341 43064.0102658912
25.11.2017 00:14:47 +00.03990E+00  0730 008396 1 00000739 00000691 000 342 43064.0102698611
25.11.2017 00:14:47 +00.03990E+00  0746 008396 1 00000740 00000691 000 378 43064.0102742477
25.11.2017 00:14:48 +00.03990E+00  0763 008396 1 00000741 00000691 000 344 43064.0102782407
25.11.2017 00:14:48 +00.03990E+00  0782 008396 1 00000742 00000691 000 342 43064.0102822106
25.11.2017 00:14:48 +00.03990E+00  0793 008396 1 00000743 00000691 000 342 43064.0102861806
25.11.2017 00:14:49 +00.03990E+00  0809 008396 1 00000744 00000691 000 373 43064.0102905093
25.11.2017 00:14:49 +00.03990E+00  0824 008396 1 00000745 00000691 000 343 43064.0102944907
25.11.2017 00:14:49 +00.03990E+00  0832 008396 1 00000746 00000691 000 342 43064.0102984606
25.11.2017 00:14:50 +00.03990E+00  0844 008396 1 00000747 00000691 000 342 43064.0103024306
25.11.2017 00:14:50 +00.03990E+00  0858 008396 1 00000748 00000691 000 374 43064.0103067708
25.11.2017 00:14:50 +00.03990E+00  0879 008396 1 00000749 00000691 000 342 43064.0103107407
25.11.2017 00:14:51 +00.03990E+00  0892 008396 1 00000750 00000691 000 343 43064.0103147106
25.11.2017 00:14:51 +00.03990E+00  0907 008396 1 00000751 00000691 000 343 43064.0103186806
25.11.2017 00:14:51 +00.03990E+00  0919 008396 1 00000752 00000691 000 377 43064.010323044
25.11.2017 00:14:52 +00.03990E+00  0929 008396 1 00000753 00000691 000 340 43064.0103269907
25.11.2017 00:14:52 +00.03990E+00  0939 008396 1 00000754 00000691 000 342 43064.0103309606
25.11.2017 00:14:52 +00.03990E+00  0951 008396 1 00000755 00000691 000 343 43064.0103349306
25.11.2017 00:14:53 +00.03990E+00  0961 008396 1 00000756 00000691 000 378 43064.0103393056
25.11.2017 00:14:53 +00.03990E+00  0978 008396 1 00000757 00000691 000 340 43064.0103432407
25.11.2017 00:14:53 +00.03990E+00  0995 008396 1 00000758 00000691 000 342 43064.0103472106
25.11.2017 00:14:54 +00.03990E+00  1010 008396 1 00000759 00000691 000 343 43064.0103511806
25.11.2017 00:14:54 +00.03990E+00  1025 008396 1 00000760 00000691 000 379 43064.0103555671
25.11.2017 00:14:55 +00.03990E+00  1041 008396 1 00000761 00000691 000 340 43064.0103595023
25.11.2017 00:14:55 +00.03990E+00  1056 008396 1 00000762 00000691 000 341 43064.0103634491
25.11.2017 00:14:55 +00.03990E+00  1072 008396 1 00000763 00000691 000 343 43064.0103674306
25.11.2017 00:14:56 +00.03990E+00  1082 008396 1 00000764 00000691 000 379 43064.0103718171
25.11.2017 00:14:56 +00.03990E+00  1096 008396 1 00000765 00000691 000 344 43064.0103758102
25.11.2017 00:14:56 +00.03990E+00  1109 008396 1 00000766 00000691 000 343 43064.0103797801
25.11.2017 00:14:57 +00.03990E+00  1123 008396 1 00000767 00000691 000 343 43064.01038375
25.11.2017 00:14:57 +00.03989E+00  1139 008396 1 00000768 00000691 000 375 43064.0103880903
25.11.2017 00:14:57 +00.03989E+00  1156 008396 1 00000769 00000691 000 342 43064.0103920486
25.11.2017 00:14:58 +00.03989E+00  1178 008396 1 00000770 00000691 000 342 43064.0103960185
25.11.2017 00:14:58 +00.03990E+00  1199 008396 1 00000771 00000691 000 342 43064.0103999884
25.11.2017 00:14:58 +00.03990E+00  1214 008396 1 00000772 00000691 000 375 43064.0104043403
25.11.2017 00:14:59 +00.03989E+00  1231 008396 1 00000773 00000691 000 341 43064.0104082986
25.11.2017 00:14:59 +00.03990E+00  1239 008396 1 00000774 00000691 000 342 43064.0104122685
25.11.2017 00:14:59 +00.03990E+00  1257 008396 1 00000775 00000691 000 343 43064.0104162384
25.11.2017 00:15:00 +00.03990E+00  1274 008396 1 00000776 00000691 000 377 43064.0104206134
25.11.2017 00:15:00 +00.03990E+00  1291 008396 1 00000777 00000691 000 340 43064.0104245602
25.11.2017 00:15:01 +00.03990E+00  1312 008396 1 00000778 00000691 000 341 43064.0104285185
25.11.2017 00:15:06 +00.03999E+00  0012 008416 1 00000779 00000779 000 380 43064.0104889005
25.11.2017 00:15:06 +00.03999E+00  0027 008416 1 00000780 00000779 000 343 43064.0104928819
25.11.2017 00:15:06 +00.03999E+00  0041 008416 1 00000781 00000779 000 343 43064.0104968518
25.11.2017 00:15:07 +00.03999E+00  0052 008416 1 00000782 00000779 000 343 43064.0105008218
25.11.2017 00:15:07 +00.03999E+00  0063 008416 1 00000783 00000779 000 376 43064.0105051736
25.11.2017 00:15:07 +00.03999E+00  0076 008416 1 00000784 00000779 000 341 43064.0105091204
25.11.2017 00:15:08 +00.03999E+00  0088 008416 1 00000785 00000779 000 342 43064.0105130903
25.11.2017 00:15:08 +00.03999E+00  0107 008416 1 00000786 00000779 000 342 43064.0105170602
25.11.2017 00:15:09 +00.03999E+00  0120 008416 1 00000787 00000779 000 377 43064.0105214352
25.11.2017 00:15:09 +00.03999E+00  0139 008416 1 00000788 00000779 000 340 43064.0105253704
25.11.2017 00:15:09 +00.03999E+00  0155 008416 1 00000789 00000779 000 343 43064.0105293519
25.11.2017 00:15:10 +00.03999E+00  0166 008416 1 00000790 00000779 000 342 43064.0105333102
25.11.2017 00:15:10 +00.03999E+00  0180 008416 1 00000791 00000779 000 378 43064.0105376968
25.11.2017 00:15:10 +00.03999E+00  0191 008416 1 00000792 00000779 000 344 43064.0105416898
25.11.2017 00:15:11 +00.03999E+00  0206 008416 1 00000793 00000779 000 342 43064.0105456597
25.11.2017 00:15:11 +00.03999E+00  0213 008418 1 00000794 00000779 000 342 43064.0105496296
25.11.2017 00:15:11 +00.04000E+00  0224 008418 1 00000795 00000779 000 373 43064.0105539583
25.11.2017 00:15:12 +00.04000E+00  0238 008418 1 00000796 00000779 000 343 43064.0105579398
25.11.2017 00:15:12 +00.04000E+00  0255 008418 1 00000797 00000779 000 343 43064.0105619097
25.11.2017 00:15:12 +00.04000E+00  0268 008418 1 00000798 00000779 000 342 43064.0105658796
25.11.2017 00:15:13 +00.04000E+00  0284 008418 1 00000799 00000779 000 375 43064.0105702199
25.11.2017 00:15:13 +00.04000E+00  0306 008418 1 00000800 00000779 000 343 43064.0105741898
25.11.2017 00:15:13 +00.04000E+00  0326 008418 1 00000801 00000779 000 343 43064.0105781597
25.11.2017 00:15:14 +00.04000E+00  0342 008418 1 00000802 00000779 000 343 43064.0105821296
25.11.2017 00:15:14 +00.04000E+00  0358 008418 1 00000803 00000779 000 376 43064.0105864815
25.11.2017 00:15:15 +00.04000E+00  0371 008418 1 00000804 00000779 000 341 43064.0105904398
25.11.2017 00:15:15 +00.04000E+00  0382 008418 1 00000805 00000779 000 343 43064.0105944097
25.11.2017 00:15:15 +00.04000E+00  0401 008418 1 00000806 00000779 000 343 43064.0105983796
25.11.2017 00:15:16 +00.04000E+00  0419 008418 1 00000807 00000779 000 377 43064.0106027431
25.11.2017 00:15:16 +00.04000E+00  0426 008418 1 00000808 00000779 000 341 43064.0106066898
25.11.2017 00:15:16 +00.04000E+00  0442 008418 1 00000809 00000779 000 343 43064.0106106597
25.11.2017 00:15:17 +00.04000E+00  0457 008418 1 00000810 00000779 000 342 43064.0106146181
25.11.2017 00:15:17 +00.04000E+00  0475 008418 1 00000811 00000779 000 378 43064.0106190046
25.11.2017 00:15:17 +00.04000E+00  0492 008418 1 00000812 00000779 000 340 43064.0106229398
25.11.2017 00:15:18 +00.04000E+00  0500 008418 1 00000813 00000779 000 341 43064.0106268981
25.11.2017 00:15:18 +00.04000E+00  0512 008418 1 00000814 00000779 000 342 43064.0106308681
25.11.2017 00:15:18 +00.04000E+00  0527 008418 1 00000815 00000779 000 379 43064.0106352662
25.11.2017 00:15:19 +00.04000E+00  0542 008418 1 00000816 00000779 000 343 43064.0106392477
25.11.2017 00:15:19 +00.04000E+00  0554 008418 1 00000817 00000779 000 342 43064.0106432176
25.11.2017 00:15:19 +00.04000E+00  0567 008418 1 00000818 00000779 000 342 43064.0106471875
25.11.2017 00:15:20 +00.04000E+00  0579 008418 1 00000819 00000779 000 374 43064.0106515278
25.11.2017 00:15:20 +00.04000E+00  0598 008418 1 00000820 00000779 000 342 43064.0106554977
25.11.2017 00:15:20 +00.04000E+00  0611 008418 1 00000821 00000779 000 342 43064.0106594676
25.11.2017 00:15:21 +00.04000E+00  0624 008418 1 00000822 00000779 000 343 43064.0106634375
25.11.2017 00:15:21 +00.04000E+00  0640 008418 1 00000823 00000779 000 375 43064.0106677893
25.11.2017 00:15:22 +00.04000E+00  0658 008418 1 00000824 00000779 000 341 43064.0106717477
25.11.2017 00:15:22 +00.04000E+00  0667 008418 1 00000825 00000779 000 343 43064.0106757176
25.11.2017 00:15:22 +00.04000E+00  0679 008418 1 00000826 00000779 000 343 43064.0106796875
25.11.2017 00:15:23 +00.04000E+00  0690 008418 1 00000827 00000779 000 377 43064.0106840509
25.11.2017 00:15:23 +00.04000E+00  0701 008418 1 00000828 00000779 000 340 43064.0106879977
25.11.2017 00:15:23 +00.04000E+00  0718 008418 1 00000829 00000779 000 342 43064.0106919676
25.11.2017 00:15:24 +00.04000E+00  0731 008418 1 00000830 00000779 000 343 43064.0106959375
25.11.2017 00:15:24 +00.04000E+00  0740 008418 1 00000831 00000779 000 378 43064.0107003125
25.11.2017 00:15:24 +00.04000E+00  0756 008418 1 00000832 00000779 000 340 43064.0107042477
25.11.2017 00:15:25 +00.04000E+00  0774 008418 1 00000833 00000779 000 342 43064.0107082176
25.11.2017 00:15:25 +00.04000E+00  0784 008418 1 00000834 00000779 000 343 43064.0107121875
25.11.2017 00:15:25 +00.04000E+00  0799 008418 1 00000835 00000779 000 380 43064.0107165856
25.11.2017 00:15:26 +00.04000E+00  0811 008418 1 00000836 00000779 000 344 43064.0107205671
25.11.2017 00:15:26 +00.04000E+00  0828 008418 1 00000837 00000779 000 343 43064.010724537
25.11.2017 00:15:26 +00.04000E+00  0845 008418 1 00000838 00000779 000 343 43064.0107285069
25.11.2017 00:15:27 +00.04000E+00  0859 008418 1 00000839 00000779 000 376 43064.0107328588
25.11.2017 00:15:27 +00.04000E+00  0876 008418 1 00000840 00000779 000 342 43064.0107368171
25.11.2017 00:15:28 +00.04000E+00  0894 008418 1 00000841 00000779 000 342 43064.0107407755
25.11.2017 00:15:28 +00.04000E+00  0907 008418 1 00000842 00000779 000 342 43064.0107447454
25.11.2017 00:15:28 +00.04000E+00  0922 008418 1 00000843 00000779 000 375 43064.0107490972
25.11.2017 00:15:29 +00.04000E+00  0941 008418 1 00000844 00000779 000 342 43064.0107530556
25.11.2017 00:15:29 +00.04000E+00  0959 008418 1 00000845 00000779 000 343 43064.0107570255
25.11.2017 00:15:29 +00.04000E+00  0976 008418 1 00000846 00000779 000 342 43064.0107609954
25.11.2017 00:15:30 +00.04000E+00  0987 008418 1 00000847 00000779 000 376 43064.0107653588
25.11.2017 00:15:30 +00.04000E+00  1003 008418 1 00000848 00000779 000 340 43064.0107693056
25.11.2017 00:15:30 +00.04000E+00  1016 008418 1 00000849 00000779 000 342 43064.0107732755
25.11.2017 00:15:31 +00.04000E+00  1030 008418 1 00000850 00000779 000 343 43064.0107772454
25.11.2017 00:15:31 +00.04000E+00  1041 008418 1 00000851 00000779 000 378 43064.0107816204
25.11.2017 00:15:31 +00.04000E+00  1057 008418 1 00000852 00000779 000 340 43064.0107855671
25.11.2017 00:15:32 +00.04000E+00  1067 008418 1 00000853 00000779 000 341 43064.0107895255
25.11.2017 00:15:32 +00.04000E+00  1080 008418 1 00000854 00000779 000 343 43064.0107934954
25.11.2017 00:15:32 +00.04000E+00  1096 008418 1 00000855 00000779 000 379 43064.0107978819
25.11.2017 00:15:33 +00.04000E+00  1113 008418 1 00000856 00000779 000 340 43064.0108018171
25.11.2017 00:15:33 +00.04000E+00  1131 008418 1 00000857 00000779 000 341 43064.0108057755
25.11.2017 00:15:33 +00.04000E+00  1146 008418 1 00000858 00000779 000 343 43064.0108097454
25.11.2017 00:15:34 +00.04000E+00  1160 008418 1 00000859 00000779 000 381 43064.0108141551
25.11.2017 00:15:34 +00.04000E+00  1175 008418 1 00000860 00000779 000 343 43064.010818125
25.11.2017 00:15:35 +00.04000E+00  1189 008418 1 00000861 00000779 000 343 43064.0108220949
25.11.2017 00:15:35 +00.04000E+00  1201 008418 1 00000862 00000779 000 343 43064.0108260648
25.11.2017 00:15:35 +00.04000E+00  1219 008418 1 00000863 00000779 000 375 43064.0108304051
25.11.2017 00:15:36 +00.04000E+00  1231 008418 1 00000864 00000779 000 342 43064.0108343634
25.11.2017 00:15:36 +00.04000E+00  1242 008418 1 00000865 00000779 000 342 43064.0108383333
25.11.2017 00:15:42 +00.04010E+00  0013 008438 1 00000866 00000866 000 341 43064.0109028588
25.11.2017 00:15:42 +00.04010E+00  0027 008438 1 00000867 00000866 000 343 43064.0109068287
25.11.2017 00:15:42 +00.04010E+00  0037 008438 1 00000868 00000866 000 343 43064.0109107986
25.11.2017 00:15:43 +00.04010E+00  0049 008438 1 00000869 00000866 000 359 43064.0109149653
25.11.2017 00:15:43 +00.04010E+00  0064 008438 1 00000870 00000866 000 345 43064.0109189699
25.11.2017 00:15:43 +00.04009E+00  0081 008438 1 00000871 00000866 000 342 43064.0109229282
25.11.2017 00:15:44 +00.04010E+00  0098 008438 1 00000872 00000866 000 342 43064.0109268981
25.11.2017 00:15:44 +00.04010E+00  0110 008438 1 00000873 00000866 000 373 43064.0109312269
25.11.2017 00:15:44 +00.04010E+00  0128 008438 1 00000874 00000866 000 343 43064.0109352083
25.11.2017 00:15:45 +00.04010E+00  0143 008438 1 00000875 00000866 000 343 43064.0109391782
25.11.2017 00:15:45 +00.04010E+00  0157 008438 1 00000876 00000866 000 343 43064.0109431481
25.11.2017 00:15:45 +00.04010E+00  0174 008438 1 00000877 00000866 000 375 43064.0109474884
25.11.2017 00:15:46 +00.04010E+00  0185 008438 1 00000878 00000866 000 343 43064.0109514583
25.11.2017 00:15:46 +00.04010E+00  0196 008438 1 00000879 00000866 000 343 43064.0109554282
25.11.2017 00:15:46 +00.04010E+00  0215 008438 1 00000880 00000866 000 343 43064.0109593981
25.11.2017 00:15:47 +00.04010E+00  0225 008438 1 00000881 00000866 000 377 43064.0109637616
25.11.2017 00:15:47 +00.04010E+00  0237 008438 1 00000882 00000866 000 341 43064.0109677083
25.11.2017 00:15:47 +00.04010E+00  0253 008438 1 00000883 00000866 000 342 43064.0109716667
25.11.2017 00:15:48 +00.04010E+00  0264 008438 1 00000884 00000866 000 343 43064.0109756481
25.11.2017 00:15:48 +00.04010E+00  0277 008438 1 00000885 00000866 000 378 43064.0109800232
25.11.2017 00:15:49 +00.04010E+00  0290 008438 1 00000886 00000866 000 340 43064.0109839583
25.11.2017 00:15:49 +00.04010E+00  0302 008438 1 00000887 00000866 000 341 43064.0109879167
25.11.2017 00:15:49 +00.04009E+00  0319 008438 1 00000888 00000866 000 343 43064.0109918981
25.11.2017 00:15:50 +00.04010E+00  0327 008438 1 00000889 00000866 000 379 43064.0109962847
25.11.2017 00:15:50 +00.04010E+00  0338 008438 1 00000890 00000866 000 344 43064.0110002662
25.11.2017 00:15:50 +00.04009E+00  0350 008438 1 00000891 00000866 000 343 43064.0110042477
25.11.2017 00:15:51 +00.04010E+00  0363 008438 1 00000892 00000866 000 343 43064.0110082176
25.11.2017 00:15:51 +00.04010E+00  0374 008438 1 00000893 00000866 000 374 43064.0110125463
25.11.2017 00:15:51 +00.04010E+00  0389 008438 1 00000894 00000866 000 343 43064.0110165162
25.11.2017 00:15:52 +00.04010E+00  0408 008438 1 00000895 00000866 000 342 43064.0110204861
25.11.2017 00:15:52 +00.04010E+00  0413 008438 1 00000896 00000866 000 342 43064.011024456
25.11.2017 00:15:52 +00.04010E+00  0427 008438 1 00000897 00000866 000 374 43064.0110287963
25.11.2017 00:15:53 +00.04009E+00  0446 008438 1 00000898 00000866 000 342 43064.0110327662
25.11.2017 00:15:53 +00.04009E+00  0460 008438 1 00000899 00000866 000 343 43064.0110367361
25.11.2017 00:15:53 +00.04010E+00  0480 008438 1 00000900 00000866 000 342 43064.011040706
25.11.2017 00:15:54 +00.04010E+00  0500 008438 1 00000901 00000866 000 376 43064.0110450694
25.11.2017 00:15:54 +00.04010E+00  0514 008438 1 00000902 00000866 000 341 43064.0110490162
25.11.2017 00:15:54 +00.04010E+00  0530 008438 1 00000903 00000866 000 343 43064.0110529861
25.11.2017 00:15:55 +00.04010E+00  0540 008438 1 00000904 00000866 000 343 43064.011056956
25.11.2017 00:15:55 +00.04010E+00  0559 008438 1 00000905 00000866 000 378 43064.011061331
25.11.2017 00:15:56 +00.04009E+00  0569 008438 1 00000906 00000866 000 340 43064.0110652778
25.11.2017 00:15:56 +00.04010E+00  0585 008438 1 00000907 00000866 000 341 43064.0110692361
25.11.2017 00:15:56 +00.04010E+00  0592 008438 1 00000908 00000866 000 343 43064.011073206
25.11.2017 00:15:57 +00.04010E+00  0606 008438 1 00000909 00000866 000 379 43064.0110775926
25.11.2017 00:15:57 +00.04010E+00  0621 008438 1 00000910 00000866 000 340 43064.0110815278
25.11.2017 00:15:57 +00.04010E+00  0633 008438 1 00000911 00000866 000 341 43064.0110854861
25.11.2017 00:15:58 +00.04010E+00  0642 008438 1 00000912 00000866 000 342 43064.0110894444
25.11.2017 00:15:58 +00.04010E+00  0659 008438 1 00000913 00000866 000 380 43064.0110938542
25.11.2017 00:15:58 +00.04010E+00  0680 008438 1 00000914 00000866 000 343 43064.0110978241
25.11.2017 00:15:59 +00.04010E+00  0698 008438 1 00000915 00000866 000 343 43064.0111018056
25.11.2017 00:15:59 +00.04010E+00  0715 008438 1 00000916 00000866 000 343 43064.0111057755
25.11.2017 00:15:59 +00.04010E+00  0730 008438 1 00000917 00000866 000 375 43064.0111101157
25.11.2017 00:16:00 +00.04010E+00  0747 008438 1 00000918 00000866 000 342 43064.0111140741
25.11.2017 00:16:00 +00.04010E+00  0766 008438 1 00000919 00000866 000 342 43064.011118044
25.11.2017 00:16:00 +00.04010E+00  0784 008438 1 00000920 00000866 000 342 43064.0111220139
25.11.2017 00:16:01 +00.04010E+00  0796 008438 1 00000921 00000866 000 375 43064.0111263657
25.11.2017 00:16:01 +00.04010E+00  0811 008438 1 00000922 00000866 000 341 43064.0111303241
25.11.2017 00:16:02 +00.04010E+00  0823 008438 1 00000923 00000866 000 342 43064.011134294
25.11.2017 00:16:02 +00.04010E+00  0839 008438 1 00000924 00000866 000 342 43064.0111382639
25.11.2017 00:16:02 +00.04009E+00  0851 008438 1 00000925 00000866 000 377 43064.0111426389
25.11.2017 00:16:03 +00.04010E+00  0859 008438 1 00000926 00000866 000 340 43064.0111465856
25.11.2017 00:16:03 +00.04010E+00  0874 008438 1 00000927 00000866 000 342 43064.011150544
25.11.2017 00:16:03 +00.04010E+00  0887 008438 1 00000928 00000866 000 343 43064.0111545139
25.11.2017 00:16:04 +00.04010E+00  0905 008438 1 00000929 00000866 000 379 43064.0111589005
25.11.2017 00:16:04 +00.04009E+00  0922 008438 1 00000930 00000866 000 340 43064.0111628356
25.11.2017 00:16:04 +00.04010E+00  0942 008438 1 00000931 00000866 000 341 43064.011166794
25.11.2017 00:16:05 +00.04010E+00  0959 008438 1 00000932 00000866 000 343 43064.0111707639
25.11.2017 00:16:05 +00.04010E+00  0972 008438 1 00000933 00000866 000 380 43064.011175162
25.11.2017 00:16:05 +00.04010E+00  0992 008438 1 00000934 00000866 000 344 43064.0111791435
25.11.2017 00:16:06 +00.04010E+00  1004 008438 1 00000935 00000866 000 343 43064.0111831134
25.11.2017 00:16:06 +00.04010E+00  1014 008438 1 00000936 00000866 000 343 43064.0111870833
25.11.2017 00:16:06 +00.04010E+00  1031 008438 1 00000937 00000866 000 375 43064.0111914236
25.11.2017 00:16:07 +00.04010E+00  1045 008438 1 00000938 00000866 000 343 43064.0111953935
25.11.2017 00:16:07 +00.04010E+00  1060 008438 1 00000939 00000866 000 343 43064.0111993634
25.11.2017 00:16:07 +00.04010E+00  1080 008438 1 00000940 00000866 000 343 43064.0112033333
25.11.2017 00:16:08 +00.04010E+00  1096 008438 1 00000941 00000866 000 376 43064.0112076852
25.11.2017 00:16:08 +00.04010E+00  1118 008438 1 00000942 00000866 000 342 43064.0112116435
25.11.2017 00:16:09 +00.04010E+00  1129 008438 1 00000943 00000866 000 342 43064.0112156019
25.11.2017 00:16:09 +00.04010E+00  1141 008438 1 00000944 00000866 000 343 43064.0112195833
25.11.2017 00:16:09 +00.04009E+00  1159 008438 1 00000945 00000866 000 377 43064.0112239468
25.11.2017 00:16:10 +00.04009E+00  1171 008438 1 00000946 00000866 000 340 43064.0112278819
25.11.2017 00:16:10 +00.04010E+00  1185 008438 1 00000947 00000866 000 343 43064.0112318634
25.11.2017 00:16:10 +00.04010E+00  1194 008438 1 00000948 00000866 000 342 43064.0112358218
25.11.2017 00:16:11 +00.04010E+00  1206 008438 1 00000949 00000866 000 378 43064.0112402083
25.11.2017 00:16:11 +00.04009E+00  1230 008438 1 00000950 00000866 000 344 43064.0112442014
25.11.2017 00:16:11 +00.04010E+00  1247 008438 1 00000951 00000866 000 342 43064.0112481713
25.11.2017 00:16:12 +00.04010E+00  1252 008438 1 00000952 00000866 000 342 43064.0112521412
25.11.2017 00:16:17 +00.04020E+00  0015 008460 1 00000953 00000953 000 342 43064.0113168866
25.11.2017 00:16:18 +00.04020E+00  0030 008460 1 00000954 00000953 000 400 43064.0113215162
25.11.2017 00:16:18 +00.04020E+00  0046 008460 1 00000955 00000953 000 344 43064.0113254977
25.11.2017 00:16:18 +00.04020E+00  0061 008460 1 00000956 00000953 000 342 43064.011329456
25.11.2017 00:16:19 +00.04020E+00  0077 008460 1 00000957 00000953 000 343 43064.0113334259
25.11.2017 00:16:19 +00.04020E+00  0091 008460 1 00000958 00000953 000 375 43064.0113377778
25.11.2017 00:16:19 +00.04020E+00  0102 008460 1 00000959 00000953 000 342 43064.0113417361
25.11.2017 00:16:20 +00.04020E+00  0113 008460 1 00000960 00000953 000 343 43064.011345706
25.11.2017 00:16:20 +00.04020E+00  0133 008460 1 00000961 00000953 000 343 43064.0113496759
25.11.2017 00:16:20 +00.04020E+00  0146 008460 1 00000962 00000953 000 377 43064.0113540394
25.11.2017 00:16:21 +00.04020E+00  0160 008460 1 00000963 00000953 000 340 43064.0113579745
25.11.2017 00:16:21 +00.04020E+00  0176 008460 1 00000964 00000953 000 343 43064.011361956
25.11.2017 00:16:22 +00.04020E+00  0195 008460 1 00000965 00000953 000 343 43064.0113659259
25.11.2017 00:16:22 +00.04020E+00  0216 008460 1 00000966 00000953 000 378 43064.0113703009
25.11.2017 00:16:22 +00.04020E+00  0232 008460 1 00000967 00000953 000 340 43064.0113742361
25.11.2017 00:16:23 +00.04020E+00  0249 008460 1 00000968 00000953 000 341 43064.0113781944
25.11.2017 00:16:23 +00.04020E+00  0270 008460 1 00000969 00000953 000 342 43064.0113821644
25.11.2017 00:16:23 +00.04020E+00  0282 008460 1 00000970 00000953 000 379 43064.0113865625
25.11.2017 00:16:24 +00.04020E+00  0303 008460 1 00000971 00000953 000 343 43064.011390544
25.11.2017 00:16:24 +00.04020E+00  0311 008460 1 00000972 00000953 000 342 43064.0113945139
25.11.2017 00:16:24 +00.04020E+00  0327 008460 1 00000973 00000953 000 343 43064.0113984954
25.11.2017 00:16:25 +00.04020E+00  0346 008460 1 00000974 00000953 000 375 43064.0114028356
25.11.2017 00:16:25 +00.04020E+00  0365 008460 1 00000975 00000953 000 342 43064.011406794
25.11.2017 00:16:25 +00.04020E+00  0382 008460 1 00000976 00000953 000 342 43064.0114107639
25.11.2017 00:16:26 +00.04020E+00  0396 008460 1 00000977 00000953 000 342 43064.0114147338
25.11.2017 00:16:26 +00.04020E+00  0414 008460 1 00000978 00000953 000 375 43064.0114190856
25.11.2017 00:16:26 +00.04020E+00  0431 008460 1 00000979 00000953 000 341 43064.011423044
25.11.2017 00:16:27 +00.04020E+00  0447 008460 1 00000980 00000953 000 342 43064.0114270139
25.11.2017 00:16:27 +00.04020E+00  0464 008460 1 00000981 00000953 000 343 43064.0114309838
25.11.2017 00:16:28 +00.04020E+00  0481 008460 1 00000982 00000953 000 376 43064.0114353472
25.11.2017 00:16:28 +00.04020E+00  0502 008460 1 00000983 00000953 000 340 43064.011439294
25.11.2017 00:16:28 +00.04020E+00  0512 008460 1 00000984 00000953 000 342 43064.0114432639
25.11.2017 00:16:29 +00.04020E+00  0531 008460 1 00000985 00000953 000 343 43064.0114472338
25.11.2017 00:16:29 +00.04020E+00  0544 008460 1 00000986 00000953 000 378 43064.0114516088
25.11.2017 00:16:29 +00.04020E+00  0569 008460 1 00000987 00000953 000 340 43064.011455544
25.11.2017 00:16:30 +00.04020E+00  0584 008460 1 00000988 00000953 000 343 43064.0114595139
25.11.2017 00:16:30 +00.04020E+00  0607 008460 1 00000989 00000953 000 343 43064.0114634838
25.11.2017 00:16:30 +00.04020E+00  0619 008460 1 00000990 00000953 000 379 43064.0114678704
25.11.2017 00:16:31 +00.04020E+00  0639 008460 1 00000991 00000953 000 340 43064.0114718056
25.11.2017 00:16:31 +00.04020E+00  0654 008460 1 00000992 00000953 000 340 43064.0114757523
25.11.2017 00:16:31 +00.04020E+00  0669 008460 1 00000993 00000953 000 343 43064.0114797338
25.11.2017 00:16:32 +00.04020E+00  0686 008460 1 00000994 00000953 000 381 43064.0114841435
25.11.2017 00:16:32 +00.04020E+00  0698 008460 1 00000995 00000953 000 343 43064.0114881134
25.11.2017 00:16:32 +00.04020E+00  0715 008460 1 00000996 00000953 000 342 43064.0114920718
25.11.2017 00:16:33 +00.04020E+00  0729 008460 1 00000997 00000953 000 343 43064.0114960532
25.11.2017 00:16:33 +00.04020E+00  0740 008460 1 00000998 00000953 000 375 43064.0115003935
25.11.2017 00:16:33 +00.04020E+00  0753 008460 1 00000999 00000953 000 342 43064.0115043519
25.11.2017 00:16:34 +00.04020E+00  0765 008460 1 00001000 00000953 000 344 43064.0115083333
25.11.2017 00:16:34 +00.04020E+00  0776 008460 1 00001001 00000953 000 342 43064.0115122917
25.11.2017 00:16:35 +00.04020E+00  0788 008460 1 00001002 00000953 000 376 43064.0115166551
25.11.2017 00:16:35 +00.04020E+00  0809 008460 1 00001003 00000953 000 341 43064.0115206019
25.11.2017 00:16:35 +00.04020E+00  0822 008460 1 00001004 00000953 000 342 43064.0115245718
25.11.2017 00:16:36 +00.04020E+00  0844 008460 1 00001005 00000953 000 342 43064.0115285417
25.11.2017 00:16:36 +00.04020E+00  0860 008460 1 00001006 00000953 000 378 43064.0115329167
25.11.2017 00:16:36 +00.04020E+00  0882 008460 1 00001007 00000953 000 340 43064.0115368634
25.11.2017 00:16:37 +00.04020E+00  0896 008460 1 00001008 00000953 000 341 43064.0115408218
25.11.2017 00:16:37 +00.04020E+00  0907 008460 1 00001009 00000953 000 343 43064.0115447917
25.11.2017 00:16:37 +00.04020E+00  0924 008460 1 00001010 00000953 000 379 43064.0115491782
25.11.2017 00:16:38 +00.04020E+00  0938 008460 1 00001011 00000953 000 340 43064.0115531134
25.11.2017 00:16:38 +00.04020E+00  0948 008460 1 00001012 00000953 000 341 43064.0115570718
25.11.2017 00:16:38 +00.04020E+00  0963 008460 1 00001013 00000953 000 343 43064.0115610417
25.11.2017 00:16:39 +00.04020E+00  0974 008460 1 00001014 00000953 000 380 43064.0115654398
25.11.2017 00:16:39 +00.04020E+00  0990 008460 1 00001015 00000953 000 344 43064.0115694213
25.11.2017 00:16:39 +00.04020E+00  0999 008460 1 00001016 00000953 000 343 43064.0115733912
25.11.2017 00:16:40 +00.04020E+00  1023 008460 1 00001017 00000953 000 343 43064.0115773611
25.11.2017 00:16:40 +00.04020E+00  1032 008460 1 00001018 00000953 000 375 43064.0115817014
25.11.2017 00:16:41 +00.04020E+00  1054 008460 1 00001019 00000953 000 343 43064.0115856713
25.11.2017 00:16:41 +00.04020E+00  1067 008460 1 00001020 00000953 000 343 43064.0115896412
25.11.2017 00:16:41 +00.04020E+00  1081 008460 1 00001021 00000953 000 343 43064.0115936111
25.11.2017 00:16:42 +00.04020E+00  1095 008460 1 00001022 00000953 000 377 43064.0115979745
25.11.2017 00:16:42 +00.04020E+00  1104 008460 1 00001023 00000953 000 340 43064.0116019097
25.11.2017 00:16:42 +00.04020E+00  1122 008460 1 00001024 00000953 000 342 43064.0116058796
25.11.2017 00:16:43 +00.04020E+00  1133 008460 1 00001025 00000953 000 342 43064.0116098495
25.11.2017 00:16:43 +00.04020E+00  1149 008460 1 00001026 00000953 000 377 43064.0116142245
25.11.2017 00:16:43 +00.04020E+00  1164 008460 1 00001027 00000953 000 340 43064.0116181713
25.11.2017 00:16:44 +00.04020E+00  1181 008460 1 00001028 00000953 000 342 43064.0116221412
25.11.2017 00:16:44 +00.04020E+00  1197 008460 1 00001029 00000953 000 342 43064.0116260995
25.11.2017 00:16:44 +00.04020E+00  1209 008460 1 00001030 00000953 000 378 43064.0116304861
25.11.2017 00:16:45 +00.04020E+00  1224 008460 1 00001031 00000953 000 344 43064.0116344792
25.11.2017 00:16:45 +00.04020E+00  1237 008460 1 00001032 00000953 000 342 43064.0116384491
25.11.2017 00:16:45 +00.04020E+00  1249 008460 1 00001033 00000953 000 342 43064.011642419
25.11.2017 00:16:46 +00.04020E+00  1259 008460 1 00001034 00000953 000 373 43064.0116467477
25.11.2017 00:16:46 +00.04020E+00  1272 008460 1 00001035 00000953 000 343 43064.0116507292
25.11.2017 00:16:46 +00.04020E+00  1289 008460 1 00001036 00000953 000 343 43064.0116546991
25.11.2017 00:16:47 +00.04020E+00  1305 008460 1 00001037 00000953 000 342 43064.011658669
25.11.2017 00:16:47 +00.04020E+00  1320 008460 1 00001038 00000953 000 375 43064.0116630093
25.11.2017 00:16:48 +00.04020E+00  1338 008460 1 00001039 00000953 000 342 43064.0116669792
25.11.2017 00:16:53 +00.04030E+00  0013 008480 1 00001040 00001040 000 378 43064.0117280671
25.11.2017 00:16:53 +00.04030E+00  0024 008480 1 00001041 00001040 000 341 43064.0117320139
25.11.2017 00:16:53 +00.04030E+00  0035 008480 1 00001042 00001040 000 342 43064.0117359722
25.11.2017 00:16:54 +00.04030E+00  0047 008480 1 00001043 00001040 000 342 43064.0117399306
25.11.2017 00:16:54 +00.04030E+00  0059 008480 1 00001044 00001040 000 379 43064.0117443287
25.11.2017 00:16:55 +00.04030E+00  0072 008480 1 00001045 00001040 000 345 43064.0117483218
25.11.2017 00:16:55 +00.04030E+00  0094 008480 1 00001046 00001040 000 343 43064.0117522917
25.11.2017 00:16:55 +00.04030E+00  0106 008480 1 00001047 00001040 000 343 43064.0117562616
25.11.2017 00:16:56 +00.04030E+00  0122 008480 1 00001048 00001040 000 374 43064.0117605903
25.11.2017 00:16:56 +00.04030E+00  0142 008480 1 00001049 00001040 000 343 43064.0117645602
25.11.2017 00:16:56 +00.04030E+00  0168 008480 1 00001050 00001040 000 342 43064.0117685301
25.11.2017 00:16:57 +00.04030E+00  0186 008480 1 00001051 00001040 000 342 43064.0117725
25.11.2017 00:16:57 +00.04030E+00  0199 008480 1 00001052 00001040 000 375 43064.0117768519
25.11.2017 00:16:57 +00.04030E+00  0215 008480 1 00001053 00001040 000 342 43064.0117808102
25.11.2017 00:16:58 +00.04030E+00  0220 008480 1 00001054 00001040 000 342 43064.0117847801
25.11.2017 00:16:58 +00.04030E+00  0234 008480 1 00001055 00001040 000 342 43064.01178875
25.11.2017 00:16:58 +00.04030E+00  0248 008480 1 00001056 00001040 000 376 43064.0117931019
25.11.2017 00:16:59 +00.04030E+00  0265 008480 1 00001057 00001040 000 341 43064.0117970602
25.11.2017 00:16:59 +00.04030E+00  0274 008480 1 00001058 00001040 000 343 43064.0118010301
25.11.2017 00:16:59 +00.04030E+00  0291 008480 1 00001059 00001040 000 343 43064.011805
25.11.2017 00:17:00 +00.04030E+00  0301 008480 1 00001060 00001040 000 377 43064.011809375
25.11.2017 00:17:00 +00.04030E+00  0317 008480 1 00001061 00001040 000 340 43064.0118133218
25.11.2017 00:17:01 +00.04030E+00  0326 008480 1 00001062 00001040 000 341 43064.0118172801
25.11.2017 00:17:01 +00.04029E+00  0336 008480 1 00001063 00001040 000 343 43064.01182125
25.11.2017 00:17:01 +00.04030E+00  0346 008480 1 00001064 00001040 000 379 43064.0118256366
25.11.2017 00:17:02 +00.04030E+00  0367 008480 1 00001065 00001040 000 340 43064.0118295718
25.11.2017 00:17:02 +00.04030E+00  0383 008480 1 00001066 00001040 000 341 43064.0118335301
25.11.2017 00:17:02 +00.04030E+00  0405 008480 1 00001067 00001040 000 343 43064.0118375
25.11.2017 00:17:03 +00.04030E+00  0419 008480 1 00001068 00001040 000 380 43064.0118418982
25.11.2017 00:17:03 +00.04030E+00  0435 008480 1 00001069 00001040 000 344 43064.0118458796
25.11.2017 00:17:03 +00.04029E+00  0455 008480 1 00001070 00001040 000 343 43064.0118498495
25.11.2017 00:17:04 +00.04030E+00  0480 008480 1 00001071 00001040 000 343 43064.0118538194
25.11.2017 00:17:04 +00.04030E+00  0499 008480 1 00001072 00001040 000 375 43064.0118581597
25.11.2017 00:17:04 +00.04030E+00  0510 008480 1 00001073 00001040 000 343 43064.0118621296
25.11.2017 00:17:05 +00.04030E+00  0525 008480 1 00001074 00001040 000 342 43064.011866088
25.11.2017 00:17:05 +00.04030E+00  0545 008480 1 00001075 00001040 000 343 43064.0118700694
25.11.2017 00:17:05 +00.04030E+00  0558 008480 1 00001076 00001040 000 376 43064.0118744213
25.11.2017 00:17:06 +00.04030E+00  0577 008480 1 00001077 00001040 000 341 43064.0118783681
25.11.2017 00:17:06 +00.04030E+00  0595 008480 1 00001078 00001040 000 343 43064.011882338
25.11.2017 00:17:06 +00.04030E+00  0611 008480 1 00001079 00001040 000 342 43064.0118863079
25.11.2017 00:17:07 +00.04029E+00  0623 008480 1 00001080 00001040 000 377 43064.0118906829
25.11.2017 00:17:07 +00.04030E+00  0635 008480 1 00001081 00001040 000 340 43064.0118946181
25.11.2017 00:17:08 +00.04030E+00  0648 008480 1 00001082 00001040 000 342 43064.011898588
25.11.2017 00:17:08 +00.04029E+00  0660 008480 1 00001083 00001040 000 343 43064.0119025579
25.11.2017 00:17:08 +00.04030E+00  0667 008482 1 00001084 00001040 000 378 43064.0119069444
25.11.2017 00:17:09 +00.04030E+00  0686 008482 1 00001085 00001040 000 344 43064.0119109375
25.11.2017 00:17:09 +00.04031E+00  0710 008482 1 00001086 00001040 000 342 43064.0119149074
25.11.2017 00:17:09 +00.04031E+00  0724 008482 1 00001087 00001040 000 344 43064.0119188889
25.11.2017 00:17:10 +00.04031E+00  0739 008482 1 00001088 00001040 000 372 43064.011923206
25.11.2017 00:17:10 +00.04030E+00  0760 008482 1 00001089 00001040 000 343 43064.0119271875
25.11.2017 00:17:10 +00.04031E+00  0781 008482 1 00001090 00001040 000 343 43064.0119311574
25.11.2017 00:17:11 +00.04031E+00  0797 008482 1 00001091 00001040 000 343 43064.0119351273
25.11.2017 00:17:11 +00.04031E+00  0817 008482 1 00001092 00001040 000 375 43064.0119394676
25.11.2017 00:17:11 +00.04031E+00  0835 008482 1 00001093 00001040 000 342 43064.0119434375
25.11.2017 00:17:12 +00.04031E+00  0853 008482 1 00001094 00001040 000 343 43064.0119474074
25.11.2017 00:17:12 +00.04031E+00  0869 008482 1 00001095 00001040 000 343 43064.0119513773
25.11.2017 00:17:12 +00.04031E+00  0891 008482 1 00001096 00001040 000 376 43064.0119557292
25.11.2017 00:17:13 +00.04031E+00  0902 008482 1 00001097 00001040 000 342 43064.0119596875
25.11.2017 00:17:13 +00.04031E+00  0911 008482 1 00001098 00001040 000 343 43064.0119636574
25.11.2017 00:17:14 +00.04031E+00  0930 008480 1 00001099 00001040 000 343 43064.0119676273
25.11.2017 00:17:14 +00.04030E+00  0942 008480 1 00001100 00001040 000 377 43064.0119719907
25.11.2017 00:17:14 +00.04030E+00  0959 008480 1 00001101 00001040 000 341 43064.0119759375
25.11.2017 00:17:15 +00.04030E+00  0973 008480 1 00001102 00001040 000 342 43064.0119798958
25.11.2017 00:17:15 +00.04030E+00  0983 008480 1 00001103 00001040 000 342 43064.0119838657
25.11.2017 00:17:15 +00.04030E+00  0993 008480 1 00001104 00001040 000 377 43064.0119882407
25.11.2017 00:17:16 +00.04030E+00  1007 008480 1 00001105 00001040 000 340 43064.0119921875
25.11.2017 00:17:16 +00.04030E+00  1021 008480 1 00001106 00001040 000 342 43064.0119961574
25.11.2017 00:17:16 +00.04030E+00  1041 008480 1 00001107 00001040 000 342 43064.0120001157
25.11.2017 00:17:17 +00.04030E+00  1059 008480 1 00001108 00001040 000 379 43064.0120045139
25.11.2017 00:17:17 +00.04030E+00  1077 008480 1 00001109 00001040 000 343 43064.0120084954
25.11.2017 00:17:17 +00.04030E+00  1092 008480 1 00001110 00001040 000 342 43064.0120124653
25.11.2017 00:17:18 +00.04030E+00  1105 008480 1 00001111 00001040 000 342 43064.0120164352
25.11.2017 00:17:18 +00.04030E+00  1110 008480 1 00001112 00001040 000 374 43064.0120207755
25.11.2017 00:17:18 +00.04030E+00  1131 008480 1 00001113 00001040 000 342 43064.0120247454
25.11.2017 00:17:19 +00.04030E+00  1145 008480 1 00001114 00001040 000 343 43064.0120287153
25.11.2017 00:17:19 +00.04030E+00  1151 008480 1 00001115 00001040 000 342 43064.0120326852
25.11.2017 00:17:20 +00.04030E+00  1172 008480 1 00001116 00001040 000 375 43064.012037037
25.11.2017 00:17:20 +00.04030E+00  1183 008480 1 00001117 00001040 000 341 43064.0120409954
25.11.2017 00:17:20 +00.04030E+00  1193 008480 1 00001118 00001040 000 343 43064.0120449653
25.11.2017 00:17:21 +00.04030E+00  1206 008480 1 00001119 00001040 000 343 43064.0120489352
25.11.2017 00:17:21 +00.04030E+00  1220 008480 1 00001120 00001040 000 377 43064.0120532986
25.11.2017 00:17:21 +00.04030E+00  1234 008480 1 00001121 00001040 000 341 43064.0120572454
25.11.2017 00:17:22 +00.04030E+00  1248 008480 1 00001122 00001040 000 343 43064.0120612153
25.11.2017 00:17:22 +00.04029E+00  1265 008480 1 00001123 00001040 000 343 43064.0120651852
25.11.2017 00:17:22 +00.04029E+00  1275 008480 1 00001124 00001040 000 378 43064.0120695602
25.11.2017 00:17:23 +00.04030E+00  1294 008480 1 00001125 00001040 000 341 43064.0120735069
25.11.2017 00:17:23 +00.04030E+00  1312 008480 1 00001126 00001040 000 341 43064.0120774537
25.11.2017 00:17:23 +00.04030E+00  1322 008480 1 00001127 00001040 000 342 43064.0120814236
25.11.2017 00:17:29 +00.04040E+00  0017 008500 1 00001128 00001128 000 342 43064.0121462384
25.11.2017 00:17:29 +00.04039E+00  0033 008500 1 00001129 00001128 000 399 43064.0121508681
25.11.2017 00:17:30 +00.04039E+00  0060 008500 1 00001130 00001128 000 342 43064.012154838
25.11.2017 00:17:30 +00.04039E+00  0073 008500 1 00001131 00001128 000 342 43064.0121588079
25.11.2017 00:17:30 +00.04039E+00  0089 008500 1 00001132 00001128 000 343 43064.0121627894
25.11.2017 00:17:31 +00.04039E+00  0099 008500 1 00001133 00001128 000 376 43064.0121671412
25.11.2017 00:17:31 +00.04039E+00  0112 008500 1 00001134 00001128 000 341 43064.012171088
25.11.2017 00:17:31 +00.04039E+00  0124 008500 1 00001135 00001128 000 343 43064.0121750694
25.11.2017 00:17:32 +00.04039E+00  0138 008500 1 00001136 00001128 000 342 43064.0121790278
25.11.2017 00:17:32 +00.04039E+00  0152 008500 1 00001137 00001128 000 376 43064.0121833912
25.11.2017 00:17:32 +00.04039E+00  0169 008500 1 00001138 00001128 000 340 43064.012187338
25.11.2017 00:17:33 +00.04039E+00  0184 008500 1 00001139 00001128 000 342 43064.0121913079
25.11.2017 00:17:33 +00.04039E+00  0197 008500 1 00001140 00001128 000 343 43064.0121952778
25.11.2017 00:17:34 +00.04039E+00  0216 008500 1 00001141 00001128 000 378 43064.0121996528
25.11.2017 00:17:34 +00.04039E+00  0227 008502 1 00001142 00001128 000 340 43064.0122035995
25.11.2017 00:17:34 +00.04040E+00  0246 008502 1 00001143 00001128 000 341 43064.0122075579
25.11.2017 00:17:35 +00.04040E+00  0256 008502 1 00001144 00001128 000 343 43064.0122115278
25.11.2017 00:17:35 +00.04040E+00  0266 008502 1 00001145 00001128 000 379 43064.0122159144
25.11.2017 00:17:35 +00.04040E+00  0283 008502 1 00001146 00001128 000 340 43064.0122198495
25.11.2017 00:17:36 +00.04040E+00  0301 008502 1 00001147 00001128 000 342 43064.0122238079
25.11.2017 00:17:36 +00.04040E+00  0317 008502 1 00001148 00001128 000 343 43064.0122277778
25.11.2017 00:17:36 +00.04040E+00  0329 008502 1 00001149 00001128 000 380 43064.0122321759
25.11.2017 00:17:37 +00.04040E+00  0347 008502 1 00001150 00001128 000 344 43064.0122361574
25.11.2017 00:17:37 +00.04040E+00  0359 008502 1 00001151 00001128 000 343 43064.0122401273
25.11.2017 00:17:37 +00.04040E+00  0378 008502 1 00001152 00001128 000 343 43064.0122440972
25.11.2017 00:17:38 +00.04040E+00  0394 008502 1 00001153 00001128 000 375 43064.0122484375
25.11.2017 00:17:38 +00.04040E+00  0410 008502 1 00001154 00001128 000 343 43064.0122524074
25.11.2017 00:17:38 +00.04040E+00  0425 008502 1 00001155 00001128 000 343 43064.0122563773
25.11.2017 00:17:39 +00.04040E+00  0437 008502 1 00001156 00001128 000 343 43064.0122603472
25.11.2017 00:17:39 +00.04040E+00  0445 008502 1 00001157 00001128 000 377 43064.0122647106
25.11.2017 00:17:40 +00.04040E+00  0462 008502 1 00001158 00001128 000 340 43064.0122686458
25.11.2017 00:17:40 +00.04040E+00  0472 008502 1 00001159 00001128 000 342 43064.0122726157
25.11.2017 00:17:40 +00.04040E+00  0485 008502 1 00001160 00001128 000 343 43064.0122765857
25.11.2017 00:17:41 +00.04040E+00  0497 008502 1 00001161 00001128 000 377 43064.0122809606
25.11.2017 00:17:41 +00.04040E+00  0514 008502 1 00001162 00001128 000 340 43064.0122849074
25.11.2017 00:17:41 +00.04040E+00  0528 008502 1 00001163 00001128 000 341 43064.0122888657
25.11.2017 00:17:42 +00.04040E+00  0545 008502 1 00001164 00001128 000 343 43064.0122928357
25.11.2017 00:17:42 +00.04040E+00  0562 008502 1 00001165 00001128 000 378 43064.0122972222
25.11.2017 00:17:42 +00.04040E+00  0581 008502 1 00001166 00001128 000 344 43064.0123012153
25.11.2017 00:17:43 +00.04040E+00  0594 008502 1 00001167 00001128 000 342 43064.0123051852
25.11.2017 00:17:43 +00.04040E+00  0605 008502 1 00001168 00001128 000 342 43064.0123091551
25.11.2017 00:17:43 +00.04040E+00  0613 008502 1 00001169 00001128 000 374 43064.0123134838
25.11.2017 00:17:44 +00.04040E+00  0628 008502 1 00001170 00001128 000 343 43064.0123174653
25.11.2017 00:17:44 +00.04040E+00  0641 008502 1 00001171 00001128 000 343 43064.0123214352
25.11.2017 00:17:44 +00.04040E+00  0654 008502 1 00001172 00001128 000 344 43064.0123254167
25.11.2017 00:17:45 +00.04040E+00  0667 008502 1 00001173 00001128 000 374 43064.0123297454
25.11.2017 00:17:45 +00.04040E+00  0679 008502 1 00001174 00001128 000 342 43064.0123337153
25.11.2017 00:17:45 +00.04040E+00  0687 008502 1 00001175 00001128 000 343 43064.0123376852
25.11.2017 00:17:46 +00.04040E+00  0705 008502 1 00001176 00001128 000 343 43064.0123416551
25.11.2017 00:17:46 +00.04040E+00  0723 008502 1 00001177 00001128 000 377 43064.0123460185
25.11.2017 00:17:47 +00.04040E+00  0738 008502 1 00001178 00001128 000 341 43064.0123499653
25.11.2017 00:17:47 +00.04040E+00  0745 008502 1 00001179 00001128 000 343 43064.0123539352
25.11.2017 00:17:47 +00.04040E+00  0757 008502 1 00001180 00001128 000 343 43064.0123579051
25.11.2017 00:17:48 +00.04040E+00  0774 008502 1 00001181 00001128 000 377 43064.0123622685
25.11.2017 00:17:48 +00.04040E+00  0787 008502 1 00001182 00001128 000 340 43064.0123662037
25.11.2017 00:17:48 +00.04040E+00  0799 008502 1 00001183 00001128 000 342 43064.0123701736
25.11.2017 00:17:49 +00.04040E+00  0812 008502 1 00001184 00001128 000 343 43064.0123741551
25.11.2017 00:17:49 +00.04040E+00  0824 008502 1 00001185 00001128 000 378 43064.0123785301
25.11.2017 00:17:49 +00.04040E+00  0840 008502 1 00001186 00001128 000 344 43064.0123825231
25.11.2017 00:17:50 +00.04040E+00  0862 008502 1 00001187 00001128 000 343 43064.0123865046
25.11.2017 00:17:50 +00.04040E+00  0883 008502 1 00001188 00001128 000 343 43064.0123904745
25.11.2017 00:17:50 +00.04040E+00  0895 008502 1 00001189 00001128 000 374 43064.0123948032
25.11.2017 00:17:51 +00.04040E+00  0910 008502 1 00001190 00001128 000 343 43064.0123987731
25.11.2017 00:17:51 +00.04040E+00  0922 008502 1 00001191 00001128 000 342 43064.0124027431
25.11.2017 00:17:51 +00.04040E+00  0933 008502 1 00001192 00001128 000 342 43064.012406713
25.11.2017 00:17:52 +00.04040E+00  0945 008502 1 00001193 00001128 000 374 43064.0124110532
25.11.2017 00:17:52 +00.04040E+00  0957 008502 1 00001194 00001128 000 343 43064.0124150347
25.11.2017 00:17:53 +00.04040E+00  0968 008502 1 00001195 00001128 000 342 43064.0124189931
25.11.2017 00:17:53 +00.04040E+00  0984 008502 1 00001196 00001128 000 343 43064.012422963
25.11.2017 00:17:53 +00.04040E+00  0997 008502 1 00001197 00001128 000 375 43064.0124273148
25.11.2017 00:17:54 +00.04040E+00  1011 008502 1 00001198 00001128 000 341 43064.0124312731
25.11.2017 00:17:54 +00.04040E+00  1030 008502 1 00001199 00001128 000 344 43064.0124352546
25.11.2017 00:17:54 +00.04040E+00  1046 008502 1 00001200 00001128 000 342 43064.012439213
25.11.2017 00:17:55 +00.04040E+00  1066 008502 1 00001201 00001128 000 378 43064.012443588
25.11.2017 00:17:55 +00.04040E+00  1081 008502 1 00001202 00001128 000 340 43064.0124475231
25.11.2017 00:17:55 +00.04040E+00  1099 008502 1 00001203 00001128 000 343 43064.0124514931
25.11.2017 00:17:56 +00.04040E+00  1112 008502 1 00001204 00001128 000 343 43064.012455463
25.11.2017 00:17:56 +00.04040E+00  1130 008502 1 00001205 00001128 000 379 43064.0124598495
25.11.2017 00:17:56 +00.04040E+00  1149 008502 1 00001206 00001128 000 345 43064.0124638426
25.11.2017 00:17:57 +00.04040E+00  1169 008502 1 00001207 00001128 000 343 43064.0124678125
25.11.2017 00:17:57 +00.04040E+00  1187 008502 1 00001208 00001128 000 343 43064.0124717824
25.11.2017 00:17:57 +00.04040E+00  1209 008502 1 00001209 00001128 000 374 43064.0124761111
25.11.2017 00:17:58 +00.04040E+00  1232 008502 1 00001210 00001128 000 344 43064.0124800926
25.11.2017 00:17:58 +00.04040E+00  1244 008502 1 00001211 00001128 000 343 43064.0124840625
25.11.2017 00:17:58 +00.04040E+00  1259 008502 1 00001212 00001128 000 343 43064.0124880324
25.11.2017 00:17:59 +00.04040E+00  1279 008502 1 00001213 00001128 000 375 43064.0124923727
25.11.2017 00:17:59 +00.04040E+00  1295 008502 1 00001214 00001128 000 343 43064.0124963426
25.11.2017 00:18:04 +00.04049E+00  0015 008522 1 00001215 00001215 000 377 43064.012557419
25.11.2017 00:18:05 +00.04050E+00  0028 008522 1 00001216 00001215 000 341 43064.0125613657
25.11.2017 00:18:05 +00.04049E+00  0043 008522 1 00001217 00001215 000 342 43064.0125653241
25.11.2017 00:18:05 +00.04050E+00  0052 008522 1 00001218 00001215 000 343 43064.012569294
25.11.2017 00:18:06 +00.04050E+00  0069 008522 1 00001219 00001215 000 379 43064.0125736806
25.11.2017 00:18:06 +00.04050E+00  0092 008522 1 00001220 00001215 000 340 43064.0125776157
25.11.2017 00:18:07 +00.04050E+00  0110 008522 1 00001221 00001215 000 341 43064.0125815741
25.11.2017 00:18:07 +00.04050E+00  0128 008522 1 00001222 00001215 000 343 43064.012585544
25.11.2017 00:18:07 +00.04050E+00  0139 008522 1 00001223 00001215 000 380 43064.0125899421
25.11.2017 00:18:08 +00.04050E+00  0151 008522 1 00001224 00001215 000 344 43064.0125939236
25.11.2017 00:18:08 +00.04050E+00  0163 008522 1 00001225 00001215 000 344 43064.0125979051
25.11.2017 00:18:08 +00.04050E+00  0171 008522 1 00001226 00001215 000 342 43064.0126018634
25.11.2017 00:18:09 +00.04050E+00  0178 008522 1 00001227 00001215 000 375 43064.0126062037
25.11.2017 00:18:09 +00.04050E+00  0193 008522 1 00001228 00001215 000 343 43064.0126101736
25.11.2017 00:18:09 +00.04049E+00  0211 008522 1 00001229 00001215 000 343 43064.0126141435
25.11.2017 00:18:10 +00.04050E+00  0224 008524 1 00001230 00001215 000 343 43064.0126181134
25.11.2017 00:18:10 +00.04050E+00  0235 008524 1 00001231 00001215 000 376 43064.0126224653
25.11.2017 00:18:10 +00.04050E+00  0246 008524 1 00001232 00001215 000 341 43064.012626412
25.11.2017 00:18:11 +00.04050E+00  0264 008524 1 00001233 00001215 000 342 43064.0126303819
25.11.2017 00:18:11 +00.04051E+00  0286 008524 1 00001234 00001215 000 343 43064.0126343634
25.11.2017 00:18:11 +00.04051E+00  0299 008524 1 00001235 00001215 000 377 43064.0126387269
25.11.2017 00:18:12 +00.04050E+00  0311 008524 1 00001236 00001215 000 340 43064.012642662
25.11.2017 00:18:12 +00.04051E+00  0324 008524 1 00001237 00001215 000 343 43064.0126466319
25.11.2017 00:18:13 +00.04051E+00  0341 008524 1 00001238 00001215 000 342 43064.0126506018
25.11.2017 00:18:13 +00.04051E+00  0355 008524 1 00001239 00001215 000 378 43064.0126549884
25.11.2017 00:18:13 +00.04051E+00  0367 008524 1 00001240 00001215 000 344 43064.0126589815
25.11.2017 00:18:14 +00.04051E+00  0384 008524 1 00001241 00001215 000 342 43064.0126629514
25.11.2017 00:18:14 +00.04051E+00  0398 008524 1 00001242 00001215 000 342 43064.0126669213
25.11.2017 00:18:14 +00.04050E+00  0412 008524 1 00001243 00001215 000 372 43064.0126712384
25.11.2017 00:18:15 +00.04051E+00  0435 008524 1 00001244 00001215 000 344 43064.0126752315
25.11.2017 00:18:15 +00.04050E+00  0448 008522 1 00001245 00001215 000 343 43064.0126792014
25.11.2017 00:18:15 +00.04050E+00  0470 008522 1 00001246 00001215 000 342 43064.0126831713
25.11.2017 00:18:16 +00.04050E+00  0484 008522 1 00001247 00001215 000 374 43064.0126875116
25.11.2017 00:18:16 +00.04050E+00  0506 008522 1 00001248 00001215 000 342 43064.0126914815
25.11.2017 00:18:16 +00.04050E+00  0520 008522 1 00001249 00001215 000 343 43064.0126954514
25.11.2017 00:18:17 +00.04050E+00  0533 008522 1 00001250 00001215 000 343 43064.0126994213
25.11.2017 00:18:17 +00.04050E+00  0552 008522 1 00001251 00001215 000 376 43064.0127037732
25.11.2017 00:18:17 +00.04050E+00  0572 008522 1 00001252 00001215 000 342 43064.0127077315
25.11.2017 00:18:18 +00.04050E+00  0587 008522 1 00001253 00001215 000 343 43064.0127117014
25.11.2017 00:18:18 +00.04050E+00  0599 008522 1 00001254 00001215 000 343 43064.0127156713
25.11.2017 00:18:19 +00.04050E+00  0620 008522 1 00001255 00001215 000 377 43064.0127200347
25.11.2017 00:18:19 +00.04050E+00  0640 008522 1 00001256 00001215 000 341 43064.0127239815
25.11.2017 00:18:19 +00.04050E+00  0655 008522 1 00001257 00001215 000 342 43064.0127279398
25.11.2017 00:18:20 +00.04050E+00  0671 008522 1 00001258 00001215 000 343 43064.0127319213
25.11.2017 00:18:20 +00.04050E+00  0688 008522 1 00001259 00001215 000 378 43064.0127362963
25.11.2017 00:18:20 +00.04050E+00  0703 008522 1 00001260 00001215 000 340 43064.0127402315
25.11.2017 00:18:21 +00.04050E+00  0720 008522 1 00001261 00001215 000 341 43064.0127441898
25.11.2017 00:18:21 +00.04050E+00  0740 008522 1 00001262 00001215 000 342 43064.0127481597
25.11.2017 00:18:21 +00.04050E+00  0757 008522 1 00001263 00001215 000 379 43064.0127525579
25.11.2017 00:18:22 +00.04050E+00  0772 008522 1 00001264 00001215 000 343 43064.0127565393
25.11.2017 00:18:22 +00.04050E+00  0781 008522 1 00001265 00001215 000 343 43064.0127605208
25.11.2017 00:18:22 +00.04050E+00  0805 008522 1 00001266 00001215 000 342 43064.0127644792
25.11.2017 00:18:23 +00.04050E+00  0818 008522 1 00001267 00001215 000 374 43064.0127688194
25.11.2017 00:18:23 +00.04050E+00  0839 008522 1 00001268 00001215 000 343 43064.0127727893
25.11.2017 00:18:23 +00.04050E+00  0849 008522 1 00001269 00001215 000 343 43064.0127767593
25.11.2017 00:18:24 +00.04050E+00  0858 008522 1 00001270 00001215 000 343 43064.0127807407
25.11.2017 00:18:24 +00.04050E+00  0871 008522 1 00001271 00001215 000 375 43064.012785081
25.11.2017 00:18:24 +00.04050E+00  0884 008522 1 00001272 00001215 000 342 43064.0127890393
25.11.2017 00:18:25 +00.04049E+00  0895 008522 1 00001273 00001215 000 343 43064.0127930093
25.11.2017 00:18:25 +00.04049E+00  0911 008524 1 00001274 00001215 000 343 43064.0127969792
25.11.2017 00:18:26 +00.04050E+00  0920 008524 1 00001275 00001215 000 377 43064.0128013426
25.11.2017 00:18:26 +00.04050E+00  0935 008524 1 00001276 00001215 000 341 43064.0128052893
25.11.2017 00:18:26 +00.04050E+00  0952 008524 1 00001277 00001215 000 343 43064.0128092593
25.11.2017 00:18:27 +00.04050E+00  0964 008524 1 00001278 00001215 000 343 43064.0128132292
25.11.2017 00:18:27 +00.04051E+00  0982 008524 1 00001279 00001215 000 378 43064.0128176042
25.11.2017 00:18:27 +00.04051E+00  0996 008524 1 00001280 00001215 000 340 43064.0128215393
25.11.2017 00:18:28 +00.04051E+00  1010 008524 1 00001281 00001215 000 342 43064.0128255093
25.11.2017 00:18:28 +00.04050E+00  1025 008524 1 00001282 00001215 000 343 43064.0128294792
25.11.2017 00:18:28 +00.04051E+00  1035 008524 1 00001283 00001215 000 379 43064.0128338657
25.11.2017 00:18:29 +00.04051E+00  1050 008524 1 00001284 00001215 000 345 43064.0128378588
25.11.2017 00:18:29 +00.04051E+00  1065 008524 1 00001285 00001215 000 343 43064.0128418287
25.11.2017 00:18:29 +00.04051E+00  1077 008524 1 00001286 00001215 000 344 43064.0128458102
25.11.2017 00:18:30 +00.04050E+00  1092 008524 1 00001287 00001215 000 373 43064.0128501273
25.11.2017 00:18:30 +00.04051E+00  1108 008524 1 00001288 00001215 000 344 43064.0128541088
25.11.2017 00:18:30 +00.04050E+00  1124 008522 1 00001289 00001215 000 343 43064.0128580787
25.11.2017 00:18:31 +00.04050E+00  1136 008522 1 00001290 00001215 000 343 43064.0128620486
25.11.2017 00:18:31 +00.04050E+00  1153 008522 1 00001291 00001215 000 375 43064.0128663889
25.11.2017 00:18:31 +00.04050E+00  1170 008522 1 00001292 00001215 000 342 43064.0128703472
25.11.2017 00:18:32 +00.04049E+00  1185 008522 1 00001293 00001215 000 342 43064.0128743171
25.11.2017 00:18:32 +00.04049E+00  1201 008522 1 00001294 00001215 000 343 43064.0128782986
25.11.2017 00:18:33 +00.04050E+00  1215 008522 1 00001295 00001215 000 376 43064.0128826505
25.11.2017 00:18:33 +00.04050E+00  1226 008522 1 00001296 00001215 000 340 43064.0128865972
25.11.2017 00:18:33 +00.04050E+00  1238 008522 1 00001297 00001215 000 342 43064.0128905671
25.11.2017 00:18:34 +00.04050E+00  1249 008522 1 00001298 00001215 000 343 43064.012894537
25.11.2017 00:18:34 +00.04050E+00  1264 008522 1 00001299 00001215 000 377 43064.012898912
25.11.2017 00:18:34 +00.04050E+00  1275 008522 1 00001300 00001215 000 340 43064.0129028588
25.11.2017 00:18:35 +00.04050E+00  1290 008522 1 00001301 00001215 000 341 43064.0129068171
25.11.2017 00:18:35 +00.04050E+00  1301 008522 1 00001302 00001215 000 343 43064.012910787