
25.11.2017 04:51:00 +00.03921E+00  0007 008254 -1 00044385 00044385 000 343 43064.202089919
25.11.2017 04:51:00 +00.03921E+00  0015 008254 -1 00044386 00044385 000 343 43064.2020938889
25.11.2017 04:51:01 +00.03922E+00  0035 008254 -1 00044387 00044385 000 419 43064.2020987384
25.11.2017 04:51:01 +00.03922E+00  0056 008254 -1 00044388 00044385 000 343 43064.2021027083
25.11.2017 04:51:02 +00.03921E+00  0068 008254 -1 00044389 00044385 000 343 43064.2021066782
25.11.2017 04:51:02 +00.03922E+00  0078 008254 -1 00044390 00044385 000 343 43064.2021106481
25.11.2017 04:51:02 +00.03922E+00  0091 008254 -1 00044391 00044385 000 376 43064.202115
25.11.2017 04:51:03 +00.03922E+00  0105 008254 -1 00044392 00044385 000 341 43064.2021189583
25.11.2017 04:51:03 +00.03922E+00  0116 008254 -1 00044393 00044385 000 343 43064.2021229282
25.11.2017 04:51:03 +00.03922E+00  0128 008254 -1 00044394 00044385 000 343 43064.2021268981
25.11.2017 04:51:04 +00.03922E+00  0143 008254 -1 00044395 00044385 000 377 43064.2021312616
25.11.2017 04:51:04 +00.03922E+00  0153 008254 -1 00044396 00044385 000 340 43064.2021351968
25.11.2017 04:51:04 +00.03922E+00  0162 008254 -1 00044397 00044385 000 343 43064.2021391667
25.11.2017 04:51:05 +00.03922E+00  0171 008254 -1 00044398 00044385 000 342 43064.2021431366
25.11.2017 04:51:05 +00.03922E+00  0186 008254 -1 00044399 00044385 000 377 43064.2021475116
25.11.2017 04:51:05 +00.03921E+00  0200 008250 -1 00044400 00044385 000 340 43064.2021514583
25.11.2017 04:51:06 +00.03921E+00  0215 008250 -1 00044401 00044385 000 341 43064.2021554167
25.11.2017 04:51:06 +00.03920E+00  0222 008250 -1 00044402 00044385 000 343 43064.2021593866
25.11.2017 04:51:06 +00.03920E+00  0237 008250 -1 00044403 00044385 000 379 43064.2021637731
25.11.2017 04:51:07 +00.03920E+00  0256 008250 -1 00044404 00044385 000 345 43064.2021677778
25.11.2017 04:51:07 +00.03920E+00  0268 008250 -1 00044405 00044385 000 342 43064.2021717361
25.11.2017 04:51:07 +00.03920E+00  0282 008250 -1 00044406 00044385 000 342 43064.202175706
25.11.2017 04:51:08 +00.03920E+00  0297 008250 -1 00044407 00044385 000 373 43064.2021800347
25.11.2017 04:51:08 +00.03920E+00  0310 008250 -1 00044408 00044385 000 343 43064.2021840162
25.11.2017 04:51:09 +00.03920E+00  0323 008250 -1 00044409 00044385 000 343 43064.2021879861
25.11.2017 04:51:09 +00.03920E+00  0340 008250 -1 00044410 00044385 000 343 43064.202191956
25.11.2017 04:51:09 +00.03920E+00  0354 008250 -1 00044411 00044385 000 376 43064.2021963079
25.11.2017 04:51:10 +00.03920E+00  0372 008250 -1 00044412 00044385 000 342 43064.2022002662
25.11.2017 04:51:10 +00.03920E+00  0392 008250 -1 00044413 00044385 000 343 43064.2022042361
25.11.2017 04:51:10 +00.03920E+00  0408 008250 -1 00044414 00044385 000 343 43064.202208206
25.11.2017 04:51:11 +00.03920E+00  0426 008250 -1 00044415 00044385 000 377 43064.2022125694
25.11.2017 04:51:11 +00.03920E+00  0435 008250 -1 00044416 00044385 000 341 43064.2022165162
25.11.2017 04:51:11 +00.03920E+00  0453 008250 -1 00044417 00044385 000 342 43064.2022204745
25.11.2017 04:51:12 +00.03920E+00  0465 008250 -1 00044418 00044385 000 343 43064.202224456
25.11.2017 04:51:12 +00.03920E+00  0480 008250 -1 00044419 00044385 000 378 43064.202228831
25.11.2017 04:51:12 +00.03920E+00  0493 008250 -1 00044420 00044385 000 340 43064.2022327662
25.11.2017 04:51:13 +00.03920E+00  0510 008250 -1 00044421 00044385 000 341 43064.2022367245
25.11.2017 04:51:13 +00.03920E+00  0519 008250 -1 00044422 00044385 000 342 43064.2022406944
25.11.2017 04:51:13 +00.03920E+00  0536 008250 -1 00044423 00044385 000 378 43064.202245081
25.11.2017 04:51:14 +00.03920E+00  0553 008250 -1 00044424 00044385 000 344 43064.2022490741
25.11.2017 04:51:14 +00.03920E+00  0568 008250 -1 00044425 00044385 000 342 43064.202253044
25.11.2017 04:51:15 +00.03920E+00  0589 008250 -1 00044426 00044385 000 343 43064.2022570255
25.11.2017 04:51:15 +00.03920E+00  0603 008250 -1 00044427 00044385 000 374 43064.2022613542
25.11.2017 04:51:15 +00.03920E+00  0617 008250 -1 00044428 00044385 000 343 43064.2022653241
25.11.2017 04:51:16 +00.03920E+00  0631 008250 -1 00044429 00044385 000 343 43064.202269294
25.11.2017 04:51:16 +00.03920E+00  0647 008250 -1 00044430 00044385 000 342 43064.2022732639
25.11.2017 04:51:16 +00.03920E+00  0663 008250 -1 00044431 00044385 000 374 43064.2022776042
25.11.2017 04:51:17 +00.03920E+00  0677 008250 -1 00044432 00044385 000 342 43064.2022815741
25.11.2017 04:51:17 +00.03920E+00  0687 008250 -1 00044433 00044385 000 343 43064.202285544
25.11.2017 04:51:17 +00.03920E+00  0699 008250 -1 00044434 00044385 000 343 43064.2022895139
25.11.2017 04:51:18 +00.03920E+00  0710 008250 -1 00044435 00044385 000 377 43064.2022938773
25.11.2017 04:51:18 +00.03920E+00  0724 008250 -1 00044436 00044385 000 341 43064.2022978241
25.11.2017 04:51:18 +00.03920E+00  0744 008250 -1 00044437 00044385 000 343 43064.202301794
25.11.2017 04:51:19 +00.03920E+00  0755 008250 -1 00044438 00044385 000 343 43064.2023057639
25.11.2017 04:51:19 +00.03920E+00  0769 008250 -1 00044439 00044385 000 378 43064.2023101389
25.11.2017 04:51:19 +00.03920E+00  0788 008250 -1 00044440 00044385 000 340 43064.2023140741
25.11.2017 04:51:20 +00.03920E+00  0800 008250 -1 00044441 00044385 000 342 43064.202318044
25.11.2017 04:51:20 +00.03920E+00  0812 008250 -1 00044442 00044385 000 343 43064.2023220139
25.11.2017 04:51:21 +00.03920E+00  0829 008250 -1 00044443 00044385 000 379 43064.2023264005
25.11.2017 04:51:21 +00.03920E+00  0842 008250 -1 00044444 00044385 000 345 43064.2023303935
25.11.2017 04:51:21 +00.03920E+00  0862 008250 -1 00044445 00044385 000 343 43064.2023343634
25.11.2017 04:51:22 +00.03920E+00  0877 008250 -1 00044446 00044385 000 343 43064.2023383333
25.11.2017 04:51:22 +00.03920E+00  0888 008250 -1 00044447 00044385 000 374 43064.202342662
25.11.2017 04:51:22 +00.03920E+00  0906 008250 -1 00044448 00044385 000 344 43064.2023466435
25.11.2017 04:51:23 +00.03920E+00  0923 008250 -1 00044449 00044385 000 343 43064.2023506134
25.11.2017 04:51:23 +00.03920E+00  0943 008250 -1 00044450 00044385 000 343 43064.2023545833
25.11.2017 04:51:23 +00.03920E+00  0967 008250 -1 00044451 00044385 000 375 43064.2023589236
25.11.2017 04:51:24 +00.03920E+00  0984 008250 -1 00044452 00044385 000 342 43064.2023628819
25.11.2017 04:51:24 +00.03920E+00  0998 008250 -1 00044453 00044385 000 342 43064.2023668519
25.11.2017 04:51:24 +00.03920E+00  1016 008250 -1 00044454 00044385 000 342 43064.2023708218
25.11.2017 04:51:25 +00.03920E+00  1033 008250 -1 00044455 00044385 000 375 43064.2023751736
25.11.2017 04:51:25 +00.03920E+00  1049 008250 -1 00044456 00044385 000 341 43064.2023791319
25.11.2017 04:51:25 +00.03920E+00  1071 008250 -1 00044457 00044385 000 343 43064.2023831019
25.11.2017 04:51:26 +00.03920E+00  1085 008250 -1 00044458 00044385 000 343 43064.2023870718
25.11.2017 04:51:26 +00.03920E+00  1104 008250 -1 00044459 00044385 000 378 43064.2023914468
25.11.2017 04:51:26 +00.03920E+00  1123 008250 -1 00044460 00044385 000 340 43064.2023953935
25.11.2017 04:51:27 +00.03920E+00  1138 008250 -1 00044461 00044385 000 341 43064.2023993519
25.11.2017 04:51:27 +00.03920E+00  1154 008250 -1 00044462 00044385 000 343 43064.2024033218
25.11.2017 04:51:28 +00.03920E+00  1172 008250 -1 00044463 00044385 000 379 43064.2024077083
25.11.2017 04:51:28 +00.03920E+00  1193 008250 -1 00044464 00044385 000 340 43064.2024116435
25.11.2017 04:51:28 +00.03920E+00  1211 008250 -1 00044465 00044385 000 341 43064.2024156019
25.11.2017 04:51:29 +00.03920E+00  1229 008250 -1 00044466 00044385 000 343 43064.2024195718
25.11.2017 04:51:29 +00.03920E+00  1252 008250 -1 00044467 00044385 000 380 43064.2024239699
25.11.2017 04:51:29 +00.03920E+00  1266 008250 -1 00044468 00044385 000 344 43064.2024279514
25.11.2017 04:51:30 +00.03920E+00  1279 008250 -1 00044469 00044385 000 343 43064.2024319213
25.11.2017 04:51:30 +00.03920E+00  1298 008250 -1 00044470 00044385 000 343 43064.2024358912
25.11.2017 04:51:36 +00.03901E+00  0015 008209 -1 00044471 00044471 000 342 43064.202500625
25.11.2017 04:51:36 +00.03901E+00  0030 008209 -1 00044472 00044471 000 401 43064.2025052778
25.11.2017 04:51:36 +00.03900E+00  0054 008209 -1 00044473 00044471 000 341 43064.2025092245
25.11.2017 04:51:37 +00.03901E+00  0065 008209 -1 00044474 00044471 000 342 43064.2025131944
25.11.2017 04:51:37 +00.03900E+00  0078 008209 -1 00044475 00044471 000 342 43064.2025171644
25.11.2017 04:51:37 +00.03900E+00  0093 008209 -1 00044476 00044471 000 377 43064.2025215394
25.11.2017 04:51:38 +00.03900E+00  0113 008209 -1 00044477 00044471 000 340 43064.2025254745
25.11.2017 04:51:38 +00.03900E+00  0124 008209 -1 00044478 00044471 000 342 43064.2025294444
25.11.2017 04:51:38 +00.03901E+00  0135 008209 -1 00044479 00044471 000 342 43064.2025334144
25.11.2017 04:51:39 +00.03901E+00  0146 008209 -1 00044480 00044471 000 378 43064.2025378009
25.11.2017 04:51:39 +00.03901E+00  0156 008209 -1 00044481 00044471 000 344 43064.202541794
25.11.2017 04:51:39 +00.03901E+00  0167 008209 -1 00044482 00044471 000 342 43064.2025457639
25.11.2017 04:51:40 +00.03901E+00  0185 008209 -1 00044483 00044471 000 342 43064.2025497338
25.11.2017 04:51:40 +00.03900E+00  0199 008209 -1 00044484 00044471 000 373 43064.2025540625
25.11.2017 04:51:41 +00.03901E+00  0216 008209 -1 00044485 00044471 000 343 43064.202558044
25.11.2017 04:51:41 +00.03900E+00  0229 008207 -1 00044486 00044471 000 343 43064.2025620139
25.11.2017 04:51:41 +00.03900E+00  0247 008207 -1 00044487 00044471 000 342 43064.2025659838
25.11.2017 04:51:42 +00.03900E+00  0270 008207 -1 00044488 00044471 000 374 43064.2025703241
25.11.2017 04:51:42 +00.03900E+00  0290 008207 -1 00044489 00044471 000 342 43064.202574294
25.11.2017 04:51:42 +00.03899E+00  0308 008207 -1 00044490 00044471 000 343 43064.2025782639
25.11.2017 04:51:43 +00.03900E+00  0317 008207 -1 00044491 00044471 000 343 43064.2025822338
25.11.2017 04:51:43 +00.03899E+00  0335 008207 -1 00044492 00044471 000 376 43064.2025865856
25.11.2017 04:51:43 +00.03899E+00  0348 008207 -1 00044493 00044471 000 342 43064.202590544
25.11.2017 04:51:44 +00.03900E+00  0365 008207 -1 00044494 00044471 000 343 43064.2025945139
25.11.2017 04:51:44 +00.03900E+00  0376 008207 -1 00044495 00044471 000 344 43064.2025984954
25.11.2017 04:51:44 +00.03900E+00  0389 008207 -1 00044496 00044471 000 376 43064.2026028472
25.11.2017 04:51:45 +00.03900E+00  0408 008207 -1 00044497 00044471 000 340 43064.2026067824
25.11.2017 04:51:45 +00.03900E+00  0418 008207 -1 00044498 00044471 000 343 43064.2026107639
25.11.2017 04:51:45 +00.03899E+00  0427 008207 -1 00044499 00044471 000 343 43064.2026147338
25.11.2017 04:51:46 +00.03899E+00  0447 008207 -1 00044500 00044471 000 380 43064.2026191319
25.11.2017 04:51:46 +00.03899E+00  0458 008209 -1 00044501 00044471 000 344 43064.2026231134
25.11.2017 04:51:46 +00.03900E+00  0471 008209 -1 00044502 00044471 000 343 43064.2026270833
25.11.2017 04:51:47 +00.03900E+00  0489 008209 -1 00044503 00044471 000 343 43064.2026310532
25.11.2017 04:51:47 +00.03900E+00  0502 008209 -1 00044504 00044471 000 373 43064.2026353704
25.11.2017 04:51:48 +00.03900E+00  0519 008209 -1 00044505 00044471 000 344 43064.2026393519
25.11.2017 04:51:48 +00.03901E+00  0530 008209 -1 00044506 00044471 000 343 43064.2026433333
25.11.2017 04:51:48 +00.03900E+00  0551 008209 -1 00044507 00044471 000 342 43064.2026472917
25.11.2017 04:51:49 +00.03900E+00  0570 008209 -1 00044508 00044471 000 374 43064.2026516319
25.11.2017 04:51:49 +00.03900E+00  0586 008209 -1 00044509 00044471 000 342 43064.2026556019
25.11.2017 04:51:49 +00.03900E+00  0607 008209 -1 00044510 00044471 000 342 43064.2026595718
25.11.2017 04:51:50 +00.03900E+00  0618 008209 -1 00044511 00044471 000 342 43064.2026635417
25.11.2017 04:51:50 +00.03901E+00  0633 008209 -1 00044512 00044471 000 375 43064.2026678935
25.11.2017 04:51:50 +00.03900E+00  0643 008209 -1 00044513 00044471 000 341 43064.2026718519
25.11.2017 04:51:51 +00.03900E+00  0654 008209 -1 00044514 00044471 000 343 43064.2026758218
25.11.2017 04:51:51 +00.03900E+00  0662 008209 -1 00044515 00044471 000 343 43064.2026797917
25.11.2017 04:51:51 +00.03901E+00  0679 008209 -1 00044516 00044471 000 377 43064.2026841551
25.11.2017 04:51:52 +00.03901E+00  0714 008209 -1 00044517 00044471 000 341 43064.2026881019
25.11.2017 04:51:52 +00.03901E+00  0731 008209 -1 00044518 00044471 000 343 43064.2026920718
25.11.2017 04:51:52 +00.03901E+00  0746 008209 -1 00044519 00044471 000 343 43064.2026960417
25.11.2017 04:51:53 +00.03900E+00  0761 008209 -1 00044520 00044471 000 378 43064.2027004167
25.11.2017 04:51:53 +00.03900E+00  0777 008209 -1 00044521 00044471 000 340 43064.2027043519
25.11.2017 04:51:53 +00.03900E+00  0786 008209 -1 00044522 00044471 000 342 43064.2027083218
25.11.2017 04:51:54 +00.03900E+00  0800 008209 -1 00044523 00044471 000 343 43064.2027122917
25.11.2017 04:51:54 +00.03901E+00  0821 008209 -1 00044524 00044471 000 380 43064.2027166898
25.11.2017 04:51:55 +00.03900E+00  0837 008209 -1 00044525 00044471 000 344 43064.2027206713
25.11.2017 04:51:55 +00.03901E+00  0852 008209 -1 00044526 00044471 000 343 43064.2027246412
25.11.2017 04:51:55 +00.03900E+00  0873 008209 -1 00044527 00044471 000 343 43064.2027286111
25.11.2017 04:51:56 +00.03901E+00  0898 008209 -1 00044528 00044471 000 374 43064.2027329398
25.11.2017 04:51:56 +00.03900E+00  0911 008209 -1 00044529 00044471 000 343 43064.2027369097
25.11.2017 04:51:56 +00.03900E+00  0927 008209 -1 00044530 00044471 000 343 43064.2027408912
25.11.2017 04:51:57 +00.03901E+00  0943 008209 -1 00044531 00044471 000 343 43064.2027448611
25.11.2017 04:51:57 +00.03901E+00  0953 008209 -1 00044532 00044471 000 376 43064.202749213
25.11.2017 04:51:57 +00.03900E+00  0970 008209 -1 00044533 00044471 000 341 43064.2027531597
25.11.2017 04:51:58 +00.03900E+00  0983 008209 -1 00044534 00044471 000 342 43064.2027571296
25.11.2017 04:51:58 +00.03901E+00  1000 008209 -1 00044535 00044471 000 342 43064.2027610995
25.11.2017 04:51:58 +00.03901E+00  1009 008209 -1 00044536 00044471 000 376 43064.202765463
25.11.2017 04:51:59 +00.03900E+00  1018 008209 -1 00044537 00044471 000 340 43064.2027694097
25.11.2017 04:51:59 +00.03900E+00  1036 008209 -1 00044538 00044471 000 343 43064.2027733912
25.11.2017 04:51:59 +00.03900E+00  1049 008209 -1 00044539 00044471 000 342 43064.2027773495
25.11.2017 04:52:00 +00.03900E+00  1060 008209 -1 00044540 00044471 000 378 43064.2027817245
25.11.2017 04:52:00 +00.03900E+00  1070 008209 -1 00044541 00044471 000 340 43064.2027856597
25.11.2017 04:52:01 +00.03901E+00  1081 008209 -1 00044542 00044471 000 342 43064.2027896296
25.11.2017 04:52:01 +00.03901E+00  1094 008209 -1 00044543 00044471 000 343 43064.2027935995
25.11.2017 04:52:01 +00.03901E+00  1104 008209 -1 00044544 00044471 000 379 43064.2027979861
25.11.2017 04:52:02 +00.03901E+00  1114 008209 -1 00044545 00044471 000 340 43064.2028019213
25.11.2017 04:52:02 +00.03901E+00  1127 008207 -1 00044546 00044471 000 341 43064.2028058796
25.11.2017 04:52:02 +00.03900E+00  1140 008207 -1 00044547 00044471 000 343 43064.2028098495
25.11.2017 04:52:03 +00.03900E+00  1154 008207 -1 00044548 00044471 000 381 43064.2028142593
25.11.2017 04:52:03 +00.03900E+00  1175 008207 -1 00044549 00044471 000 343 43064.2028182292
25.11.2017 04:52:03 +00.03900E+00  1186 008207 -1 00044550 00044471 000 343 43064.2028221991
25.11.2017 04:52:04 +00.03900E+00  1200 008207 -1 00044551 00044471 000 343 43064.202826169
25.11.2017 04:52:04 +00.03900E+00  1216 008207 -1 00044552 00044471 000 375 43064.2028305093
25.11.2017 04:52:04 +00.03899E+00  1223 008207 -1 00044553 00044471 000 343 43064.2028344792
25.11.2017 04:52:05 +00.03899E+00  1238 008207 -1 00044554 00044471 000 343 43064.2028384491
25.11.2017 04:52:05 +00.03899E+00  1246 008207 -1 00044555 00044471 000 343 43064.202842419
25.11.2017 04:52:05 +00.03900E+00  1266 008207 -1 00044556 00044471 000 377 43064.2028467824
25.11.2017 04:52:06 +00.03900E+00  1278 008207 -1 00044557 00044471 000 340 43064.2028507176
25.11.2017 04:52:11 +00.03880E+00  0016 008168 -1 00044558 00044558 000 378 43064.2029118171
25.11.2017 04:52:11 +00.03881E+00  0035 008168 -1 00044559 00044558 000 344 43064.2029158102
25.11.2017 04:52:12 +00.03881E+00  0052 008168 -1 00044560 00044558 000 342 43064.2029197801
25.11.2017 04:52:12 +00.03881E+00  0074 008168 -1 00044561 00044558 000 343 43064.2029237616
25.11.2017 04:52:12 +00.03881E+00  0083 008168 -1 00044562 00044558 000 373 43064.2029280787
25.11.2017 04:52:13 +00.03881E+00  0098 008168 -1 00044563 00044558 000 343 43064.2029320602
25.11.2017 04:52:13 +00.03881E+00  0106 008168 -1 00044564 00044558 000 344 43064.2029360417
25.11.2017 04:52:14 +00.03881E+00  0118 008168 -1 00044565 00044558 000 343 43064.2029400116
25.11.2017 04:52:14 +00.03880E+00  0128 008168 -1 00044566 00044558 000 375 43064.2029443519
25.11.2017 04:52:14 +00.03881E+00  0149 008168 -1 00044567 00044558 000 341 43064.2029483102
25.11.2017 04:52:15 +00.03881E+00  0167 008168 -1 00044568 00044558 000 343 43064.2029522801
25.11.2017 04:52:15 +00.03881E+00  0185 008168 -1 00044569 00044558 000 343 43064.20295625
25.11.2017 04:52:15 +00.03880E+00  0206 008168 -1 00044570 00044558 000 377 43064.2029606134
25.11.2017 04:52:16 +00.03881E+00  0217 008168 -1 00044571 00044558 000 341 43064.2029645602
25.11.2017 04:52:16 +00.03881E+00  0232 008168 -1 00044572 00044558 000 343 43064.2029685301
25.11.2017 04:52:16 +00.03881E+00  0247 008166 -1 00044573 00044558 000 343 43064.2029725
25.11.2017 04:52:17 +00.03880E+00  0266 008166 -1 00044574 00044558 000 378 43064.202976875
25.11.2017 04:52:17 +00.03880E+00  0280 008166 -1 00044575 00044558 000 340 43064.2029808102
25.11.2017 04:52:17 +00.03880E+00  0290 008166 -1 00044576 00044558 000 341 43064.2029847685
25.11.2017 04:52:18 +00.03880E+00  0300 008166 -1 00044577 00044558 000 343 43064.20298875
25.11.2017 04:52:18 +00.03880E+00  0308 008166 -1 00044578 00044558 000 379 43064.2029931366
25.11.2017 04:52:18 +00.03880E+00  0318 008166 -1 00044579 00044558 000 345 43064.2029971296
25.11.2017 04:52:19 +00.03880E+00  0325 008166 -1 00044580 00044558 000 343 43064.2030010995
25.11.2017 04:52:19 +00.03880E+00  0344 008166 -1 00044581 00044558 000 343 43064.2030050694
25.11.2017 04:52:20 +00.03880E+00  0354 008166 -1 00044582 00044558 000 374 43064.2030093981
25.11.2017 04:52:20 +00.03880E+00  0372 008166 -1 00044583 00044558 000 343 43064.2030133681
25.11.2017 04:52:20 +00.03880E+00  0385 008166 -1 00044584 00044558 000 342 43064.203017338
25.11.2017 04:52:21 +00.03880E+00  0400 008166 -1 00044585 00044558 000 343 43064.2030213194
25.11.2017 04:52:21 +00.03880E+00  0417 008166 -1 00044586 00044558 000 374 43064.2030256481
25.11.2017 04:52:21 +00.03880E+00  0437 008166 -1 00044587 00044558 000 342 43064.2030296181
25.11.2017 04:52:22 +00.03880E+00  0452 008166 -1 00044588 00044558 000 343 43064.203033588
25.11.2017 04:52:22 +00.03880E+00  0457 008166 -1 00044589 00044558 000 343 43064.2030375579
25.11.2017 04:52:22 +00.03880E+00  0468 008166 -1 00044590 00044558 000 377 43064.2030419213
25.11.2017 04:52:23 +00.03880E+00  0485 008166 -1 00044591 00044558 000 340 43064.2030458681
25.11.2017 04:52:23 +00.03880E+00  0499 008166 -1 00044592 00044558 000 342 43064.203049838
25.11.2017 04:52:23 +00.03880E+00  0514 008166 -1 00044593 00044558 000 343 43064.2030538079
25.11.2017 04:52:24 +00.03880E+00  0532 008166 -1 00044594 00044558 000 378 43064.2030581829
25.11.2017 04:52:24 +00.03880E+00  0546 008166 -1 00044595 00044558 000 340 43064.2030621181
25.11.2017 04:52:24 +00.03880E+00  0558 008166 -1 00044596 00044558 000 343 43064.203066088
25.11.2017 04:52:25 +00.03880E+00  0577 008166 -1 00044597 00044558 000 343 43064.2030700579
25.11.2017 04:52:25 +00.03880E+00  0589 008166 -1 00044598 00044558 000 379 43064.2030744444
25.11.2017 04:52:25 +00.03880E+00  0606 008166 -1 00044599 00044558 000 345 43064.2030784375
25.11.2017 04:52:26 +00.03880E+00  0620 008166 -1 00044600 00044558 000 343 43064.2030824074
25.11.2017 04:52:26 +00.03880E+00  0637 008166 -1 00044601 00044558 000 343 43064.2030863773
25.11.2017 04:52:27 +00.03880E+00  0654 008166 -1 00044602 00044558 000 374 43064.203090706
25.11.2017 04:52:27 +00.03880E+00  0663 008166 -1 00044603 00044558 000 344 43064.2030946875
25.11.2017 04:52:27 +00.03880E+00  0682 008166 -1 00044604 00044558 000 343 43064.2030986574
25.11.2017 04:52:28 +00.03880E+00  0699 008166 -1 00044605 00044558 000 343 43064.2031026273
25.11.2017 04:52:28 +00.03880E+00  0710 008166 -1 00044606 00044558 000 375 43064.2031069676
25.11.2017 04:52:28 +00.03880E+00  0720 008166 -1 00044607 00044558 000 342 43064.2031109259
25.11.2017 04:52:29 +00.03880E+00  0734 008166 -1 00044608 00044558 000 342 43064.2031148958
25.11.2017 04:52:29 +00.03880E+00  0756 008166 -1 00044609 00044558 000 342 43064.2031188657
25.11.2017 04:52:29 +00.03880E+00  0769 008166 -1 00044610 00044558 000 376 43064.2031232292
25.11.2017 04:52:30 +00.03880E+00  0788 008166 -1 00044611 00044558 000 341 43064.2031271759
25.11.2017 04:52:30 +00.03880E+00  0802 008166 -1 00044612 00044558 000 342 43064.2031311458
25.11.2017 04:52:30 +00.03880E+00  0821 008166 -1 00044613 00044558 000 342 43064.2031351157
25.11.2017 04:52:31 +00.03880E+00  0834 008166 -1 00044614 00044558 000 377 43064.2031394907
25.11.2017 04:52:31 +00.03880E+00  0845 008166 -1 00044615 00044558 000 340 43064.2031434375
25.11.2017 04:52:31 +00.03880E+00  0855 008166 -1 00044616 00044558 000 341 43064.2031473958
25.11.2017 04:52:32 +00.03880E+00  0871 008166 -1 00044617 00044558 000 343 43064.2031513657
25.11.2017 04:52:32 +00.03880E+00  0887 008166 -1 00044618 00044558 000 379 43064.2031557523
25.11.2017 04:52:33 +00.03880E+00  0898 008166 -1 00044619 00044558 000 344 43064.2031597454
25.11.2017 04:52:33 +00.03880E+00  0916 008166 -1 00044620 00044558 000 343 43064.2031637269
25.11.2017 04:52:33 +00.03880E+00  0930 008166 -1 00044621 00044558 000 342 43064.2031676852
25.11.2017 04:52:34 +00.03880E+00  0945 008166 -1 00044622 00044558 000 374 43064.2031720139
25.11.2017 04:52:34 +00.03880E+00  0966 008166 -1 00044623 00044558 000 343 43064.2031759954
25.11.2017 04:52:34 +00.03880E+00  0979 008166 -1 00044624 00044558 000 343 43064.2031799653
25.11.2017 04:52:35 +00.03880E+00  0991 008166 -1 00044625 00044558 000 343 43064.2031839352
25.11.2017 04:52:35 +00.03880E+00  1014 008166 -1 00044626 00044558 000 375 43064.2031882755
25.11.2017 04:52:35 +00.03880E+00  1027 008166 -1 00044627 00044558 000 343 43064.2031922454
25.11.2017 04:52:36 +00.03880E+00  1039 008166 -1 00044628 00044558 000 343 43064.2031962153
25.11.2017 04:52:36 +00.03880E+00  1050 008166 -1 00044629 00044558 000 343 43064.2032001852
25.11.2017 04:52:36 +00.03880E+00  1071 008166 -1 00044630 00044558 000 376 43064.203204537
25.11.2017 04:52:37 +00.03880E+00  1095 008166 -1 00044631 00044558 000 341 43064.2032084838
25.11.2017 04:52:37 +00.03880E+00  1114 008166 -1 00044632 00044558 000 343 43064.2032124653
25.11.2017 04:52:37 +00.03880E+00  1124 008166 -1 00044633 00044558 000 342 43064.2032164236
25.11.2017 04:52:38 +00.03880E+00  1132 008166 -1 00044634 00044558 000 377 43064.2032207986
25.11.2017 04:52:38 +00.03880E+00  1149 008166 -1 00044635 00044558 000 340 43064.2032247338
25.11.2017 04:52:38 +00.03880E+00  1162 008166 -1 00044636 00044558 000 342 43064.2032287037
25.11.2017 04:52:39 +00.03880E+00  1175 008166 -1 00044637 00044558 000 342 43064.2032326736
25.11.2017 04:52:39 +00.03880E+00  1185 008166 -1 00044638 00044558 000 378 43064.2032370602
25.11.2017 04:52:40 +00.03880E+00  1201 008166 -1 00044639 00044558 000 344 43064.2032410532
25.11.2017 04:52:40 +00.03880E+00  1222 008166 -1 00044640 00044558 000 342 43064.2032450231
25.11.2017 04:52:40 +00.03880E+00  1229 008166 -1 00044641 00044558 000 342 43064.2032489931
25.11.2017 04:52:41 +00.03880E+00  1243 008166 -1 00044642 00044558 000 373 43064.2032533218
25.11.2017 04:52:41 +00.03880E+00  1259 008166 -1 00044643 00044558 000 343 43064.2032573032
25.11.2017 04:52:41 +00.03879E+00  1274 008166 -1 00044644 00044558 000 342 43064.2032612731
25.11.2017 04:52:46 +00.03860E+00  0010 008125 -1 00044645 00044645 000 377 43064.2033216204
25.11.2017 04:52:47 +00.03860E+00  0025 008125 -1 00044646 00044645 000 341 43064.2033255671
25.11.2017 04:52:47 +00.03860E+00  0044 008125 -1 00044647 00044645 000 343 43064.203329537
25.11.2017 04:52:48 +00.03860E+00  0053 008125 -1 00044648 00044645 000 343 43064.2033335069
25.11.2017 04:52:48 +00.03860E+00  0063 008125 -1 00044649 00044645 000 378 43064.2033378819
25.11.2017 04:52:48 +00.03860E+00  0080 008125 -1 00044650 00044645 000 340 43064.2033418171
25.11.2017 04:52:49 +00.03860E+00  0097 008125 -1 00044651 00044645 000 341 43064.2033457755
25.11.2017 04:52:49 +00.03860E+00  0112 008125 -1 00044652 00044645 000 343 43064.2033497454
25.11.2017 04:52:49 +00.03860E+00  0131 008125 -1 00044653 00044645 000 379 43064.2033541435
25.11.2017 04:52:50 +00.03860E+00  0150 008125 -1 00044654 00044645 000 344 43064.2033581366
25.11.2017 04:52:50 +00.03860E+00  0162 008125 -1 00044655 00044645 000 342 43064.2033620949
25.11.2017 04:52:50 +00.03860E+00  0182 008125 -1 00044656 00044645 000 343 43064.2033660764
25.11.2017 04:52:51 +00.03860E+00  0195 008125 -1 00044657 00044645 000 374 43064.2033704051
25.11.2017 04:52:51 +00.03860E+00  0207 008125 -1 00044658 00044645 000 343 43064.203374375
25.11.2017 04:52:51 +00.03860E+00  0223 008125 -1 00044659 00044645 000 342 43064.2033783449
25.11.2017 04:52:52 +00.03860E+00  0231 008125 -1 00044660 00044645 000 343 43064.2033823264
25.11.2017 04:52:52 +00.03860E+00  0248 008125 -1 00044661 00044645 000 375 43064.2033866667
25.11.2017 04:52:52 +00.03860E+00  0262 008125 -1 00044662 00044645 000 341 43064.203390625
25.11.2017 04:52:53 +00.03860E+00  0274 008125 -1 00044663 00044645 000 343 43064.2033945949
25.11.2017 04:52:53 +00.03860E+00  0286 008125 -1 00044664 00044645 000 343 43064.2033985648
25.11.2017 04:52:54 +00.03860E+00  0300 008125 -1 00044665 00044645 000 376 43064.2034029282
25.11.2017 04:52:54 +00.03860E+00  0318 008125 -1 00044666 00044645 000 341 43064.203406875
25.11.2017 04:52:54 +00.03860E+00  0326 008125 -1 00044667 00044645 000 343 43064.2034108449
25.11.2017 04:52:55 +00.03860E+00  0338 008125 -1 00044668 00044645 000 343 43064.2034148148
25.11.2017 04:52:55 +00.03860E+00  0352 008125 -1 00044669 00044645 000 378 43064.2034191898
25.11.2017 04:52:55 +00.03860E+00  0365 008125 -1 00044670 00044645 000 340 43064.203423125
25.11.2017 04:52:56 +00.03860E+00  0378 008125 -1 00044671 00044645 000 342 43064.2034270949
25.11.2017 04:52:56 +00.03860E+00  0394 008125 -1 00044672 00044645 000 343 43064.2034310648
25.11.2017 04:52:56 +00.03860E+00  0413 008125 -1 00044673 00044645 000 380 43064.203435463
25.11.2017 04:52:57 +00.03860E+00  0428 008125 -1 00044674 00044645 000 344 43064.2034394444
25.11.2017 04:52:57 +00.03860E+00  0441 008125 -1 00044675 00044645 000 343 43064.2034434143
25.11.2017 04:52:57 +00.03860E+00  0454 008125 -1 00044676 00044645 000 343 43064.2034473843
25.11.2017 04:52:58 +00.03860E+00  0462 008125 -1 00044677 00044645 000 374 43064.203451713
25.11.2017 04:52:58 +00.03860E+00  0480 008125 -1 00044678 00044645 000 343 43064.2034556829
25.11.2017 04:52:58 +00.03860E+00  0487 008125 -1 00044679 00044645 000 343 43064.2034596643
25.11.2017 04:52:59 +00.03860E+00  0499 008125 -1 00044680 00044645 000 343 43064.2034636343
25.11.2017 04:52:59 +00.03860E+00  0518 008125 -1 00044681 00044645 000 376 43064.2034679861
25.11.2017 04:52:59 +00.03860E+00  0524 008125 -1 00044682 00044645 000 341 43064.2034719329
25.11.2017 04:53:00 +00.03860E+00  0538 008125 -1 00044683 00044645 000 342 43064.2034759028
25.11.2017 04:53:00 +00.03860E+00  0554 008125 -1 00044684 00044645 000 343 43064.2034798843
25.11.2017 04:53:01 +00.03860E+00  0568 008125 -1 00044685 00044645 000 376 43064.2034842361
25.11.2017 04:53:01 +00.03860E+00  0590 008125 -1 00044686 00044645 000 340 43064.2034881829
25.11.2017 04:53:01 +00.03860E+00  0597 008125 -1 00044687 00044645 000 342 43064.2034921528
25.11.2017 04:53:02 +00.03860E+00  0615 008125 -1 00044688 00044645 000 343 43064.2034961227
25.11.2017 04:53:02 +00.03860E+00  0628 008125 -1 00044689 00044645 000 378 43064.2035004977
25.11.2017 04:53:02 +00.03860E+00  0646 008125 -1 00044690 00044645 000 340 43064.2035044329
25.11.2017 04:53:03 +00.03860E+00  0658 008125 -1 00044691 00044645 000 343 43064.2035084028
25.11.2017 04:53:03 +00.03860E+00  0678 008125 -1 00044692 00044645 000 343 43064.2035123727
25.11.2017 04:53:03 +00.03860E+00  0698 008125 -1 00044693 00044645 000 379 43064.2035167593
25.11.2017 04:53:04 +00.03860E+00  0715 008125 -1 00044694 00044645 000 340 43064.2035206944
25.11.2017 04:53:04 +00.03860E+00  0737 008125 -1 00044695 00044645 000 341 43064.2035246528
25.11.2017 04:53:04 +00.03860E+00  0756 008125 -1 00044696 00044645 000 343 43064.2035286227
25.11.2017 04:53:05 +00.03860E+00  0769 008125 -1 00044697 00044645 000 381 43064.2035330324
25.11.2017 04:53:05 +00.03860E+00  0781 008125 -1 00044698 00044645 000 343 43064.2035370023
25.11.2017 04:53:05 +00.03860E+00  0795 008125 -1 00044699 00044645 000 343 43064.2035409722
25.11.2017 04:53:06 +00.03860E+00  0809 008125 -1 00044700 00044645 000 343 43064.2035449421
25.11.2017 04:53:06 +00.03860E+00  0814 008125 -1 00044701 00044645 000 375 43064.2035492824
25.11.2017 04:53:07 +00.03860E+00  0825 008125 -1 00044702 00044645 000 343 43064.2035532523
25.11.2017 04:53:07 +00.03860E+00  0843 008125 -1 00044703 00044645 000 343 43064.2035572222
25.11.2017 04:53:07 +00.03860E+00  0858 008125 -1 00044704 00044645 000 343 43064.2035611921
25.11.2017 04:53:08 +00.03860E+00  0868 008125 -1 00044705 00044645 000 376 43064.203565544
25.11.2017 04:53:08 +00.03860E+00  0878 008125 -1 00044706 00044645 000 341 43064.2035694907
25.11.2017 04:53:08 +00.03860E+00  0897 008125 -1 00044707 00044645 000 342 43064.2035734606
25.11.2017 04:53:09 +00.03860E+00  0910 008125 -1 00044708 00044645 000 343 43064.2035774421
25.11.2017 04:53:09 +00.03860E+00  0922 008125 -1 00044709 00044645 000 377 43064.2035818056
25.11.2017 04:53:09 +00.03860E+00  0932 008125 -1 00044710 00044645 000 340 43064.2035857523
25.11.2017 04:53:10 +00.03860E+00  0947 008125 -1 00044711 00044645 000 341 43064.2035897106
25.11.2017 04:53:10 +00.03860E+00  0960 008125 -1 00044712 00044645 000 343 43064.2035936806
25.11.2017 04:53:10 +00.03860E+00  0970 008125 -1 00044713 00044645 000 378 43064.2035980671
25.11.2017 04:53:11 +00.03860E+00  0985 008125 -1 00044714 00044645 000 344 43064.2036020602
25.11.2017 04:53:11 +00.03861E+00  1001 008125 -1 00044715 00044645 000 343 43064.2036060301
25.11.2017 04:53:11 +00.03860E+00  1012 008125 -1 00044716 00044645 000 342 43064.20361
25.11.2017 04:53:12 +00.03860E+00  1027 008125 -1 00044717 00044645 000 374 43064.2036143403
25.11.2017 04:53:12 +00.03860E+00  1047 008125 -1 00044718 00044645 000 343 43064.2036183102
25.11.2017 04:53:12 +00.03860E+00  1061 008125 -1 00044719 00044645 000 343 43064.2036222801
25.11.2017 04:53:13 +00.03860E+00  1076 008125 -1 00044720 00044645 000 343 43064.20362625
25.11.2017 04:53:13 +00.03860E+00  1087 008125 -1 00044721 00044645 000 375 43064.2036305903
25.11.2017 04:53:14 +00.03860E+00  1114 008125 -1 00044722 00044645 000 342 43064.2036345602
25.11.2017 04:53:14 +00.03860E+00  1133 008125 -1 00044723 00044645 000 343 43064.2036385301
25.11.2017 04:53:14 +00.03860E+00  1145 008125 -1 00044724 00044645 000 343 43064.2036425
25.11.2017 04:53:15 +00.03860E+00  1162 008125 -1 00044725 00044645 000 376 43064.2036468518
25.11.2017 04:53:15 +00.03860E+00  1182 008125 -1 00044726 00044645 000 342 43064.2036508102
25.11.2017 04:53:15 +00.03860E+00  1197 008125 -1 00044727 00044645 000 343 43064.2036547801
25.11.2017 04:53:16 +00.03860E+00  1214 008125 -1 00044728 00044645 000 343 43064.20365875
25.11.2017 04:53:16 +00.03860E+00  1234 008125 -1 00044729 00044645 000 378 43064.203663125
25.11.2017 04:53:16 +00.03860E+00  1258 008125 -1 00044730 00044645 000 340 43064.2036670602
25.11.2017 04:53:17 +00.03860E+00  1278 008125 -1 00044731 00044645 000 342 43064.2036710185
25.11.2017 04:53:22 +00.03841E+00  0014 008084 -1 00044732 00044732 000 342 43064.2037356134
25.11.2017 04:53:23 +00.03841E+00  0024 008084 -1 00044733 00044732 000 342 43064.2037395833
25.11.2017 04:53:23 +00.03841E+00  0037 008084 -1 00044734 00044732 000 417 43064.2037444213
25.11.2017 04:53:23 +00.03841E+00  0057 008084 -1 00044735 00044732 000 344 43064.2037484144
25.11.2017 04:53:24 +00.03841E+00  0067 008084 -1 00044736 00044732 000 342 43064.2037523727
25.11.2017 04:53:24 +00.03841E+00  0080 008084 -1 00044737 00044732 000 342 43064.2037563426
25.11.2017 04:53:24 +00.03841E+00  0096 008084 -1 00044738 00044732 000 374 43064.2037606829
25.11.2017 04:53:25 +00.03841E+00  0115 008084 -1 00044739 00044732 000 342 43064.2037646528
25.11.2017 04:53:25 +00.03841E+00  0129 008084 -1 00044740 00044732 000 342 43064.2037686227
25.11.2017 04:53:25 +00.03841E+00  0144 008084 -1 00044741 00044732 000 343 43064.2037725926
25.11.2017 04:53:26 +00.03841E+00  0157 008084 -1 00044742 00044732 000 375 43064.2037769444
25.11.2017 04:53:26 +00.03841E+00  0167 008084 -1 00044743 00044732 000 342 43064.2037809144
25.11.2017 04:53:27 +00.03841E+00  0177 008084 -1 00044744 00044732 000 342 43064.2037848727
25.11.2017 04:53:27 +00.03841E+00  0186 008084 -1 00044745 00044732 000 343 43064.2037888426
25.11.2017 04:53:27 +00.03841E+00  0200 008082 -1 00044746 00044732 000 378 43064.2037932176
25.11.2017 04:53:28 +00.03840E+00  0221 008082 -1 00044747 00044732 000 340 43064.2037971528
25.11.2017 04:53:28 +00.03840E+00  0239 008082 -1 00044748 00044732 000 342 43064.2038011227
25.11.2017 04:53:28 +00.03840E+00  0252 008082 -1 00044749 00044732 000 343 43064.2038050926
25.11.2017 04:53:29 +00.03840E+00  0262 008082 -1 00044750 00044732 000 379 43064.2038094792
25.11.2017 04:53:29 +00.03840E+00  0278 008082 -1 00044751 00044732 000 340 43064.2038134144
25.11.2017 04:53:29 +00.03840E+00  0294 008082 -1 00044752 00044732 000 341 43064.2038173727
25.11.2017 04:53:30 +00.03840E+00  0306 008082 -1 00044753 00044732 000 343 43064.2038213426
25.11.2017 04:53:30 +00.03840E+00  0330 008082 -1 00044754 00044732 000 380 43064.2038257407
25.11.2017 04:53:30 +00.03840E+00  0344 008082 -1 00044755 00044732 000 344 43064.2038297222
25.11.2017 04:53:31 +00.03840E+00  0350 008082 -1 00044756 00044732 000 343 43064.2038336921
25.11.2017 04:53:31 +00.03840E+00  0371 008082 -1 00044757 00044732 000 343 43064.203837662
25.11.2017 04:53:31 +00.03840E+00  0384 008082 -1 00044758 00044732 000 375 43064.2038420023
25.11.2017 04:53:32 +00.03840E+00  0402 008082 -1 00044759 00044732 000 342 43064.2038459606
25.11.2017 04:53:32 +00.03840E+00  0418 008082 -1 00044760 00044732 000 343 43064.2038499421
25.11.2017 04:53:32 +00.03840E+00  0432 008082 -1 00044761 00044732 000 342 43064.2038539005
25.11.2017 04:53:33 +00.03840E+00  0440 008082 -1 00044762 00044732 000 376 43064.2038582639
25.11.2017 04:53:33 +00.03840E+00  0452 008082 -1 00044763 00044732 000 341 43064.2038622106
25.11.2017 04:53:34 +00.03840E+00  0470 008082 -1 00044764 00044732 000 342 43064.2038661806
25.11.2017 04:53:34 +00.03840E+00  0482 008082 -1 00044765 00044732 000 342 43064.2038701505
25.11.2017 04:53:34 +00.03840E+00  0496 008082 -1 00044766 00044732 000 377 43064.2038745255
25.11.2017 04:53:35 +00.03840E+00  0509 008082 -1 00044767 00044732 000 340 43064.2038784606
25.11.2017 04:53:35 +00.03840E+00  0526 008082 -1 00044768 00044732 000 342 43064.2038824306
25.11.2017 04:53:35 +00.03840E+00  0535 008082 -1 00044769 00044732 000 342 43064.2038864005
25.11.2017 04:53:36 +00.03840E+00  0550 008082 -1 00044770 00044732 000 379 43064.203890787
25.11.2017 04:53:36 +00.03840E+00  0569 008082 -1 00044771 00044732 000 340 43064.2038947222
25.11.2017 04:53:36 +00.03840E+00  0581 008082 -1 00044772 00044732 000 342 43064.2038986921
25.11.2017 04:53:37 +00.03840E+00  0600 008082 -1 00044773 00044732 000 342 43064.2039026505
25.11.2017 04:53:37 +00.03840E+00  0611 008082 -1 00044774 00044732 000 380 43064.2039070486
25.11.2017 04:53:37 +00.03840E+00  0626 008082 -1 00044775 00044732 000 344 43064.2039110301
25.11.2017 04:53:38 +00.03840E+00  0642 008082 -1 00044776 00044732 000 343 43064.203915
25.11.2017 04:53:38 +00.03840E+00  0663 008082 -1 00044777 00044732 000 343 43064.2039189699
25.11.2017 04:53:38 +00.03840E+00  0674 008082 -1 00044778 00044732 000 375 43064.2039233102
25.11.2017 04:53:39 +00.03840E+00  0687 008082 -1 00044779 00044732 000 342 43064.2039272801
25.11.2017 04:53:39 +00.03840E+00  0702 008082 -1 00044780 00044732 000 343 43064.20393125
25.11.2017 04:53:40 +00.03840E+00  0713 008082 -1 00044781 00044732 000 343 43064.2039352199
25.11.2017 04:53:40 +00.03840E+00  0724 008082 -1 00044782 00044732 000 376 43064.2039395718
25.11.2017 04:53:40 +00.03840E+00  0745 008082 -1 00044783 00044732 000 342 43064.2039435301
25.11.2017 04:53:41 +00.03840E+00  0758 008082 -1 00044784 00044732 000 343 43064.2039475
25.11.2017 04:53:41 +00.03840E+00  0778 008082 -1 00044785 00044732 000 343 43064.2039514699
25.11.2017 04:53:41 +00.03840E+00  0796 008082 -1 00044786 00044732 000 377 43064.2039558333
25.11.2017 04:53:42 +00.03840E+00  0807 008082 -1 00044787 00044732 000 340 43064.2039597685
25.11.2017 04:53:42 +00.03840E+00  0822 008082 -1 00044788 00044732 000 342 43064.2039637384
25.11.2017 04:53:42 +00.03840E+00  0839 008082 -1 00044789 00044732 000 343 43064.2039677199
25.11.2017 04:53:43 +00.03840E+00  0853 008082 -1 00044790 00044732 000 378 43064.2039720949
25.11.2017 04:53:43 +00.03840E+00  0864 008082 -1 00044791 00044732 000 345 43064.2039760995
25.11.2017 04:53:43 +00.03840E+00  0878 008082 -1 00044792 00044732 000 342 43064.2039800579
25.11.2017 04:53:44 +00.03840E+00  0888 008082 -1 00044793 00044732 000 343 43064.2039840394
25.11.2017 04:53:44 +00.03840E+00  0905 008082 -1 00044794 00044732 000 373 43064.2039883565
25.11.2017 04:53:44 +00.03840E+00  0926 008082 -1 00044795 00044732 000 344 43064.203992338
25.11.2017 04:53:45 +00.03840E+00  0940 008082 -1 00044796 00044732 000 343 43064.2039963079
25.11.2017 04:53:45 +00.03840E+00  0958 008082 -1 00044797 00044732 000 342 43064.2040002778
25.11.2017 04:53:45 +00.03840E+00  0972 008082 -1 00044798 00044732 000 374 43064.2040046181
25.11.2017 04:53:46 +00.03840E+00  0989 008082 -1 00044799 00044732 000 342 43064.204008588
25.11.2017 04:53:46 +00.03840E+00  1001 008082 -1 00044800 00044732 000 343 43064.2040125579
25.11.2017 04:53:47 +00.03840E+00  1016 008082 -1 00044801 00044732 000 343 43064.2040165278
25.11.2017 04:53:47 +00.03840E+00  1033 008082 -1 00044802 00044732 000 375 43064.2040208796
25.11.2017 04:53:47 +00.03840E+00  1045 008082 -1 00044803 00044732 000 341 43064.204024838
25.11.2017 04:53:48 +00.03840E+00  1065 008082 -1 00044804 00044732 000 343 43064.2040288079
25.11.2017 04:53:48 +00.03840E+00  1078 008082 -1 00044805 00044732 000 343 43064.2040327778
25.11.2017 04:53:48 +00.03840E+00  1095 008082 -1 00044806 00044732 000 377 43064.2040371412
25.11.2017 04:53:49 +00.03840E+00  1114 008082 -1 00044807 00044732 000 341 43064.204041088
25.11.2017 04:53:49 +00.03840E+00  1130 008082 -1 00044808 00044732 000 343 43064.2040450579
25.11.2017 04:53:49 +00.03840E+00  1144 008082 -1 00044809 00044732 000 343 43064.2040490278
25.11.2017 04:53:50 +00.03840E+00  1156 008082 -1 00044810 00044732 000 378 43064.2040534028
25.11.2017 04:53:50 +00.03840E+00  1172 008082 -1 00044811 00044732 000 340 43064.204057338
25.11.2017 04:53:50 +00.03840E+00  1185 008082 -1 00044812 00044732 000 342 43064.2040613079
25.11.2017 04:53:51 +00.03840E+00  1201 008082 -1 00044813 00044732 000 342 43064.2040652778
25.11.2017 04:53:51 +00.03840E+00  1222 008082 -1 00044814 00044732 000 379 43064.2040696644
25.11.2017 04:53:51 +00.03840E+00  1247 008082 -1 00044815 00044732 000 344 43064.2040736574
25.11.2017 04:53:52 +00.03840E+00  1260 008082 -1 00044816 00044732 000 343 43064.2040776273
25.11.2017 04:53:52 +00.03840E+00  1283 008082 -1 00044817 00044732 000 343 43064.2040815972
25.11.2017 04:53:58 +00.03820E+00  0011 008041 -1 00044818 00044818 000 342 43064.204146331
25.11.2017 04:53:58 +00.03820E+00  0027 008041 -1 00044819 00044818 000 401 43064.2041509722
25.11.2017 04:53:58 +00.03820E+00  0044 008041 -1 00044820 00044818 000 342 43064.2041549306
25.11.2017 04:53:59 +00.03820E+00  0056 008041 -1 00044821 00044818 000 343 43064.2041589005
25.11.2017 04:53:59 +00.03820E+00  0071 008041 -1 00044822 00044818 000 342 43064.2041628704
25.11.2017 04:54:00 +00.03820E+00  0081 008041 -1 00044823 00044818 000 376 43064.2041672338
25.11.2017 04:54:00 +00.03820E+00  0091 008041 -1 00044824 00044818 000 341 43064.2041711806
25.11.2017 04:54:00 +00.03820E+00  0108 008041 -1 00044825 00044818 000 343 43064.2041751505
25.11.2017 04:54:01 +00.03821E+00  0124 008041 -1 00044826 00044818 000 343 43064.2041791204
25.11.2017 04:54:01 +00.03820E+00  0135 008041 -1 00044827 00044818 000 378 43064.2041834954
25.11.2017 04:54:01 +00.03820E+00  0154 008041 -1 00044828 00044818 000 340 43064.2041874306
25.11.2017 04:54:02 +00.03820E+00  0172 008041 -1 00044829 00044818 000 343 43064.204191412
25.11.2017 04:54:02 +00.03821E+00  0184 008041 -1 00044830 00044818 000 342 43064.2041953704
25.11.2017 04:54:02 +00.03820E+00  0201 008041 -1 00044831 00044818 000 379 43064.2041997569
25.11.2017 04:54:03 +00.03820E+00  0210 008041 -1 00044832 00044818 000 340 43064.2042036921
25.11.2017 04:54:03 +00.03820E+00  0225 008041 -1 00044833 00044818 000 342 43064.2042076505
25.11.2017 04:54:03 +00.03820E+00  0237 008041 -1 00044834 00044818 000 343 43064.2042116204
25.11.2017 04:54:04 +00.03820E+00  0255 008041 -1 00044835 00044818 000 380 43064.2042160185
25.11.2017 04:54:04 +00.03820E+00  0270 008041 -1 00044836 00044818 000 344 43064.20422
25.11.2017 04:54:04 +00.03820E+00  0286 008041 -1 00044837 00044818 000 343 43064.2042239699
25.11.2017 04:54:05 +00.03821E+00  0308 008041 -1 00044838 00044818 000 343 43064.2042279398
25.11.2017 04:54:05 +00.03820E+00  0322 008041 -1 00044839 00044818 000 375 43064.2042322801
25.11.2017 04:54:06 +00.03820E+00  0342 008041 -1 00044840 00044818 000 343 43064.20423625
25.11.2017 04:54:06 +00.03820E+00  0358 008041 -1 00044841 00044818 000 343 43064.2042402199
25.11.2017 04:54:06 +00.03820E+00  0368 008041 -1 00044842 00044818 000 343 43064.2042441898
25.11.2017 04:54:07 +00.03820E+00  0377 008041 -1 00044843 00044818 000 377 43064.2042485532
25.11.2017 04:54:07 +00.03820E+00  0392 008041 -1 00044844 00044818 000 341 43064.2042525
25.11.2017 04:54:07 +00.03820E+00  0408 008041 -1 00044845 00044818 000 342 43064.2042564583
25.11.2017 04:54:08 +00.03820E+00  0422 008041 -1 00044846 00044818 000 342 43064.2042604282
25.11.2017 04:54:08 +00.03820E+00  0433 008041 -1 00044847 00044818 000 377 43064.2042648032
25.11.2017 04:54:08 +00.03821E+00  0452 008041 -1 00044848 00044818 000 340 43064.20426875
25.11.2017 04:54:09 +00.03820E+00  0466 008041 -1 00044849 00044818 000 341 43064.2042727083
25.11.2017 04:54:09 +00.03820E+00  0477 008041 -1 00044850 00044818 000 343 43064.2042766782
25.11.2017 04:54:09 +00.03820E+00  0492 008041 -1 00044851 00044818 000 378 43064.2042810648
25.11.2017 04:54:10 +00.03820E+00  0512 008041 -1 00044852 00044818 000 340 43064.204285
25.11.2017 04:54:10 +00.03820E+00  0521 008041 -1 00044853 00044818 000 341 43064.2042889583
25.11.2017 04:54:10 +00.03820E+00  0538 008041 -1 00044854 00044818 000 343 43064.2042929282
25.11.2017 04:54:11 +00.03821E+00  0555 008041 -1 00044855 00044818 000 380 43064.2042973264
25.11.2017 04:54:11 +00.03820E+00  0573 008041 -1 00044856 00044818 000 344 43064.2043013079
25.11.2017 04:54:11 +00.03821E+00  0594 008041 -1 00044857 00044818 000 343 43064.2043052778
25.11.2017 04:54:12 +00.03820E+00  0620 008041 -1 00044858 00044818 000 343 43064.2043092477
25.11.2017 04:54:12 +00.03820E+00  0641 008041 -1 00044859 00044818 000 375 43064.204313588
25.11.2017 04:54:13 +00.03820E+00  0658 008041 -1 00044860 00044818 000 343 43064.2043175579
25.11.2017 04:54:13 +00.03820E+00  0666 008041 -1 00044861 00044818 000 343 43064.2043215278
25.11.2017 04:54:13 +00.03820E+00  0676 008041 -1 00044862 00044818 000 343 43064.2043254977
25.11.2017 04:54:14 +00.03820E+00  0687 008041 -1 00044863 00044818 000 377 43064.2043298611
25.11.2017 04:54:14 +00.03820E+00  0700 008041 -1 00044864 00044818 000 341 43064.2043338079
25.11.2017 04:54:14 +00.03820E+00  0714 008041 -1 00044865 00044818 000 343 43064.2043377778
25.11.2017 04:54:15 +00.03820E+00  0731 008041 -1 00044866 00044818 000 343 43064.2043417477
25.11.2017 04:54:15 +00.03820E+00  0747 008041 -1 00044867 00044818 000 378 43064.2043461227
25.11.2017 04:54:15 +00.03820E+00  0764 008041 -1 00044868 00044818 000 340 43064.2043500579
25.11.2017 04:54:16 +00.03820E+00  0784 008041 -1 00044869 00044818 000 341 43064.2043540162
25.11.2017 04:54:16 +00.03820E+00  0796 008041 -1 00044870 00044818 000 342 43064.2043579861
25.11.2017 04:54:16 +00.03820E+00  0808 008041 -1 00044871 00044818 000 379 43064.2043623843
25.11.2017 04:54:17 +00.03820E+00  0831 008041 -1 00044872 00044818 000 345 43064.2043663773
25.11.2017 04:54:17 +00.03820E+00  0840 008041 -1 00044873 00044818 000 343 43064.2043703472
25.11.2017 04:54:17 +00.03821E+00  0859 008041 -1 00044874 00044818 000 343 43064.2043743171
25.11.2017 04:54:18 +00.03820E+00  0878 008041 -1 00044875 00044818 000 374 43064.2043786458
25.11.2017 04:54:18 +00.03820E+00  0896 008041 -1 00044876 00044818 000 343 43064.2043826157
25.11.2017 04:54:19 +00.03820E+00  0915 008041 -1 00044877 00044818 000 342 43064.2043865856
25.11.2017 04:54:19 +00.03820E+00  0929 008041 -1 00044878 00044818 000 343 43064.2043905556
25.11.2017 04:54:19 +00.03820E+00  0946 008041 -1 00044879 00044818 000 374 43064.2043948958
25.11.2017 04:54:20 +00.03820E+00  0957 008041 -1 00044880 00044818 000 342 43064.2043988657
25.11.2017 04:54:20 +00.03820E+00  0966 008041 -1 00044881 00044818 000 343 43064.2044028356
25.11.2017 04:54:20 +00.03820E+00  0983 008041 -1 00044882 00044818 000 343 43064.2044068056
25.11.2017 04:54:21 +00.03820E+00  1001 008041 -1 00044883 00044818 000 376 43064.204411169
25.11.2017 04:54:21 +00.03820E+00  1017 008041 -1 00044884 00044818 000 341 43064.2044151157
25.11.2017 04:54:21 +00.03820E+00  1030 008041 -1 00044885 00044818 000 343 43064.2044190856
25.11.2017 04:54:22 +00.03821E+00  1045 008041 -1 00044886 00044818 000 343 43064.2044230556
25.11.2017 04:54:22 +00.03820E+00  1058 008041 -1 00044887 00044818 000 378 43064.2044274306
25.11.2017 04:54:22 +00.03820E+00  1079 008041 -1 00044888 00044818 000 340 43064.2044313657
25.11.2017 04:54:23 +00.03820E+00  1099 008041 -1 00044889 00044818 000 342 43064.2044353356
25.11.2017 04:54:23 +00.03820E+00  1115 008041 -1 00044890 00044818 000 343 43064.2044393056
25.11.2017 04:54:23 +00.03820E+00  1130 008041 -1 00044891 00044818 000 379 43064.2044436921
25.11.2017 04:54:24 +00.03820E+00  1143 008041 -1 00044892 00044818 000 345 43064.2044476852
25.11.2017 04:54:24 +00.03820E+00  1158 008041 -1 00044893 00044818 000 343 43064.2044516551
25.11.2017 04:54:24 +00.03820E+00  1167 008041 -1 00044894 00044818 000 343 43064.204455625
25.11.2017 04:54:25 +00.03820E+00  1179 008041 -1 00044895 00044818 000 374 43064.2044599537
25.11.2017 04:54:25 +00.03820E+00  1195 008041 -1 00044896 00044818 000 343 43064.2044639236
25.11.2017 04:54:26 +00.03820E+00  1209 008041 -1 00044897 00044818 000 343 43064.2044679051
25.11.2017 04:54:26 +00.03820E+00  1220 008041 -1 00044898 00044818 000 343 43064.204471875
25.11.2017 04:54:26 +00.03820E+00  1231 008041 -1 00044899 00044818 000 375 43064.2044762153
25.11.2017 04:54:27 +00.03821E+00  1248 008041 -1 00044900 00044818 000 342 43064.2044801736
25.11.2017 04:54:27 +00.03820E+00  1270 008041 -1 00044901 00044818 000 342 43064.2044841435
25.11.2017 04:54:27 +00.03820E+00  1282 008041 -1 00044902 00044818 000 342 43064.2044881134
25.11.2017 04:54:28 +00.03821E+00  1299 008041 -1 00044903 00044818 000 376 43064.2044924768
25.11.2017 04:54:33 +00.03800E+00  0019 007999 -1 00044904 00044904 000 376 43064.2045575116
25.11.2017 04:54:34 +00.03800E+00  0040 007999 -1 00044905 00044904 000 340 43064.2045614583
25.11.2017 04:54:34 +00.03800E+00  0057 007999 -1 00044906 00044904 000 342 43064.2045654282
25.11.2017 04:54:34 +00.03801E+00  0073 007999 -1 00044907 00044904 000 343 43064.2045693981
25.11.2017 04:54:35 +00.03800E+00  0094 007999 -1 00044908 00044904 000 379 43064.2045737847
25.11.2017 04:54:35 +00.03800E+00  0112 007999 -1 00044909 00044904 000 344 43064.2045777778
25.11.2017 04:54:35 +00.03800E+00  0130 007999 -1 00044910 00044904 000 343 43064.2045817477
25.11.2017 04:54:36 +00.03801E+00  0144 007999 -1 00044911 00044904 000 342 43064.2045857176
25.11.2017 04:54:36 +00.03800E+00  0156 007999 -1 00044912 00044904 000 373 43064.2045900463
25.11.2017 04:54:36 +00.03800E+00  0170 007999 -1 00044913 00044904 000 344 43064.2045940278
25.11.2017 04:54:37 +00.03800E+00  0185 007999 -1 00044914 00044904 000 343 43064.2045979977
25.11.2017 04:54:37 +00.03800E+00  0199 007999 -1 00044915 00044904 000 343 43064.2046019676
25.11.2017 04:54:37 +00.03801E+00  0208 007999 -1 00044916 00044904 000 375 43064.2046063079
25.11.2017 04:54:38 +00.03801E+00  0225 007999 -1 00044917 00044904 000 343 43064.2046102778
25.11.2017 04:54:38 +00.03801E+00  0242 007997 -1 00044918 00044904 000 343 43064.2046142477
25.11.2017 04:54:39 +00.03800E+00  0259 007997 -1 00044919 00044904 000 343 43064.2046182176
25.11.2017 04:54:39 +00.03800E+00  0278 007997 -1 00044920 00044904 000 376 43064.2046225694
25.11.2017 04:54:39 +00.03800E+00  0292 007997 -1 00044921 00044904 000 341 43064.2046265162
25.11.2017 04:54:40 +00.03799E+00  0312 007997 -1 00044922 00044904 000 342 43064.2046304861
25.11.2017 04:54:40 +00.03799E+00  0321 007997 -1 00044923 00044904 000 342 43064.204634456
25.11.2017 04:54:40 +00.03800E+00  0339 007997 -1 00044924 00044904 000 376 43064.2046388194
25.11.2017 04:54:41 +00.03800E+00  0362 007997 -1 00044925 00044904 000 340 43064.2046427662
25.11.2017 04:54:41 +00.03800E+00  0383 007997 -1 00044926 00044904 000 342 43064.2046467361
25.11.2017 04:54:41 +00.03800E+00  0397 007997 -1 00044927 00044904 000 343 43064.2046507176
25.11.2017 04:54:42 +00.03800E+00  0416 007997 -1 00044928 00044904 000 378 43064.2046550926
25.11.2017 04:54:42 +00.03799E+00  0433 007997 -1 00044929 00044904 000 344 43064.2046590856
25.11.2017 04:54:42 +00.03799E+00  0450 007997 -1 00044930 00044904 000 343 43064.2046630671
25.11.2017 04:54:43 +00.03800E+00  0462 007997 -1 00044931 00044904 000 342 43064.2046670255
25.11.2017 04:54:43 +00.03799E+00  0478 007997 -1 00044932 00044904 000 373 43064.2046713542
25.11.2017 04:54:43 +00.03799E+00  0493 007999 -1 00044933 00044904 000 344 43064.2046753356
25.11.2017 04:54:44 +00.03800E+00  0506 007999 -1 00044934 00044904 000 343 43064.2046793056
25.11.2017 04:54:44 +00.03800E+00  0524 007999 -1 00044935 00044904 000 342 43064.2046832755
25.11.2017 04:54:45 +00.03800E+00  0537 007999 -1 00044936 00044904 000 374 43064.2046876157
25.11.2017 04:54:45 +00.03800E+00  0552 007999 -1 00044937 00044904 000 342 43064.2046915856
25.11.2017 04:54:45 +00.03801E+00  0561 007999 -1 00044938 00044904 000 343 43064.2046955556
25.11.2017 04:54:46 +00.03801E+00  0574 007999 -1 00044939 00044904 000 343 43064.2046995255
25.11.2017 04:54:46 +00.03800E+00  0584 007999 -1 00044940 00044904 000 376 43064.2047038773
25.11.2017 04:54:46 +00.03800E+00  0599 007999 -1 00044941 00044904 000 341 43064.2047078356
25.11.2017 04:54:47 +00.03801E+00  0608 007999 -1 00044942 00044904 000 343 43064.2047118056
25.11.2017 04:54:47 +00.03801E+00  0617 007999 -1 00044943 00044904 000 343 43064.2047157755
25.11.2017 04:54:47 +00.03801E+00  0632 007999 -1 00044944 00044904 000 377 43064.2047201389
25.11.2017 04:54:48 +00.03801E+00  0654 007999 -1 00044945 00044904 000 341 43064.2047240856
25.11.2017 04:54:48 +00.03800E+00  0670 007999 -1 00044946 00044904 000 343 43064.2047280556
25.11.2017 04:54:48 +00.03800E+00  0678 007999 -1 00044947 00044904 000 343 43064.2047320255
25.11.2017 04:54:49 +00.03801E+00  0688 007999 -1 00044948 00044904 000 378 43064.2047364005
25.11.2017 04:54:49 +00.03800E+00  0702 007999 -1 00044949 00044904 000 340 43064.2047403356
25.11.2017 04:54:49 +00.03801E+00  0715 007999 -1 00044950 00044904 000 341 43064.204744294
25.11.2017 04:54:50 +00.03801E+00  0726 007999 -1 00044951 00044904 000 343 43064.2047482755
25.11.2017 04:54:50 +00.03800E+00  0744 007999 -1 00044952 00044904 000 379 43064.204752662
25.11.2017 04:54:50 +00.03800E+00  0759 007999 -1 00044953 00044904 000 343 43064.2047566435
25.11.2017 04:54:51 +00.03800E+00  0775 007999 -1 00044954 00044904 000 343 43064.204760625
25.11.2017 04:54:51 +00.03800E+00  0791 007999 -1 00044955 00044904 000 343 43064.2047645949
25.11.2017 04:54:52 +00.03800E+00  0805 007999 -1 00044956 00044904 000 373 43064.204768912
25.11.2017 04:54:52 +00.03800E+00  0818 007999 -1 00044957 00044904 000 343 43064.2047728935
25.11.2017 04:54:52 +00.03800E+00  0836 007999 -1 00044958 00044904 000 342 43064.2047768634
25.11.2017 04:54:53 +00.03800E+00  0845 007999 -1 00044959 00044904 000 342 43064.2047808333
25.11.2017 04:54:53 +00.03800E+00  0854 007999 -1 00044960 00044904 000 375 43064.2047851852
25.11.2017 04:54:53 +00.03800E+00  0867 007999 -1 00044961 00044904 000 341 43064.2047891435
25.11.2017 04:54:54 +00.03801E+00  0874 007999 -1 00044962 00044904 000 342 43064.2047931134
25.11.2017 04:54:54 +00.03800E+00  0890 007997 -1 00044963 00044904 000 344 43064.2047970949
25.11.2017 04:54:54 +00.03800E+00  0909 007997 -1 00044964 00044904 000 376 43064.2048014468
25.11.2017 04:54:55 +00.03799E+00  0918 007997 -1 00044965 00044904 000 340 43064.2048053935
25.11.2017 04:54:55 +00.03800E+00  0930 007997 -1 00044966 00044904 000 342 43064.2048093634
25.11.2017 04:54:55 +00.03799E+00  0942 007997 -1 00044967 00044904 000 343 43064.2048133333
25.11.2017 04:54:56 +00.03799E+00  0960 007997 -1 00044968 00044904 000 378 43064.2048177083
25.11.2017 04:54:56 +00.03799E+00  0978 007997 -1 00044969 00044904 000 340 43064.2048216435
25.11.2017 04:54:56 +00.03799E+00  0991 007997 -1 00044970 00044904 000 342 43064.2048256134
25.11.2017 04:54:57 +00.03800E+00  1008 007997 -1 00044971 00044904 000 343 43064.2048295833
25.11.2017 04:54:57 +00.03799E+00  1021 007997 -1 00044972 00044904 000 379 43064.2048339699
25.11.2017 04:54:58 +00.03799E+00  1039 007997 -1 00044973 00044904 000 345 43064.204837963
25.11.2017 04:54:58 +00.03799E+00  1059 007997 -1 00044974 00044904 000 343 43064.2048419329
25.11.2017 04:54:58 +00.03799E+00  1074 007997 -1 00044975 00044904 000 343 43064.2048459028
25.11.2017 04:54:59 +00.03799E+00  1088 007997 -1 00044976 00044904 000 374 43064.2048502315
25.11.2017 04:54:59 +00.03799E+00  1107 007997 -1 00044977 00044904 000 343 43064.2048542014
25.11.2017 04:54:59 +00.03799E+00  1121 007999 -1 00044978 00044904 000 342 43064.2048581713
25.11.2017 04:55:00 +00.03800E+00  1130 007999 -1 00044979 00044904 000 343 43064.2048621528
25.11.2017 04:55:00 +00.03800E+00  1144 007999 -1 00044980 00044904 000 377 43064.2048665162
25.11.2017 04:55:00 +00.03800E+00  1162 007999 -1 00044981 00044904 000 340 43064.2048704514
25.11.2017 04:55:01 +00.03800E+00  1176 007999 -1 00044982 00044904 000 342 43064.2048744213
25.11.2017 04:55:01 +00.03800E+00  1192 007999 -1 00044983 00044904 000 342 43064.2048783912
25.11.2017 04:55:01 +00.03800E+00  1200 007999 -1 00044984 00044904 000 376 43064.2048827546
25.11.2017 04:55:02 +00.03800E+00  1214 007999 -1 00044985 00044904 000 340 43064.2048867014
25.11.2017 04:55:02 +00.03800E+00  1223 007999 -1 00044986 00044904 000 342 43064.2048906713
25.11.2017 04:55:02 +00.03800E+00  1240 007999 -1 00044987 00044904 000 343 43064.2048946412
25.11.2017 04:55:03 +00.03800E+00  1253 007999 -1 00044988 00044904 000 377 43064.2048990162
25.11.2017 04:55:03 +00.03800E+00  1266 007999 -1 00044989 00044904 000 341 43064.204902963