
25.11.2017 04:55:05 +00.03800E+00  0016 007999 1 00044990 00044990 000 343 43064.2049204167
25.11.2017 04:55:05 +00.03801E+00  0035 007999 1 00044991 00044990 000 400 43064.2049250463
25.11.2017 04:55:05 +00.03800E+00  0055 007999 1 00044992 00044990 000 343 43064.2049290162
25.11.2017 04:55:06 +00.03800E+00  0065 007999 1 00044993 00044990 000 343 43064.2049329861
25.11.2017 04:55:06 +00.03800E+00  0083 007999 1 00044994 00044990 000 343 43064.204936956
25.11.2017 04:55:06 +00.03800E+00  0103 007999 1 00044995 00044990 000 375 43064.2049412963
25.11.2017 04:55:07 +00.03800E+00  0116 007999 1 00044996 00044990 000 342 43064.2049452546
25.11.2017 04:55:07 +00.03800E+00  0127 007999 1 00044997 00044990 000 342 43064.2049492245
25.11.2017 04:55:07 +00.03800E+00  0142 007999 1 00044998 00044990 000 343 43064.204953206
25.11.2017 04:55:08 +00.03800E+00  0159 007999 1 00044999 00044990 000 377 43064.2049575694
25.11.2017 04:55:08 +00.03800E+00  0174 007999 1 00045000 00044990 000 340 43064.2049615046
25.11.2017 04:55:09 +00.03800E+00  0191 007999 1 00045001 00044990 000 343 43064.2049654861
25.11.2017 04:55:09 +00.03800E+00  0206 007999 1 00045002 00044990 000 342 43064.2049694444
25.11.2017 04:55:09 +00.03801E+00  0219 007999 1 00045003 00044990 000 377 43064.2049738194
25.11.2017 04:55:10 +00.03800E+00  0233 007997 1 00045004 00044990 000 340 43064.2049777546
25.11.2017 04:55:10 +00.03800E+00  0248 007997 1 00045005 00044990 000 343 43064.2049817245
25.11.2017 04:55:10 +00.03800E+00  0270 007997 1 00045006 00044990 000 343 43064.2049856944
25.11.2017 04:55:11 +00.03799E+00  0286 007997 1 00045007 00044990 000 379 43064.204990081
25.11.2017 04:55:11 +00.03799E+00  0296 007997 1 00045008 00044990 000 345 43064.2049940741
25.11.2017 04:55:11 +00.03799E+00  0307 007997 1 00045009 00044990 000 344 43064.2049980556
25.11.2017 04:55:12 +00.03799E+00  0321 007997 1 00045010 00044990 000 342 43064.2050020139
25.11.2017 04:55:12 +00.03799E+00  0335 007997 1 00045011 00044990 000 374 43064.2050063426
25.11.2017 04:55:12 +00.03799E+00  0347 007997 1 00045012 00044990 000 343 43064.2050103241
25.11.2017 04:55:13 +00.03799E+00  0375 007997 1 00045013 00044990 000 343 43064.205014294
25.11.2017 04:55:13 +00.03799E+00  0392 007997 1 00045014 00044990 000 343 43064.2050182639
25.11.2017 04:55:13 +00.03800E+00  0404 007997 1 00045015 00044990 000 375 43064.2050226042
25.11.2017 04:55:14 +00.03799E+00  0422 007997 1 00045016 00044990 000 343 43064.2050265741
25.11.2017 04:55:14 +00.03799E+00  0434 007997 1 00045017 00044990 000 343 43064.205030544
25.11.2017 04:55:14 +00.03800E+00  0450 007997 1 00045018 00044990 000 343 43064.2050345139
25.11.2017 04:55:15 +00.03799E+00  0459 007997 1 00045019 00044990 000 376 43064.2050388657
25.11.2017 04:55:15 +00.03799E+00  0466 007997 1 00045020 00044990 000 341 43064.2050428125
25.11.2017 04:55:16 +00.03799E+00  0482 007997 1 00045021 00044990 000 343 43064.205046794
25.11.2017 04:55:16 +00.03799E+00  0492 007997 1 00045022 00044990 000 343 43064.2050507639
25.11.2017 04:55:16 +00.03799E+00  0509 007997 1 00045023 00044990 000 377 43064.2050551273
25.11.2017 04:55:17 +00.03799E+00  0527 007997 1 00045024 00044990 000 340 43064.2050590625
25.11.2017 04:55:17 +00.03799E+00  0540 007997 1 00045025 00044990 000 343 43064.205063044
25.11.2017 04:55:17 +00.03799E+00  0552 007997 1 00045026 00044990 000 342 43064.2050670023
25.11.2017 04:55:18 +00.03799E+00  0564 007997 1 00045027 00044990 000 378 43064.2050713889
25.11.2017 04:55:18 +00.03799E+00  0583 007997 1 00045028 00044990 000 345 43064.2050753935
25.11.2017 04:55:18 +00.03799E+00  0588 007997 1 00045029 00044990 000 342 43064.2050793519
25.11.2017 04:55:19 +00.03799E+00  0603 007997 1 00045030 00044990 000 343 43064.2050833333
25.11.2017 04:55:19 +00.03799E+00  0621 007997 1 00045031 00044990 000 374 43064.205087662
25.11.2017 04:55:19 +00.03799E+00  0634 007997 1 00045032 00044990 000 343 43064.2050916319
25.11.2017 04:55:20 +00.03799E+00  0654 007997 1 00045033 00044990 000 342 43064.2050956019
25.11.2017 04:55:20 +00.03799E+00  0661 007999 1 00045034 00044990 000 342 43064.2050995718
25.11.2017 04:55:20 +00.03800E+00  0674 007999 1 00045035 00044990 000 375 43064.205103912
25.11.2017 04:55:21 +00.03800E+00  0682 007999 1 00045036 00044990 000 342 43064.2051078819
25.11.2017 04:55:21 +00.03800E+00  0694 007999 1 00045037 00044990 000 343 43064.2051118519
25.11.2017 04:55:22 +00.03800E+00  0716 007999 1 00045038 00044990 000 343 43064.2051158218
25.11.2017 04:55:22 +00.03800E+00  0732 007999 1 00045039 00044990 000 376 43064.2051201736
25.11.2017 04:55:22 +00.03800E+00  0750 007999 1 00045040 00044990 000 341 43064.2051241319
25.11.2017 04:55:23 +00.03800E+00  0763 007999 1 00045041 00044990 000 343 43064.2051281019
25.11.2017 04:55:23 +00.03800E+00  0778 007999 1 00045042 00044990 000 343 43064.2051320718
25.11.2017 04:55:23 +00.03800E+00  0794 007999 1 00045043 00044990 000 378 43064.2051364468
25.11.2017 04:55:24 +00.03800E+00  0810 007999 1 00045044 00044990 000 340 43064.2051403819
25.11.2017 04:55:24 +00.03800E+00  0822 007999 1 00045045 00044990 000 342 43064.2051443519
25.11.2017 04:55:24 +00.03800E+00  0834 007999 1 00045046 00044990 000 343 43064.2051483218
25.11.2017 04:55:25 +00.03800E+00  0841 007999 1 00045047 00044990 000 379 43064.2051527083
25.11.2017 04:55:25 +00.03800E+00  0866 007999 1 00045048 00044990 000 345 43064.2051567014
25.11.2017 04:55:25 +00.03800E+00  0883 007999 1 00045049 00044990 000 343 43064.2051606713
25.11.2017 04:55:26 +00.03800E+00  0903 007999 1 00045050 00044990 000 343 43064.2051646412
25.11.2017 04:55:26 +00.03800E+00  0918 007999 1 00045051 00044990 000 374 43064.2051689699
25.11.2017 04:55:26 +00.03800E+00  0934 007999 1 00045052 00044990 000 343 43064.2051729398
25.11.2017 04:55:27 +00.03800E+00  0945 007999 1 00045053 00044990 000 343 43064.2051769213
25.11.2017 04:55:27 +00.03800E+00  0956 007999 1 00045054 00044990 000 343 43064.2051808912
25.11.2017 04:55:28 +00.03800E+00  0970 007999 1 00045055 00044990 000 375 43064.2051852315
25.11.2017 04:55:28 +00.03800E+00  0986 007999 1 00045056 00044990 000 342 43064.2051891898
25.11.2017 04:55:28 +00.03800E+00  1001 007999 1 00045057 00044990 000 342 43064.2051931597
25.11.2017 04:55:29 +00.03800E+00  1022 007999 1 00045058 00044990 000 343 43064.2051971412
25.11.2017 04:55:29 +00.03800E+00  1034 007999 1 00045059 00044990 000 375 43064.2052014815
25.11.2017 04:55:29 +00.03800E+00  1051 007999 1 00045060 00044990 000 342 43064.2052054514
25.11.2017 04:55:30 +00.03800E+00  1065 007999 1 00045061 00044990 000 342 43064.2052094097
25.11.2017 04:55:30 +00.03800E+00  1087 007999 1 00045062 00044990 000 343 43064.2052133796
25.11.2017 04:55:30 +00.03800E+00  1101 007999 1 00045063 00044990 000 376 43064.2052177431
25.11.2017 04:55:31 +00.03800E+00  1120 007999 1 00045064 00044990 000 340 43064.2052216898
25.11.2017 04:55:31 +00.03801E+00  1134 007999 1 00045065 00044990 000 343 43064.2052256597
25.11.2017 04:55:31 +00.03800E+00  1149 007999 1 00045066 00044990 000 343 43064.2052296296
25.11.2017 04:55:32 +00.03801E+00  1167 007999 1 00045067 00044990 000 379 43064.2052340162
25.11.2017 04:55:32 +00.03800E+00  1184 007999 1 00045068 00044990 000 340 43064.2052379514
25.11.2017 04:55:32 +00.03801E+00  1196 007999 1 00045069 00044990 000 341 43064.2052419097
25.11.2017 04:55:33 +00.03800E+00  1209 007999 1 00045070 00044990 000 343 43064.2052458796
25.11.2017 04:55:33 +00.03800E+00  1221 007999 1 00045071 00044990 000 380 43064.2052502778
25.11.2017 04:55:33 +00.03800E+00  1244 007999 1 00045072 00044990 000 344 43064.2052542593
25.11.2017 04:55:34 +00.03801E+00  1258 007999 1 00045073 00044990 000 343 43064.2052582292
25.11.2017 04:55:34 +00.03801E+00  1271 007999 1 00045074 00044990 000 343 43064.2052621991
25.11.2017 04:55:35 +00.03800E+00  1289 007999 1 00045075 00044990 000 375 43064.2052665393
25.11.2017 04:55:40 +00.03820E+00  0008 008040 1 00045076 00045076 000 381 43064.2053315741
25.11.2017 04:55:40 +00.03820E+00  0027 008040 1 00045077 00045076 000 341 43064.2053355324
25.11.2017 04:55:41 +00.03820E+00  0040 008040 1 00045078 00045076 000 343 43064.2053395139
25.11.2017 04:55:41 +00.03820E+00  0056 008040 1 00045079 00045076 000 343 43064.2053434838
25.11.2017 04:55:42 +00.03820E+00  0069 008040 1 00045080 00045076 000 377 43064.2053478472
25.11.2017 04:55:42 +00.03820E+00  0088 008040 1 00045081 00045076 000 340 43064.2053517824
25.11.2017 04:55:42 +00.03820E+00  0105 008040 1 00045082 00045076 000 343 43064.2053557523
25.11.2017 04:55:43 +00.03820E+00  0122 008040 1 00045083 00045076 000 342 43064.2053597222
25.11.2017 04:55:43 +00.03820E+00  0132 008040 1 00045084 00045076 000 378 43064.2053641088
25.11.2017 04:55:43 +00.03820E+00  0153 008040 1 00045085 00045076 000 344 43064.2053681019
25.11.2017 04:55:44 +00.03820E+00  0165 008040 1 00045086 00045076 000 342 43064.2053720718
25.11.2017 04:55:44 +00.03820E+00  0181 008040 1 00045087 00045076 000 342 43064.2053760417
25.11.2017 04:55:44 +00.03820E+00  0198 008040 1 00045088 00045076 000 372 43064.2053803588
25.11.2017 04:55:45 +00.03820E+00  0214 008040 1 00045089 00045076 000 344 43064.2053843519
25.11.2017 04:55:45 +00.03820E+00  0228 008040 1 00045090 00045076 000 342 43064.2053883218
25.11.2017 04:55:45 +00.03820E+00  0244 008040 1 00045091 00045076 000 343 43064.2053922917
25.11.2017 04:55:46 +00.03820E+00  0260 008040 1 00045092 00045076 000 374 43064.2053966319
25.11.2017 04:55:46 +00.03820E+00  0274 008040 1 00045093 00045076 000 342 43064.2054006019
25.11.2017 04:55:46 +00.03820E+00  0290 008040 1 00045094 00045076 000 343 43064.2054045718
25.11.2017 04:55:47 +00.03820E+00  0306 008040 1 00045095 00045076 000 343 43064.2054085417
25.11.2017 04:55:47 +00.03820E+00  0314 008040 1 00045096 00045076 000 376 43064.2054128935
25.11.2017 04:55:48 +00.03820E+00  0328 008040 1 00045097 00045076 000 342 43064.2054168519
25.11.2017 04:55:48 +00.03820E+00  0344 008040 1 00045098 00045076 000 343 43064.2054208218
25.11.2017 04:55:48 +00.03820E+00  0353 008040 1 00045099 00045076 000 343 43064.2054247917
25.11.2017 04:55:49 +00.03820E+00  0364 008040 1 00045100 00045076 000 377 43064.2054291551
25.11.2017 04:55:49 +00.03820E+00  0381 008040 1 00045101 00045076 000 341 43064.2054331019
25.11.2017 04:55:49 +00.03820E+00  0393 008040 1 00045102 00045076 000 343 43064.2054370718
25.11.2017 04:55:50 +00.03820E+00  0403 008040 1 00045103 00045076 000 343 43064.2054410417
25.11.2017 04:55:50 +00.03820E+00  0416 008040 1 00045104 00045076 000 378 43064.2054454167
25.11.2017 04:55:50 +00.03820E+00  0429 008040 1 00045105 00045076 000 340 43064.2054493519
25.11.2017 04:55:51 +00.03820E+00  0447 008040 1 00045106 00045076 000 342 43064.2054533102
25.11.2017 04:55:51 +00.03820E+00  0456 008040 1 00045107 00045076 000 342 43064.2054572801
25.11.2017 04:55:51 +00.03820E+00  0477 008040 1 00045108 00045076 000 379 43064.2054616782
25.11.2017 04:55:52 +00.03820E+00  0496 008040 1 00045109 00045076 000 343 43064.2054656597
25.11.2017 04:55:52 +00.03820E+00  0512 008040 1 00045110 00045076 000 342 43064.2054696296
25.11.2017 04:55:52 +00.03820E+00  0522 008040 1 00045111 00045076 000 343 43064.2054736111
25.11.2017 04:55:53 +00.03820E+00  0539 008040 1 00045112 00045076 000 374 43064.2054779398
25.11.2017 04:55:53 +00.03820E+00  0551 008040 1 00045113 00045076 000 343 43064.2054819097
25.11.2017 04:55:53 +00.03820E+00  0562 008040 1 00045114 00045076 000 343 43064.2054858796
25.11.2017 04:55:54 +00.03820E+00  0574 008040 1 00045115 00045076 000 343 43064.2054898495
25.11.2017 04:55:54 +00.03820E+00  0589 008040 1 00045116 00045076 000 375 43064.2054942014
25.11.2017 04:55:55 +00.03820E+00  0602 008040 1 00045117 00045076 000 341 43064.2054981597
25.11.2017 04:55:55 +00.03820E+00  0616 008040 1 00045118 00045076 000 343 43064.2055021296
25.11.2017 04:55:55 +00.03820E+00  0630 008040 1 00045119 00045076 000 343 43064.2055060995
25.11.2017 04:55:56 +00.03820E+00  0649 008040 1 00045120 00045076 000 377 43064.205510463
25.11.2017 04:55:56 +00.03820E+00  0662 008040 1 00045121 00045076 000 341 43064.2055144097
25.11.2017 04:55:56 +00.03820E+00  0672 008040 1 00045122 00045076 000 343 43064.2055183796
25.11.2017 04:55:57 +00.03820E+00  0682 008040 1 00045123 00045076 000 343 43064.2055223495
25.11.2017 04:55:57 +00.03820E+00  0693 008040 1 00045124 00045076 000 378 43064.2055267245
25.11.2017 04:55:57 +00.03820E+00  0713 008040 1 00045125 00045076 000 341 43064.2055306713
25.11.2017 04:55:58 +00.03820E+00  0723 008040 1 00045126 00045076 000 342 43064.2055346296
25.11.2017 04:55:58 +00.03820E+00  0735 008040 1 00045127 00045076 000 343 43064.2055385995
25.11.2017 04:55:58 +00.03820E+00  0750 008040 1 00045128 00045076 000 379 43064.2055429861
25.11.2017 04:55:59 +00.03820E+00  0773 008040 1 00045129 00045076 000 345 43064.2055469792
25.11.2017 04:55:59 +00.03820E+00  0785 008040 1 00045130 00045076 000 343 43064.2055509491
25.11.2017 04:55:59 +00.03820E+00  0798 008040 1 00045131 00045076 000 343 43064.205554919
25.11.2017 04:56:00 +00.03820E+00  0813 008040 1 00045132 00045076 000 374 43064.2055592477
25.11.2017 04:56:00 +00.03820E+00  0828 008040 1 00045133 00045076 000 343 43064.2055632176
25.11.2017 04:56:01 +00.03820E+00  0840 008040 1 00045134 00045076 000 342 43064.2055671875
25.11.2017 04:56:01 +00.03820E+00  0862 008040 1 00045135 00045076 000 342 43064.2055711574
25.11.2017 04:56:01 +00.03820E+00  0872 008040 1 00045136 00045076 000 376 43064.2055755208
25.11.2017 04:56:02 +00.03820E+00  0893 008040 1 00045137 00045076 000 341 43064.2055794676
25.11.2017 04:56:02 +00.03820E+00  0919 008040 1 00045138 00045076 000 342 43064.2055834375
25.11.2017 04:56:02 +00.03820E+00  0930 008040 1 00045139 00045076 000 342 43064.2055874074
25.11.2017 04:56:03 +00.03820E+00  0947 008040 1 00045140 00045076 000 376 43064.2055917708
25.11.2017 04:56:03 +00.03820E+00  0961 008040 1 00045141 00045076 000 341 43064.2055957176
25.11.2017 04:56:03 +00.03820E+00  0973 008040 1 00045142 00045076 000 343 43064.2055996875
25.11.2017 04:56:04 +00.03820E+00  0988 008040 1 00045143 00045076 000 343 43064.2056036574
25.11.2017 04:56:04 +00.03820E+00  1001 008040 1 00045144 00045076 000 377 43064.2056080324
25.11.2017 04:56:04 +00.03820E+00  1013 008040 1 00045145 00045076 000 340 43064.2056119676
25.11.2017 04:56:05 +00.03820E+00  1028 008040 1 00045146 00045076 000 342 43064.2056159375
25.11.2017 04:56:05 +00.03820E+00  1043 008040 1 00045147 00045076 000 343 43064.2056199074
25.11.2017 04:56:05 +00.03820E+00  1056 008040 1 00045148 00045076 000 379 43064.205624294
25.11.2017 04:56:06 +00.03820E+00  1070 008040 1 00045149 00045076 000 340 43064.2056282292
25.11.2017 04:56:06 +00.03820E+00  1081 008040 1 00045150 00045076 000 341 43064.2056321875
25.11.2017 04:56:06 +00.03820E+00  1099 008040 1 00045151 00045076 000 343 43064.2056361574
25.11.2017 04:56:07 +00.03820E+00  1109 008040 1 00045152 00045076 000 380 43064.2056405556
25.11.2017 04:56:07 +00.03820E+00  1129 008040 1 00045153 00045076 000 344 43064.205644537
25.11.2017 04:56:08 +00.03820E+00  1141 008040 1 00045154 00045076 000 343 43064.2056485069
25.11.2017 04:56:08 +00.03820E+00  1157 008040 1 00045155 00045076 000 343 43064.2056524768
25.11.2017 04:56:08 +00.03820E+00  1172 008040 1 00045156 00045076 000 375 43064.2056568171
25.11.2017 04:56:09 +00.03820E+00  1186 008040 1 00045157 00045076 000 343 43064.205660787
25.11.2017 04:56:09 +00.03820E+00  1201 008040 1 00045158 00045076 000 343 43064.2056647569
25.11.2017 04:56:09 +00.03820E+00  1216 008040 1 00045159 00045076 000 343 43064.2056687268
25.11.2017 04:56:10 +00.03820E+00  1241 008040 1 00045160 00045076 000 376 43064.2056730787
25.11.2017 04:56:10 +00.03820E+00  1258 008040 1 00045161 00045076 000 341 43064.2056770255
25.11.2017 04:56:15 +00.03840E+00  0015 008081 1 00045162 00045162 000 379 43064.2057381366
25.11.2017 04:56:16 +00.03839E+00  0026 008081 1 00045163 00045162 000 344 43064.2057421181
25.11.2017 04:56:16 +00.03840E+00  0036 008081 1 00045164 00045162 000 342 43064.205746088
25.11.2017 04:56:16 +00.03840E+00  0056 008081 1 00045165 00045162 000 344 43064.2057500694
25.11.2017 04:56:17 +00.03839E+00  0070 008081 1 00045166 00045162 000 373 43064.2057543866
25.11.2017 04:56:17 +00.03839E+00  0079 008081 1 00045167 00045162 000 343 43064.2057583681
25.11.2017 04:56:17 +00.03839E+00  0091 008081 1 00045168 00045162 000 342 43064.205762338
25.11.2017 04:56:18 +00.03840E+00  0103 008081 1 00045169 00045162 000 343 43064.2057663079
25.11.2017 04:56:18 +00.03839E+00  0116 008081 1 00045170 00045162 000 374 43064.2057706482
25.11.2017 04:56:18 +00.03839E+00  0135 008081 1 00045171 00045162 000 342 43064.2057746181
25.11.2017 04:56:19 +00.03839E+00  0143 008081 1 00045172 00045162 000 343 43064.205778588
25.11.2017 04:56:19 +00.03839E+00  0157 008081 1 00045173 00045162 000 343 43064.2057825579
25.11.2017 04:56:19 +00.03839E+00  0175 008081 1 00045174 00045162 000 377 43064.2057869213
25.11.2017 04:56:20 +00.03839E+00  0188 008081 1 00045175 00045162 000 341 43064.2057908681
25.11.2017 04:56:20 +00.03839E+00  0202 008081 1 00045176 00045162 000 343 43064.205794838
25.11.2017 04:56:21 +00.03839E+00  0208 008083 1 00045177 00045162 000 343 43064.2057988079
25.11.2017 04:56:21 +00.03840E+00  0222 008083 1 00045178 00045162 000 377 43064.2058031713
25.11.2017 04:56:21 +00.03840E+00  0241 008083 1 00045179 00045162 000 340 43064.2058071065
25.11.2017 04:56:22 +00.03840E+00  0252 008083 1 00045180 00045162 000 343 43064.205811088
25.11.2017 04:56:22 +00.03840E+00  0266 008083 1 00045181 00045162 000 343 43064.2058150579
25.11.2017 04:56:22 +00.03840E+00  0287 008083 1 00045182 00045162 000 378 43064.2058194329
25.11.2017 04:56:23 +00.03840E+00  0306 008083 1 00045183 00045162 000 345 43064.2058234375
25.11.2017 04:56:23 +00.03840E+00  0324 008083 1 00045184 00045162 000 343 43064.2058274074
25.11.2017 04:56:23 +00.03840E+00  0334 008083 1 00045185 00045162 000 343 43064.2058313773
25.11.2017 04:56:24 +00.03840E+00  0354 008083 1 00045186 00045162 000 374 43064.205835706
25.11.2017 04:56:24 +00.03840E+00  0364 008083 1 00045187 00045162 000 343 43064.2058396759
25.11.2017 04:56:24 +00.03840E+00  0377 008083 1 00045188 00045162 000 343 43064.2058436574
25.11.2017 04:56:25 +00.03840E+00  0388 008083 1 00045189 00045162 000 343 43064.2058476273
25.11.2017 04:56:25 +00.03840E+00  0400 008083 1 00045190 00045162 000 375 43064.2058519676
25.11.2017 04:56:25 +00.03840E+00  0416 008083 1 00045191 00045162 000 342 43064.2058559259
25.11.2017 04:56:26 +00.03840E+00  0431 008083 1 00045192 00045162 000 343 43064.2058598958
25.11.2017 04:56:26 +00.03840E+00  0447 008083 1 00045193 00045162 000 343 43064.2058638657
25.11.2017 04:56:27 +00.03840E+00  0458 008083 1 00045194 00045162 000 375 43064.2058682176
25.11.2017 04:56:27 +00.03840E+00  0479 008083 1 00045195 00045162 000 341 43064.2058721759
25.11.2017 04:56:27 +00.03840E+00  0496 008083 1 00045196 00045162 000 343 43064.2058761458
25.11.2017 04:56:28 +00.03841E+00  0512 008083 1 00045197 00045162 000 343 43064.2058801157
25.11.2017 04:56:28 +00.03840E+00  0529 008083 1 00045198 00045162 000 379 43064.2058845023
25.11.2017 04:56:28 +00.03840E+00  0542 008083 1 00045199 00045162 000 340 43064.2058884375
25.11.2017 04:56:29 +00.03840E+00  0557 008083 1 00045200 00045162 000 341 43064.2058923958
25.11.2017 04:56:29 +00.03840E+00  0575 008083 1 00045201 00045162 000 343 43064.2058963657
25.11.2017 04:56:29 +00.03841E+00  0592 008083 1 00045202 00045162 000 379 43064.2059007523
25.11.2017 04:56:30 +00.03840E+00  0606 008083 1 00045203 00045162 000 345 43064.2059047454
25.11.2017 04:56:30 +00.03840E+00  0618 008083 1 00045204 00045162 000 343 43064.2059087153
25.11.2017 04:56:30 +00.03840E+00  0635 008083 1 00045205 00045162 000 343 43064.2059126852
25.11.2017 04:56:31 +00.03841E+00  0654 008083 1 00045206 00045162 000 374 43064.2059170139
25.11.2017 04:56:31 +00.03840E+00  0670 008081 1 00045207 00045162 000 344 43064.2059209954
25.11.2017 04:56:31 +00.03840E+00  0689 008081 1 00045208 00045162 000 343 43064.2059249653
25.11.2017 04:56:32 +00.03840E+00  0698 008081 1 00045209 00045162 000 343 43064.2059289352
25.11.2017 04:56:32 +00.03839E+00  0712 008081 1 00045210 00045162 000 375 43064.2059332755
25.11.2017 04:56:32 +00.03839E+00  0727 008081 1 00045211 00045162 000 342 43064.2059372338
25.11.2017 04:56:33 +00.03840E+00  0739 008081 1 00045212 00045162 000 343 43064.2059412153
25.11.2017 04:56:33 +00.03839E+00  0754 008081 1 00045213 00045162 000 343 43064.2059451852
25.11.2017 04:56:34 +00.03839E+00  0773 008081 1 00045214 00045162 000 376 43064.205949537
25.11.2017 04:56:34 +00.03839E+00  0795 008081 1 00045215 00045162 000 341 43064.2059534838
25.11.2017 04:56:34 +00.03839E+00  0807 008081 1 00045216 00045162 000 342 43064.2059574537
25.11.2017 04:56:35 +00.03839E+00  0819 008081 1 00045217 00045162 000 343 43064.2059614236
25.11.2017 04:56:35 +00.03839E+00  0837 008081 1 00045218 00045162 000 376 43064.205965787
25.11.2017 04:56:35 +00.03839E+00  0859 008081 1 00045219 00045162 000 340 43064.2059697338
25.11.2017 04:56:36 +00.03839E+00  0880 008081 1 00045220 00045162 000 343 43064.2059737037
25.11.2017 04:56:36 +00.03839E+00  0895 008081 1 00045221 00045162 000 343 43064.2059776736
25.11.2017 04:56:36 +00.03839E+00  0923 008083 1 00045222 00045162 000 379 43064.2059820602
25.11.2017 04:56:37 +00.03840E+00  0932 008083 1 00045223 00045162 000 340 43064.2059859954
25.11.2017 04:56:37 +00.03840E+00  0955 008083 1 00045224 00045162 000 341 43064.2059899537
25.11.2017 04:56:37 +00.03840E+00  0967 008083 1 00045225 00045162 000 343 43064.2059939236
25.11.2017 04:56:38 +00.03840E+00  0977 008083 1 00045226 00045162 000 380 43064.2059983218
25.11.2017 04:56:38 +00.03840E+00  0988 008083 1 00045227 00045162 000 344 43064.2060023032
25.11.2017 04:56:38 +00.03840E+00  1000 008083 1 00045228 00045162 000 343 43064.2060062731
25.11.2017 04:56:39 +00.03840E+00  1018 008083 1 00045229 00045162 000 343 43064.2060102431
25.11.2017 04:56:39 +00.03840E+00  1034 008083 1 00045230 00045162 000 375 43064.2060145833
25.11.2017 04:56:40 +00.03840E+00  1046 008083 1 00045231 00045162 000 343 43064.2060185532
25.11.2017 04:56:40 +00.03840E+00  1064 008083 1 00045232 00045162 000 343 43064.2060225231
25.11.2017 04:56:40 +00.03841E+00  1078 008083 1 00045233 00045162 000 343 43064.2060264931
25.11.2017 04:56:41 +00.03840E+00  1094 008083 1 00045234 00045162 000 376 43064.2060308449
25.11.2017 04:56:41 +00.03840E+00  1109 008083 1 00045235 00045162 000 341 43064.2060347917
25.11.2017 04:56:41 +00.03840E+00  1122 008083 1 00045236 00045162 000 343 43064.2060387731
25.11.2017 04:56:42 +00.03840E+00  1132 008083 1 00045237 00045162 000 343 43064.2060427431
25.11.2017 04:56:42 +00.03840E+00  1147 008083 1 00045238 00045162 000 376 43064.2060470949
25.11.2017 04:56:42 +00.03840E+00  1164 008083 1 00045239 00045162 000 340 43064.2060510417
25.11.2017 04:56:43 +00.03840E+00  1177 008083 1 00045240 00045162 000 342 43064.2060550116
25.11.2017 04:56:43 +00.03840E+00  1193 008083 1 00045241 00045162 000 343 43064.2060589815
25.11.2017 04:56:43 +00.03840E+00  1215 008083 1 00045242 00045162 000 378 43064.2060633565
25.11.2017 04:56:44 +00.03840E+00  1240 008083 1 00045243 00045162 000 340 43064.2060673032
25.11.2017 04:56:44 +00.03840E+00  1249 008083 1 00045244 00045162 000 342 43064.2060712616
25.11.2017 04:56:44 +00.03840E+00  1263 008083 1 00045245 00045162 000 343 43064.2060752315
25.11.2017 04:56:45 +00.03840E+00  1279 008083 1 00045246 00045162 000 379 43064.2060796296
25.11.2017 04:56:45 +00.03840E+00  1302 008083 1 00045247 00045162 000 343 43064.2060836111
25.11.2017 04:56:45 +00.03840E+00  1319 008083 1 00045248 00045162 000 342 43064.206087581
25.11.2017 04:56:51 +00.03860E+00  0016 008124 1 00045249 00045249 000 343 43064.2061521065
25.11.2017 04:56:51 +00.03860E+00  0030 008124 1 00045250 00045249 000 343 43064.2061560764
25.11.2017 04:56:52 +00.03860E+00  0046 008124 1 00045251 00045249 000 420 43064.2061609375
25.11.2017 04:56:52 +00.03860E+00  0068 008124 1 00045252 00045249 000 342 43064.2061648958
25.11.2017 04:56:52 +00.03860E+00  0079 008124 1 00045253 00045249 000 343 43064.2061688657
25.11.2017 04:56:53 +00.03860E+00  0090 008124 1 00045254 00045249 000 343 43064.2061728356
25.11.2017 04:56:53 +00.03860E+00  0099 008124 1 00045255 00045249 000 377 43064.2061771991
25.11.2017 04:56:54 +00.03860E+00  0120 008124 1 00045256 00045249 000 341 43064.2061811458
25.11.2017 04:56:54 +00.03860E+00  0132 008124 1 00045257 00045249 000 343 43064.2061851157
25.11.2017 04:56:54 +00.03860E+00  0145 008124 1 00045258 00045249 000 343 43064.2061890856
25.11.2017 04:56:55 +00.03860E+00  0160 008124 1 00045259 00045249 000 378 43064.2061934606
25.11.2017 04:56:55 +00.03860E+00  0168 008124 1 00045260 00045249 000 340 43064.2061973958
25.11.2017 04:56:55 +00.03860E+00  0192 008124 1 00045261 00045249 000 342 43064.2062013542
25.11.2017 04:56:56 +00.03860E+00  0204 008124 1 00045262 00045249 000 342 43064.2062053241
25.11.2017 04:56:56 +00.03860E+00  0220 008124 1 00045263 00045249 000 379 43064.2062097222
25.11.2017 04:56:56 +00.03860E+00  0229 008124 1 00045264 00045249 000 345 43064.2062137153
25.11.2017 04:56:57 +00.03860E+00  0237 008124 1 00045265 00045249 000 343 43064.2062176852
25.11.2017 04:56:57 +00.03860E+00  0246 008124 1 00045266 00045249 000 343 43064.2062216551
25.11.2017 04:56:57 +00.03860E+00  0262 008124 1 00045267 00045249 000 374 43064.2062259838
25.11.2017 04:56:58 +00.03860E+00  0275 008124 1 00045268 00045249 000 343 43064.2062299537
25.11.2017 04:56:58 +00.03860E+00  0291 008124 1 00045269 00045249 000 342 43064.2062339236
25.11.2017 04:56:58 +00.03859E+00  0307 008124 1 00045270 00045249 000 343 43064.2062378935
25.11.2017 04:56:59 +00.03860E+00  0320 008124 1 00045271 00045249 000 375 43064.2062422454
25.11.2017 04:56:59 +00.03860E+00  0332 008124 1 00045272 00045249 000 341 43064.2062462037
25.11.2017 04:57:00 +00.03860E+00  0348 008124 1 00045273 00045249 000 343 43064.2062501736
25.11.2017 04:57:00 +00.03860E+00  0361 008124 1 00045274 00045249 000 343 43064.2062541435
25.11.2017 04:57:00 +00.03860E+00  0370 008124 1 00045275 00045249 000 376 43064.2062585069
25.11.2017 04:57:01 +00.03860E+00  0392 008124 1 00045276 00045249 000 341 43064.2062624537
25.11.2017 04:57:01 +00.03860E+00  0404 008124 1 00045277 00045249 000 343 43064.2062664236
25.11.2017 04:57:01 +00.03860E+00  0416 008124 1 00045278 00045249 000 343 43064.2062703935
25.11.2017 04:57:02 +00.03860E+00  0432 008124 1 00045279 00045249 000 378 43064.2062747685
25.11.2017 04:57:02 +00.03860E+00  0449 008124 1 00045280 00045249 000 340 43064.2062787037
25.11.2017 04:57:02 +00.03860E+00  0471 008124 1 00045281 00045249 000 343 43064.2062826736
25.11.2017 04:57:03 +00.03860E+00  0482 008124 1 00045282 00045249 000 343 43064.2062866435
25.11.2017 04:57:03 +00.03860E+00  0498 008124 1 00045283 00045249 000 379 43064.2062910301
25.11.2017 04:57:03 +00.03860E+00  0516 008124 1 00045284 00045249 000 345 43064.2062950231
25.11.2017 04:57:04 +00.03860E+00  0524 008124 1 00045285 00045249 000 343 43064.2062989931
25.11.2017 04:57:04 +00.03860E+00  0540 008124 1 00045286 00045249 000 343 43064.206302963
25.11.2017 04:57:04 +00.03860E+00  0558 008124 1 00045287 00045249 000 374 43064.2063072917
25.11.2017 04:57:05 +00.03860E+00  0576 008124 1 00045288 00045249 000 344 43064.2063112731
25.11.2017 04:57:05 +00.03860E+00  0591 008124 1 00045289 00045249 000 343 43064.2063152431
25.11.2017 04:57:05 +00.03860E+00  0604 008124 1 00045290 00045249 000 343 43064.206319213
25.11.2017 04:57:06 +00.03860E+00  0619 008124 1 00045291 00045249 000 375 43064.2063235532
25.11.2017 04:57:06 +00.03860E+00  0630 008124 1 00045292 00045249 000 343 43064.2063275231
25.11.2017 04:57:07 +00.03860E+00  0642 008124 1 00045293 00045249 000 342 43064.2063314815
25.11.2017 04:57:07 +00.03860E+00  0663 008124 1 00045294 00045249 000 342 43064.2063354514
25.11.2017 04:57:07 +00.03860E+00  0672 008124 1 00045295 00045249 000 377 43064.2063398264
25.11.2017 04:57:08 +00.03860E+00  0691 008124 1 00045296 00045249 000 341 43064.2063437731
25.11.2017 04:57:08 +00.03860E+00  0708 008124 1 00045297 00045249 000 342 43064.2063477315
25.11.2017 04:57:08 +00.03860E+00  0722 008124 1 00045298 00045249 000 342 43064.2063517014
25.11.2017 04:57:09 +00.03860E+00  0732 008124 1 00045299 00045249 000 377 43064.2063560764
25.11.2017 04:57:09 +00.03860E+00  0744 008124 1 00045300 00045249 000 340 43064.2063600116
25.11.2017 04:57:09 +00.03860E+00  0764 008124 1 00045301 00045249 000 342 43064.2063639815
25.11.2017 04:57:10 +00.03860E+00  0775 008124 1 00045302 00045249 000 343 43064.2063679514
25.11.2017 04:57:10 +00.03860E+00  0786 008124 1 00045303 00045249 000 379 43064.206372338
25.11.2017 04:57:10 +00.03860E+00  0802 008124 1 00045304 00045249 000 345 43064.206376331
25.11.2017 04:57:11 +00.03860E+00  0822 008124 1 00045305 00045249 000 343 43064.2063803009
25.11.2017 04:57:11 +00.03860E+00  0840 008124 1 00045306 00045249 000 343 43064.2063842708
25.11.2017 04:57:11 +00.03860E+00  0860 008124 1 00045307 00045249 000 374 43064.2063885995
25.11.2017 04:57:12 +00.03860E+00  0871 008124 1 00045308 00045249 000 343 43064.206392581
25.11.2017 04:57:12 +00.03860E+00  0890 008124 1 00045309 00045249 000 343 43064.2063965509
25.11.2017 04:57:13 +00.03860E+00  0907 008124 1 00045310 00045249 000 343 43064.2064005208
25.11.2017 04:57:13 +00.03860E+00  0919 008124 1 00045311 00045249 000 375 43064.2064048611
25.11.2017 04:57:13 +00.03860E+00  0934 008124 1 00045312 00045249 000 343 43064.206408831
25.11.2017 04:57:14 +00.03860E+00  0954 008124 1 00045313 00045249 000 343 43064.2064128009
25.11.2017 04:57:14 +00.03860E+00  0964 008124 1 00045314 00045249 000 343 43064.2064167708
25.11.2017 04:57:14 +00.03860E+00  0973 008124 1 00045315 00045249 000 376 43064.2064211227
25.11.2017 04:57:15 +00.03860E+00  0987 008124 1 00045316 00045249 000 341 43064.2064250694
25.11.2017 04:57:15 +00.03860E+00  1003 008124 1 00045317 00045249 000 342 43064.2064290394
25.11.2017 04:57:15 +00.03860E+00  1018 008124 1 00045318 00045249 000 343 43064.2064330208
25.11.2017 04:57:16 +00.03860E+00  1036 008124 1 00045319 00045249 000 377 43064.2064373843
25.11.2017 04:57:16 +00.03860E+00  1055 008124 1 00045320 00045249 000 340 43064.206441331
25.11.2017 04:57:16 +00.03860E+00  1076 008124 1 00045321 00045249 000 342 43064.2064452894
25.11.2017 04:57:17 +00.03860E+00  1089 008124 1 00045322 00045249 000 342 43064.2064492593
25.11.2017 04:57:17 +00.03860E+00  1108 008124 1 00045323 00045249 000 378 43064.2064536458
25.11.2017 04:57:17 +00.03860E+00  1132 008124 1 00045324 00045249 000 341 43064.2064575926
25.11.2017 04:57:18 +00.03860E+00  1153 008124 1 00045325 00045249 000 341 43064.2064615394
25.11.2017 04:57:18 +00.03860E+00  1168 008124 1 00045326 00045249 000 343 43064.2064655093
25.11.2017 04:57:19 +00.03860E+00  1186 008124 1 00045327 00045249 000 380 43064.2064699074
25.11.2017 04:57:19 +00.03860E+00  1203 008124 1 00045328 00045249 000 343 43064.2064738889
25.11.2017 04:57:19 +00.03860E+00  1216 008124 1 00045329 00045249 000 342 43064.2064778588
25.11.2017 04:57:20 +00.03860E+00  1229 008124 1 00045330 00045249 000 343 43064.2064818287
25.11.2017 04:57:20 +00.03860E+00  1241 008124 1 00045331 00045249 000 375 43064.206486169
25.11.2017 04:57:20 +00.03860E+00  1262 008124 1 00045332 00045249 000 342 43064.2064901389
25.11.2017 04:57:21 +00.03860E+00  1280 008124 1 00045333 00045249 000 343 43064.2064941088
25.11.2017 04:57:21 +00.03860E+00  1297 008124 1 00045334 00045249 000 343 43064.2064980787
25.11.2017 04:57:27 +00.03879E+00  0020 008165 1 00045335 00045335 000 343 43064.2065628241
25.11.2017 04:57:27 +00.03879E+00  0029 008165 1 00045336 00045335 000 403 43064.2065674884
25.11.2017 04:57:27 +00.03879E+00  0041 008165 1 00045337 00045335 000 340 43064.2065714236
25.11.2017 04:57:28 +00.03879E+00  0056 008165 1 00045338 00045335 000 342 43064.2065753935
25.11.2017 04:57:28 +00.03879E+00  0066 008165 1 00045339 00045335 000 343 43064.2065793634
25.11.2017 04:57:28 +00.03879E+00  0076 008165 1 00045340 00045335 000 379 43064.20658375
25.11.2017 04:57:29 +00.03879E+00  0094 008165 1 00045341 00045335 000 345 43064.2065877431
25.11.2017 04:57:29 +00.03879E+00  0111 008165 1 00045342 00045335 000 343 43064.206591713
25.11.2017 04:57:29 +00.03880E+00  0128 008165 1 00045343 00045335 000 343 43064.2065956829
25.11.2017 04:57:30 +00.03879E+00  0140 008165 1 00045344 00045335 000 373 43064.2066
25.11.2017 04:57:30 +00.03880E+00  0156 008165 1 00045345 00045335 000 344 43064.2066039931
25.11.2017 04:57:30 +00.03879E+00  0174 008165 1 00045346 00045335 000 343 43064.206607963
25.11.2017 04:57:31 +00.03879E+00  0192 008165 1 00045347 00045335 000 343 43064.2066119329
25.11.2017 04:57:31 +00.03879E+00  0207 008165 1 00045348 00045335 000 375 43064.2066162731
25.11.2017 04:57:31 +00.03879E+00  0232 008167 1 00045349 00045335 000 342 43064.2066202315
25.11.2017 04:57:32 +00.03880E+00  0243 008167 1 00045350 00045335 000 342 43064.2066242014
25.11.2017 04:57:32 +00.03880E+00  0261 008167 1 00045351 00045335 000 342 43064.2066281713
25.11.2017 04:57:33 +00.03880E+00  0281 008167 1 00045352 00045335 000 375 43064.2066325231
25.11.2017 04:57:33 +00.03881E+00  0300 008167 1 00045353 00045335 000 341 43064.2066364815
25.11.2017 04:57:33 +00.03880E+00  0318 008167 1 00045354 00045335 000 344 43064.206640463
25.11.2017 04:57:34 +00.03880E+00  0340 008167 1 00045355 00045335 000 342 43064.2066444213
25.11.2017 04:57:34 +00.03880E+00  0359 008167 1 00045356 00045335 000 377 43064.2066487847
25.11.2017 04:57:34 +00.03880E+00  0372 008167 1 00045357 00045335 000 340 43064.2066527315
25.11.2017 04:57:35 +00.03880E+00  0389 008167 1 00045358 00045335 000 342 43064.2066567014
25.11.2017 04:57:35 +00.03880E+00  0405 008167 1 00045359 00045335 000 343 43064.2066606713
25.11.2017 04:57:35 +00.03880E+00  0413 008167 1 00045360 00045335 000 379 43064.2066650579
25.11.2017 04:57:36 +00.03880E+00  0432 008167 1 00045361 00045335 000 340 43064.2066689931
25.11.2017 04:57:36 +00.03881E+00  0443 008167 1 00045362 00045335 000 342 43064.2066729514
25.11.2017 04:57:36 +00.03880E+00  0458 008167 1 00045363 00045335 000 343 43064.2066769213
25.11.2017 04:57:37 +00.03880E+00  0470 008167 1 00045364 00045335 000 380 43064.2066813194
25.11.2017 04:57:37 +00.03880E+00  0482 008167 1 00045365 00045335 000 344 43064.2066853009
25.11.2017 04:57:37 +00.03880E+00  0496 008167 1 00045366 00045335 000 343 43064.2066892708
25.11.2017 04:57:38 +00.03880E+00  0518 008167 1 00045367 00045335 000 342 43064.2066932292
25.11.2017 04:57:38 +00.03880E+00  0539 008167 1 00045368 00045335 000 376 43064.206697581
25.11.2017 04:57:39 +00.03881E+00  0553 008167 1 00045369 00045335 000 343 43064.2067015509
25.11.2017 04:57:39 +00.03880E+00  0569 008167 1 00045370 00045335 000 343 43064.2067055208
25.11.2017 04:57:39 +00.03881E+00  0585 008167 1 00045371 00045335 000 343 43064.2067094907
25.11.2017 04:57:40 +00.03880E+00  0601 008167 1 00045372 00045335 000 376 43064.2067138426
25.11.2017 04:57:40 +00.03881E+00  0617 008167 1 00045373 00045335 000 342 43064.2067178009
25.11.2017 04:57:40 +00.03880E+00  0628 008167 1 00045374 00045335 000 342 43064.2067217593
25.11.2017 04:57:41 +00.03880E+00  0637 008167 1 00045375 00045335 000 342 43064.2067257292
25.11.2017 04:57:41 +00.03881E+00  0653 008167 1 00045376 00045335 000 377 43064.2067301042
25.11.2017 04:57:41 +00.03880E+00  0667 008167 1 00045377 00045335 000 340 43064.2067340394
25.11.2017 04:57:42 +00.03881E+00  0683 008167 1 00045378 00045335 000 342 43064.2067380093
25.11.2017 04:57:42 +00.03880E+00  0698 008165 1 00045379 00045335 000 342 43064.2067419792
25.11.2017 04:57:42 +00.03880E+00  0719 008165 1 00045380 00045335 000 378 43064.2067463542
25.11.2017 04:57:43 +00.03880E+00  0739 008165 1 00045381 00045335 000 340 43064.2067503009
25.11.2017 04:57:43 +00.03879E+00  0752 008165 1 00045382 00045335 000 341 43064.2067542593
25.11.2017 04:57:43 +00.03880E+00  0765 008165 1 00045383 00045335 000 343 43064.2067582292
25.11.2017 04:57:44 +00.03879E+00  0788 008165 1 00045384 00045335 000 380 43064.2067626273
25.11.2017 04:57:44 +00.03879E+00  0806 008165 1 00045385 00045335 000 344 43064.2067666088
25.11.2017 04:57:44 +00.03879E+00  0819 008165 1 00045386 00045335 000 343 43064.2067705787
25.11.2017 04:57:45 +00.03879E+00  0836 008165 1 00045387 00045335 000 342 43064.2067745486
25.11.2017 04:57:45 +00.03879E+00  0854 008165 1 00045388 00045335 000 374 43064.2067788889
25.11.2017 04:57:46 +00.03880E+00  0865 008165 1 00045389 00045335 000 342 43064.2067828588
25.11.2017 04:57:46 +00.03879E+00  0880 008165 1 00045390 00045335 000 343 43064.2067868287
25.11.2017 04:57:46 +00.03879E+00  0894 008165 1 00045391 00045335 000 343 43064.2067907986
25.11.2017 04:57:47 +00.03879E+00  0904 008165 1 00045392 00045335 000 376 43064.2067951505
25.11.2017 04:57:47 +00.03879E+00  0917 008165 1 00045393 00045335 000 342 43064.2067991088
25.11.2017 04:57:47 +00.03879E+00  0932 008167 1 00045394 00045335 000 343 43064.2068030787
25.11.2017 04:57:48 +00.03880E+00  0946 008167 1 00045395 00045335 000 343 43064.2068070486
25.11.2017 04:57:48 +00.03880E+00  0964 008167 1 00045396 00045335 000 377 43064.206811412
25.11.2017 04:57:48 +00.03880E+00  0976 008167 1 00045397 00045335 000 341 43064.2068153588
25.11.2017 04:57:49 +00.03880E+00  0985 008167 1 00045398 00045335 000 342 43064.2068193171
25.11.2017 04:57:49 +00.03880E+00  1001 008167 1 00045399 00045335 000 342 43064.206823287
25.11.2017 04:57:49 +00.03880E+00  1012 008167 1 00045400 00045335 000 378 43064.2068276736
25.11.2017 04:57:50 +00.03880E+00  1035 008167 1 00045401 00045335 000 340 43064.2068316088
25.11.2017 04:57:50 +00.03880E+00  1046 008167 1 00045402 00045335 000 341 43064.2068355671
25.11.2017 04:57:50 +00.03880E+00  1062 008167 1 00045403 00045335 000 342 43064.206839537
25.11.2017 04:57:51 +00.03880E+00  1078 008167 1 00045404 00045335 000 379 43064.2068439236
25.11.2017 04:57:51 +00.03880E+00  1095 008167 1 00045405 00045335 000 344 43064.2068479167
25.11.2017 04:57:52 +00.03880E+00  1116 008167 1 00045406 00045335 000 342 43064.2068518866
25.11.2017 04:57:52 +00.03880E+00  1129 008167 1 00045407 00045335 000 342 43064.2068558565
25.11.2017 04:57:52 +00.03880E+00  1138 008167 1 00045408 00045335 000 373 43064.2068601852
25.11.2017 04:57:53 +00.03880E+00  1147 008167 1 00045409 00045335 000 343 43064.2068641667
25.11.2017 04:57:53 +00.03880E+00  1167 008167 1 00045410 00045335 000 343 43064.2068681366
25.11.2017 04:57:53 +00.03880E+00  1181 008167 1 00045411 00045335 000 344 43064.2068721181
25.11.2017 04:57:54 +00.03880E+00  1195 008167 1 00045412 00045335 000 375 43064.2068764583
25.11.2017 04:57:54 +00.03881E+00  1215 008167 1 00045413 00045335 000 341 43064.2068804167
25.11.2017 04:57:54 +00.03880E+00  1231 008167 1 00045414 00045335 000 343 43064.2068843866
25.11.2017 04:57:55 +00.03880E+00  1243 008167 1 00045415 00045335 000 343 43064.2068883565
25.11.2017 04:57:55 +00.03880E+00  1253 008167 1 00045416 00045335 000 377 43064.2068927199
25.11.2017 04:57:55 +00.03880E+00  1278 008167 1 00045417 00045335 000 341 43064.2068966667
25.11.2017 04:57:56 +00.03881E+00  1292 008167 1 00045418 00045335 000 343 43064.2069006366
25.11.2017 04:57:56 +00.03880E+00  1307 008167 1 00045419 00045335 000 343 43064.2069046065
25.11.2017 04:57:56 +00.03880E+00  1315 008167 1 00045420 00045335 000 378 43064.2069089815
25.11.2017 04:58:02 +00.03899E+00  0016 008206 1 00045421 00045421 000 379 43064.2069740278
25.11.2017 04:58:02 +00.03899E+00  0026 008206 1 00045422 00045421 000 345 43064.2069780208
25.11.2017 04:58:03 +00.03899E+00  0041 008206 1 00045423 00045421 000 343 43064.2069819907
25.11.2017 04:58:03 +00.03899E+00  0056 008206 1 00045424 00045421 000 343 43064.2069859606
25.11.2017 04:58:03 +00.03899E+00  0072 008206 1 00045425 00045421 000 374 43064.2069902893
25.11.2017 04:58:04 +00.03899E+00  0091 008206 1 00045426 00045421 000 344 43064.2069942708
25.11.2017 04:58:04 +00.03899E+00  0110 008206 1 00045427 00045421 000 342 43064.2069982292
25.11.2017 04:58:04 +00.03899E+00  0123 008206 1 00045428 00045421 000 343 43064.2070022106
25.11.2017 04:58:05 +00.03899E+00  0144 008206 1 00045429 00045421 000 375 43064.2070065509
25.11.2017 04:58:05 +00.03899E+00  0160 008206 1 00045430 00045421 000 342 43064.2070105093
25.11.2017 04:58:06 +00.03899E+00  0170 008206 1 00045431 00045421 000 342 43064.2070144792
25.11.2017 04:58:06 +00.03899E+00  0185 008206 1 00045432 00045421 000 343 43064.2070184606
25.11.2017 04:58:06 +00.03899E+00  0200 008206 1 00045433 00045421 000 376 43064.2070228125
25.11.2017 04:58:07 +00.03899E+00  0217 008206 1 00045434 00045421 000 340 43064.2070267593
25.11.2017 04:58:07 +00.03899E+00  0239 008208 1 00045435 00045421 000 342 43064.2070307292
25.11.2017 04:58:07 +00.03899E+00  0254 008208 1 00045436 00045421 000 343 43064.2070346991
25.11.2017 04:58:08 +00.03900E+00  0267 008208 1 00045437 00045421 000 377 43064.2070390741
25.11.2017 04:58:08 +00.03900E+00  0276 008208 1 00045438 00045421 000 340 43064.2070430208
25.11.2017 04:58:08 +00.03900E+00  0286 008208 1 00045439 00045421 000 342 43064.2070469792
25.11.2017 04:58:09 +00.03900E+00  0302 008208 1 00045440 00045421 000 343 43064.2070509491
25.11.2017 04:58:09 +00.03900E+00  0318 008208 1 00045441 00045421 000 379 43064.2070553356
25.11.2017 04:58:09 +00.03900E+00  0337 008208 1 00045442 00045421 000 340 43064.2070592708
25.11.2017 04:58:10 +00.03900E+00  0354 008208 1 00045443 00045421 000 341 43064.2070632292
25.11.2017 04:58:10 +00.03900E+00  0371 008208 1 00045444 00045421 000 343 43064.2070671991
25.11.2017 04:58:10 +00.03900E+00  0386 008208 1 00045445 00045421 000 380 43064.2070715972
25.11.2017 04:58:11 +00.03900E+00  0405 008208 1 00045446 00045421 000 344 43064.2070755787
25.11.2017 04:58:11 +00.03900E+00  0415 008208 1 00045447 00045421 000 343 43064.2070795486
25.11.2017 04:58:12 +00.03900E+00  0424 008208 1 00045448 00045421 000 343 43064.2070835185
25.11.2017 04:58:12 +00.03900E+00  0439 008208 1 00045449 00045421 000 375 43064.2070878588
25.11.2017 04:58:12 +00.03900E+00  0453 008208 1 00045450 00045421 000 343 43064.2070918287
25.11.2017 04:58:13 +00.03900E+00  0469 008208 1 00045451 00045421 000 343 43064.2070957986
25.11.2017 04:58:13 +00.03900E+00  0484 008208 1 00045452 00045421 000 343 43064.2070997685
25.11.2017 04:58:13 +00.03900E+00  0495 008208 1 00045453 00045421 000 376 43064.2071041204
25.11.2017 04:58:14 +00.03900E+00  0514 008208 1 00045454 00045421 000 341 43064.2071080671
25.11.2017 04:58:14 +00.03900E+00  0530 008208 1 00045455 00045421 000 342 43064.207112037
25.11.2017 04:58:14 +00.03900E+00  0544 008208 1 00045456 00045421 000 343 43064.2071160185
25.11.2017 04:58:15 +00.03900E+00  0559 008208 1 00045457 00045421 000 377 43064.2071203819
25.11.2017 04:58:15 +00.03900E+00  0582 008208 1 00045458 00045421 000 340 43064.2071243287
25.11.2017 04:58:15 +00.03900E+00  0600 008208 1 00045459 00045421 000 341 43064.207128287
25.11.2017 04:58:16 +00.03900E+00  0614 008208 1 00045460 00045421 000 343 43064.2071322569
25.11.2017 04:58:16 +00.03900E+00  0634 008208 1 00045461 00045421 000 378 43064.2071366435
25.11.2017 04:58:16 +00.03900E+00  0650 008208 1 00045462 00045421 000 340 43064.2071405787
25.11.2017 04:58:17 +00.03900E+00  0663 008208 1 00045463 00045421 000 343 43064.2071445486
25.11.2017 04:58:17 +00.03900E+00  0682 008208 1 00045464 00045421 000 342 43064.2071485069
25.11.2017 04:58:18 +00.03900E+00  0697 008208 1 00045465 00045421 000 380 43064.2071529051
25.11.2017 04:58:18 +00.03900E+00  0714 008208 1 00045466 00045421 000 344 43064.2071568866
25.11.2017 04:58:18 +00.03900E+00  0728 008208 1 00045467 00045421 000 343 43064.2071608565
25.11.2017 04:58:19 +00.03900E+00  0737 008208 1 00045468 00045421 000 343 43064.2071648264
25.11.2017 04:58:19 +00.03900E+00  0751 008208 1 00045469 00045421 000 375 43064.2071691667
25.11.2017 04:58:19 +00.03900E+00  0770 008208 1 00045470 00045421 000 343 43064.2071731366
25.11.2017 04:58:20 +00.03900E+00  0781 008208 1 00045471 00045421 000 343 43064.2071771065
25.11.2017 04:58:20 +00.03900E+00  0793 008208 1 00045472 00045421 000 343 43064.2071810764
25.11.2017 04:58:20 +00.03900E+00  0808 008208 1 00045473 00045421 000 376 43064.2071854282
25.11.2017 04:58:21 +00.03900E+00  0819 008208 1 00045474 00045421 000 342 43064.2071893866
25.11.2017 04:58:21 +00.03900E+00  0835 008208 1 00045475 00045421 000 343 43064.2071933565
25.11.2017 04:58:21 +00.03900E+00  0853 008208 1 00045476 00045421 000 343 43064.2071973264
25.11.2017 04:58:22 +00.03900E+00  0872 008208 1 00045477 00045421 000 377 43064.2072016898
25.11.2017 04:58:22 +00.03900E+00  0894 008208 1 00045478 00045421 000 340 43064.207205625
25.11.2017 04:58:22 +00.03900E+00  0912 008208 1 00045479 00045421 000 342 43064.2072095949
25.11.2017 04:58:23 +00.03900E+00  0933 008208 1 00045480 00045421 000 342 43064.2072135648
25.11.2017 04:58:23 +00.03900E+00  0946 008208 1 00045481 00045421 000 379 43064.207217963
25.11.2017 04:58:23 +00.03900E+00  0963 008208 1 00045482 00045421 000 344 43064.2072219444
25.11.2017 04:58:24 +00.03900E+00  0984 008208 1 00045483 00045421 000 343 43064.2072259259
25.11.2017 04:58:24 +00.03900E+00  0993 008208 1 00045484 00045421 000 343 43064.2072298958
25.11.2017 04:58:25 +00.03900E+00  1001 008208 1 00045485 00045421 000 374 43064.2072342245
25.11.2017 04:58:25 +00.03900E+00  1016 008208 1 00045486 00045421 000 343 43064.2072381944
25.11.2017 04:58:25 +00.03900E+00  1039 008208 1 00045487 00045421 000 343 43064.2072421644
25.11.2017 04:58:26 +00.03900E+00  1060 008208 1 00045488 00045421 000 342 43064.2072461343
25.11.2017 04:58:26 +00.03900E+00  1073 008208 1 00045489 00045421 000 374 43064.2072504745
25.11.2017 04:58:26 +00.03900E+00  1085 008208 1 00045490 00045421 000 342 43064.2072544444
25.11.2017 04:58:27 +00.03900E+00  1109 008208 1 00045491 00045421 000 343 43064.2072584144
25.11.2017 04:58:27 +00.03900E+00  1120 008208 1 00045492 00045421 000 343 43064.2072623843
25.11.2017 04:58:27 +00.03900E+00  1124 008208 1 00045493 00045421 000 376 43064.2072667361
25.11.2017 04:58:28 +00.03900E+00  1134 008208 1 00045494 00045421 000 341 43064.2072706944
25.11.2017 04:58:28 +00.03900E+00  1143 008208 1 00045495 00045421 000 343 43064.2072746644
25.11.2017 04:58:28 +00.03900E+00  1155 008208 1 00045496 00045421 000 343 43064.2072786343
25.11.2017 04:58:29 +00.03900E+00  1169 008208 1 00045497 00045421 000 377 43064.2072829977
25.11.2017 04:58:29 +00.03900E+00  1192 008208 1 00045498 00045421 000 341 43064.2072869444
25.11.2017 04:58:29 +00.03900E+00  1207 008208 1 00045499 00045421 000 343 43064.2072909144
25.11.2017 04:58:30 +00.03900E+00  1220 008208 1 00045500 00045421 000 343 43064.2072948843
25.11.2017 04:58:30 +00.03900E+00  1233 008208 1 00045501 00045421 000 378 43064.2072992593
25.11.2017 04:58:30 +00.03900E+00  1244 008208 1 00045502 00045421 000 340 43064.2073031944
25.11.2017 04:58:31 +00.03900E+00  1261 008208 1 00045503 00045421 000 342 43064.2073071644
25.11.2017 04:58:31 +00.03900E+00  1273 008208 1 00045504 00045421 000 343 43064.2073111343
25.11.2017 04:58:32 +00.03900E+00  1287 008208 1 00045505 00045421 000 379 43064.2073155208
25.11.2017 04:58:32 +00.03900E+00  1304 008208 1 00045506 00045421 000 344 43064.2073195139
25.11.2017 04:58:37 +00.03920E+00  0016 008249 1 00045507 00045507 000 381 43064.2073805671
25.11.2017 04:58:38 +00.03920E+00  0027 008249 1 00045508 00045507 000 342 43064.2073845255
25.11.2017 04:58:38 +00.03920E+00  0042 008249 1 00045509 00045507 000 344 43064.2073885069
25.11.2017 04:58:38 +00.03920E+00  0054 008249 1 00045510 00045507 000 342 43064.2073924653
25.11.2017 04:58:39 +00.03920E+00  0077 008249 1 00045511 00045507 000 377 43064.2073968287
25.11.2017 04:58:39 +00.03920E+00  0095 008249 1 00045512 00045507 000 340 43064.2074007755
25.11.2017 04:58:39 +00.03920E+00  0106 008249 1 00045513 00045507 000 342 43064.2074047454
25.11.2017 04:58:40 +00.03920E+00  0120 008249 1 00045514 00045507 000 343 43064.2074087153
25.11.2017 04:58:40 +00.03920E+00  0136 008249 1 00045515 00045507 000 377 43064.2074130903
25.11.2017 04:58:40 +00.03919E+00  0152 008249 1 00045516 00045507 000 341 43064.207417037
25.11.2017 04:58:41 +00.03920E+00  0174 008249 1 00045517 00045507 000 342 43064.2074209954
25.11.2017 04:58:41 +00.03919E+00  0195 008249 1 00045518 00045507 000 343 43064.2074249653
25.11.2017 04:58:41 +00.03920E+00  0215 008249 1 00045519 00045507 000 380 43064.2074293634
25.11.2017 04:58:42 +00.03919E+00  0227 008249 1 00045520 00045507 000 344 43064.2074333449
25.11.2017 04:58:42 +00.03919E+00  0242 008249 1 00045521 00045507 000 343 43064.2074373148
25.11.2017 04:58:42 +00.03920E+00  0258 008251 1 00045522 00045507 000 343 43064.2074412847
25.11.2017 04:58:43 +00.03920E+00  0273 008251 1 00045523 00045507 000 375 43064.207445625
25.11.2017 04:58:43 +00.03920E+00  0293 008251 1 00045524 00045507 000 343 43064.2074495949
25.11.2017 04:58:43 +00.03920E+00  0313 008251 1 00045525 00045507 000 343 43064.2074535648
25.11.2017 04:58:44 +00.03920E+00  0331 008251 1 00045526 00045507 000 343 43064.2074575347
25.11.2017 04:58:44 +00.03920E+00  0349 008251 1 00045527 00045507 000 376 43064.2074618866
25.11.2017 04:58:45 +00.03921E+00  0363 008251 1 00045528 00045507 000 342 43064.2074658449
25.11.2017 04:58:45 +00.03921E+00  0377 008251 1 00045529 00045507 000 342 43064.2074698032
25.11.2017 04:58:45 +00.03921E+00  0395 008251 1 00045530 00045507 000 343 43064.2074737847
25.11.2017 04:58:46 +00.03920E+00  0412 008251 1 00045531 00045507 000 377 43064.2074781481
25.11.2017 04:58:46 +00.03920E+00  0423 008251 1 00045532 00045507 000 340 43064.2074820833
25.11.2017 04:58:46 +00.03921E+00  0439 008251 1 00045533 00045507 000 343 43064.2074860648
25.11.2017 04:58:47 +00.03921E+00  0451 008251 1 00045534 00045507 000 342 43064.2074900231
25.11.2017 04:58:47 +00.03921E+00  0465 008251 1 00045535 00045507 000 378 43064.2074943981
25.11.2017 04:58:47 +00.03920E+00  0481 008251 1 00045536 00045507 000 340 43064.2074983449
25.11.2017 04:58:48 +00.03921E+00  0499 008251 1 00045537 00045507 000 341 43064.2075023032
25.11.2017 04:58:48 +00.03920E+00  0512 008251 1 00045538 00045507 000 343 43064.2075062731
25.11.2017 04:58:48 +00.03920E+00  0524 008251 1 00045539 00045507 000 379 43064.2075106597
25.11.2017 04:58:49 +00.03920E+00  0534 008251 1 00045540 00045507 000 340 43064.2075145949
25.11.2017 04:58:49 +00.03920E+00  0552 008251 1 00045541 00045507 000 342 43064.2075185532
25.11.2017 04:58:49 +00.03921E+00  0564 008251 1 00045542 00045507 000 343 43064.2075225231
25.11.2017 04:58:50 +00.03921E+00  0580 008251 1 00045543 00045507 000 381 43064.2075269329
25.11.2017 04:58:50 +00.03921E+00  0590 008251 1 00045544 00045507 000 343 43064.2075309028
25.11.2017 04:58:51 +00.03920E+00  0606 008251 1 00045545 00045507 000 343 43064.2075348727
25.11.2017 04:58:51 +00.03921E+00  0623 008251 1 00045546 00045507 000 343 43064.2075388426
25.11.2017 04:58:51 +00.03921E+00  0637 008251 1 00045547 00045507 000 376 43064.2075431944
25.11.2017 04:58:52 +00.03921E+00  0654 008251 1 00045548 00045507 000 342 43064.2075471528
25.11.2017 04:58:52 +00.03920E+00  0669 008251 1 00045549 00045507 000 343 43064.2075511227
25.11.2017 04:58:52 +00.03921E+00  0678 008251 1 00045550 00045507 000 343 43064.2075550926
25.11.2017 04:58:53 +00.03921E+00  0693 008251 1 00045551 00045507 000 377 43064.207559456
25.11.2017 04:58:53 +00.03921E+00  0711 008249 1 00045552 00045507 000 341 43064.2075634028
25.11.2017 04:58:53 +00.03920E+00  0727 008249 1 00045553 00045507 000 342 43064.2075673611
25.11.2017 04:58:54 +00.03920E+00  0745 008249 1 00045554 00045507 000 343 43064.2075713426
25.11.2017 04:58:54 +00.03920E+00  0756 008249 1 00045555 00045507 000 378 43064.2075757176
25.11.2017 04:58:54 +00.03920E+00  0772 008249 1 00045556 00045507 000 340 43064.2075796528
25.11.2017 04:58:55 +00.03920E+00  0793 008249 1 00045557 00045507 000 341 43064.2075836111
25.11.2017 04:58:55 +00.03920E+00  0808 008249 1 00045558 00045507 000 343 43064.2075875926
25.11.2017 04:58:55 +00.03920E+00  0839 008249 1 00045559 00045507 000 379 43064.2075919792
25.11.2017 04:58:56 +00.03919E+00  0856 008249 1 00045560 00045507 000 344 43064.2075959606
25.11.2017 04:58:56 +00.03920E+00  0876 008249 1 00045561 00045507 000 343 43064.2075999421
25.11.2017 04:58:56 +00.03919E+00  0884 008249 1 00045562 00045507 000 342 43064.2076039005
25.11.2017 04:58:57 +00.03920E+00  0908 008249 1 00045563 00045507 000 373 43064.2076082292
25.11.2017 04:58:57 +00.03920E+00  0920 008249 1 00045564 00045507 000 343 43064.2076122106
25.11.2017 04:58:58 +00.03920E+00  0939 008249 1 00045565 00045507 000 342 43064.2076161806
25.11.2017 04:58:58 +00.03920E+00  0961 008249 1 00045566 00045507 000 342 43064.2076201505
25.11.2017 04:58:58 +00.03919E+00  0972 008249 1 00045567 00045507 000 375 43064.2076245023
25.11.2017 04:58:59 +00.03920E+00  0987 008249 1 00045568 00045507 000 342 43064.2076284606
25.11.2017 04:58:59 +00.03920E+00  1004 008249 1 00045569 00045507 000 343 43064.2076324306
25.11.2017 04:58:59 +00.03920E+00  1018 008249 1 00045570 00045507 000 343 43064.2076364005
25.11.2017 04:59:00 +00.03920E+00  1032 008249 1 00045571 00045507 000 377 43064.2076407639
25.11.2017 04:59:00 +00.03919E+00  1055 008249 1 00045572 00045507 000 341 43064.2076447106
25.11.2017 04:59:00 +00.03919E+00  1067 008249 1 00045573 00045507 000 343 43064.2076486806
25.11.2017 04:59:01 +00.03919E+00  1079 008249 1 00045574 00045507 000 343 43064.2076526505
25.11.2017 04:59:01 +00.03920E+00  1094 008249 1 00045575 00045507 000 378 43064.2076570255
25.11.2017 04:59:01 +00.03920E+00  1109 008249 1 00045576 00045507 000 341 43064.2076609722
25.11.2017 04:59:02 +00.03920E+00  1117 008249 1 00045577 00045507 000 342 43064.2076649306
25.11.2017 04:59:02 +00.03920E+00  1133 008249 1 00045578 00045507 000 343 43064.2076689005
25.11.2017 04:59:02 +00.03920E+00  1149 008249 1 00045579 00045507 000 379 43064.207673287
25.11.2017 04:59:03 +00.03920E+00  1165 008249 1 00045580 00045507 000 345 43064.2076772801
25.11.2017 04:59:03 +00.03920E+00  1176 008249 1 00045581 00045507 000 343 43064.20768125
25.11.2017 04:59:04 +00.03920E+00  1189 008249 1 00045582 00045507 000 343 43064.2076852199
25.11.2017 04:59:04 +00.03920E+00  1196 008249 1 00045583 00045507 000 374 43064.2076895486
25.11.2017 04:59:04 +00.03920E+00  1218 008249 1 00045584 00045507 000 343 43064.2076935185
25.11.2017 04:59:05 +00.03920E+00  1233 008249 1 00045585 00045507 000 343 43064.2076975
25.11.2017 04:59:05 +00.03920E+00  1248 008249 1 00045586 00045507 000 342 43064.2077014583
25.11.2017 04:59:05 +00.03920E+00  1263 008249 1 00045587 00045507 000 375 43064.2077058102
25.11.2017 04:59:06 +00.03920E+00  1275 008249 1 00045588 00045507 000 342 43064.2077097685
25.11.2017 04:59:06 +00.03920E+00  1284 008249 1 00045589 00045507 000 343 43064.2077137384
25.11.2017 04:59:06 +00.03920E+00  1296 008249 1 00045590 00045507 000 342 43064.2077177083
25.11.2017 04:59:07 +00.03920E+00  1311 008249 1 00045591 00045507 000 376 43064.2077220718
25.11.2017 04:59:07 +00.03919E+00  1333 008249 1 00045592 00045507 000 340 43064.2077260185
25.11.2017 04:59:07 +00.03920E+00  1347 008249 1 00045593 00045507 000 342 43064.2077299884