
25.11.2017 04:59:12 +00.03979E+00  0011 008373 1 00045594 00045594 000 342 43064.2077815278
25.11.2017 04:59:12 +00.03979E+00  0024 008373 1 00045595 00045594 000 342 43064.2077854977
25.11.2017 04:59:13 +00.03979E+00  0032 008373 1 00045596 00045594 000 420 43064.2077903704
25.11.2017 04:59:13 +00.03979E+00  0047 008373 1 00045597 00045594 000 340 43064.2077943171
25.11.2017 04:59:13 +00.03978E+00  0059 008373 1 00045598 00045594 000 342 43064.207798287
25.11.2017 04:59:14 +00.03978E+00  0084 008373 1 00045599 00045594 000 342 43064.2078022569
25.11.2017 04:59:14 +00.03979E+00  0096 008373 1 00045600 00045594 000 377 43064.2078066319
25.11.2017 04:59:14 +00.03978E+00  0117 008373 1 00045601 00045594 000 340 43064.2078105787
25.11.2017 04:59:15 +00.03979E+00  0130 008373 1 00045602 00045594 000 341 43064.207814537
25.11.2017 04:59:15 +00.03978E+00  0143 008373 1 00045603 00045594 000 343 43064.2078185069
25.11.2017 04:59:15 +00.03979E+00  0162 008373 1 00045604 00045594 000 379 43064.2078228935
25.11.2017 04:59:16 +00.03979E+00  0175 008373 1 00045605 00045594 000 340 43064.2078268287
25.11.2017 04:59:16 +00.03978E+00  0192 008373 1 00045606 00045594 000 341 43064.207830787
25.11.2017 04:59:16 +00.03979E+00  0207 008373 1 00045607 00045594 000 343 43064.2078347569
25.11.2017 04:59:17 +00.03978E+00  0220 008373 1 00045608 00045594 000 380 43064.2078391551
25.11.2017 04:59:17 +00.03979E+00  0238 008377 1 00045609 00045594 000 344 43064.2078431366
25.11.2017 04:59:17 +00.03980E+00  0248 008377 1 00045610 00045594 000 343 43064.2078471065
25.11.2017 04:59:18 +00.03980E+00  0258 008377 1 00045611 00045594 000 343 43064.2078510764
25.11.2017 04:59:18 +00.03980E+00  0271 008377 1 00045612 00045594 000 375 43064.2078554167
25.11.2017 04:59:19 +00.03980E+00  0281 008377 1 00045613 00045594 000 342 43064.2078593866
25.11.2017 04:59:19 +00.03981E+00  0292 008377 1 00045614 00045594 000 343 43064.2078633565
25.11.2017 04:59:19 +00.03981E+00  0312 008377 1 00045615 00045594 000 343 43064.2078673264
25.11.2017 04:59:20 +00.03981E+00  0324 008377 1 00045616 00045594 000 376 43064.2078716782
25.11.2017 04:59:20 +00.03980E+00  0340 008377 1 00045617 00045594 000 341 43064.207875625
25.11.2017 04:59:20 +00.03981E+00  0348 008377 1 00045618 00045594 000 343 43064.2078796065
25.11.2017 04:59:21 +00.03980E+00  0366 008377 1 00045619 00045594 000 343 43064.2078835764
25.11.2017 04:59:21 +00.03981E+00  0384 008377 1 00045620 00045594 000 377 43064.2078879514
25.11.2017 04:59:21 +00.03980E+00  0403 008377 1 00045621 00045594 000 340 43064.2078918866
25.11.2017 04:59:22 +00.03981E+00  0419 008377 1 00045622 00045594 000 341 43064.2078958449
25.11.2017 04:59:22 +00.03980E+00  0437 008377 1 00045623 00045594 000 342 43064.2078998148
25.11.2017 04:59:22 +00.03980E+00  0451 008377 1 00045624 00045594 000 378 43064.2079042014
25.11.2017 04:59:23 +00.03980E+00  0472 008377 1 00045625 00045594 000 344 43064.2079081944
25.11.2017 04:59:23 +00.03981E+00  0488 008377 1 00045626 00045594 000 343 43064.2079121759
25.11.2017 04:59:23 +00.03980E+00  0504 008377 1 00045627 00045594 000 342 43064.2079161343
25.11.2017 04:59:24 +00.03980E+00  0514 008377 1 00045628 00045594 000 373 43064.207920463
25.11.2017 04:59:24 +00.03980E+00  0526 008377 1 00045629 00045594 000 343 43064.2079244444
25.11.2017 04:59:25 +00.03981E+00  0535 008377 1 00045630 00045594 000 343 43064.2079284259
25.11.2017 04:59:25 +00.03981E+00  0552 008377 1 00045631 00045594 000 342 43064.2079323843
25.11.2017 04:59:25 +00.03981E+00  0562 008377 1 00045632 00045594 000 375 43064.2079367245
25.11.2017 04:59:26 +00.03981E+00  0577 008377 1 00045633 00045594 000 342 43064.2079406944
25.11.2017 04:59:26 +00.03981E+00  0593 008377 1 00045634 00045594 000 343 43064.2079446644
25.11.2017 04:59:26 +00.03981E+00  0609 008377 1 00045635 00045594 000 343 43064.2079486343
25.11.2017 04:59:27 +00.03980E+00  0634 008377 1 00045636 00045594 000 376 43064.2079529861
25.11.2017 04:59:27 +00.03980E+00  0651 008377 1 00045637 00045594 000 342 43064.2079569444
25.11.2017 04:59:27 +00.03980E+00  0668 008377 1 00045638 00045594 000 344 43064.2079609259
25.11.2017 04:59:28 +00.03980E+00  0689 008377 1 00045639 00045594 000 342 43064.2079648843
25.11.2017 04:59:28 +00.03980E+00  0703 008377 1 00045640 00045594 000 377 43064.2079692477
25.11.2017 04:59:28 +00.03980E+00  0719 008377 1 00045641 00045594 000 341 43064.2079731944
25.11.2017 04:59:29 +00.03980E+00  0730 008377 1 00045642 00045594 000 343 43064.2079771644
25.11.2017 04:59:29 +00.03980E+00  0746 008377 1 00045643 00045594 000 343 43064.2079811343
25.11.2017 04:59:29 +00.03981E+00  0759 008377 1 00045644 00045594 000 379 43064.2079855208
25.11.2017 04:59:30 +00.03981E+00  0780 008377 1 00045645 00045594 000 345 43064.2079895139
25.11.2017 04:59:30 +00.03980E+00  0802 008377 1 00045646 00045594 000 343 43064.2079934838
25.11.2017 04:59:30 +00.03980E+00  0818 008377 1 00045647 00045594 000 343 43064.2079974537
25.11.2017 04:59:31 +00.03981E+00  0839 008377 1 00045648 00045594 000 374 43064.2080017824
25.11.2017 04:59:31 +00.03981E+00  0856 008377 1 00045649 00045594 000 343 43064.2080057523
25.11.2017 04:59:32 +00.03980E+00  0873 008377 1 00045650 00045594 000 343 43064.2080097338
25.11.2017 04:59:32 +00.03980E+00  0887 008377 1 00045651 00045594 000 342 43064.2080136921
25.11.2017 04:59:32 +00.03981E+00  0900 008377 1 00045652 00045594 000 375 43064.208018044
25.11.2017 04:59:33 +00.03981E+00  0920 008375 1 00045653 00045594 000 342 43064.2080220023
25.11.2017 04:59:33 +00.03980E+00  0932 008375 1 00045654 00045594 000 343 43064.2080259722
25.11.2017 04:59:33 +00.03980E+00  0946 008375 1 00045655 00045594 000 342 43064.2080299421
25.11.2017 04:59:34 +00.03980E+00  0960 008375 1 00045656 00045594 000 375 43064.208034294
25.11.2017 04:59:34 +00.03980E+00  0980 008375 1 00045657 00045594 000 342 43064.2080382523
25.11.2017 04:59:34 +00.03980E+00  0990 008375 1 00045658 00045594 000 343 43064.2080422222
25.11.2017 04:59:35 +00.03980E+00  1003 008375 1 00045659 00045594 000 343 43064.2080461921
25.11.2017 04:59:35 +00.03980E+00  1013 008375 1 00045660 00045594 000 377 43064.2080505556
25.11.2017 04:59:35 +00.03980E+00  1032 008375 1 00045661 00045594 000 340 43064.2080545023
25.11.2017 04:59:36 +00.03980E+00  1040 008375 1 00045662 00045594 000 342 43064.2080584722
25.11.2017 04:59:36 +00.03979E+00  1055 008375 1 00045663 00045594 000 343 43064.2080624421
25.11.2017 04:59:36 +00.03979E+00  1072 008375 1 00045664 00045594 000 378 43064.2080668171
25.11.2017 04:59:37 +00.03980E+00  1094 008375 1 00045665 00045594 000 340 43064.2080707523
25.11.2017 04:59:37 +00.03980E+00  1107 008375 1 00045666 00045594 000 343 43064.2080747222
25.11.2017 04:59:37 +00.03980E+00  1123 008375 1 00045667 00045594 000 343 43064.2080786921
25.11.2017 04:59:38 +00.03980E+00  1140 008375 1 00045668 00045594 000 380 43064.2080830903
25.11.2017 04:59:38 +00.03980E+00  1151 008375 1 00045669 00045594 000 344 43064.2080870718
25.11.2017 04:59:39 +00.03980E+00  1165 008375 1 00045670 00045594 000 343 43064.2080910417
25.11.2017 04:59:39 +00.03980E+00  1187 008375 1 00045671 00045594 000 343 43064.2080950116
25.11.2017 04:59:39 +00.03980E+00  1204 008375 1 00045672 00045594 000 375 43064.2080993519
25.11.2017 04:59:40 +00.03979E+00  1224 008375 1 00045673 00045594 000 343 43064.2081033218
25.11.2017 04:59:40 +00.03980E+00  1235 008375 1 00045674 00045594 000 343 43064.2081072917
25.11.2017 04:59:40 +00.03979E+00  1247 008375 1 00045675 00045594 000 343 43064.2081112616
25.11.2017 04:59:41 +00.03980E+00  1263 008375 1 00045676 00045594 000 376 43064.2081156134
25.11.2017 04:59:41 +00.03980E+00  1277 008375 1 00045677 00045594 000 341 43064.2081195602
25.11.2017 04:59:41 +00.03980E+00  1295 008375 1 00045678 00045594 000 343 43064.2081235301
25.11.2017 04:59:42 +00.03979E+00  1302 008375 1 00045679 00045594 000 342 43064.2081275
25.11.2017 04:59:47 +00.03989E+00  0011 008396 1 00045680 00045680 000 342 43064.2081923148
25.11.2017 04:59:48 +00.03989E+00  0026 008396 1 00045681 00045680 000 396 43064.2081969097
25.11.2017 04:59:48 +00.03989E+00  0045 008396 1 00045682 00045680 000 340 43064.2082008565
25.11.2017 04:59:48 +00.03990E+00  0055 008396 1 00045683 00045680 000 342 43064.2082048148
25.11.2017 04:59:49 +00.03989E+00  0069 008396 1 00045684 00045680 000 342 43064.2082087847
25.11.2017 04:59:49 +00.03990E+00  0077 008396 1 00045685 00045680 000 378 43064.2082131713
25.11.2017 04:59:49 +00.03989E+00  0101 008396 1 00045686 00045680 000 340 43064.2082171065
25.11.2017 04:59:50 +00.03989E+00  0110 008396 1 00045687 00045680 000 341 43064.2082210648
25.11.2017 04:59:50 +00.03989E+00  0126 008396 1 00045688 00045680 000 344 43064.2082250463
25.11.2017 04:59:51 +00.03989E+00  0137 008396 1 00045689 00045680 000 380 43064.2082294444
25.11.2017 04:59:51 +00.03989E+00  0154 008396 1 00045690 00045680 000 343 43064.2082334143
25.11.2017 04:59:51 +00.03989E+00  0167 008396 1 00045691 00045680 000 343 43064.2082373843
25.11.2017 04:59:52 +00.03989E+00  0184 008396 1 00045692 00045680 000 343 43064.2082413542
25.11.2017 04:59:52 +00.03989E+00  0202 008396 1 00045693 00045680 000 376 43064.208245706
25.11.2017 04:59:52 +00.03989E+00  0222 008398 1 00045694 00045680 000 342 43064.2082496643
25.11.2017 04:59:53 +00.03990E+00  0236 008398 1 00045695 00045680 000 343 43064.2082536343
25.11.2017 04:59:53 +00.03990E+00  0259 008398 1 00045696 00045680 000 343 43064.2082576042
25.11.2017 04:59:53 +00.03990E+00  0266 008398 1 00045697 00045680 000 377 43064.2082619676
25.11.2017 04:59:54 +00.03991E+00  0284 008398 1 00045698 00045680 000 340 43064.2082659028
25.11.2017 04:59:54 +00.03991E+00  0295 008398 1 00045699 00045680 000 343 43064.2082698843
25.11.2017 04:59:54 +00.03990E+00  0309 008398 1 00045700 00045680 000 343 43064.2082738542
25.11.2017 04:59:55 +00.03990E+00  0323 008398 1 00045701 00045680 000 378 43064.2082782292
25.11.2017 04:59:55 +00.03990E+00  0337 008398 1 00045702 00045680 000 340 43064.2082821643
25.11.2017 04:59:55 +00.03990E+00  0356 008398 1 00045703 00045680 000 343 43064.2082861343
25.11.2017 04:59:56 +00.03990E+00  0369 008398 1 00045704 00045680 000 342 43064.2082900926
25.11.2017 04:59:56 +00.03991E+00  0395 008398 1 00045705 00045680 000 378 43064.2082944792
25.11.2017 04:59:56 +00.03990E+00  0415 008398 1 00045706 00045680 000 345 43064.2082984838
25.11.2017 04:59:57 +00.03990E+00  0429 008398 1 00045707 00045680 000 343 43064.2083024537
25.11.2017 04:59:57 +00.03990E+00  0451 008398 1 00045708 00045680 000 342 43064.208306412
25.11.2017 04:59:58 +00.03990E+00  0467 008398 1 00045709 00045680 000 374 43064.2083107523
25.11.2017 04:59:58 +00.03990E+00  0486 008398 1 00045710 00045680 000 343 43064.2083147222
25.11.2017 04:59:58 +00.03991E+00  0501 008398 1 00045711 00045680 000 342 43064.2083186921
25.11.2017 04:59:59 +00.03991E+00  0516 008398 1 00045712 00045680 000 342 43064.208322662
25.11.2017 04:59:59 +00.03990E+00  0533 008398 1 00045713 00045680 000 374 43064.2083270023
25.11.2017 04:59:59 +00.03991E+00  0552 008398 1 00045714 00045680 000 342 43064.2083309722
25.11.2017 05:00:00 +00.03990E+00  0565 008398 1 00045715 00045680 000 343 43064.2083349421
25.11.2017 05:00:00 +00.03990E+00  0583 008398 1 00045716 00045680 000 343 43064.208338912
25.11.2017 05:00:00 +00.03990E+00  0595 008398 1 00045717 00045680 000 377 43064.2083432755
25.11.2017 05:00:01 +00.03990E+00  0609 008398 1 00045718 00045680 000 341 43064.2083472222
25.11.2017 05:00:01 +00.03990E+00  0631 008398 1 00045719 00045680 000 343 43064.2083511921
25.11.2017 05:00:01 +00.03991E+00  0646 008398 1 00045720 00045680 000 343 43064.208355162
25.11.2017 05:00:02 +00.03990E+00  0666 008398 1 00045721 00045680 000 378 43064.208359537
25.11.2017 05:00:02 +00.03991E+00  0679 008398 1 00045722 00045680 000 341 43064.2083634838
25.11.2017 05:00:02 +00.03991E+00  0690 008398 1 00045723 00045680 000 342 43064.2083674421
25.11.2017 05:00:03 +00.03990E+00  0702 008396 1 00045724 00045680 000 343 43064.208371412
25.11.2017 05:00:03 +00.03990E+00  0711 008396 1 00045725 00045680 000 379 43064.2083757986
25.11.2017 05:00:04 +00.03990E+00  0730 008396 1 00045726 00045680 000 345 43064.2083797917
25.11.2017 05:00:04 +00.03990E+00  0751 008396 1 00045727 00045680 000 343 43064.2083837616
25.11.2017 05:00:04 +00.03989E+00  0762 008396 1 00045728 00045680 000 343 43064.2083877315
25.11.2017 05:00:05 +00.03989E+00  0780 008396 1 00045729 00045680 000 374 43064.2083920602
25.11.2017 05:00:05 +00.03989E+00  0797 008396 1 00045730 00045680 000 343 43064.2083960301
25.11.2017 05:00:05 +00.03989E+00  0810 008396 1 00045731 00045680 000 343 43064.2084000116
25.11.2017 05:00:06 +00.03989E+00  0822 008396 1 00045732 00045680 000 343 43064.2084039815
25.11.2017 05:00:06 +00.03989E+00  0834 008396 1 00045733 00045680 000 375 43064.2084083218
25.11.2017 05:00:06 +00.03989E+00  0845 008396 1 00045734 00045680 000 342 43064.2084122801
25.11.2017 05:00:07 +00.03990E+00  0861 008396 1 00045735 00045680 000 342 43064.20841625
25.11.2017 05:00:07 +00.03990E+00  0876 008396 1 00045736 00045680 000 342 43064.2084202199
25.11.2017 05:00:07 +00.03989E+00  0889 008396 1 00045737 00045680 000 376 43064.2084245833
25.11.2017 05:00:08 +00.03989E+00  0913 008396 1 00045738 00045680 000 342 43064.2084285417
25.11.2017 05:00:08 +00.03989E+00  0920 008398 1 00045739 00045680 000 343 43064.2084325116
25.11.2017 05:00:08 +00.03990E+00  0935 008398 1 00045740 00045680 000 342 43064.2084364699
25.11.2017 05:00:09 +00.03990E+00  0954 008398 1 00045741 00045680 000 377 43064.2084408449
25.11.2017 05:00:09 +00.03990E+00  0966 008398 1 00045742 00045680 000 340 43064.2084447917
25.11.2017 05:00:09 +00.03991E+00  0983 008398 1 00045743 00045680 000 341 43064.20844875
25.11.2017 05:00:10 +00.03990E+00  0995 008398 1 00045744 00045680 000 343 43064.2084527199
25.11.2017 05:00:10 +00.03990E+00  1008 008398 1 00045745 00045680 000 379 43064.2084571065
25.11.2017 05:00:11 +00.03990E+00  1021 008398 1 00045746 00045680 000 340 43064.2084610417
25.11.2017 05:00:11 +00.03990E+00  1031 008398 1 00045747 00045680 000 341 43064.208465
25.11.2017 05:00:11 +00.03991E+00  1048 008398 1 00045748 00045680 000 343 43064.2084689699
25.11.2017 05:00:12 +00.03990E+00  1059 008398 1 00045749 00045680 000 380 43064.2084733681
25.11.2017 05:00:12 +00.03991E+00  1078 008398 1 00045750 00045680 000 344 43064.2084773495
25.11.2017 05:00:12 +00.03990E+00  1096 008398 1 00045751 00045680 000 343 43064.2084813194
25.11.2017 05:00:13 +00.03990E+00  1112 008398 1 00045752 00045680 000 343 43064.2084852894
25.11.2017 05:00:13 +00.03990E+00  1131 008398 1 00045753 00045680 000 375 43064.2084896296
25.11.2017 05:00:13 +00.03990E+00  1148 008398 1 00045754 00045680 000 343 43064.2084935995
25.11.2017 05:00:14 +00.03990E+00  1164 008398 1 00045755 00045680 000 343 43064.2084975694
25.11.2017 05:00:14 +00.03991E+00  1180 008398 1 00045756 00045680 000 343 43064.2085015394
25.11.2017 05:00:14 +00.03991E+00  1191 008398 1 00045757 00045680 000 376 43064.2085058912
25.11.2017 05:00:15 +00.03991E+00  1204 008398 1 00045758 00045680 000 342 43064.2085098495
25.11.2017 05:00:15 +00.03991E+00  1215 008398 1 00045759 00045680 000 342 43064.2085138079
25.11.2017 05:00:15 +00.03991E+00  1233 008398 1 00045760 00045680 000 342 43064.2085177778
25.11.2017 05:00:16 +00.03990E+00  1243 008398 1 00045761 00045680 000 377 43064.2085221528
25.11.2017 05:00:16 +00.03991E+00  1265 008398 1 00045762 00045680 000 340 43064.2085260995
25.11.2017 05:00:16 +00.03990E+00  1281 008398 1 00045763 00045680 000 341 43064.2085300579
25.11.2017 05:00:17 +00.03991E+00  1294 008398 1 00045764 00045680 000 343 43064.2085340278
25.11.2017 05:00:17 +00.03991E+00  1305 008398 1 00045765 00045680 000 379 43064.2085384144
25.11.2017 05:00:22 +00.04000E+00  0009 008418 1 00045766 00045766 000 343 43064.208598831
25.11.2017 05:00:23 +00.04000E+00  0020 008418 1 00045767 00045766 000 400 43064.2086034606
25.11.2017 05:00:23 +00.04000E+00  0035 008418 1 00045768 00045766 000 343 43064.2086074306
25.11.2017 05:00:24 +00.04000E+00  0050 008418 1 00045769 00045766 000 343 43064.2086114005
25.11.2017 05:00:24 +00.04000E+00  0060 008418 1 00045770 00045766 000 343 43064.2086153704
25.11.2017 05:00:24 +00.04000E+00  0071 008418 1 00045771 00045766 000 376 43064.2086197222
25.11.2017 05:00:25 +00.04000E+00  0087 008418 1 00045772 00045766 000 342 43064.2086236806
25.11.2017 05:00:25 +00.04000E+00  0101 008418 1 00045773 00045766 000 343 43064.2086276505
25.11.2017 05:00:25 +00.04000E+00  0122 008418 1 00045774 00045766 000 343 43064.2086316204
25.11.2017 05:00:26 +00.04000E+00  0145 008418 1 00045775 00045766 000 377 43064.2086359838
25.11.2017 05:00:26 +00.04000E+00  0163 008418 1 00045776 00045766 000 340 43064.208639919
25.11.2017 05:00:26 +00.04000E+00  0179 008418 1 00045777 00045766 000 342 43064.2086438889
25.11.2017 05:00:27 +00.04000E+00  0199 008418 1 00045778 00045766 000 343 43064.2086478704
25.11.2017 05:00:27 +00.04000E+00  0212 008418 1 00045779 00045766 000 378 43064.2086522454
25.11.2017 05:00:27 +00.04000E+00  0228 008418 1 00045780 00045766 000 340 43064.2086561806
25.11.2017 05:00:28 +00.04000E+00  0240 008418 1 00045781 00045766 000 341 43064.2086601389
25.11.2017 05:00:28 +00.04000E+00  0260 008418 1 00045782 00045766 000 342 43064.2086641088
25.11.2017 05:00:28 +00.04000E+00  0279 008418 1 00045783 00045766 000 379 43064.2086685069
25.11.2017 05:00:29 +00.04000E+00  0296 008418 1 00045784 00045766 000 343 43064.2086724884
25.11.2017 05:00:29 +00.04000E+00  0313 008418 1 00045785 00045766 000 342 43064.2086764583
25.11.2017 05:00:29 +00.04000E+00  0327 008418 1 00045786 00045766 000 342 43064.2086804282
25.11.2017 05:00:30 +00.04000E+00  0340 008418 1 00045787 00045766 000 374 43064.2086847685
25.11.2017 05:00:30 +00.04000E+00  0358 008418 1 00045788 00045766 000 342 43064.2086887384
25.11.2017 05:00:31 +00.04000E+00  0370 008418 1 00045789 00045766 000 342 43064.2086927083
25.11.2017 05:00:31 +00.04000E+00  0385 008418 1 00045790 00045766 000 343 43064.2086966898
25.11.2017 05:00:31 +00.04000E+00  0406 008418 1 00045791 00045766 000 375 43064.2087010301
25.11.2017 05:00:32 +00.04000E+00  0423 008418 1 00045792 00045766 000 341 43064.2087049884
25.11.2017 05:00:32 +00.04000E+00  0434 008418 1 00045793 00045766 000 343 43064.2087089583
25.11.2017 05:00:32 +00.04000E+00  0450 008418 1 00045794 00045766 000 344 43064.2087129398
25.11.2017 05:00:33 +00.04000E+00  0463 008418 1 00045795 00045766 000 376 43064.2087172917
25.11.2017 05:00:33 +00.04000E+00  0476 008418 1 00045796 00045766 000 341 43064.2087212384
25.11.2017 05:00:33 +00.04000E+00  0493 008418 1 00045797 00045766 000 343 43064.2087252083
25.11.2017 05:00:34 +00.04000E+00  0510 008418 1 00045798 00045766 000 343 43064.2087291782
25.11.2017 05:00:34 +00.04000E+00  0518 008418 1 00045799 00045766 000 378 43064.2087335532
25.11.2017 05:00:34 +00.04000E+00  0534 008418 1 00045800 00045766 000 340 43064.2087374884
25.11.2017 05:00:35 +00.04000E+00  0558 008418 1 00045801 00045766 000 341 43064.2087414468
25.11.2017 05:00:35 +00.04000E+00  0570 008418 1 00045802 00045766 000 343 43064.2087454282
25.11.2017 05:00:35 +00.04000E+00  0579 008418 1 00045803 00045766 000 380 43064.2087498264
25.11.2017 05:00:36 +00.04000E+00  0602 008418 1 00045804 00045766 000 344 43064.2087538079
25.11.2017 05:00:36 +00.04000E+00  0622 008418 1 00045805 00045766 000 343 43064.2087577778
25.11.2017 05:00:37 +00.04000E+00  0636 008418 1 00045806 00045766 000 343 43064.2087617477
25.11.2017 05:00:37 +00.04000E+00  0647 008418 1 00045807 00045766 000 374 43064.2087660764
25.11.2017 05:00:37 +00.04000E+00  0667 008418 1 00045808 00045766 000 344 43064.2087700579
25.11.2017 05:00:38 +00.04000E+00  0679 008418 1 00045809 00045766 000 342 43064.2087740162
25.11.2017 05:00:38 +00.04000E+00  0688 008418 1 00045810 00045766 000 343 43064.2087779977
25.11.2017 05:00:38 +00.04000E+00  0698 008418 1 00045811 00045766 000 375 43064.208782338
25.11.2017 05:00:39 +00.04000E+00  0708 008418 1 00045812 00045766 000 342 43064.2087862963
25.11.2017 05:00:39 +00.04000E+00  0720 008418 1 00045813 00045766 000 342 43064.2087902662
25.11.2017 05:00:39 +00.04000E+00  0732 008418 1 00045814 00045766 000 342 43064.2087942361
25.11.2017 05:00:40 +00.04000E+00  0741 008418 1 00045815 00045766 000 376 43064.2087985995
25.11.2017 05:00:40 +00.04000E+00  0754 008418 1 00045816 00045766 000 341 43064.2088025579
25.11.2017 05:00:40 +00.04000E+00  0772 008418 1 00045817 00045766 000 342 43064.2088065162
25.11.2017 05:00:41 +00.04000E+00  0784 008418 1 00045818 00045766 000 343 43064.2088104861
25.11.2017 05:00:41 +00.04000E+00  0791 008418 1 00045819 00045766 000 378 43064.2088148611
25.11.2017 05:00:41 +00.04000E+00  0804 008418 1 00045820 00045766 000 341 43064.2088188079
25.11.2017 05:00:42 +00.04000E+00  0815 008418 1 00045821 00045766 000 342 43064.2088227662
25.11.2017 05:00:42 +00.04000E+00  0830 008418 1 00045822 00045766 000 343 43064.2088267361
25.11.2017 05:00:43 +00.04000E+00  0842 008418 1 00045823 00045766 000 380 43064.2088311343
25.11.2017 05:00:43 +00.04000E+00  0855 008418 1 00045824 00045766 000 344 43064.2088351157
25.11.2017 05:00:43 +00.04000E+00  0869 008418 1 00045825 00045766 000 343 43064.2088390857
25.11.2017 05:00:44 +00.04000E+00  0881 008418 1 00045826 00045766 000 343 43064.2088430556
25.11.2017 05:00:44 +00.04000E+00  0891 008418 1 00045827 00045766 000 374 43064.2088473843
25.11.2017 05:00:44 +00.04000E+00  0903 008418 1 00045828 00045766 000 344 43064.2088513657
25.11.2017 05:00:45 +00.04000E+00  0922 008418 1 00045829 00045766 000 343 43064.2088553357
25.11.2017 05:00:45 +00.04000E+00  0935 008418 1 00045830 00045766 000 343 43064.2088593056
25.11.2017 05:00:45 +00.04000E+00  0950 008418 1 00045831 00045766 000 375 43064.2088636458
25.11.2017 05:00:46 +00.04000E+00  0963 008418 1 00045832 00045766 000 343 43064.2088676157
25.11.2017 05:00:46 +00.04000E+00  0979 008418 1 00045833 00045766 000 343 43064.2088715857
25.11.2017 05:00:46 +00.04000E+00  0999 008418 1 00045834 00045766 000 343 43064.2088755556
25.11.2017 05:00:47 +00.04000E+00  1016 008418 1 00045835 00045766 000 377 43064.208879919
25.11.2017 05:00:47 +00.04000E+00  1036 008418 1 00045836 00045766 000 340 43064.2088838542
25.11.2017 05:00:47 +00.04000E+00  1049 008418 1 00045837 00045766 000 342 43064.2088878241
25.11.2017 05:00:48 +00.04000E+00  1063 008418 1 00045838 00045766 000 343 43064.2088918056
25.11.2017 05:00:48 +00.04000E+00  1076 008418 1 00045839 00045766 000 377 43064.208896169
25.11.2017 05:00:48 +00.04000E+00  1093 008418 1 00045840 00045766 000 341 43064.2089001273
25.11.2017 05:00:49 +00.04000E+00  1107 008418 1 00045841 00045766 000 341 43064.2089040741
25.11.2017 05:00:49 +00.04000E+00  1124 008418 1 00045842 00045766 000 343 43064.208908044
25.11.2017 05:00:50 +00.04000E+00  1135 008418 1 00045843 00045766 000 378 43064.2089124306
25.11.2017 05:00:50 +00.04000E+00  1156 008418 1 00045844 00045766 000 344 43064.2089164236
25.11.2017 05:00:50 +00.04000E+00  1170 008418 1 00045845 00045766 000 343 43064.2089203935
25.11.2017 05:00:51 +00.04000E+00  1189 008418 1 00045846 00045766 000 342 43064.2089243634
25.11.2017 05:00:51 +00.04000E+00  1207 008418 1 00045847 00045766 000 373 43064.2089286921
25.11.2017 05:00:51 +00.04000E+00  1221 008418 1 00045848 00045766 000 343 43064.2089326736
25.11.2017 05:00:52 +00.04000E+00  1229 008418 1 00045849 00045766 000 344 43064.2089366551
25.11.2017 05:00:52 +00.04000E+00  1246 008418 1 00045850 00045766 000 342 43064.2089406134
25.11.2017 05:00:52 +00.04000E+00  1259 008418 1 00045851 00045766 000 375 43064.2089449537
25.11.2017 05:00:53 +00.04000E+00  1276 008418 1 00045852 00045766 000 342 43064.2089489236
25.11.2017 05:00:58 +00.04009E+00  0015 008438 1 00045853 00045853 000 378 43064.2090100116
25.11.2017 05:00:58 +00.04010E+00  0029 008438 1 00045854 00045853 000 340 43064.2090139468
25.11.2017 05:00:59 +00.04009E+00  0047 008438 1 00045855 00045853 000 341 43064.2090179051
25.11.2017 05:00:59 +00.04009E+00  0071 008438 1 00045856 00045853 000 342 43064.209021875
25.11.2017 05:00:59 +00.04009E+00  0082 008438 1 00045857 00045853 000 379 43064.2090262732
25.11.2017 05:01:00 +00.04009E+00  0097 008438 1 00045858 00045853 000 344 43064.2090302546
25.11.2017 05:01:00 +00.04010E+00  0120 008438 1 00045859 00045853 000 342 43064.2090342245
25.11.2017 05:01:00 +00.04009E+00  0145 008438 1 00045860 00045853 000 343 43064.209038206
25.11.2017 05:01:01 +00.04009E+00  0159 008438 1 00045861 00045853 000 374 43064.2090425347
25.11.2017 05:01:01 +00.04009E+00  0178 008438 1 00045862 00045853 000 343 43064.2090465046
25.11.2017 05:01:01 +00.04010E+00  0192 008438 1 00045863 00045853 000 342 43064.2090504745
25.11.2017 05:01:02 +00.04010E+00  0207 008438 1 00045864 00045853 000 342 43064.2090544444
25.11.2017 05:01:02 +00.04009E+00  0228 008438 1 00045865 00045853 000 374 43064.2090587847
25.11.2017 05:01:03 +00.04010E+00  0247 008438 1 00045866 00045853 000 342 43064.2090627546
25.11.2017 05:01:03 +00.04010E+00  0269 008438 1 00045867 00045853 000 343 43064.2090667245
25.11.2017 05:01:03 +00.04010E+00  0283 008438 1 00045868 00045853 000 343 43064.2090706944
25.11.2017 05:01:04 +00.04009E+00  0299 008438 1 00045869 00045853 000 377 43064.2090750579
25.11.2017 05:01:04 +00.04009E+00  0311 008438 1 00045870 00045853 000 340 43064.2090790046
25.11.2017 05:01:04 +00.04009E+00  0325 008438 1 00045871 00045853 000 342 43064.2090829745
25.11.2017 05:01:05 +00.04009E+00  0334 008438 1 00045872 00045853 000 343 43064.2090869444
25.11.2017 05:01:05 +00.04010E+00  0347 008438 1 00045873 00045853 000 378 43064.2090913194
25.11.2017 05:01:05 +00.04010E+00  0363 008438 1 00045874 00045853 000 341 43064.2090952662
25.11.2017 05:01:06 +00.04009E+00  0383 008438 1 00045875 00045853 000 342 43064.2090992245
25.11.2017 05:01:06 +00.04009E+00  0391 008438 1 00045876 00045853 000 343 43064.2091031944
25.11.2017 05:01:06 +00.04010E+00  0409 008438 1 00045877 00045853 000 379 43064.209107581
25.11.2017 05:01:07 +00.04009E+00  0428 008438 1 00045878 00045853 000 345 43064.2091115741
25.11.2017 05:01:07 +00.04009E+00  0451 008438 1 00045879 00045853 000 343 43064.209115544
25.11.2017 05:01:07 +00.04009E+00  0470 008438 1 00045880 00045853 000 343 43064.2091195139
25.11.2017 05:01:08 +00.04010E+00  0486 008438 1 00045881 00045853 000 374 43064.2091238426
25.11.2017 05:01:08 +00.04009E+00  0507 008438 1 00045882 00045853 000 344 43064.2091278241
25.11.2017 05:01:08 +00.04010E+00  0518 008438 1 00045883 00045853 000 343 43064.209131794
25.11.2017 05:01:09 +00.04010E+00  0539 008438 1 00045884 00045853 000 342 43064.2091357523
25.11.2017 05:01:09 +00.04010E+00  0552 008438 1 00045885 00045853 000 375 43064.2091401042
25.11.2017 05:01:10 +00.04010E+00  0566 008438 1 00045886 00045853 000 342 43064.2091440625
25.11.2017 05:01:10 +00.04009E+00  0588 008438 1 00045887 00045853 000 342 43064.2091480324
25.11.2017 05:01:10 +00.04009E+00  0597 008438 1 00045888 00045853 000 342 43064.2091520023
25.11.2017 05:01:11 +00.04009E+00  0613 008438 1 00045889 00045853 000 375 43064.2091563542
25.11.2017 05:01:11 +00.04009E+00  0623 008438 1 00045890 00045853 000 341 43064.2091603125
25.11.2017 05:01:11 +00.04009E+00  0633 008438 1 00045891 00045853 000 344 43064.209164294
25.11.2017 05:01:12 +00.04009E+00  0652 008438 1 00045892 00045853 000 342 43064.2091682523
25.11.2017 05:01:12 +00.04010E+00  0671 008438 1 00045893 00045853 000 377 43064.2091726273
25.11.2017 05:01:12 +00.04010E+00  0685 008438 1 00045894 00045853 000 340 43064.2091765741
25.11.2017 05:01:13 +00.04009E+00  0690 008438 1 00045895 00045853 000 341 43064.2091805324
25.11.2017 05:01:13 +00.04010E+00  0700 008438 1 00045896 00045853 000 343 43064.2091845023
25.11.2017 05:01:13 +00.04010E+00  0721 008438 1 00045897 00045853 000 379 43064.2091888889
25.11.2017 05:01:14 +00.04010E+00  0742 008438 1 00045898 00045853 000 340 43064.2091928241
25.11.2017 05:01:14 +00.04010E+00  0755 008438 1 00045899 00045853 000 341 43064.2091967824
25.11.2017 05:01:14 +00.04009E+00  0762 008438 1 00045900 00045853 000 343 43064.2092007523
25.11.2017 05:01:15 +00.04010E+00  0782 008438 1 00045901 00045853 000 380 43064.2092051505
25.11.2017 05:01:15 +00.04010E+00  0797 008438 1 00045902 00045853 000 344 43064.2092091319
25.11.2017 05:01:16 +00.04010E+00  0813 008438 1 00045903 00045853 000 343 43064.2092131019
25.11.2017 05:01:16 +00.04010E+00  0823 008438 1 00045904 00045853 000 343 43064.2092170718
25.11.2017 05:01:16 +00.04009E+00  0839 008438 1 00045905 00045853 000 375 43064.209221412
25.11.2017 05:01:17 +00.04009E+00  0857 008438 1 00045906 00045853 000 342 43064.2092253704
25.11.2017 05:01:17 +00.04009E+00  0871 008438 1 00045907 00045853 000 343 43064.2092293519
25.11.2017 05:01:17 +00.04009E+00  0885 008438 1 00045908 00045853 000 343 43064.2092333218
25.11.2017 05:01:18 +00.04009E+00  0903 008438 1 00045909 00045853 000 376 43064.2092376736
25.11.2017 05:01:18 +00.04010E+00  0915 008438 1 00045910 00045853 000 341 43064.2092416204
25.11.2017 05:01:18 +00.04009E+00  0924 008438 1 00045911 00045853 000 342 43064.2092455903
25.11.2017 05:01:19 +00.04010E+00  0935 008438 1 00045912 00045853 000 342 43064.2092495602
25.11.2017 05:01:19 +00.04010E+00  0951 008438 1 00045913 00045853 000 377 43064.2092539352
25.11.2017 05:01:19 +00.04010E+00  0962 008438 1 00045914 00045853 000 340 43064.2092578819
25.11.2017 05:01:20 +00.04010E+00  0983 008438 1 00045915 00045853 000 341 43064.2092618403
25.11.2017 05:01:20 +00.04010E+00  0990 008438 1 00045916 00045853 000 342 43064.2092658102
25.11.2017 05:01:20 +00.04009E+00  1007 008438 1 00045917 00045853 000 378 43064.2092701968
25.11.2017 05:01:21 +00.04009E+00  1022 008438 1 00045918 00045853 000 340 43064.2092741319
25.11.2017 05:01:21 +00.04010E+00  1034 008438 1 00045919 00045853 000 341 43064.2092780903
25.11.2017 05:01:21 +00.04010E+00  1049 008438 1 00045920 00045853 000 343 43064.2092820602
25.11.2017 05:01:22 +00.04010E+00  1057 008438 1 00045921 00045853 000 380 43064.2092864583
25.11.2017 05:01:22 +00.04010E+00  1077 008438 1 00045922 00045853 000 344 43064.2092904398
25.11.2017 05:01:23 +00.04010E+00  1093 008438 1 00045923 00045853 000 342 43064.2092944097
25.11.2017 05:01:23 +00.04010E+00  1108 008438 1 00045924 00045853 000 343 43064.2092983796
25.11.2017 05:01:23 +00.04009E+00  1122 008438 1 00045925 00045853 000 375 43064.2093027199
25.11.2017 05:01:24 +00.04010E+00  1147 008438 1 00045926 00045853 000 342 43064.2093066898
25.11.2017 05:01:24 +00.04009E+00  1170 008438 1 00045927 00045853 000 343 43064.2093106597
25.11.2017 05:01:24 +00.04010E+00  1185 008438 1 00045928 00045853 000 343 43064.2093146296
25.11.2017 05:01:25 +00.04010E+00  1201 008438 1 00045929 00045853 000 376 43064.2093189815
25.11.2017 05:01:25 +00.04010E+00  1214 008438 1 00045930 00045853 000 342 43064.2093229398
25.11.2017 05:01:25 +00.04009E+00  1222 008438 1 00045931 00045853 000 343 43064.2093269097
25.11.2017 05:01:26 +00.04010E+00  1240 008438 1 00045932 00045853 000 343 43064.2093308796
25.11.2017 05:01:26 +00.04010E+00  1254 008438 1 00045933 00045853 000 377 43064.2093352431
25.11.2017 05:01:26 +00.04010E+00  1270 008438 1 00045934 00045853 000 340 43064.2093391782
25.11.2017 05:01:27 +00.04009E+00  1286 008438 1 00045935 00045853 000 342 43064.2093431481
25.11.2017 05:01:27 +00.04009E+00  1302 008438 1 00045936 00045853 000 343 43064.2093471296
25.11.2017 05:01:27 +00.04009E+00  1321 008438 1 00045937 00045853 000 378 43064.2093515046
25.11.2017 05:01:28 +00.04009E+00  1337 008438 1 00045938 00045853 000 340 43064.2093554398
25.11.2017 05:01:28 +00.04009E+00  1350 008438 1 00045939 00045853 000 342 43064.2093593981
25.11.2017 05:01:28 +00.04010E+00  1366 008438 1 00045940 00045853 000 342 43064.2093633681
25.11.2017 05:01:34 +00.04020E+00  0012 008460 1 00045941 00045941 000 343 43064.2094239815
25.11.2017 05:01:34 +00.04020E+00  0023 008460 1 00045942 00045941 000 343 43064.2094279514
25.11.2017 05:01:34 +00.04020E+00  0036 008460 1 00045943 00045941 000 420 43064.2094328125
25.11.2017 05:01:35 +00.04020E+00  0054 008460 1 00045944 00045941 000 342 43064.2094367708
25.11.2017 05:01:35 +00.04020E+00  0069 008460 1 00045945 00045941 000 343 43064.2094407407
25.11.2017 05:01:36 +00.04020E+00  0080 008460 1 00045946 00045941 000 343 43064.2094447107
25.11.2017 05:01:36 +00.04020E+00  0092 008460 1 00045947 00045941 000 377 43064.2094490741
25.11.2017 05:01:36 +00.04020E+00  0110 008460 1 00045948 00045941 000 341 43064.2094530208
25.11.2017 05:01:37 +00.04020E+00  0128 008460 1 00045949 00045941 000 343 43064.2094569907
25.11.2017 05:01:37 +00.04020E+00  0143 008460 1 00045950 00045941 000 343 43064.2094609607
25.11.2017 05:01:37 +00.04020E+00  0153 008460 1 00045951 00045941 000 378 43064.2094653356
25.11.2017 05:01:38 +00.04020E+00  0168 008460 1 00045952 00045941 000 340 43064.2094692708
25.11.2017 05:01:38 +00.04020E+00  0184 008460 1 00045953 00045941 000 341 43064.2094732292
25.11.2017 05:01:38 +00.04020E+00  0196 008460 1 00045954 00045941 000 343 43064.2094772107
25.11.2017 05:01:39 +00.04020E+00  0204 008460 1 00045955 00045941 000 380 43064.2094816088
25.11.2017 05:01:39 +00.04020E+00  0223 008460 1 00045956 00045941 000 344 43064.2094855903
25.11.2017 05:01:39 +00.04020E+00  0240 008460 1 00045957 00045941 000 343 43064.2094895602
25.11.2017 05:01:40 +00.04020E+00  0255 008460 1 00045958 00045941 000 343 43064.2094935301
25.11.2017 05:01:40 +00.04020E+00  0267 008460 1 00045959 00045941 000 375 43064.2094978704
25.11.2017 05:01:40 +00.04020E+00  0281 008460 1 00045960 00045941 000 343 43064.2095018403
25.11.2017 05:01:41 +00.04020E+00  0297 008460 1 00045961 00045941 000 342 43064.2095057986
25.11.2017 05:01:41 +00.04020E+00  0315 008460 1 00045962 00045941 000 342 43064.2095097685
25.11.2017 05:01:42 +00.04020E+00  0325 008460 1 00045963 00045941 000 375 43064.2095141204
25.11.2017 05:01:42 +00.04020E+00  0339 008460 1 00045964 00045941 000 342 43064.2095180787
25.11.2017 05:01:42 +00.04020E+00  0355 008460 1 00045965 00045941 000 344 43064.2095220602
25.11.2017 05:01:43 +00.04020E+00  0368 008460 1 00045966 00045941 000 342 43064.2095260185
25.11.2017 05:01:43 +00.04020E+00  0382 008460 1 00045967 00045941 000 376 43064.2095303819
25.11.2017 05:01:43 +00.04020E+00  0396 008460 1 00045968 00045941 000 340 43064.2095343287
25.11.2017 05:01:44 +00.04020E+00  0408 008460 1 00045969 00045941 000 342 43064.2095382986
25.11.2017 05:01:44 +00.04020E+00  0426 008460 1 00045970 00045941 000 343 43064.2095422685
25.11.2017 05:01:44 +00.04020E+00  0438 008460 1 00045971 00045941 000 378 43064.2095466435
25.11.2017 05:01:45 +00.04020E+00  0457 008460 1 00045972 00045941 000 340 43064.2095505903
25.11.2017 05:01:45 +00.04020E+00  0464 008460 1 00045973 00045941 000 341 43064.2095545486
25.11.2017 05:01:45 +00.04020E+00  0479 008460 1 00045974 00045941 000 343 43064.2095585185
25.11.2017 05:01:46 +00.04020E+00  0499 008460 1 00045975 00045941 000 379 43064.2095629051
25.11.2017 05:01:46 +00.04020E+00  0514 008460 1 00045976 00045941 000 340 43064.2095668403
25.11.2017 05:01:46 +00.04020E+00  0525 008460 1 00045977 00045941 000 341 43064.2095707986
25.11.2017 05:01:47 +00.04020E+00  0541 008460 1 00045978 00045941 000 343 43064.2095747685
25.11.2017 05:01:47 +00.04020E+00  0555 008460 1 00045979 00045941 000 381 43064.2095791782
25.11.2017 05:01:47 +00.04020E+00  0576 008460 1 00045980 00045941 000 343 43064.2095831481
25.11.2017 05:01:48 +00.04020E+00  0590 008460 1 00045981 00045941 000 343 43064.2095871181
25.11.2017 05:01:48 +00.04020E+00  0609 008460 1 00045982 00045941 000 343 43064.209591088
25.11.2017 05:01:49 +00.04020E+00  0629 008460 1 00045983 00045941 000 376 43064.2095954398
25.11.2017 05:01:49 +00.04020E+00  0641 008460 1 00045984 00045941 000 341 43064.2095993866
25.11.2017 05:01:49 +00.04020E+00  0656 008460 1 00045985 00045941 000 342 43064.2096033565
25.11.2017 05:01:50 +00.04020E+00  0668 008460 1 00045986 00045941 000 342 43064.2096073264
25.11.2017 05:01:50 +00.04020E+00  0681 008460 1 00045987 00045941 000 377 43064.2096117014
25.11.2017 05:01:50 +00.04020E+00  0695 008460 1 00045988 00045941 000 340 43064.2096156366
25.11.2017 05:01:51 +00.04020E+00  0711 008460 1 00045989 00045941 000 342 43064.2096196065
25.11.2017 05:01:51 +00.04020E+00  0722 008460 1 00045990 00045941 000 342 43064.2096235764
25.11.2017 05:01:51 +00.04020E+00  0741 008460 1 00045991 00045941 000 378 43064.209627963
25.11.2017 05:01:52 +00.04020E+00  0763 008460 1 00045992 00045941 000 340 43064.2096318981
25.11.2017 05:01:52 +00.04020E+00  0778 008460 1 00045993 00045941 000 341 43064.2096358565
25.11.2017 05:01:52 +00.04020E+00  0790 008460 1 00045994 00045941 000 343 43064.2096398264
25.11.2017 05:01:53 +00.04020E+00  0801 008460 1 00045995 00045941 000 378 43064.209644213
25.11.2017 05:01:53 +00.04020E+00  0814 008460 1 00045996 00045941 000 344 43064.209648206
25.11.2017 05:01:53 +00.04020E+00  0826 008460 1 00045997 00045941 000 342 43064.2096521759
25.11.2017 05:01:54 +00.04020E+00  0840 008460 1 00045998 00045941 000 342 43064.2096561458
25.11.2017 05:01:54 +00.04020E+00  0854 008460 1 00045999 00045941 000 373 43064.2096604745
25.11.2017 05:01:55 +00.04020E+00  0869 008460 1 00046000 00045941 000 343 43064.209664456
25.11.2017 05:01:55 +00.04020E+00  0888 008460 1 00046001 00045941 000 343 43064.2096684259
25.11.2017 05:01:55 +00.04020E+00  0901 008460 1 00046002 00045941 000 343 43064.2096723958
25.11.2017 05:01:56 +00.04020E+00  0914 008460 1 00046003 00045941 000 376 43064.2096767477
25.11.2017 05:01:56 +00.04020E+00  0935 008460 1 00046004 00045941 000 342 43064.209680706
25.11.2017 05:01:56 +00.04020E+00  0954 008460 1 00046005 00045941 000 343 43064.2096846759
25.11.2017 05:01:57 +00.04020E+00  0964 008460 1 00046006 00045941 000 343 43064.2096886458
25.11.2017 05:01:57 +00.04020E+00  0977 008460 1 00046007 00045941 000 377 43064.2096930093
25.11.2017 05:01:57 +00.04020E+00  0992 008460 1 00046008 00045941 000 340 43064.2096969444
25.11.2017 05:01:58 +00.04020E+00  1003 008460 1 00046009 00045941 000 343 43064.2097009259
25.11.2017 05:01:58 +00.04020E+00  1014 008460 1 00046010 00045941 000 343 43064.2097048958
25.11.2017 05:01:58 +00.04020E+00  1031 008460 1 00046011 00045941 000 378 43064.2097092708
25.11.2017 05:01:59 +00.04020E+00  1051 008460 1 00046012 00045941 000 340 43064.209713206
25.11.2017 05:01:59 +00.04020E+00  1066 008460 1 00046013 00045941 000 341 43064.2097171644
25.11.2017 05:01:59 +00.04020E+00  1082 008460 1 00046014 00045941 000 342 43064.2097211343
25.11.2017 05:02:00 +00.04020E+00  1095 008460 1 00046015 00045941 000 378 43064.2097255208
25.11.2017 05:02:00 +00.04020E+00  1106 008460 1 00046016 00045941 000 344 43064.2097295139
25.11.2017 05:02:00 +00.04020E+00  1130 008460 1 00046017 00045941 000 342 43064.2097334838
25.11.2017 05:02:01 +00.04020E+00  1144 008460 1 00046018 00045941 000 342 43064.2097374537
25.11.2017 05:02:01 +00.04020E+00  1158 008460 1 00046019 00045941 000 374 43064.209741794
25.11.2017 05:02:02 +00.04020E+00  1171 008460 1 00046020 00045941 000 343 43064.2097457639
25.11.2017 05:02:02 +00.04020E+00  1187 008460 1 00046021 00045941 000 343 43064.2097497338
25.11.2017 05:02:02 +00.04020E+00  1200 008460 1 00046022 00045941 000 342 43064.2097537037
25.11.2017 05:02:03 +00.04020E+00  1212 008460 1 00046023 00045941 000 375 43064.2097580556
25.11.2017 05:02:03 +00.04020E+00  1229 008460 1 00046024 00045941 000 342 43064.2097620139
25.11.2017 05:02:03 +00.04020E+00  1254 008460 1 00046025 00045941 000 343 43064.2097659838
25.11.2017 05:02:04 +00.04020E+00  1267 008460 1 00046026 00045941 000 343 43064.2097699537
25.11.2017 05:02:04 +00.04020E+00  1288 008460 1 00046027 00045941 000 377 43064.2097743171
25.11.2017 05:02:09 +00.04030E+00  0004 008480 1 00046028 00046028 000 343 43064.2098347569
25.11.2017 05:02:10 +00.04029E+00  0017 008480 1 00046029 00046028 000 398 43064.2098393634
25.11.2017 05:02:10 +00.04029E+00  0028 008480 1 00046030 00046028 000 345 43064.2098433565
25.11.2017 05:02:10 +00.04029E+00  0040 008480 1 00046031 00046028 000 343 43064.2098473264
25.11.2017 05:02:11 +00.04030E+00  0054 008480 1 00046032 00046028 000 343 43064.2098512963
25.11.2017 05:02:11 +00.04029E+00  0071 008480 1 00046033 00046028 000 374 43064.209855625
25.11.2017 05:02:11 +00.04030E+00  0086 008480 1 00046034 00046028 000 344 43064.2098596065
25.11.2017 05:02:12 +00.04030E+00  0100 008480 1 00046035 00046028 000 343 43064.2098635764
25.11.2017 05:02:12 +00.04030E+00  0109 008480 1 00046036 00046028 000 343 43064.2098675463
25.11.2017 05:02:12 +00.04030E+00  0126 008480 1 00046037 00046028 000 375 43064.2098718866
25.11.2017 05:02:13 +00.04030E+00  0138 008480 1 00046038 00046028 000 342 43064.2098758449
25.11.2017 05:02:13 +00.04030E+00  0150 008480 1 00046039 00046028 000 342 43064.2098798148
25.11.2017 05:02:13 +00.04030E+00  0176 008480 1 00046040 00046028 000 343 43064.2098837963
25.11.2017 05:02:14 +00.04030E+00  0187 008480 1 00046041 00046028 000 375 43064.2098881366
25.11.2017 05:02:14 +00.04029E+00  0194 008480 1 00046042 00046028 000 341 43064.2098920949
25.11.2017 05:02:15 +00.04029E+00  0205 008482 1 00046043 00046028 000 342 43064.2098960648
25.11.2017 05:02:15 +00.04030E+00  0220 008482 1 00046044 00046028 000 343 43064.2099000347
25.11.2017 05:02:15 +00.04030E+00  0233 008482 1 00046045 00046028 000 377 43064.2099044097
25.11.2017 05:02:16 +00.04030E+00  0248 008482 1 00046046 00046028 000 340 43064.2099083449
25.11.2017 05:02:16 +00.04030E+00  0266 008482 1 00046047 00046028 000 342 43064.2099123148
25.11.2017 05:02:16 +00.04030E+00  0282 008482 1 00046048 00046028 000 343 43064.2099162847
25.11.2017 05:02:17 +00.04031E+00  0296 008482 1 00046049 00046028 000 379 43064.2099206713
25.11.2017 05:02:17 +00.04031E+00  0309 008482 1 00046050 00046028 000 340 43064.2099246065
25.11.2017 05:02:17 +00.04031E+00  0321 008482 1 00046051 00046028 000 341 43064.2099285648
25.11.2017 05:02:18 +00.04030E+00  0336 008482 1 00046052 00046028 000 343 43064.2099325347
25.11.2017 05:02:18 +00.04030E+00  0348 008482 1 00046053 00046028 000 380 43064.2099369329
25.11.2017 05:02:18 +00.04030E+00  0372 008482 1 00046054 00046028 000 344 43064.2099409143
25.11.2017 05:02:19 +00.04030E+00  0388 008482 1 00046055 00046028 000 343 43064.2099448843
25.11.2017 05:02:19 +00.04030E+00  0405 008482 1 00046056 00046028 000 343 43064.2099488542
25.11.2017 05:02:19 +00.04030E+00  0414 008482 1 00046057 00046028 000 375 43064.2099531944
25.11.2017 05:02:20 +00.04030E+00  0427 008482 1 00046058 00046028 000 343 43064.2099571643
25.11.2017 05:02:20 +00.04030E+00  0434 008482 1 00046059 00046028 000 343 43064.2099611343
25.11.2017 05:02:20 +00.04030E+00  0440 008482 1 00046060 00046028 000 343 43064.2099651042
25.11.2017 05:02:21 +00.04031E+00  0457 008482 1 00046061 00046028 000 376 43064.209969456
25.11.2017 05:02:21 +00.04031E+00  0473 008482 1 00046062 00046028 000 341 43064.2099734028
25.11.2017 05:02:22 +00.04031E+00  0483 008482 1 00046063 00046028 000 343 43064.2099773843
25.11.2017 05:02:22 +00.04031E+00  0495 008482 1 00046064 00046028 000 342 43064.2099813542
25.11.2017 05:02:22 +00.04030E+00  0508 008482 1 00046065 00046028 000 377 43064.2099857176
25.11.2017 05:02:23 +00.04031E+00  0532 008482 1 00046066 00046028 000 340 43064.2099896528
25.11.2017 05:02:23 +00.04031E+00  0550 008482 1 00046067 00046028 000 342 43064.2099936227
25.11.2017 05:02:23 +00.04031E+00  0555 008482 1 00046068 00046028 000 343 43064.2099975926
25.11.2017 05:02:24 +00.04031E+00  0567 008482 1 00046069 00046028 000 378 43064.2100019792
25.11.2017 05:02:24 +00.04030E+00  0580 008482 1 00046070 00046028 000 344 43064.2100059722
25.11.2017 05:02:24 +00.04031E+00  0594 008482 1 00046071 00046028 000 343 43064.2100099421
25.11.2017 05:02:25 +00.04031E+00  0606 008482 1 00046072 00046028 000 342 43064.210013912
25.11.2017 05:02:25 +00.04030E+00  0626 008480 1 00046073 00046028 000 373 43064.2100182407
25.11.2017 05:02:25 +00.04030E+00  0639 008480 1 00046074 00046028 000 343 43064.2100222222
25.11.2017 05:02:26 +00.04030E+00  0655 008480 1 00046075 00046028 000 343 43064.2100261921
25.11.2017 05:02:26 +00.04030E+00  0667 008480 1 00046076 00046028 000 343 43064.210030162
25.11.2017 05:02:26 +00.04029E+00  0678 008480 1 00046077 00046028 000 375 43064.2100345023
25.11.2017 05:02:27 +00.04029E+00  0693 008480 1 00046078 00046028 000 342 43064.2100384722
25.11.2017 05:02:27 +00.04029E+00  0711 008480 1 00046079 00046028 000 343 43064.2100424421
25.11.2017 05:02:28 +00.04030E+00  0721 008480 1 00046080 00046028 000 343 43064.210046412
25.11.2017 05:02:28 +00.04029E+00  0735 008480 1 00046081 00046028 000 376 43064.2100507639
25.11.2017 05:02:28 +00.04030E+00  0748 008480 1 00046082 00046028 000 342 43064.2100547222
25.11.2017 05:02:29 +00.04030E+00  0763 008480 1 00046083 00046028 000 343 43064.2100586921
25.11.2017 05:02:29 +00.04029E+00  0776 008480 1 00046084 00046028 000 343 43064.210062662
25.11.2017 05:02:29 +00.04029E+00  0798 008480 1 00046085 00046028 000 377 43064.2100670255
25.11.2017 05:02:30 +00.04029E+00  0812 008480 1 00046086 00046028 000 340 43064.2100709606
25.11.2017 05:02:30 +00.04030E+00  0824 008480 1 00046087 00046028 000 343 43064.2100749421
25.11.2017 05:02:30 +00.04029E+00  0841 008480 1 00046088 00046028 000 342 43064.210078912
25.11.2017 05:02:31 +00.04029E+00  0857 008480 1 00046089 00046028 000 378 43064.210083287
25.11.2017 05:02:31 +00.04030E+00  0873 008480 1 00046090 00046028 000 340 43064.2100872222
25.11.2017 05:02:31 +00.04030E+00  0890 008480 1 00046091 00046028 000 341 43064.2100911806
25.11.2017 05:02:32 +00.04029E+00  0901 008480 1 00046092 00046028 000 342 43064.2100951505
25.11.2017 05:02:32 +00.04030E+00  0916 008480 1 00046093 00046028 000 379 43064.2100995486
25.11.2017 05:02:32 +00.04030E+00  0927 008480 1 00046094 00046028 000 343 43064.2101035301
25.11.2017 05:02:33 +00.04029E+00  0945 008480 1 00046095 00046028 000 342 43064.2101075
25.11.2017 05:02:33 +00.04030E+00  0953 008480 1 00046096 00046028 000 343 43064.2101114815
25.11.2017 05:02:34 +00.04029E+00  0960 008480 1 00046097 00046028 000 374 43064.2101158102
25.11.2017 05:02:34 +00.04030E+00  0975 008480 1 00046098 00046028 000 342 43064.2101197801
25.11.2017 05:02:34 +00.04029E+00  0992 008480 1 00046099 00046028 000 342 43064.21012375
25.11.2017 05:02:35 +00.04030E+00  1007 008480 1 00046100 00046028 000 342 43064.2101277199
25.11.2017 05:02:35 +00.04030E+00  1021 008480 1 00046101 00046028 000 376 43064.2101320718
25.11.2017 05:02:35 +00.04030E+00  1034 008480 1 00046102 00046028 000 341 43064.2101360301
25.11.2017 05:02:36 +00.04030E+00  1053 008480 1 00046103 00046028 000 343 43064.21014
25.11.2017 05:02:36 +00.04030E+00  1066 008480 1 00046104 00046028 000 343 43064.2101439699
25.11.2017 05:02:36 +00.04029E+00  1084 008480 1 00046105 00046028 000 377 43064.2101483333
25.11.2017 05:02:37 +00.04030E+00  1106 008480 1 00046106 00046028 000 341 43064.2101522801
25.11.2017 05:02:37 +00.04030E+00  1118 008480 1 00046107 00046028 000 342 43064.21015625
25.11.2017 05:02:37 +00.04029E+00  1130 008480 1 00046108 00046028 000 343 43064.2101602199
25.11.2017 05:02:38 +00.04029E+00  1145 008480 1 00046109 00046028 000 378 43064.2101645949
25.11.2017 05:02:38 +00.04029E+00  1160 008480 1 00046110 00046028 000 340 43064.2101685301
25.11.2017 05:02:38 +00.04029E+00  1180 008480 1 00046111 00046028 000 342 43064.2101725
25.11.2017 05:02:39 +00.04030E+00  1193 008480 1 00046112 00046028 000 343 43064.2101764699
25.11.2017 05:02:39 +00.04029E+00  1209 008480 1 00046113 00046028 000 379 43064.2101808565
25.11.2017 05:02:39 +00.04029E+00  1229 008480 1 00046114 00046028 000 345 43064.2101848495
25.11.2017 05:02:45 +00.04040E+00  0021 008503 1 00046115 00046115 000 381 43064.2102459028
25.11.2017 05:02:45 +00.04040E+00  0042 008503 1 00046116 00046115 000 342 43064.2102498611
25.11.2017 05:02:45 +00.04040E+00  0056 008503 1 00046117 00046115 000 342 43064.210253831
25.11.2017 05:02:46 +00.04040E+00  0068 008503 1 00046118 00046115 000 342 43064.2102578009
25.11.2017 05:02:46 +00.04040E+00  0078 008503 1 00046119 00046115 000 376 43064.2102621643
25.11.2017 05:02:46 +00.04040E+00  0093 008503 1 00046120 00046115 000 340 43064.2102661111
25.11.2017 05:02:47 +00.04040E+00  0108 008503 1 00046121 00046115 000 342 43064.210270081
25.11.2017 05:02:47 +00.04040E+00  0127 008503 1 00046122 00046115 000 343 43064.2102740509
25.11.2017 05:02:48 +00.04040E+00  0146 008503 1 00046123 00046115 000 377 43064.2102784259
25.11.2017 05:02:48 +00.04040E+00  0165 008503 1 00046124 00046115 000 340 43064.2102823727
25.11.2017 05:02:48 +00.04040E+00  0174 008503 1 00046125 00046115 000 341 43064.210286331
25.11.2017 05:02:49 +00.04040E+00  0188 008503 1 00046126 00046115 000 343 43064.2102903009
25.11.2017 05:02:49 +00.04040E+00  0196 008503 1 00046127 00046115 000 379 43064.2102946875
25.11.2017 05:02:49 +00.04041E+00  0213 008503 1 00046128 00046115 000 340 43064.2102986227
25.11.2017 05:02:50 +00.04041E+00  0221 008503 1 00046129 00046115 000 341 43064.210302581
25.11.2017 05:02:50 +00.04041E+00  0235 008501 1 00046130 00046115 000 343 43064.2103065509
25.11.2017 05:02:50 +00.04040E+00  0253 008501 1 00046131 00046115 000 381 43064.2103109606
25.11.2017 05:02:51 +00.04040E+00  0267 008501 1 00046132 00046115 000 343 43064.2103149306
25.11.2017 05:02:51 +00.04039E+00  0285 008501 1 00046133 00046115 000 343 43064.2103189005
25.11.2017 05:02:51 +00.04039E+00  0301 008501 1 00046134 00046115 000 343 43064.2103228704
25.11.2017 05:02:52 +00.04040E+00  0322 008501 1 00046135 00046115 000 376 43064.2103272222
25.11.2017 05:02:52 +00.04040E+00  0332 008501 1 00046136 00046115 000 342 43064.2103311806
25.11.2017 05:02:52 +00.04040E+00  0343 008501 1 00046137 00046115 000 342 43064.2103351389
25.11.2017 05:02:53 +00.04039E+00  0360 008501 1 00046138 00046115 000 343 43064.2103391204
25.11.2017 05:02:53 +00.04039E+00  0375 008501 1 00046139 00046115 000 376 43064.2103434722
25.11.2017 05:02:54 +00.04039E+00  0387 008501 1 00046140 00046115 000 341 43064.210347419
25.11.2017 05:02:54 +00.04039E+00  0400 008501 1 00046141 00046115 000 342 43064.2103513889
25.11.2017 05:02:54 +00.04039E+00  0419 008501 1 00046142 00046115 000 342 43064.2103553588
25.11.2017 05:02:55 +00.04039E+00  0433 008501 1 00046143 00046115 000 377 43064.2103597338
25.11.2017 05:02:55 +00.04039E+00  0452 008501 1 00046144 00046115 000 340 43064.2103636806
25.11.2017 05:02:55 +00.04039E+00  0472 008503 1 00046145 00046115 000 341 43064.2103676389
25.11.2017 05:02:56 +00.04040E+00  0482 008503 1 00046146 00046115 000 343 43064.2103716088
25.11.2017 05:02:56 +00.04040E+00  0500 008503 1 00046147 00046115 000 378 43064.2103759954
25.11.2017 05:02:56 +00.04040E+00  0514 008503 1 00046148 00046115 000 344 43064.2103799884
25.11.2017 05:02:57 +00.04040E+00  0524 008503 1 00046149 00046115 000 342 43064.2103839583
25.11.2017 05:02:57 +00.04040E+00  0542 008503 1 00046150 00046115 000 343 43064.2103879398
25.11.2017 05:02:57 +00.04040E+00  0556 008503 1 00046151 00046115 000 373 43064.2103922569
25.11.2017 05:02:58 +00.04041E+00  0569 008503 1 00046152 00046115 000 343 43064.2103962384
25.11.2017 05:02:58 +00.04041E+00  0585 008503 1 00046153 00046115 000 344 43064.2104002199
25.11.2017 05:02:58 +00.04041E+00  0600 008503 1 00046154 00046115 000 342 43064.2104041782
25.11.2017 05:02:59 +00.04040E+00  0609 008503 1 00046155 00046115 000 376 43064.2104085301
25.11.2017 05:02:59 +00.04041E+00  0621 008503 1 00046156 00046115 000 342 43064.2104124884
25.11.2017 05:02:59 +00.04040E+00  0629 008503 1 00046157 00046115 000 343 43064.2104164583
25.11.2017 05:03:00 +00.04040E+00  0644 008503 1 00046158 00046115 000 343 43064.2104204282
25.11.2017 05:03:00 +00.04040E+00  0656 008503 1 00046159 00046115 000 377 43064.2104247917
25.11.2017 05:03:01 +00.04041E+00  0664 008503 1 00046160 00046115 000 341 43064.2104287384
25.11.2017 05:03:01 +00.04041E+00  0676 008503 1 00046161 00046115 000 343 43064.2104327083
25.11.2017 05:03:01 +00.04040E+00  0684 008503 1 00046162 00046115 000 343 43064.2104366782
25.11.2017 05:03:02 +00.04040E+00  0701 008503 1 00046163 00046115 000 378 43064.2104410532
25.11.2017 05:03:02 +00.04040E+00  0720 008503 1 00046164 00046115 000 340 43064.2104449884
25.11.2017 05:03:02 +00.04040E+00  0734 008503 1 00046165 00046115 000 341 43064.2104489468
25.11.2017 05:03:03 +00.04040E+00  0746 008503 1 00046166 00046115 000 342 43064.2104529167
25.11.2017 05:03:03 +00.04040E+00  0759 008503 1 00046167 00046115 000 379 43064.2104573148
25.11.2017 05:03:03 +00.04041E+00  0778 008503 1 00046168 00046115 000 345 43064.2104613079
25.11.2017 05:03:04 +00.04040E+00  0807 008503 1 00046169 00046115 000 343 43064.2104652778
25.11.2017 05:03:04 +00.04041E+00  0827 008503 1 00046170 00046115 000 343 43064.2104692477
25.11.2017 05:03:04 +00.04040E+00  0843 008503 1 00046171 00046115 000 374 43064.2104735764
25.11.2017 05:03:05 +00.04041E+00  0862 008503 1 00046172 00046115 000 344 43064.2104775579
25.11.2017 05:03:05 +00.04041E+00  0878 008503 1 00046173 00046115 000 342 43064.2104815162
25.11.2017 05:03:05 +00.04041E+00  0890 008503 1 00046174 00046115 000 342 43064.2104854861
25.11.2017 05:03:06 +00.04041E+00  0902 008501 1 00046175 00046115 000 374 43064.2104898264
25.11.2017 05:03:06 +00.04040E+00  0916 008501 1 00046176 00046115 000 342 43064.2104937963
25.11.2017 05:03:07 +00.04040E+00  0926 008501 1 00046177 00046115 000 343 43064.2104977662
25.11.2017 05:03:07 +00.04040E+00  0942 008501 1 00046178 00046115 000 342 43064.2105017361
25.11.2017 05:03:07 +00.04039E+00  0960 008501 1 00046179 00046115 000 376 43064.210506088
25.11.2017 05:03:08 +00.04039E+00  0975 008501 1 00046180 00046115 000 341 43064.2105100463
25.11.2017 05:03:08 +00.04040E+00  0997 008501 1 00046181 00046115 000 343 43064.2105140162
25.11.2017 05:03:08 +00.04040E+00  1011 008501 1 00046182 00046115 000 343 43064.2105179861
25.11.2017 05:03:09 +00.04039E+00  1025 008501 1 00046183 00046115 000 378 43064.2105223611
25.11.2017 05:03:09 +00.04040E+00  1038 008501 1 00046184 00046115 000 340 43064.2105262963
25.11.2017 05:03:09 +00.04039E+00  1054 008501 1 00046185 00046115 000 343 43064.2105302662
25.11.2017 05:03:10 +00.04040E+00  1067 008501 1 00046186 00046115 000 343 43064.2105342361
25.11.2017 05:03:10 +00.04040E+00  1084 008501 1 00046187 00046115 000 379 43064.2105386227
25.11.2017 05:03:10 +00.04040E+00  1098 008501 1 00046188 00046115 000 345 43064.2105426157
25.11.2017 05:03:11 +00.04039E+00  1111 008501 1 00046189 00046115 000 343 43064.2105465857
25.11.2017 05:03:11 +00.04040E+00  1124 008503 1 00046190 00046115 000 343 43064.2105505556
25.11.2017 05:03:11 +00.04040E+00  1141 008503 1 00046191 00046115 000 374 43064.2105548843
25.11.2017 05:03:12 +00.04040E+00  1156 008503 1 00046192 00046115 000 343 43064.2105588542
25.11.2017 05:03:12 +00.04041E+00  1170 008503 1 00046193 00046115 000 343 43064.2105628357
25.11.2017 05:03:12 +00.04040E+00  1186 008503 1 00046194 00046115 000 343 43064.2105668056
25.11.2017 05:03:13 +00.04040E+00  1198 008503 1 00046195 00046115 000 375 43064.2105711458
25.11.2017 05:03:13 +00.04040E+00  1208 008503 1 00046196 00046115 000 342 43064.2105751042
25.11.2017 05:03:14 +00.04040E+00  1223 008503 1 00046197 00046115 000 342 43064.2105790741
25.11.2017 05:03:14 +00.04040E+00  1234 008503 1 00046198 00046115 000 342 43064.210583044
25.11.2017 05:03:14 +00.04040E+00  1248 008503 1 00046199 00046115 000 375 43064.2105873958
25.11.2017 05:03:15 +00.04040E+00  1260 008503 1 00046200 00046115 000 341 43064.2105913542
25.11.2017 05:03:15 +00.04041E+00  1273 008503 1 00046201 00046115 000 343 43064.2105953241
25.11.2017 05:03:20 +00.04050E+00  0015 008523 1 00046202 00046202 000 380 43064.210655706
25.11.2017 05:03:20 +00.04050E+00  0031 008523 1 00046203 00046202 000 344 43064.2106596875
25.11.2017 05:03:21 +00.04050E+00  0050 008523 1 00046204 00046202 000 343 43064.2106636574
25.11.2017 05:03:21 +00.04050E+00  0063 008523 1 00046205 00046202 000 343 43064.2106676273
25.11.2017 05:03:22 +00.04050E+00  0073 008523 1 00046206 00046202 000 375 43064.2106719676
25.11.2017 05:03:22 +00.04050E+00  0096 008523 1 00046207 00046202 000 343 43064.2106759375
25.11.2017 05:03:22 +00.04050E+00  0105 008523 1 00046208 00046202 000 343 43064.2106799074
25.11.2017 05:03:23 +00.04050E+00  0120 008523 1 00046209 00046202 000 343 43064.2106838773
25.11.2017 05:03:23 +00.04050E+00  0132 008523 1 00046210 00046202 000 376 43064.2106882292
25.11.2017 05:03:23 +00.04050E+00  0146 008523 1 00046211 00046202 000 341 43064.2106921759
25.11.2017 05:03:24 +00.04050E+00  0167 008523 1 00046212 00046202 000 342 43064.2106961458
25.11.2017 05:03:24 +00.04050E+00  0175 008523 1 00046213 00046202 000 343 43064.2107001273
25.11.2017 05:03:24 +00.04050E+00  0189 008523 1 00046214 00046202 000 377 43064.2107044907
25.11.2017 05:03:25 +00.04050E+00  0203 008523 1 00046215 00046202 000 340 43064.2107084259
25.11.2017 05:03:25 +00.04050E+00  0220 008523 1 00046216 00046202 000 342 43064.2107123958
25.11.2017 05:03:25 +00.04050E+00  0241 008523 1 00046217 00046202 000 342 43064.2107163657
25.11.2017 05:03:26 +00.04050E+00  0253 008523 1 00046218 00046202 000 378 43064.2107207523
25.11.2017 05:03:26 +00.04050E+00  0276 008523 1 00046219 00046202 000 344 43064.2107247454
25.11.2017 05:03:26 +00.04050E+00  0301 008523 1 00046220 00046202 000 342 43064.2107287153
25.11.2017 05:03:27 +00.04050E+00  0316 008523 1 00046221 00046202 000 342 43064.2107326852
25.11.2017 05:03:27 +00.04050E+00  0329 008523 1 00046222 00046202 000 372 43064.2107370139
25.11.2017 05:03:28 +00.04050E+00  0349 008523 1 00046223 00046202 000 344 43064.2107409954
25.11.2017 05:03:28 +00.04050E+00  0365 008523 1 00046224 00046202 000 342 43064.2107449653
25.11.2017 05:03:28 +00.04050E+00  0372 008523 1 00046225 00046202 000 342 43064.2107489352
25.11.2017 05:03:29 +00.04050E+00  0386 008523 1 00046226 00046202 000 374 43064.2107532755
25.11.2017 05:03:29 +00.04050E+00  0404 008523 1 00046227 00046202 000 342 43064.2107572454
25.11.2017 05:03:29 +00.04050E+00  0414 008523 1 00046228 00046202 000 343 43064.2107612153
25.11.2017 05:03:30 +00.04050E+00  0427 008523 1 00046229 00046202 000 343 43064.2107651852
25.11.2017 05:03:30 +00.04050E+00  0446 008523 1 00046230 00046202 000 376 43064.210769537
25.11.2017 05:03:30 +00.04050E+00  0468 008523 1 00046231 00046202 000 342 43064.2107734954
25.11.2017 05:03:31 +00.04050E+00  0481 008523 1 00046232 00046202 000 343 43064.2107774653
25.11.2017 05:03:31 +00.04050E+00  0493 008523 1 00046233 00046202 000 343 43064.2107814352
25.11.2017 05:03:31 +00.04050E+00  0504 008523 1 00046234 00046202 000 377 43064.2107857986
25.11.2017 05:03:32 +00.04050E+00  0517 008523 1 00046235 00046202 000 341 43064.2107897454
25.11.2017 05:03:32 +00.04050E+00  0534 008523 1 00046236 00046202 000 342 43064.2107937037
25.11.2017 05:03:32 +00.04050E+00  0548 008523 1 00046237 00046202 000 343 43064.2107976852
25.11.2017 05:03:33 +00.04050E+00  0561 008523 1 00046238 00046202 000 378 43064.2108020602
25.11.2017 05:03:33 +00.04050E+00  0576 008523 1 00046239 00046202 000 340 43064.2108059954
25.11.2017 05:03:33 +00.04050E+00  0587 008523 1 00046240 00046202 000 341 43064.2108099537
25.11.2017 05:03:34 +00.04050E+00  0597 008523 1 00046241 00046202 000 342 43064.2108139236
25.11.2017 05:03:34 +00.04050E+00  0609 008523 1 00046242 00046202 000 379 43064.2108183218
25.11.2017 05:03:35 +00.04050E+00  0631 008523 1 00046243 00046202 000 343 43064.2108223032
25.11.2017 05:03:35 +00.04050E+00  0644 008523 1 00046244 00046202 000 342 43064.2108262731
25.11.2017 05:03:35 +00.04050E+00  0658 008523 1 00046245 00046202 000 342 43064.2108302431
25.11.2017 05:03:36 +00.04050E+00  0670 008523 1 00046246 00046202 000 376 43064.2108346065
25.11.2017 05:03:36 +00.04050E+00  0682 008523 1 00046247 00046202 000 341 43064.2108385532
25.11.2017 05:03:36 +00.04050E+00  0700 008523 1 00046248 00046202 000 342 43064.2108425231
25.11.2017 05:03:37 +00.04050E+00  0717 008523 1 00046249 00046202 000 343 43064.2108465046
25.11.2017 05:03:37 +00.04050E+00  0728 008523 1 00046250 00046202 000 375 43064.2108508449
25.11.2017 05:03:37 +00.04050E+00  0752 008523 1 00046251 00046202 000 341 43064.2108548032
25.11.2017 05:03:38 +00.04050E+00  0771 008523 1 00046252 00046202 000 343 43064.2108587731
25.11.2017 05:03:38 +00.04050E+00  0787 008523 1 00046253 00046202 000 343 43064.2108627431
25.11.2017 05:03:38 +00.04050E+00  0803 008523 1 00046254 00046202 000 376 43064.2108671065
25.11.2017 05:03:39 +00.04050E+00  0823 008523 1 00046255 00046202 000 341 43064.2108710532
25.11.2017 05:03:39 +00.04050E+00  0838 008523 1 00046256 00046202 000 343 43064.2108750231
25.11.2017 05:03:39 +00.04050E+00  0861 008523 1 00046257 00046202 000 344 43064.2108790046
25.11.2017 05:03:40 +00.04050E+00  0874 008523 1 00046258 00046202 000 377 43064.2108833681
25.11.2017 05:03:40 +00.04050E+00  0889 008523 1 00046259 00046202 000 341 43064.2108873148
25.11.2017 05:03:41 +00.04050E+00  0902 008523 1 00046260 00046202 000 342 43064.2108912731
25.11.2017 05:03:41 +00.04050E+00  0922 008523 1 00046261 00046202 000 343 43064.2108952431
25.11.2017 05:03:41 +00.04050E+00  0940 008523 1 00046262 00046202 000 379 43064.2108996296
25.11.2017 05:03:42 +00.04050E+00  0953 008523 1 00046263 00046202 000 345 43064.2109036227
25.11.2017 05:03:42 +00.04050E+00  0964 008523 1 00046264 00046202 000 343 43064.2109075926
25.11.2017 05:03:42 +00.04050E+00  0990 008523 1 00046265 00046202 000 343 43064.2109115625
25.11.2017 05:03:43 +00.04050E+00  1008 008523 1 00046266 00046202 000 374 43064.2109158912
25.11.2017 05:03:43 +00.04050E+00  1020 008523 1 00046267 00046202 000 343 43064.2109198611
25.11.2017 05:03:43 +00.04050E+00  1029 008523 1 00046268 00046202 000 343 43064.2109238426
25.11.2017 05:03:44 +00.04050E+00  1038 008523 1 00046269 00046202 000 343 43064.2109278125
25.11.2017 05:03:44 +00.04050E+00  1059 008523 1 00046270 00046202 000 376 43064.2109321644
25.11.2017 05:03:44 +00.04050E+00  1074 008523 1 00046271 00046202 000 341 43064.2109361111
25.11.2017 05:03:45 +00.04050E+00  1089 008523 1 00046272 00046202 000 342 43064.210940081
25.11.2017 05:03:45 +00.04050E+00  1105 008523 1 00046273 00046202 000 342 43064.2109440509
25.11.2017 05:03:45 +00.04050E+00  1125 008523 1 00046274 00046202 000 376 43064.2109484144
25.11.2017 05:03:46 +00.04050E+00  1141 008523 1 00046275 00046202 000 340 43064.2109523611
25.11.2017 05:03:46 +00.04050E+00  1162 008523 1 00046276 00046202 000 342 43064.210956331
25.11.2017 05:03:46 +00.04050E+00  1173 008523 1 00046277 00046202 000 344 43064.2109603125
25.11.2017 05:03:47 +00.04050E+00  1186 008523 1 00046278 00046202 000 377 43064.2109646759
25.11.2017 05:03:47 +00.04050E+00  1199 008523 1 00046279 00046202 000 340 43064.2109686227
25.11.2017 05:03:48 +00.04050E+00  1217 008523 1 00046280 00046202 000 341 43064.210972581
25.11.2017 05:03:48 +00.04050E+00  1231 008523 1 00046281 00046202 000 343 43064.2109765509
25.11.2017 05:03:48 +00.04050E+00  1240 008523 1 00046282 00046202 000 379 43064.2109809375
25.11.2017 05:03:49 +00.04050E+00  1255 008523 1 00046283 00046202 000 340 43064.2109848727
25.11.2017 05:03:49 +00.04050E+00  1270 008523 1 00046284 00046202 000 341 43064.210988831
25.11.2017 05:03:49 +00.04050E+00  1283 008523 1 00046285 00046202 000 343 43064.2109928009
25.11.2017 05:03:50 +00.04050E+00  1300 008523 1 00046286 00046202 000 380 43064.2109971991
25.11.2017 05:03:50 +00.04050E+00  1316 008523 1 00046287 00046202 000 344 43064.2110011806
25.11.2017 05:03:50 +00.04050E+00  1328 008523 1 00046288 00046202 000 343 43064.2110051505
25.11.2017 05:03:51 +00.04050E+00  1344 008523 1 00046289 00046202 000 343 43064.2110091204