
25.11.2017 06:21:23 +00.04050E+00  0009 008524 -1 00058688 00058688 000 342 43064.2648540509
25.11.2017 06:21:23 +00.04050E+00  0020 008524 -1 00058689 00058688 000 342 43064.2648580208
25.11.2017 06:21:24 +00.04050E+00  0031 008524 -1 00058690 00058688 000 418 43064.2648628704
25.11.2017 06:21:24 +00.04050E+00  0050 008524 -1 00058691 00058688 000 342 43064.2648668403
25.11.2017 06:21:24 +00.04050E+00  0063 008524 -1 00058692 00058688 000 343 43064.2648708102
25.11.2017 06:21:25 +00.04050E+00  0076 008524 -1 00058693 00058688 000 342 43064.2648747801
25.11.2017 06:21:25 +00.04050E+00  0095 008524 -1 00058694 00058688 000 375 43064.2648791319
25.11.2017 06:21:25 +00.04050E+00  0112 008524 -1 00058695 00058688 000 341 43064.2648830903
25.11.2017 06:21:26 +00.04050E+00  0124 008524 -1 00058696 00058688 000 343 43064.2648870602
25.11.2017 06:21:26 +00.04050E+00  0139 008524 -1 00058697 00058688 000 343 43064.2648910301
25.11.2017 06:21:26 +00.04050E+00  0156 008524 -1 00058698 00058688 000 376 43064.2648953935
25.11.2017 06:21:27 +00.04050E+00  0170 008524 -1 00058699 00058688 000 340 43064.2648993403
25.11.2017 06:21:27 +00.04050E+00  0182 008524 -1 00058700 00058688 000 342 43064.2649033102
25.11.2017 06:21:27 +00.04050E+00  0195 008524 -1 00058701 00058688 000 343 43064.2649072801
25.11.2017 06:21:28 +00.04050E+00  0208 008524 -1 00058702 00058688 000 378 43064.2649116551
25.11.2017 06:21:28 +00.04050E+00  0226 008524 -1 00058703 00058688 000 340 43064.2649155903
25.11.2017 06:21:29 +00.04050E+00  0238 008524 -1 00058704 00058688 000 342 43064.2649195602
25.11.2017 06:21:29 +00.04050E+00  0251 008524 -1 00058705 00058688 000 343 43064.2649235301
25.11.2017 06:21:29 +00.04050E+00  0264 008524 -1 00058706 00058688 000 379 43064.2649279167
25.11.2017 06:21:30 +00.04050E+00  0279 008524 -1 00058707 00058688 000 345 43064.2649319097
25.11.2017 06:21:30 +00.04050E+00  0294 008524 -1 00058708 00058688 000 343 43064.2649358796
25.11.2017 06:21:30 +00.04050E+00  0310 008524 -1 00058709 00058688 000 343 43064.2649398495
25.11.2017 06:21:31 +00.04050E+00  0330 008524 -1 00058710 00058688 000 374 43064.2649441782
25.11.2017 06:21:31 +00.04050E+00  0347 008524 -1 00058711 00058688 000 344 43064.2649481597
25.11.2017 06:21:31 +00.04050E+00  0367 008524 -1 00058712 00058688 000 343 43064.2649521296
25.11.2017 06:21:32 +00.04050E+00  0387 008524 -1 00058713 00058688 000 343 43064.2649560995
25.11.2017 06:21:32 +00.04050E+00  0396 008524 -1 00058714 00058688 000 375 43064.2649604398
25.11.2017 06:21:32 +00.04050E+00  0420 008524 -1 00058715 00058688 000 342 43064.2649643981
25.11.2017 06:21:33 +00.04050E+00  0445 008524 -1 00058716 00058688 000 342 43064.2649683681
25.11.2017 06:21:33 +00.04050E+00  0456 008524 -1 00058717 00058688 000 342 43064.264972338
25.11.2017 06:21:33 +00.04050E+00  0466 008524 -1 00058718 00058688 000 376 43064.2649767014
25.11.2017 06:21:34 +00.04050E+00  0481 008524 -1 00058719 00058688 000 340 43064.2649806481
25.11.2017 06:21:34 +00.04050E+00  0493 008524 -1 00058720 00058688 000 342 43064.2649846181
25.11.2017 06:21:35 +00.04050E+00  0503 008524 -1 00058721 00058688 000 342 43064.264988588
25.11.2017 06:21:35 +00.04050E+00  0518 008524 -1 00058722 00058688 000 377 43064.264992963
25.11.2017 06:21:35 +00.04050E+00  0536 008524 -1 00058723 00058688 000 340 43064.2649969097
25.11.2017 06:21:36 +00.04050E+00  0551 008524 -1 00058724 00058688 000 341 43064.2650008681
25.11.2017 06:21:36 +00.04050E+00  0566 008524 -1 00058725 00058688 000 343 43064.265004838
25.11.2017 06:21:36 +00.04050E+00  0583 008524 -1 00058726 00058688 000 379 43064.2650092245
25.11.2017 06:21:37 +00.04050E+00  0602 008524 -1 00058727 00058688 000 340 43064.2650131597
25.11.2017 06:21:37 +00.04050E+00  0619 008524 -1 00058728 00058688 000 341 43064.2650171181
25.11.2017 06:21:37 +00.04050E+00  0634 008524 -1 00058729 00058688 000 343 43064.265021088
25.11.2017 06:21:38 +00.04050E+00  0645 008524 -1 00058730 00058688 000 380 43064.2650254861
25.11.2017 06:21:38 +00.04050E+00  0663 008524 -1 00058731 00058688 000 344 43064.2650294676
25.11.2017 06:21:38 +00.04050E+00  0677 008524 -1 00058732 00058688 000 343 43064.2650334375
25.11.2017 06:21:39 +00.04050E+00  0698 008524 -1 00058733 00058688 000 343 43064.2650374074
25.11.2017 06:21:39 +00.04050E+00  0711 008524 -1 00058734 00058688 000 375 43064.2650417477
25.11.2017 06:21:39 +00.04050E+00  0738 008524 -1 00058735 00058688 000 342 43064.265045706
25.11.2017 06:21:40 +00.04050E+00  0749 008524 -1 00058736 00058688 000 343 43064.2650496875
25.11.2017 06:21:40 +00.04050E+00  0762 008524 -1 00058737 00058688 000 343 43064.2650536574
25.11.2017 06:21:41 +00.04050E+00  0774 008524 -1 00058738 00058688 000 376 43064.2650580093
25.11.2017 06:21:41 +00.04050E+00  0795 008524 -1 00058739 00058688 000 341 43064.265061956
25.11.2017 06:21:41 +00.04050E+00  0807 008524 -1 00058740 00058688 000 342 43064.2650659259
25.11.2017 06:21:42 +00.04050E+00  0821 008524 -1 00058741 00058688 000 342 43064.2650698958
25.11.2017 06:21:42 +00.04050E+00  0842 008524 -1 00058742 00058688 000 377 43064.2650742708
25.11.2017 06:21:42 +00.04050E+00  0863 008524 -1 00058743 00058688 000 340 43064.2650782176
25.11.2017 06:21:43 +00.04050E+00  0875 008524 -1 00058744 00058688 000 341 43064.2650821759
25.11.2017 06:21:43 +00.04050E+00  0890 008524 -1 00058745 00058688 000 342 43064.2650861458
25.11.2017 06:21:43 +00.04050E+00  0907 008524 -1 00058746 00058688 000 378 43064.2650905324
25.11.2017 06:21:44 +00.04050E+00  0916 008524 -1 00058747 00058688 000 344 43064.2650945255
25.11.2017 06:21:44 +00.04050E+00  0927 008524 -1 00058748 00058688 000 342 43064.2650984954
25.11.2017 06:21:44 +00.04050E+00  0940 008524 -1 00058749 00058688 000 342 43064.2651024653
25.11.2017 06:21:45 +00.04050E+00  0958 008524 -1 00058750 00058688 000 373 43064.265106794
25.11.2017 06:21:45 +00.04050E+00  0974 008524 -1 00058751 00058688 000 343 43064.2651107755
25.11.2017 06:21:45 +00.04050E+00  0991 008524 -1 00058752 00058688 000 342 43064.2651147454
25.11.2017 06:21:46 +00.04050E+00  1010 008524 -1 00058753 00058688 000 343 43064.2651187153
25.11.2017 06:21:46 +00.04050E+00  1029 008524 -1 00058754 00058688 000 374 43064.2651230556
25.11.2017 06:21:46 +00.04050E+00  1049 008524 -1 00058755 00058688 000 342 43064.2651270255
25.11.2017 06:21:47 +00.04050E+00  1067 008524 -1 00058756 00058688 000 343 43064.2651309954
25.11.2017 06:21:47 +00.04050E+00  1093 008524 -1 00058757 00058688 000 343 43064.2651349653
25.11.2017 06:21:48 +00.04050E+00  1108 008524 -1 00058758 00058688 000 376 43064.2651393171
25.11.2017 06:21:48 +00.04050E+00  1122 008524 -1 00058759 00058688 000 341 43064.2651432639
25.11.2017 06:21:48 +00.04050E+00  1137 008524 -1 00058760 00058688 000 343 43064.2651472454
25.11.2017 06:21:49 +00.04050E+00  1153 008524 -1 00058761 00058688 000 343 43064.2651512153
25.11.2017 06:21:49 +00.04050E+00  1167 008524 -1 00058762 00058688 000 378 43064.2651555903
25.11.2017 06:21:49 +00.04050E+00  1178 008524 -1 00058763 00058688 000 340 43064.2651595255
25.11.2017 06:21:50 +00.04050E+00  1193 008524 -1 00058764 00058688 000 342 43064.2651634954
25.11.2017 06:21:50 +00.04050E+00  1207 008524 -1 00058765 00058688 000 342 43064.2651674537
25.11.2017 06:21:50 +00.04050E+00  1219 008524 -1 00058766 00058688 000 378 43064.2651718403
25.11.2017 06:21:51 +00.04050E+00  1234 008524 -1 00058767 00058688 000 345 43064.2651758449
25.11.2017 06:21:51 +00.04050E+00  1249 008524 -1 00058768 00058688 000 343 43064.2651798148
25.11.2017 06:21:51 +00.04050E+00  1261 008524 -1 00058769 00058688 000 343 43064.2651837847
25.11.2017 06:21:52 +00.04050E+00  1271 008524 -1 00058770 00058688 000 374 43064.2651881134
25.11.2017 06:21:52 +00.04050E+00  1282 008524 -1 00058771 00058688 000 343 43064.2651920833
25.11.2017 06:21:52 +00.04050E+00  1290 008524 -1 00058772 00058688 000 342 43064.2651960532
25.11.2017 06:21:53 +00.04050E+00  1309 008524 -1 00058773 00058688 000 342 43064.2652000231
25.11.2017 06:21:53 +00.04050E+00  1322 008524 -1 00058774 00058688 000 374 43064.2652043634
25.11.2017 06:21:58 +00.04040E+00  0017 008504 -1 00058775 00058775 000 343 43064.2652647569
25.11.2017 06:21:59 +00.04041E+00  0034 008504 -1 00058776 00058775 000 403 43064.2652694213
25.11.2017 06:21:59 +00.04040E+00  0047 008504 -1 00058777 00058775 000 340 43064.2652733565
25.11.2017 06:21:59 +00.04041E+00  0063 008504 -1 00058778 00058775 000 342 43064.2652773264
25.11.2017 06:22:00 +00.04041E+00  0078 008504 -1 00058779 00058775 000 343 43064.2652812963
25.11.2017 06:22:00 +00.04040E+00  0089 008504 -1 00058780 00058775 000 379 43064.2652856829
25.11.2017 06:22:01 +00.04041E+00  0104 008504 -1 00058781 00058775 000 340 43064.2652896181
25.11.2017 06:22:01 +00.04040E+00  0118 008504 -1 00058782 00058775 000 341 43064.2652935764
25.11.2017 06:22:01 +00.04040E+00  0138 008504 -1 00058783 00058775 000 343 43064.2652975463
25.11.2017 06:22:02 +00.04040E+00  0154 008504 -1 00058784 00058775 000 380 43064.2653019444
25.11.2017 06:22:02 +00.04041E+00  0167 008504 -1 00058785 00058775 000 344 43064.2653059259
25.11.2017 06:22:02 +00.04040E+00  0186 008504 -1 00058786 00058775 000 343 43064.2653098958
25.11.2017 06:22:03 +00.04040E+00  0200 008504 -1 00058787 00058775 000 343 43064.2653138657
25.11.2017 06:22:03 +00.04041E+00  0222 008504 -1 00058788 00058775 000 375 43064.265318206
25.11.2017 06:22:03 +00.04041E+00  0234 008504 -1 00058789 00058775 000 342 43064.2653221643
25.11.2017 06:22:04 +00.04041E+00  0243 008502 -1 00058790 00058775 000 342 43064.2653261343
25.11.2017 06:22:04 +00.04040E+00  0255 008502 -1 00058791 00058775 000 342 43064.2653301042
25.11.2017 06:22:04 +00.04040E+00  0267 008502 -1 00058792 00058775 000 376 43064.2653344676
25.11.2017 06:22:05 +00.04040E+00  0278 008502 -1 00058793 00058775 000 341 43064.2653384143
25.11.2017 06:22:05 +00.04040E+00  0286 008502 -1 00058794 00058775 000 342 43064.2653423843
25.11.2017 06:22:05 +00.04040E+00  0299 008502 -1 00058795 00058775 000 342 43064.2653463542
25.11.2017 06:22:06 +00.04040E+00  0311 008502 -1 00058796 00058775 000 376 43064.2653507176
25.11.2017 06:22:06 +00.04039E+00  0328 008502 -1 00058797 00058775 000 340 43064.2653546643
25.11.2017 06:22:06 +00.04040E+00  0338 008502 -1 00058798 00058775 000 342 43064.2653586343
25.11.2017 06:22:07 +00.04040E+00  0352 008502 -1 00058799 00058775 000 343 43064.2653626042
25.11.2017 06:22:07 +00.04040E+00  0362 008502 -1 00058800 00058775 000 378 43064.2653669792
25.11.2017 06:22:08 +00.04040E+00  0377 008502 -1 00058801 00058775 000 340 43064.2653709259
25.11.2017 06:22:08 +00.04040E+00  0393 008502 -1 00058802 00058775 000 341 43064.2653748843
25.11.2017 06:22:08 +00.04040E+00  0403 008502 -1 00058803 00058775 000 343 43064.2653788542
25.11.2017 06:22:09 +00.04040E+00  0416 008502 -1 00058804 00058775 000 380 43064.2653832523
25.11.2017 06:22:09 +00.04040E+00  0430 008502 -1 00058805 00058775 000 344 43064.2653872338
25.11.2017 06:22:09 +00.04040E+00  0442 008502 -1 00058806 00058775 000 344 43064.2653912153
25.11.2017 06:22:10 +00.04040E+00  0454 008502 -1 00058807 00058775 000 342 43064.2653951736
25.11.2017 06:22:10 +00.04040E+00  0469 008502 -1 00058808 00058775 000 375 43064.2653995139
25.11.2017 06:22:10 +00.04040E+00  0486 008502 -1 00058809 00058775 000 343 43064.2654034838
25.11.2017 06:22:11 +00.04040E+00  0498 008502 -1 00058810 00058775 000 343 43064.2654074537
25.11.2017 06:22:11 +00.04039E+00  0507 008502 -1 00058811 00058775 000 343 43064.2654114236
25.11.2017 06:22:11 +00.04040E+00  0522 008502 -1 00058812 00058775 000 376 43064.2654157755
25.11.2017 06:22:12 +00.04039E+00  0544 008502 -1 00058813 00058775 000 341 43064.2654197222
25.11.2017 06:22:12 +00.04039E+00  0553 008502 -1 00058814 00058775 000 343 43064.2654237037
25.11.2017 06:22:12 +00.04039E+00  0563 008502 -1 00058815 00058775 000 343 43064.2654276736
25.11.2017 06:22:13 +00.04040E+00  0571 008502 -1 00058816 00058775 000 377 43064.265432037
25.11.2017 06:22:13 +00.04040E+00  0582 008502 -1 00058817 00058775 000 340 43064.2654359722
25.11.2017 06:22:14 +00.04040E+00  0597 008502 -1 00058818 00058775 000 342 43064.2654399421
25.11.2017 06:22:14 +00.04040E+00  0614 008502 -1 00058819 00058775 000 342 43064.265443912
25.11.2017 06:22:14 +00.04040E+00  0629 008502 -1 00058820 00058775 000 377 43064.265448287
25.11.2017 06:22:15 +00.04040E+00  0647 008502 -1 00058821 00058775 000 340 43064.2654522338
25.11.2017 06:22:15 +00.04040E+00  0659 008502 -1 00058822 00058775 000 341 43064.2654561921
25.11.2017 06:22:15 +00.04040E+00  0677 008502 -1 00058823 00058775 000 343 43064.265460162
25.11.2017 06:22:16 +00.04040E+00  0695 008502 -1 00058824 00058775 000 378 43064.2654645486
25.11.2017 06:22:16 +00.04040E+00  0720 008502 -1 00058825 00058775 000 344 43064.2654685417
25.11.2017 06:22:16 +00.04040E+00  0736 008502 -1 00058826 00058775 000 343 43064.2654725116
25.11.2017 06:22:17 +00.04040E+00  0746 008502 -1 00058827 00058775 000 342 43064.2654764815
25.11.2017 06:22:17 +00.04040E+00  0768 008502 -1 00058828 00058775 000 373 43064.2654808102
25.11.2017 06:22:17 +00.04040E+00  0785 008502 -1 00058829 00058775 000 343 43064.2654847917
25.11.2017 06:22:18 +00.04040E+00  0801 008502 -1 00058830 00058775 000 343 43064.2654887616
25.11.2017 06:22:18 +00.04040E+00  0812 008502 -1 00058831 00058775 000 343 43064.2654927315
25.11.2017 06:22:18 +00.04040E+00  0825 008502 -1 00058832 00058775 000 376 43064.2654970833
25.11.2017 06:22:19 +00.04040E+00  0838 008502 -1 00058833 00058775 000 342 43064.2655010417
25.11.2017 06:22:19 +00.04040E+00  0860 008502 -1 00058834 00058775 000 343 43064.2655050116
25.11.2017 06:22:19 +00.04039E+00  0873 008502 -1 00058835 00058775 000 343 43064.2655089815
25.11.2017 06:22:20 +00.04040E+00  0890 008502 -1 00058836 00058775 000 377 43064.2655133449
25.11.2017 06:22:20 +00.04040E+00  0903 008502 -1 00058837 00058775 000 340 43064.2655172801
25.11.2017 06:22:21 +00.04040E+00  0918 008502 -1 00058838 00058775 000 343 43064.2655212616
25.11.2017 06:22:21 +00.04040E+00  0935 008502 -1 00058839 00058775 000 343 43064.2655252315
25.11.2017 06:22:21 +00.04040E+00  0948 008502 -1 00058840 00058775 000 378 43064.2655296065
25.11.2017 06:22:22 +00.04040E+00  0963 008502 -1 00058841 00058775 000 340 43064.2655335417
25.11.2017 06:22:22 +00.04040E+00  0972 008502 -1 00058842 00058775 000 341 43064.2655375
25.11.2017 06:22:22 +00.04040E+00  0991 008502 -1 00058843 00058775 000 342 43064.2655414699
25.11.2017 06:22:23 +00.04039E+00  1006 008502 -1 00058844 00058775 000 379 43064.2655458681
25.11.2017 06:22:23 +00.04039E+00  1024 008502 -1 00058845 00058775 000 344 43064.2655498495
25.11.2017 06:22:23 +00.04039E+00  1035 008502 -1 00058846 00058775 000 342 43064.2655538194
25.11.2017 06:22:24 +00.04040E+00  1049 008502 -1 00058847 00058775 000 343 43064.2655578009
25.11.2017 06:22:24 +00.04040E+00  1063 008502 -1 00058848 00058775 000 374 43064.2655621296
25.11.2017 06:22:24 +00.04039E+00  1075 008502 -1 00058849 00058775 000 343 43064.2655660995
25.11.2017 06:22:25 +00.04039E+00  1091 008504 -1 00058850 00058775 000 342 43064.2655700694
25.11.2017 06:22:25 +00.04040E+00  1103 008504 -1 00058851 00058775 000 342 43064.2655740394
25.11.2017 06:22:25 +00.04040E+00  1122 008504 -1 00058852 00058775 000 375 43064.2655783912
25.11.2017 06:22:26 +00.04040E+00  1147 008504 -1 00058853 00058775 000 343 43064.2655823611
25.11.2017 06:22:26 +00.04041E+00  1161 008504 -1 00058854 00058775 000 342 43064.2655863194
25.11.2017 06:22:27 +00.04041E+00  1177 008504 -1 00058855 00058775 000 343 43064.2655902894
25.11.2017 06:22:27 +00.04041E+00  1198 008504 -1 00058856 00058775 000 376 43064.2655946528
25.11.2017 06:22:27 +00.04040E+00  1216 008504 -1 00058857 00058775 000 341 43064.2655985995
25.11.2017 06:22:28 +00.04040E+00  1234 008504 -1 00058858 00058775 000 343 43064.2656025694
25.11.2017 06:22:28 +00.04041E+00  1252 008504 -1 00058859 00058775 000 343 43064.2656065394
25.11.2017 06:22:28 +00.04040E+00  1273 008504 -1 00058860 00058775 000 378 43064.2656109144
25.11.2017 06:22:29 +00.04040E+00  1295 008504 -1 00058861 00058775 000 340 43064.2656148495
25.11.2017 06:22:34 +00.04030E+00  0014 008482 -1 00058862 00058862 000 380 43064.2656759606
25.11.2017 06:22:34 +00.04030E+00  0030 008482 -1 00058863 00058862 000 344 43064.2656799421
25.11.2017 06:22:35 +00.04030E+00  0051 008482 -1 00058864 00058862 000 343 43064.265683912
25.11.2017 06:22:35 +00.04030E+00  0065 008482 -1 00058865 00058862 000 343 43064.2656878819
25.11.2017 06:22:35 +00.04030E+00  0082 008482 -1 00058866 00058862 000 375 43064.2656922222
25.11.2017 06:22:36 +00.04030E+00  0095 008482 -1 00058867 00058862 000 342 43064.2656961806
25.11.2017 06:22:36 +00.04030E+00  0108 008482 -1 00058868 00058862 000 342 43064.2657001505
25.11.2017 06:22:36 +00.04030E+00  0120 008482 -1 00058869 00058862 000 342 43064.2657041204
25.11.2017 06:22:37 +00.04030E+00  0131 008482 -1 00058870 00058862 000 376 43064.2657084838
25.11.2017 06:22:37 +00.04030E+00  0148 008482 -1 00058871 00058862 000 340 43064.2657124306
25.11.2017 06:22:37 +00.04030E+00  0162 008482 -1 00058872 00058862 000 342 43064.2657164005
25.11.2017 06:22:38 +00.04030E+00  0172 008482 -1 00058873 00058862 000 343 43064.2657203704
25.11.2017 06:22:38 +00.04030E+00  0187 008482 -1 00058874 00058862 000 377 43064.2657247454
25.11.2017 06:22:38 +00.04030E+00  0203 008482 -1 00058875 00058862 000 340 43064.2657286921
25.11.2017 06:22:39 +00.04030E+00  0213 008482 -1 00058876 00058862 000 341 43064.2657326505
25.11.2017 06:22:39 +00.04030E+00  0232 008482 -1 00058877 00058862 000 343 43064.2657366204
25.11.2017 06:22:40 +00.04030E+00  0243 008482 -1 00058878 00058862 000 379 43064.2657410069
25.11.2017 06:22:40 +00.04030E+00  0264 008482 -1 00058879 00058862 000 340 43064.2657449421
25.11.2017 06:22:40 +00.04030E+00  0280 008482 -1 00058880 00058862 000 342 43064.2657489005
25.11.2017 06:22:41 +00.04030E+00  0297 008482 -1 00058881 00058862 000 343 43064.2657528704
25.11.2017 06:22:41 +00.04030E+00  0314 008482 -1 00058882 00058862 000 380 43064.2657572685
25.11.2017 06:22:41 +00.04030E+00  0326 008482 -1 00058883 00058862 000 344 43064.26576125
25.11.2017 06:22:42 +00.04030E+00  0345 008482 -1 00058884 00058862 000 343 43064.2657652199
25.11.2017 06:22:42 +00.04030E+00  0354 008482 -1 00058885 00058862 000 343 43064.2657691898
25.11.2017 06:22:42 +00.04030E+00  0374 008482 -1 00058886 00058862 000 375 43064.2657735301
25.11.2017 06:22:43 +00.04030E+00  0385 008482 -1 00058887 00058862 000 343 43064.2657775
25.11.2017 06:22:43 +00.04030E+00  0403 008482 -1 00058888 00058862 000 343 43064.2657814699
25.11.2017 06:22:43 +00.04030E+00  0421 008482 -1 00058889 00058862 000 343 43064.2657854398
25.11.2017 06:22:44 +00.04030E+00  0431 008482 -1 00058890 00058862 000 376 43064.2657897917
25.11.2017 06:22:44 +00.04030E+00  0444 008482 -1 00058891 00058862 000 341 43064.2657937384
25.11.2017 06:22:44 +00.04030E+00  0460 008482 -1 00058892 00058862 000 342 43064.2657977083
25.11.2017 06:22:45 +00.04030E+00  0476 008482 -1 00058893 00058862 000 342 43064.2658016782
25.11.2017 06:22:45 +00.04030E+00  0491 008482 -1 00058894 00058862 000 377 43064.2658060532
25.11.2017 06:22:45 +00.04030E+00  0498 008482 -1 00058895 00058862 000 340 43064.26581
25.11.2017 06:22:46 +00.04030E+00  0517 008482 -1 00058896 00058862 000 341 43064.2658139583
25.11.2017 06:22:46 +00.04030E+00  0529 008482 -1 00058897 00058862 000 342 43064.2658179282
25.11.2017 06:22:47 +00.04030E+00  0539 008482 -1 00058898 00058862 000 378 43064.2658223148
25.11.2017 06:22:47 +00.04030E+00  0558 008482 -1 00058899 00058862 000 345 43064.2658263194
25.11.2017 06:22:47 +00.04030E+00  0574 008482 -1 00058900 00058862 000 342 43064.2658302778
25.11.2017 06:22:48 +00.04030E+00  0589 008482 -1 00058901 00058862 000 342 43064.2658342477
25.11.2017 06:22:48 +00.04030E+00  0599 008482 -1 00058902 00058862 000 373 43064.2658385764
25.11.2017 06:22:48 +00.04030E+00  0611 008482 -1 00058903 00058862 000 343 43064.2658425579
25.11.2017 06:22:49 +00.04030E+00  0622 008482 -1 00058904 00058862 000 343 43064.2658465278
25.11.2017 06:22:49 +00.04030E+00  0641 008482 -1 00058905 00058862 000 342 43064.2658504977
25.11.2017 06:22:49 +00.04030E+00  0657 008482 -1 00058906 00058862 000 375 43064.265854838
25.11.2017 06:22:50 +00.04030E+00  0669 008482 -1 00058907 00058862 000 342 43064.2658588079
25.11.2017 06:22:50 +00.04030E+00  0680 008482 -1 00058908 00058862 000 343 43064.2658627778
25.11.2017 06:22:50 +00.04030E+00  0692 008482 -1 00058909 00058862 000 343 43064.2658667477
25.11.2017 06:22:51 +00.04030E+00  0705 008482 -1 00058910 00058862 000 376 43064.2658710995
25.11.2017 06:22:51 +00.04030E+00  0723 008482 -1 00058911 00058862 000 342 43064.2658750579
25.11.2017 06:22:51 +00.04030E+00  0742 008482 -1 00058912 00058862 000 343 43064.2658790278
25.11.2017 06:22:52 +00.04030E+00  0760 008482 -1 00058913 00058862 000 343 43064.2658829977
25.11.2017 06:22:52 +00.04030E+00  0772 008482 -1 00058914 00058862 000 377 43064.2658873611
25.11.2017 06:22:53 +00.04030E+00  0786 008482 -1 00058915 00058862 000 340 43064.2658912963
25.11.2017 06:22:53 +00.04030E+00  0798 008482 -1 00058916 00058862 000 342 43064.2658952662
25.11.2017 06:22:53 +00.04030E+00  0817 008482 -1 00058917 00058862 000 343 43064.2658992477
25.11.2017 06:22:54 +00.04030E+00  0835 008482 -1 00058918 00058862 000 378 43064.2659036227
25.11.2017 06:22:54 +00.04030E+00  0849 008482 -1 00058919 00058862 000 340 43064.2659075579
25.11.2017 06:22:54 +00.04030E+00  0866 008482 -1 00058920 00058862 000 341 43064.2659115162
25.11.2017 06:22:55 +00.04030E+00  0877 008482 -1 00058921 00058862 000 342 43064.2659154861
25.11.2017 06:22:55 +00.04030E+00  0890 008482 -1 00058922 00058862 000 379 43064.2659198843
25.11.2017 06:22:55 +00.04030E+00  0912 008482 -1 00058923 00058862 000 343 43064.2659238657
25.11.2017 06:22:56 +00.04030E+00  0926 008482 -1 00058924 00058862 000 343 43064.2659278472
25.11.2017 06:22:56 +00.04030E+00  0948 008482 -1 00058925 00058862 000 343 43064.2659318171
25.11.2017 06:22:56 +00.04030E+00  0961 008482 -1 00058926 00058862 000 374 43064.2659361458
25.11.2017 06:22:57 +00.04030E+00  0977 008482 -1 00058927 00058862 000 342 43064.2659401157
25.11.2017 06:22:57 +00.04030E+00  0994 008482 -1 00058928 00058862 000 343 43064.2659440857
25.11.2017 06:22:57 +00.04030E+00  1007 008482 -1 00058929 00058862 000 342 43064.2659480556
25.11.2017 06:22:58 +00.04030E+00  1023 008482 -1 00058930 00058862 000 375 43064.2659524074
25.11.2017 06:22:58 +00.04030E+00  1036 008482 -1 00058931 00058862 000 341 43064.2659563657
25.11.2017 06:22:58 +00.04030E+00  1047 008482 -1 00058932 00058862 000 343 43064.2659603357
25.11.2017 06:22:59 +00.04030E+00  1062 008482 -1 00058933 00058862 000 343 43064.2659643056
25.11.2017 06:22:59 +00.04030E+00  1081 008482 -1 00058934 00058862 000 377 43064.265968669
25.11.2017 06:23:00 +00.04030E+00  1095 008482 -1 00058935 00058862 000 341 43064.2659726157
25.11.2017 06:23:00 +00.04030E+00  1110 008482 -1 00058936 00058862 000 343 43064.2659765857
25.11.2017 06:23:00 +00.04030E+00  1123 008482 -1 00058937 00058862 000 343 43064.2659805556
25.11.2017 06:23:01 +00.04030E+00  1143 008482 -1 00058938 00058862 000 379 43064.2659849421
25.11.2017 06:23:01 +00.04030E+00  1154 008482 -1 00058939 00058862 000 345 43064.2659889352
25.11.2017 06:23:01 +00.04030E+00  1167 008482 -1 00058940 00058862 000 343 43064.2659929051
25.11.2017 06:23:02 +00.04030E+00  1179 008482 -1 00058941 00058862 000 343 43064.265996875
25.11.2017 06:23:02 +00.04030E+00  1194 008482 -1 00058942 00058862 000 373 43064.2660011921
25.11.2017 06:23:02 +00.04030E+00  1208 008482 -1 00058943 00058862 000 345 43064.2660051852
25.11.2017 06:23:03 +00.04030E+00  1221 008482 -1 00058944 00058862 000 343 43064.2660091551
25.11.2017 06:23:03 +00.04030E+00  1237 008482 -1 00058945 00058862 000 343 43064.266013125
25.11.2017 06:23:03 +00.04030E+00  1247 008482 -1 00058946 00058862 000 375 43064.2660174653
25.11.2017 06:23:04 +00.04031E+00  1258 008482 -1 00058947 00058862 000 342 43064.2660214236
25.11.2017 06:23:04 +00.04030E+00  1263 008482 -1 00058948 00058862 000 342 43064.2660253935
25.11.2017 06:23:04 +00.04030E+00  1272 008482 -1 00058949 00058862 000 342 43064.2660293634
25.11.2017 06:23:10 +00.04021E+00  0017 008462 -1 00058950 00058950 000 342 43064.2660899074
25.11.2017 06:23:10 +00.04020E+00  0032 008462 -1 00058951 00058950 000 343 43064.2660938773
25.11.2017 06:23:10 +00.04020E+00  0044 008462 -1 00058952 00058950 000 343 43064.2660978472
25.11.2017 06:23:11 +00.04021E+00  0051 008462 -1 00058953 00058950 000 361 43064.2661020255
25.11.2017 06:23:11 +00.04020E+00  0062 008462 -1 00058954 00058950 000 344 43064.2661060069
25.11.2017 06:23:11 +00.04021E+00  0077 008462 -1 00058955 00058950 000 343 43064.2661099769
25.11.2017 06:23:12 +00.04021E+00  0093 008462 -1 00058956 00058950 000 343 43064.2661139468
25.11.2017 06:23:12 +00.04021E+00  0109 008462 -1 00058957 00058950 000 375 43064.266118287
25.11.2017 06:23:12 +00.04021E+00  0126 008462 -1 00058958 00058950 000 343 43064.2661222569
25.11.2017 06:23:13 +00.04021E+00  0146 008462 -1 00058959 00058950 000 343 43064.2661262269
25.11.2017 06:23:13 +00.04021E+00  0163 008462 -1 00058960 00058950 000 343 43064.2661301968
25.11.2017 06:23:14 +00.04021E+00  0178 008462 -1 00058961 00058950 000 376 43064.2661345486
25.11.2017 06:23:14 +00.04021E+00  0191 008462 -1 00058962 00058950 000 341 43064.2661384954
25.11.2017 06:23:14 +00.04021E+00  0202 008462 -1 00058963 00058950 000 343 43064.2661424769
25.11.2017 06:23:15 +00.04021E+00  0213 008462 -1 00058964 00058950 000 343 43064.2661464468
25.11.2017 06:23:15 +00.04021E+00  0229 008460 -1 00058965 00058950 000 377 43064.2661508102
25.11.2017 06:23:15 +00.04020E+00  0246 008460 -1 00058966 00058950 000 341 43064.2661547569
25.11.2017 06:23:16 +00.04020E+00  0262 008460 -1 00058967 00058950 000 342 43064.2661587153
25.11.2017 06:23:16 +00.04020E+00  0286 008460 -1 00058968 00058950 000 342 43064.2661626852
25.11.2017 06:23:16 +00.04020E+00  0296 008460 -1 00058969 00058950 000 377 43064.2661670602
25.11.2017 06:23:17 +00.04020E+00  0306 008460 -1 00058970 00058950 000 341 43064.2661710185
25.11.2017 06:23:17 +00.04020E+00  0315 008460 -1 00058971 00058950 000 341 43064.2661749653
25.11.2017 06:23:17 +00.04020E+00  0326 008460 -1 00058972 00058950 000 342 43064.2661789352
25.11.2017 06:23:18 +00.04020E+00  0340 008460 -1 00058973 00058950 000 378 43064.2661833218
25.11.2017 06:23:18 +00.04020E+00  0352 008460 -1 00058974 00058950 000 344 43064.2661873148
25.11.2017 06:23:18 +00.04020E+00  0369 008460 -1 00058975 00058950 000 343 43064.2661912847
25.11.2017 06:23:19 +00.04020E+00  0383 008460 -1 00058976 00058950 000 342 43064.2661952546
25.11.2017 06:23:19 +00.04020E+00  0398 008460 -1 00058977 00058950 000 373 43064.2661995833
25.11.2017 06:23:19 +00.04020E+00  0411 008460 -1 00058978 00058950 000 343 43064.2662035648
25.11.2017 06:23:20 +00.04020E+00  0430 008460 -1 00058979 00058950 000 343 43064.2662075347
25.11.2017 06:23:20 +00.04020E+00  0441 008460 -1 00058980 00058950 000 344 43064.2662115162
25.11.2017 06:23:21 +00.04020E+00  0454 008460 -1 00058981 00058950 000 375 43064.2662158565
25.11.2017 06:23:21 +00.04020E+00  0476 008460 -1 00058982 00058950 000 342 43064.2662198148
25.11.2017 06:23:21 +00.04020E+00  0496 008460 -1 00058983 00058950 000 343 43064.2662237847
25.11.2017 06:23:22 +00.04020E+00  0504 008460 -1 00058984 00058950 000 343 43064.2662277546
25.11.2017 06:23:22 +00.04020E+00  0512 008460 -1 00058985 00058950 000 377 43064.2662321181
25.11.2017 06:23:22 +00.04020E+00  0521 008460 -1 00058986 00058950 000 341 43064.2662360648
25.11.2017 06:23:23 +00.04020E+00  0535 008460 -1 00058987 00058950 000 343 43064.2662400347
25.11.2017 06:23:23 +00.04019E+00  0550 008460 -1 00058988 00058950 000 343 43064.2662440046
25.11.2017 06:23:23 +00.04020E+00  0570 008460 -1 00058989 00058950 000 378 43064.2662483796
25.11.2017 06:23:24 +00.04020E+00  0590 008460 -1 00058990 00058950 000 340 43064.2662523148
25.11.2017 06:23:24 +00.04020E+00  0604 008460 -1 00058991 00058950 000 341 43064.2662562731
25.11.2017 06:23:24 +00.04020E+00  0617 008460 -1 00058992 00058950 000 342 43064.2662602431
25.11.2017 06:23:25 +00.04020E+00  0634 008460 -1 00058993 00058950 000 378 43064.2662646412
25.11.2017 06:23:25 +00.04020E+00  0646 008460 -1 00058994 00058950 000 344 43064.2662686227
25.11.2017 06:23:25 +00.04020E+00  0660 008460 -1 00058995 00058950 000 343 43064.2662726042
25.11.2017 06:23:26 +00.04020E+00  0674 008460 -1 00058996 00058950 000 343 43064.2662765741
25.11.2017 06:23:26 +00.04020E+00  0694 008460 -1 00058997 00058950 000 374 43064.2662809028
25.11.2017 06:23:27 +00.04020E+00  0712 008460 -1 00058998 00058950 000 343 43064.2662848727
25.11.2017 06:23:27 +00.04020E+00  0724 008460 -1 00058999 00058950 000 342 43064.2662888426
25.11.2017 06:23:27 +00.04020E+00  0739 008460 -1 00059000 00058950 000 342 43064.2662928125
25.11.2017 06:23:28 +00.04020E+00  0756 008460 -1 00059001 00058950 000 374 43064.2662971528
25.11.2017 06:23:28 +00.04020E+00  0767 008460 -1 00059002 00058950 000 342 43064.2663011227
25.11.2017 06:23:28 +00.04020E+00  0780 008460 -1 00059003 00058950 000 343 43064.2663050926
25.11.2017 06:23:29 +00.04020E+00  0791 008460 -1 00059004 00058950 000 343 43064.2663090625
25.11.2017 06:23:29 +00.04020E+00  0809 008460 -1 00059005 00058950 000 376 43064.2663134259
25.11.2017 06:23:29 +00.04020E+00  0829 008460 -1 00059006 00058950 000 341 43064.2663173843
25.11.2017 06:23:30 +00.04020E+00  0841 008460 -1 00059007 00058950 000 342 43064.2663213426
25.11.2017 06:23:30 +00.04020E+00  0852 008460 -1 00059008 00058950 000 343 43064.2663253125
25.11.2017 06:23:30 +00.04020E+00  0866 008460 -1 00059009 00058950 000 378 43064.2663296875
25.11.2017 06:23:31 +00.04020E+00  0876 008460 -1 00059010 00058950 000 340 43064.2663336227
25.11.2017 06:23:31 +00.04020E+00  0887 008460 -1 00059011 00058950 000 342 43064.2663375926
25.11.2017 06:23:31 +00.04020E+00  0899 008460 -1 00059012 00058950 000 343 43064.2663415625
25.11.2017 06:23:32 +00.04020E+00  0915 008460 -1 00059013 00058950 000 379 43064.2663459491
25.11.2017 06:23:32 +00.04020E+00  0931 008460 -1 00059014 00058950 000 345 43064.2663499421
25.11.2017 06:23:32 +00.04020E+00  0949 008460 -1 00059015 00058950 000 343 43064.266353912
25.11.2017 06:23:33 +00.04020E+00  0962 008460 -1 00059016 00058950 000 344 43064.2663578935
25.11.2017 06:23:33 +00.04019E+00  0978 008460 -1 00059017 00058950 000 373 43064.2663622106
25.11.2017 06:23:34 +00.04020E+00  0998 008460 -1 00059018 00058950 000 344 43064.2663661921
25.11.2017 06:23:34 +00.04019E+00  1013 008460 -1 00059019 00058950 000 343 43064.266370162
25.11.2017 06:23:34 +00.04020E+00  1029 008460 -1 00059020 00058950 000 343 43064.2663741319
25.11.2017 06:23:35 +00.04020E+00  1051 008460 -1 00059021 00058950 000 375 43064.2663784722
25.11.2017 06:23:35 +00.04020E+00  1064 008460 -1 00059022 00058950 000 342 43064.2663824306
25.11.2017 06:23:35 +00.04020E+00  1095 008460 -1 00059023 00058950 000 342 43064.2663864005
25.11.2017 06:23:36 +00.04020E+00  1108 008460 -1 00059024 00058950 000 342 43064.2663903704
25.11.2017 06:23:36 +00.04020E+00  1123 008460 -1 00059025 00058950 000 375 43064.2663947222
25.11.2017 06:23:36 +00.04020E+00  1134 008460 -1 00059026 00058950 000 341 43064.2663986806
25.11.2017 06:23:37 +00.04020E+00  1149 008460 -1 00059027 00058950 000 342 43064.2664026505
25.11.2017 06:23:37 +00.04020E+00  1158 008460 -1 00059028 00058950 000 343 43064.2664066204
25.11.2017 06:23:37 +00.04020E+00  1178 008460 -1 00059029 00058950 000 377 43064.2664109954
25.11.2017 06:23:38 +00.04020E+00  1193 008460 -1 00059030 00058950 000 341 43064.2664149537
25.11.2017 06:23:38 +00.04020E+00  1211 008460 -1 00059031 00058950 000 341 43064.2664189005
25.11.2017 06:23:38 +00.04020E+00  1230 008460 -1 00059032 00058950 000 343 43064.2664228704
25.11.2017 06:23:39 +00.04020E+00  1245 008460 -1 00059033 00058950 000 379 43064.2664272569
25.11.2017 06:23:39 +00.04020E+00  1261 008460 -1 00059034 00058950 000 340 43064.2664311921
25.11.2017 06:23:39 +00.04020E+00  1271 008460 -1 00059035 00058950 000 341 43064.2664351505
25.11.2017 06:23:40 +00.04020E+00  1279 008460 -1 00059036 00058950 000 343 43064.2664391204
25.11.2017 06:23:45 +00.04010E+00  0019 008440 -1 00059037 00059037 000 342 43064.2664997222
25.11.2017 06:23:45 +00.04010E+00  0035 008440 -1 00059038 00059037 000 342 43064.2665036921
25.11.2017 06:23:46 +00.04010E+00  0043 008440 -1 00059039 00059037 000 420 43064.2665085648
25.11.2017 06:23:46 +00.04010E+00  0057 008440 -1 00059040 00059037 000 340 43064.2665125116
25.11.2017 06:23:47 +00.04010E+00  0071 008440 -1 00059041 00059037 000 343 43064.2665164931
25.11.2017 06:23:47 +00.04010E+00  0084 008440 -1 00059042 00059037 000 343 43064.266520463
25.11.2017 06:23:47 +00.04010E+00  0107 008440 -1 00059043 00059037 000 377 43064.2665248264
25.11.2017 06:23:48 +00.04010E+00  0124 008440 -1 00059044 00059037 000 340 43064.2665287616
25.11.2017 06:23:48 +00.04010E+00  0140 008440 -1 00059045 00059037 000 343 43064.2665327315
25.11.2017 06:23:48 +00.04010E+00  0162 008440 -1 00059046 00059037 000 342 43064.2665367014
25.11.2017 06:23:49 +00.04010E+00  0178 008440 -1 00059047 00059037 000 378 43064.266541088
25.11.2017 06:23:49 +00.04010E+00  0191 008440 -1 00059048 00059037 000 345 43064.2665450926
25.11.2017 06:23:49 +00.04010E+00  0204 008440 -1 00059049 00059037 000 342 43064.2665490509
25.11.2017 06:23:50 +00.04010E+00  0215 008440 -1 00059050 00059037 000 342 43064.2665530208
25.11.2017 06:23:50 +00.04010E+00  0234 008440 -1 00059051 00059037 000 374 43064.2665573611
25.11.2017 06:23:50 +00.04010E+00  0247 008440 -1 00059052 00059037 000 343 43064.266561331
25.11.2017 06:23:51 +00.04010E+00  0256 008440 -1 00059053 00059037 000 342 43064.2665653009
25.11.2017 06:23:51 +00.04010E+00  0266 008440 -1 00059054 00059037 000 342 43064.2665692708
25.11.2017 06:23:51 +00.04010E+00  0273 008440 -1 00059055 00059037 000 374 43064.2665736111
25.11.2017 06:23:52 +00.04010E+00  0292 008440 -1 00059056 00059037 000 342 43064.266577581
25.11.2017 06:23:52 +00.04010E+00  0309 008440 -1 00059057 00059037 000 343 43064.2665815509
25.11.2017 06:23:52 +00.04010E+00  0323 008440 -1 00059058 00059037 000 343 43064.2665855208
25.11.2017 06:23:53 +00.04010E+00  0330 008440 -1 00059059 00059037 000 376 43064.2665898727
25.11.2017 06:23:53 +00.04010E+00  0347 008440 -1 00059060 00059037 000 342 43064.266593831
25.11.2017 06:23:54 +00.04010E+00  0359 008440 -1 00059061 00059037 000 343 43064.2665978009
25.11.2017 06:23:54 +00.04010E+00  0372 008440 -1 00059062 00059037 000 343 43064.2666017708
25.11.2017 06:23:54 +00.04010E+00  0397 008440 -1 00059063 00059037 000 377 43064.2666061343
25.11.2017 06:23:55 +00.04010E+00  0418 008440 -1 00059064 00059037 000 340 43064.2666100694
25.11.2017 06:23:55 +00.04010E+00  0438 008440 -1 00059065 00059037 000 343 43064.2666140509
25.11.2017 06:23:55 +00.04010E+00  0448 008440 -1 00059066 00059037 000 343 43064.2666180208
25.11.2017 06:23:56 +00.04010E+00  0462 008440 -1 00059067 00059037 000 379 43064.2666224074
25.11.2017 06:23:56 +00.04010E+00  0484 008440 -1 00059068 00059037 000 345 43064.2666264005
25.11.2017 06:23:56 +00.04010E+00  0501 008440 -1 00059069 00059037 000 343 43064.2666303704
25.11.2017 06:23:57 +00.04010E+00  0520 008440 -1 00059070 00059037 000 343 43064.2666343403
25.11.2017 06:23:57 +00.04010E+00  0533 008440 -1 00059071 00059037 000 373 43064.2666386574
25.11.2017 06:23:57 +00.04010E+00  0555 008440 -1 00059072 00059037 000 344 43064.2666426389
25.11.2017 06:23:58 +00.04010E+00  0571 008440 -1 00059073 00059037 000 342 43064.2666466088
25.11.2017 06:23:58 +00.04010E+00  0587 008440 -1 00059074 00059037 000 342 43064.2666505787
25.11.2017 06:23:58 +00.04010E+00  0601 008440 -1 00059075 00059037 000 374 43064.266654919
25.11.2017 06:23:59 +00.04010E+00  0613 008440 -1 00059076 00059037 000 343 43064.2666589005
25.11.2017 06:23:59 +00.04010E+00  0636 008440 -1 00059077 00059037 000 342 43064.2666628588
25.11.2017 06:24:00 +00.04010E+00  0656 008440 -1 00059078 00059037 000 342 43064.2666668287
25.11.2017 06:24:00 +00.04010E+00  0671 008440 -1 00059079 00059037 000 375 43064.2666711806
25.11.2017 06:24:00 +00.04010E+00  0694 008440 -1 00059080 00059037 000 342 43064.2666751389
25.11.2017 06:24:01 +00.04010E+00  0702 008440 -1 00059081 00059037 000 343 43064.2666791088
25.11.2017 06:24:01 +00.04011E+00  0713 008440 -1 00059082 00059037 000 343 43064.2666830787
25.11.2017 06:24:01 +00.04010E+00  0722 008440 -1 00059083 00059037 000 377 43064.2666874421
25.11.2017 06:24:02 +00.04010E+00  0738 008440 -1 00059084 00059037 000 341 43064.2666913889
25.11.2017 06:24:02 +00.04010E+00  0751 008440 -1 00059085 00059037 000 342 43064.2666953588
25.11.2017 06:24:02 +00.04010E+00  0766 008440 -1 00059086 00059037 000 343 43064.2666993287
25.11.2017 06:24:03 +00.04010E+00  0792 008440 -1 00059087 00059037 000 378 43064.2667037037
25.11.2017 06:24:03 +00.04010E+00  0802 008440 -1 00059088 00059037 000 340 43064.2667076389
25.11.2017 06:24:03 +00.04010E+00  0814 008440 -1 00059089 00059037 000 342 43064.2667116088
25.11.2017 06:24:04 +00.04010E+00  0821 008440 -1 00059090 00059037 000 343 43064.2667155787
25.11.2017 06:24:04 +00.04010E+00  0836 008440 -1 00059091 00059037 000 379 43064.2667199653
25.11.2017 06:24:04 +00.04010E+00  0852 008440 -1 00059092 00059037 000 345 43064.2667239583
25.11.2017 06:24:05 +00.04010E+00  0869 008440 -1 00059093 00059037 000 343 43064.2667279282
25.11.2017 06:24:05 +00.04011E+00  0877 008440 -1 00059094 00059037 000 343 43064.2667318981
25.11.2017 06:24:06 +00.04010E+00  0889 008440 -1 00059095 00059037 000 375 43064.2667362384
25.11.2017 06:24:06 +00.04010E+00  0902 008440 -1 00059096 00059037 000 342 43064.2667401968
25.11.2017 06:24:06 +00.04010E+00  0915 008440 -1 00059097 00059037 000 343 43064.2667441782
25.11.2017 06:24:07 +00.04010E+00  0935 008440 -1 00059098 00059037 000 343 43064.2667481481
25.11.2017 06:24:07 +00.04010E+00  0948 008440 -1 00059099 00059037 000 375 43064.2667524884
25.11.2017 06:24:07 +00.04010E+00  0964 008440 -1 00059100 00059037 000 341 43064.2667564468
25.11.2017 06:24:08 +00.04010E+00  0980 008440 -1 00059101 00059037 000 342 43064.2667604167
25.11.2017 06:24:08 +00.04010E+00  1000 008440 -1 00059102 00059037 000 343 43064.2667643981
25.11.2017 06:24:08 +00.04010E+00  1012 008440 -1 00059103 00059037 000 376 43064.26676875
25.11.2017 06:24:09 +00.04010E+00  1027 008440 -1 00059104 00059037 000 340 43064.2667726968
25.11.2017 06:24:09 +00.04010E+00  1040 008440 -1 00059105 00059037 000 342 43064.2667766667
25.11.2017 06:24:09 +00.04010E+00  1054 008440 -1 00059106 00059037 000 343 43064.2667806366
25.11.2017 06:24:10 +00.04010E+00  1064 008440 -1 00059107 00059037 000 378 43064.2667850116
25.11.2017 06:24:10 +00.04010E+00  1082 008440 -1 00059108 00059037 000 340 43064.2667889583
25.11.2017 06:24:10 +00.04010E+00  1096 008440 -1 00059109 00059037 000 341 43064.2667929167
25.11.2017 06:24:11 +00.04010E+00  1115 008440 -1 00059110 00059037 000 343 43064.2667968866
25.11.2017 06:24:11 +00.04010E+00  1125 008440 -1 00059111 00059037 000 380 43064.2668012847
25.11.2017 06:24:11 +00.04010E+00  1135 008440 -1 00059112 00059037 000 344 43064.2668052662
25.11.2017 06:24:12 +00.04011E+00  1152 008440 -1 00059113 00059037 000 343 43064.2668092361
25.11.2017 06:24:12 +00.04010E+00  1168 008440 -1 00059114 00059037 000 343 43064.266813206
25.11.2017 06:24:13 +00.04011E+00  1181 008440 -1 00059115 00059037 000 374 43064.2668175347
25.11.2017 06:24:13 +00.04010E+00  1197 008440 -1 00059116 00059037 000 344 43064.2668215162
25.11.2017 06:24:13 +00.04010E+00  1209 008440 -1 00059117 00059037 000 343 43064.2668254861
25.11.2017 06:24:14 +00.04010E+00  1219 008440 -1 00059118 00059037 000 343 43064.266829456
25.11.2017 06:24:14 +00.04010E+00  1226 008440 -1 00059119 00059037 000 376 43064.2668338079
25.11.2017 06:24:14 +00.04010E+00  1237 008440 -1 00059120 00059037 000 342 43064.2668377662
25.11.2017 06:24:15 +00.04010E+00  1256 008440 -1 00059121 00059037 000 342 43064.2668417245
25.11.2017 06:24:15 +00.04010E+00  1275 008440 -1 00059122 00059037 000 343 43064.266845706
25.11.2017 06:24:15 +00.04010E+00  1293 008440 -1 00059123 00059037 000 377 43064.2668500694
25.11.2017 06:24:21 +00.04001E+00  0014 008420 -1 00059124 00059124 000 342 43064.2669104977
25.11.2017 06:24:21 +00.04001E+00  0030 008420 -1 00059125 00059124 000 397 43064.2669151042
25.11.2017 06:24:21 +00.04001E+00  0043 008420 -1 00059126 00059124 000 345 43064.2669191088
25.11.2017 06:24:22 +00.04001E+00  0060 008420 -1 00059127 00059124 000 342 43064.2669230671
25.11.2017 06:24:22 +00.04001E+00  0078 008420 -1 00059128 00059124 000 342 43064.266927037
25.11.2017 06:24:22 +00.04001E+00  0089 008420 -1 00059129 00059124 000 373 43064.2669313657
25.11.2017 06:24:23 +00.04001E+00  0108 008420 -1 00059130 00059124 000 343 43064.2669353472
25.11.2017 06:24:23 +00.04001E+00  0123 008420 -1 00059131 00059124 000 343 43064.2669393171
25.11.2017 06:24:23 +00.04001E+00  0134 008420 -1 00059132 00059124 000 344 43064.2669432986
25.11.2017 06:24:24 +00.04001E+00  0149 008420 -1 00059133 00059124 000 374 43064.2669476273
25.11.2017 06:24:24 +00.04001E+00  0166 008420 -1 00059134 00059124 000 342 43064.2669515972
25.11.2017 06:24:24 +00.04001E+00  0184 008420 -1 00059135 00059124 000 343 43064.2669555671
25.11.2017 06:24:25 +00.04001E+00  0196 008420 -1 00059136 00059124 000 343 43064.266959537
25.11.2017 06:24:25 +00.04001E+00  0215 008420 -1 00059137 00059124 000 377 43064.2669639005
25.11.2017 06:24:26 +00.04001E+00  0230 008420 -1 00059138 00059124 000 341 43064.2669678472
25.11.2017 06:24:26 +00.04001E+00  0241 008418 -1 00059139 00059124 000 343 43064.2669718171
25.11.2017 06:24:26 +00.04001E+00  0251 008418 -1 00059140 00059124 000 343 43064.266975787
25.11.2017 06:24:27 +00.04000E+00  0269 008418 -1 00059141 00059124 000 378 43064.266980162
25.11.2017 06:24:27 +00.04000E+00  0283 008418 -1 00059142 00059124 000 340 43064.2669840972
25.11.2017 06:24:27 +00.04000E+00  0296 008418 -1 00059143 00059124 000 341 43064.2669880556
25.11.2017 06:24:28 +00.04000E+00  0311 008418 -1 00059144 00059124 000 343 43064.266992037
25.11.2017 06:24:28 +00.04000E+00  0326 008418 -1 00059145 00059124 000 379 43064.2669964236
25.11.2017 06:24:28 +00.04000E+00  0346 008418 -1 00059146 00059124 000 345 43064.2670004167
25.11.2017 06:24:29 +00.04000E+00  0360 008418 -1 00059147 00059124 000 343 43064.2670043866
25.11.2017 06:24:29 +00.04000E+00  0374 008418 -1 00059148 00059124 000 343 43064.2670083565
25.11.2017 06:24:29 +00.04000E+00  0387 008418 -1 00059149 00059124 000 374 43064.2670126852
25.11.2017 06:24:30 +00.04000E+00  0402 008418 -1 00059150 00059124 000 343 43064.2670166551
25.11.2017 06:24:30 +00.04000E+00  0419 008418 -1 00059151 00059124 000 342 43064.267020625
25.11.2017 06:24:30 +00.04000E+00  0433 008418 -1 00059152 00059124 000 342 43064.2670245949
25.11.2017 06:24:31 +00.04000E+00  0443 008418 -1 00059153 00059124 000 374 43064.2670289352
25.11.2017 06:24:31 +00.04000E+00  0463 008418 -1 00059154 00059124 000 342 43064.2670329051
25.11.2017 06:24:31 +00.04000E+00  0473 008418 -1 00059155 00059124 000 343 43064.267036875
25.11.2017 06:24:32 +00.04000E+00  0484 008418 -1 00059156 00059124 000 343 43064.2670408449
25.11.2017 06:24:32 +00.04000E+00  0499 008418 -1 00059157 00059124 000 377 43064.2670452083
25.11.2017 06:24:33 +00.04000E+00  0514 008418 -1 00059158 00059124 000 341 43064.2670491551
25.11.2017 06:24:33 +00.04000E+00  0525 008418 -1 00059159 00059124 000 343 43064.267053125
25.11.2017 06:24:33 +00.04000E+00  0531 008418 -1 00059160 00059124 000 344 43064.2670571065
25.11.2017 06:24:34 +00.04000E+00  0539 008418 -1 00059161 00059124 000 377 43064.2670614699
25.11.2017 06:24:34 +00.04000E+00  0555 008418 -1 00059162 00059124 000 340 43064.2670654051
25.11.2017 06:24:34 +00.04000E+00  0571 008418 -1 00059163 00059124 000 342 43064.267069375
25.11.2017 06:24:35 +00.04000E+00  0582 008418 -1 00059164 00059124 000 343 43064.2670733449
25.11.2017 06:24:35 +00.04000E+00  0602 008418 -1 00059165 00059124 000 379 43064.2670777315
25.11.2017 06:24:35 +00.04000E+00  0616 008418 -1 00059166 00059124 000 345 43064.2670817245
25.11.2017 06:24:36 +00.04000E+00  0628 008418 -1 00059167 00059124 000 343 43064.2670856944
25.11.2017 06:24:36 +00.04000E+00  0642 008418 -1 00059168 00059124 000 343 43064.2670896644
25.11.2017 06:24:36 +00.04000E+00  0651 008418 -1 00059169 00059124 000 374 43064.2670939931
25.11.2017 06:24:37 +00.04000E+00  0662 008418 -1 00059170 00059124 000 344 43064.2670979745
25.11.2017 06:24:37 +00.04000E+00  0674 008418 -1 00059171 00059124 000 343 43064.2671019444
25.11.2017 06:24:37 +00.04000E+00  0686 008418 -1 00059172 00059124 000 343 43064.2671059144
25.11.2017 06:24:38 +00.04000E+00  0703 008418 -1 00059173 00059124 000 375 43064.2671102546
25.11.2017 06:24:38 +00.04000E+00  0715 008418 -1 00059174 00059124 000 342 43064.267114213
25.11.2017 06:24:39 +00.04000E+00  0733 008418 -1 00059175 00059124 000 343 43064.2671181944
25.11.2017 06:24:39 +00.04000E+00  0747 008418 -1 00059176 00059124 000 342 43064.2671221528
25.11.2017 06:24:39 +00.04000E+00  0764 008418 -1 00059177 00059124 000 375 43064.2671265046
25.11.2017 06:24:40 +00.04000E+00  0779 008418 -1 00059178 00059124 000 341 43064.267130463
25.11.2017 06:24:40 +00.04000E+00  0792 008418 -1 00059179 00059124 000 344 43064.2671344444
25.11.2017 06:24:40 +00.04000E+00  0815 008418 -1 00059180 00059124 000 342 43064.2671384028
25.11.2017 06:24:41 +00.03999E+00  0836 008418 -1 00059181 00059124 000 376 43064.2671427662
25.11.2017 06:24:41 +00.04000E+00  0855 008418 -1 00059182 00059124 000 340 43064.267146713
25.11.2017 06:24:41 +00.04000E+00  0867 008418 -1 00059183 00059124 000 342 43064.2671506829
25.11.2017 06:24:42 +00.04000E+00  0886 008418 -1 00059184 00059124 000 343 43064.2671546528
25.11.2017 06:24:42 +00.04000E+00  0899 008418 -1 00059185 00059124 000 379 43064.2671590394
25.11.2017 06:24:42 +00.04000E+00  0915 008418 -1 00059186 00059124 000 340 43064.2671629745
25.11.2017 06:24:43 +00.04000E+00  0927 008418 -1 00059187 00059124 000 341 43064.2671669329
25.11.2017 06:24:43 +00.04000E+00  0939 008418 -1 00059188 00059124 000 343 43064.2671709028
25.11.2017 06:24:43 +00.04000E+00  0954 008418 -1 00059189 00059124 000 380 43064.2671753009
25.11.2017 06:24:44 +00.04000E+00  0967 008418 -1 00059190 00059124 000 344 43064.2671792824
25.11.2017 06:24:44 +00.04000E+00  0985 008418 -1 00059191 00059124 000 343 43064.2671832523
25.11.2017 06:24:44 +00.04000E+00  0997 008418 -1 00059192 00059124 000 343 43064.2671872222
25.11.2017 06:24:45 +00.04000E+00  1009 008418 -1 00059193 00059124 000 375 43064.2671915625
25.11.2017 06:24:45 +00.04000E+00  1025 008418 -1 00059194 00059124 000 343 43064.2671955324
25.11.2017 06:24:46 +00.04000E+00  1038 008418 -1 00059195 00059124 000 343 43064.2671995023
25.11.2017 06:24:46 +00.04000E+00  1054 008418 -1 00059196 00059124 000 343 43064.2672034722
25.11.2017 06:24:46 +00.04000E+00  1068 008418 -1 00059197 00059124 000 376 43064.2672078241
25.11.2017 06:24:47 +00.04000E+00  1086 008418 -1 00059198 00059124 000 341 43064.2672117708
25.11.2017 06:24:47 +00.04000E+00  1104 008418 -1 00059199 00059124 000 342 43064.2672157407
25.11.2017 06:24:47 +00.04000E+00  1114 008418 -1 00059200 00059124 000 343 43064.2672197222
25.11.2017 06:24:48 +00.04000E+00  1134 008418 -1 00059201 00059124 000 376 43064.2672240741
25.11.2017 06:24:48 +00.04000E+00  1152 008418 -1 00059202 00059124 000 340 43064.2672280208
25.11.2017 06:24:48 +00.04000E+00  1171 008418 -1 00059203 00059124 000 342 43064.2672319907
25.11.2017 06:24:49 +00.04000E+00  1187 008418 -1 00059204 00059124 000 342 43064.2672359607
25.11.2017 06:24:49 +00.04000E+00  1195 008418 -1 00059205 00059124 000 378 43064.2672403472
25.11.2017 06:24:49 +00.04000E+00  1206 008418 -1 00059206 00059124 000 345 43064.2672443519
25.11.2017 06:24:50 +00.04000E+00  1221 008418 -1 00059207 00059124 000 342 43064.2672483102
25.11.2017 06:24:50 +00.04000E+00  1234 008418 -1 00059208 00059124 000 342 43064.2672522801
25.11.2017 06:24:50 +00.04000E+00  1251 008418 -1 00059209 00059124 000 373 43064.2672566088
25.11.2017 06:24:51 +00.04000E+00  1270 008418 -1 00059210 00059124 000 343 43064.2672605903
25.11.2017 06:24:56 +00.03990E+00  0015 008398 -1 00059211 00059211 000 382 43064.2673216551
25.11.2017 06:24:56 +00.03990E+00  0032 008398 -1 00059212 00059211 000 342 43064.2673256134
25.11.2017 06:24:57 +00.03990E+00  0044 008398 -1 00059213 00059211 000 343 43064.2673295833
25.11.2017 06:24:57 +00.03990E+00  0060 008398 -1 00059214 00059211 000 343 43064.2673335532
25.11.2017 06:24:57 +00.03990E+00  0082 008398 -1 00059215 00059211 000 377 43064.2673379167
25.11.2017 06:24:58 +00.03990E+00  0093 008398 -1 00059216 00059211 000 340 43064.2673418519
25.11.2017 06:24:58 +00.03990E+00  0108 008398 -1 00059217 00059211 000 343 43064.2673458333
25.11.2017 06:24:59 +00.03990E+00  0118 008398 -1 00059218 00059211 000 343 43064.2673498032
25.11.2017 06:24:59 +00.03990E+00  0133 008398 -1 00059219 00059211 000 379 43064.2673541898
25.11.2017 06:24:59 +00.03990E+00  0154 008398 -1 00059220 00059211 000 345 43064.2673581829
25.11.2017 06:25:00 +00.03990E+00  0167 008398 -1 00059221 00059211 000 343 43064.2673621528
25.11.2017 06:25:00 +00.03990E+00  0176 008398 -1 00059222 00059211 000 343 43064.2673661227
25.11.2017 06:25:00 +00.03990E+00  0195 008398 -1 00059223 00059211 000 373 43064.2673704398
25.11.2017 06:25:01 +00.03990E+00  0210 008398 -1 00059224 00059211 000 344 43064.2673744213
25.11.2017 06:25:01 +00.03990E+00  0220 008398 -1 00059225 00059211 000 342 43064.2673783912
25.11.2017 06:25:01 +00.03990E+00  0235 008398 -1 00059226 00059211 000 343 43064.2673823727
25.11.2017 06:25:02 +00.03990E+00  0245 008398 -1 00059227 00059211 000 375 43064.267386713
25.11.2017 06:25:02 +00.03990E+00  0255 008398 -1 00059228 00059211 000 342 43064.2673906713
25.11.2017 06:25:02 +00.03990E+00  0266 008398 -1 00059229 00059211 000 342 43064.2673946412
25.11.2017 06:25:03 +00.03990E+00  0288 008398 -1 00059230 00059211 000 344 43064.2673986227
25.11.2017 06:25:03 +00.03990E+00  0309 008398 -1 00059231 00059211 000 375 43064.267402963
25.11.2017 06:25:03 +00.03990E+00  0320 008398 -1 00059232 00059211 000 341 43064.2674069213
25.11.2017 06:25:04 +00.03990E+00  0335 008398 -1 00059233 00059211 000 343 43064.2674108912
25.11.2017 06:25:04 +00.03990E+00  0354 008398 -1 00059234 00059211 000 342 43064.2674148611
25.11.2017 06:25:05 +00.03990E+00  0365 008398 -1 00059235 00059211 000 377 43064.2674192245
25.11.2017 06:25:05 +00.03990E+00  0383 008398 -1 00059236 00059211 000 341 43064.2674231713
25.11.2017 06:25:05 +00.03990E+00  0398 008398 -1 00059237 00059211 000 343 43064.2674271412
25.11.2017 06:25:06 +00.03990E+00  0412 008398 -1 00059238 00059211 000 343 43064.2674311111
25.11.2017 06:25:06 +00.03990E+00  0423 008398 -1 00059239 00059211 000 378 43064.2674354861
25.11.2017 06:25:06 +00.03991E+00  0445 008398 -1 00059240 00059211 000 340 43064.2674394213
25.11.2017 06:25:07 +00.03990E+00  0460 008396 -1 00059241 00059211 000 342 43064.2674433912
25.11.2017 06:25:07 +00.03990E+00  0475 008396 -1 00059242 00059211 000 343 43064.2674473611
25.11.2017 06:25:07 +00.03990E+00  0489 008396 -1 00059243 00059211 000 380 43064.2674517593
25.11.2017 06:25:08 +00.03989E+00  0503 008396 -1 00059244 00059211 000 344 43064.2674557407
25.11.2017 06:25:08 +00.03989E+00  0512 008396 -1 00059245 00059211 000 343 43064.2674597106
25.11.2017 06:25:08 +00.03989E+00  0526 008396 -1 00059246 00059211 000 343 43064.2674636806
25.11.2017 06:25:09 +00.03989E+00  0536 008396 -1 00059247 00059211 000 375 43064.2674680208
25.11.2017 06:25:09 +00.03989E+00  0557 008396 -1 00059248 00059211 000 343 43064.2674719907
25.11.2017 06:25:09 +00.03989E+00  0583 008396 -1 00059249 00059211 000 343 43064.2674759606
25.11.2017 06:25:10 +00.03990E+00  0594 008396 -1 00059250 00059211 000 343 43064.2674799306
25.11.2017 06:25:10 +00.03989E+00  0611 008396 -1 00059251 00059211 000 376 43064.2674842824
25.11.2017 06:25:10 +00.03989E+00  0623 008396 -1 00059252 00059211 000 341 43064.2674882292
25.11.2017 06:25:11 +00.03989E+00  0634 008396 -1 00059253 00059211 000 342 43064.2674921991
25.11.2017 06:25:11 +00.03989E+00  0645 008396 -1 00059254 00059211 000 343 43064.267496169
25.11.2017 06:25:12 +00.03989E+00  0656 008396 -1 00059255 00059211 000 376 43064.2675005324
25.11.2017 06:25:12 +00.03990E+00  0673 008398 -1 00059256 00059211 000 340 43064.2675044792
25.11.2017 06:25:12 +00.03990E+00  0682 008398 -1 00059257 00059211 000 343 43064.2675084491
25.11.2017 06:25:13 +00.03990E+00  0694 008398 -1 00059258 00059211 000 342 43064.267512419
25.11.2017 06:25:13 +00.03990E+00  0702 008398 -1 00059259 00059211 000 378 43064.267516794
25.11.2017 06:25:13 +00.03990E+00  0711 008398 -1 00059260 00059211 000 340 43064.2675207407
25.11.2017 06:25:14 +00.03990E+00  0727 008398 -1 00059261 00059211 000 341 43064.2675246991
25.11.2017 06:25:14 +00.03990E+00  0741 008398 -1 00059262 00059211 000 343 43064.267528669
25.11.2017 06:25:14 +00.03990E+00  0747 008398 -1 00059263 00059211 000 379 43064.2675330556
25.11.2017 06:25:15 +00.03990E+00  0765 008398 -1 00059264 00059211 000 340 43064.2675369907
25.11.2017 06:25:15 +00.03991E+00  0778 008398 -1 00059265 00059211 000 341 43064.2675409491
25.11.2017 06:25:15 +00.03990E+00  0791 008398 -1 00059266 00059211 000 343 43064.267544919
25.11.2017 06:25:16 +00.03991E+00  0804 008398 -1 00059267 00059211 000 381 43064.2675493287
25.11.2017 06:25:16 +00.03990E+00  0820 008398 -1 00059268 00059211 000 343 43064.2675532986
25.11.2017 06:25:16 +00.03990E+00  0832 008398 -1 00059269 00059211 000 343 43064.2675572685
25.11.2017 06:25:17 +00.03991E+00  0846 008398 -1 00059270 00059211 000 343 43064.2675612384
25.11.2017 06:25:17 +00.03991E+00  0856 008396 -1 00059271 00059211 000 375 43064.2675655787
25.11.2017 06:25:18 +00.03990E+00  0875 008396 -1 00059272 00059211 000 342 43064.267569537
25.11.2017 06:25:18 +00.03990E+00  0893 008396 -1 00059273 00059211 000 343 43064.2675735185
25.11.2017 06:25:18 +00.03990E+00  0906 008396 -1 00059274 00059211 000 343 43064.2675774884
25.11.2017 06:25:19 +00.03990E+00  0928 008396 -1 00059275 00059211 000 377 43064.2675818519
25.11.2017 06:25:19 +00.03989E+00  0957 008396 -1 00059276 00059211 000 340 43064.267585787
25.11.2017 06:25:19 +00.03990E+00  0974 008396 -1 00059277 00059211 000 343 43064.2675897685
25.11.2017 06:25:20 +00.03990E+00  0990 008396 -1 00059278 00059211 000 342 43064.2675937269
25.11.2017 06:25:20 +00.03989E+00  1002 008396 -1 00059279 00059211 000 377 43064.2675981019
25.11.2017 06:25:20 +00.03989E+00  1015 008396 -1 00059280 00059211 000 340 43064.2676020486
25.11.2017 06:25:21 +00.03989E+00  1029 008396 -1 00059281 00059211 000 342 43064.2676060069
25.11.2017 06:25:21 +00.03989E+00  1049 008396 -1 00059282 00059211 000 342 43064.2676099769
25.11.2017 06:25:21 +00.03989E+00  1060 008396 -1 00059283 00059211 000 378 43064.2676143634
25.11.2017 06:25:22 +00.03989E+00  1077 008396 -1 00059284 00059211 000 344 43064.2676183565
25.11.2017 06:25:22 +00.03989E+00  1089 008396 -1 00059285 00059211 000 342 43064.2676223264
25.11.2017 06:25:22 +00.03989E+00  1102 008398 -1 00059286 00059211 000 343 43064.2676263079
25.11.2017 06:25:23 +00.03990E+00  1113 008398 -1 00059287 00059211 000 374 43064.2676306366
25.11.2017 06:25:23 +00.03990E+00  1126 008398 -1 00059288 00059211 000 343 43064.2676346065
25.11.2017 06:25:23 +00.03990E+00  1139 008398 -1 00059289 00059211 000 343 43064.2676385764
25.11.2017 06:25:24 +00.03991E+00  1152 008398 -1 00059290 00059211 000 343 43064.2676425463
25.11.2017 06:25:24 +00.03990E+00  1167 008398 -1 00059291 00059211 000 375 43064.2676468866
25.11.2017 06:25:25 +00.03990E+00  1181 008398 -1 00059292 00059211 000 343 43064.2676508565
25.11.2017 06:25:25 +00.03990E+00  1195 008398 -1 00059293 00059211 000 343 43064.2676548264
25.11.2017 06:25:25 +00.03990E+00  1206 008398 -1 00059294 00059211 000 343 43064.2676587963
25.11.2017 06:25:26 +00.03990E+00  1219 008398 -1 00059295 00059211 000 377 43064.2676631597
25.11.2017 06:25:26 +00.03990E+00  1228 008398 -1 00059296 00059211 000 341 43064.2676671065
25.11.2017 06:25:26 +00.03990E+00  1243 008398 -1 00059297 00059211 000 343 43064.2676710764
25.11.2017 06:25:32 +00.03980E+00  0011 008376 -1 00059298 00059298 000 340 43064.2677355903
25.11.2017 06:25:32 +00.03980E+00  0024 008376 -1 00059299 00059298 000 342 43064.2677395602
25.11.2017 06:25:33 +00.03980E+00  0035 008376 -1 00059300 00059298 000 342 43064.2677435301
25.11.2017 06:25:33 +00.03980E+00  0045 008376 -1 00059301 00059298 000 360 43064.2677477083
25.11.2017 06:25:33 +00.03980E+00  0065 008376 -1 00059302 00059298 000 343 43064.2677516898
25.11.2017 06:25:34 +00.03980E+00  0077 008376 -1 00059303 00059298 000 342 43064.2677556597
25.11.2017 06:25:34 +00.03980E+00  0092 008376 -1 00059304 00059298 000 342 43064.2677596296
25.11.2017 06:25:34 +00.03980E+00  0102 008376 -1 00059305 00059298 000 374 43064.2677639815
25.11.2017 06:25:35 +00.03980E+00  0117 008376 -1 00059306 00059298 000 342 43064.2677679398
25.11.2017 06:25:35 +00.03980E+00  0129 008376 -1 00059307 00059298 000 342 43064.2677719097
25.11.2017 06:25:35 +00.03980E+00  0140 008376 -1 00059308 00059298 000 342 43064.2677758796
25.11.2017 06:25:36 +00.03980E+00  0156 008376 -1 00059309 00059298 000 376 43064.2677802431
25.11.2017 06:25:36 +00.03980E+00  0177 008376 -1 00059310 00059298 000 341 43064.2677841898
25.11.2017 06:25:36 +00.03980E+00  0192 008376 -1 00059311 00059298 000 343 43064.2677881597
25.11.2017 06:25:37 +00.03980E+00  0201 008376 -1 00059312 00059298 000 343 43064.2677921296
25.11.2017 06:25:37 +00.03980E+00  0214 008376 -1 00059313 00059298 000 378 43064.2677965046
25.11.2017 06:25:37 +00.03980E+00  0230 008376 -1 00059314 00059298 000 340 43064.2678004398
25.11.2017 06:25:38 +00.03980E+00  0254 008376 -1 00059315 00059298 000 342 43064.2678044097
25.11.2017 06:25:38 +00.03980E+00  0268 008376 -1 00059316 00059298 000 343 43064.2678083796
25.11.2017 06:25:39 +00.03980E+00  0280 008376 -1 00059317 00059298 000 379 43064.2678127662
25.11.2017 06:25:39 +00.03980E+00  0295 008376 -1 00059318 00059298 000 341 43064.267816713
25.11.2017 06:25:39 +00.03980E+00  0312 008376 -1 00059319 00059298 000 341 43064.2678206597
25.11.2017 06:25:40 +00.03980E+00  0328 008376 -1 00059320 00059298 000 343 43064.2678246296
25.11.2017 06:25:40 +00.03980E+00  0342 008376 -1 00059321 00059298 000 380 43064.2678290278
25.11.2017 06:25:40 +00.03980E+00  0360 008376 -1 00059322 00059298 000 344 43064.2678330093
25.11.2017 06:25:41 +00.03980E+00  0378 008376 -1 00059323 00059298 000 343 43064.2678369792
25.11.2017 06:25:41 +00.03980E+00  0398 008376 -1 00059324 00059298 000 343 43064.2678409491
25.11.2017 06:25:41 +00.03980E+00  0411 008376 -1 00059325 00059298 000 375 43064.2678452894
25.11.2017 06:25:42 +00.03980E+00  0424 008376 -1 00059326 00059298 000 342 43064.2678492477
25.11.2017 06:25:42 +00.03980E+00  0434 008376 -1 00059327 00059298 000 342 43064.2678532176
25.11.2017 06:25:42 +00.03980E+00  0440 008376 -1 00059328 00059298 000 343 43064.2678571991
25.11.2017 06:25:43 +00.03980E+00  0451 008376 -1 00059329 00059298 000 376 43064.2678615509
25.11.2017 06:25:43 +00.03980E+00  0470 008376 -1 00059330 00059298 000 341 43064.2678654977
25.11.2017 06:25:43 +00.03980E+00  0485 008376 -1 00059331 00059298 000 342 43064.2678694676
25.11.2017 06:25:44 +00.03980E+00  0503 008376 -1 00059332 00059298 000 343 43064.2678734491
25.11.2017 06:25:44 +00.03980E+00  0522 008376 -1 00059333 00059298 000 376 43064.2678778009
25.11.2017 06:25:44 +00.03980E+00  0546 008376 -1 00059334 00059298 000 340 43064.2678817477
25.11.2017 06:25:45 +00.03980E+00  0558 008376 -1 00059335 00059298 000 342 43064.2678857176
25.11.2017 06:25:45 +00.03980E+00  0574 008376 -1 00059336 00059298 000 342 43064.2678896875
25.11.2017 06:25:46 +00.03980E+00  0585 008376 -1 00059337 00059298 000 379 43064.2678940741
25.11.2017 06:25:46 +00.03980E+00  0596 008376 -1 00059338 00059298 000 344 43064.2678980671
25.11.2017 06:25:46 +00.03980E+00  0613 008376 -1 00059339 00059298 000 342 43064.267902037
25.11.2017 06:25:47 +00.03980E+00  0633 008376 -1 00059340 00059298 000 342 43064.2679060069
25.11.2017 06:25:47 +00.03980E+00  0647 008376 -1 00059341 00059298 000 373 43064.2679103356
25.11.2017 06:25:47 +00.03980E+00  0662 008376 -1 00059342 00059298 000 343 43064.2679143171
25.11.2017 06:25:48 +00.03980E+00  0674 008376 -1 00059343 00059298 000 343 43064.267918287
25.11.2017 06:25:48 +00.03980E+00  0690 008376 -1 00059344 00059298 000 343 43064.2679222569
25.11.2017 06:25:48 +00.03980E+00  0707 008376 -1 00059345 00059298 000 375 43064.2679265972
25.11.2017 06:25:49 +00.03980E+00  0728 008376 -1 00059346 00059298 000 343 43064.2679305671
25.11.2017 06:25:49 +00.03980E+00  0742 008376 -1 00059347 00059298 000 343 43064.267934537
25.11.2017 06:25:49 +00.03980E+00  0757 008376 -1 00059348 00059298 000 343 43064.2679385069
25.11.2017 06:25:50 +00.03980E+00  0771 008376 -1 00059349 00059298 000 376 43064.2679428588
25.11.2017 06:25:50 +00.03980E+00  0784 008376 -1 00059350 00059298 000 342 43064.2679468171
25.11.2017 06:25:50 +00.03980E+00  0799 008376 -1 00059351 00059298 000 343 43064.267950787
25.11.2017 06:25:51 +00.03980E+00  0823 008376 -1 00059352 00059298 000 343 43064.2679547569
25.11.2017 06:25:51 +00.03980E+00  0835 008376 -1 00059353 00059298 000 377 43064.2679591204
25.11.2017 06:25:52 +00.03980E+00  0848 008376 -1 00059354 00059298 000 340 43064.2679630556
25.11.2017 06:25:52 +00.03980E+00  0857 008376 -1 00059355 00059298 000 342 43064.2679670255
25.11.2017 06:25:52 +00.03980E+00  0872 008376 -1 00059356 00059298 000 342 43064.2679709954
25.11.2017 06:25:53 +00.03980E+00  0887 008376 -1 00059357 00059298 000 378 43064.2679753819
25.11.2017 06:25:53 +00.03980E+00  0908 008376 -1 00059358 00059298 000 344 43064.267979375
25.11.2017 06:25:53 +00.03980E+00  0925 008376 -1 00059359 00059298 000 343 43064.2679833565
25.11.2017 06:25:54 +00.03980E+00  0938 008376 -1 00059360 00059298 000 343 43064.2679873264
25.11.2017 06:25:54 +00.03980E+00  0948 008376 -1 00059361 00059298 000 373 43064.2679916435
25.11.2017 06:25:54 +00.03980E+00  0969 008376 -1 00059362 00059298 000 345 43064.2679956366
25.11.2017 06:25:55 +00.03980E+00  0983 008376 -1 00059363 00059298 000 342 43064.2679995949
25.11.2017 06:25:55 +00.03980E+00  0997 008376 -1 00059364 00059298 000 342 43064.2680035648
25.11.2017 06:25:55 +00.03980E+00  1007 008376 -1 00059365 00059298 000 374 43064.2680079051
25.11.2017 06:25:56 +00.03980E+00  1018 008376 -1 00059366 00059298 000 342 43064.268011875
25.11.2017 06:25:56 +00.03980E+00  1030 008376 -1 00059367 00059298 000 343 43064.2680158449
25.11.2017 06:25:56 +00.03980E+00  1047 008376 -1 00059368 00059298 000 343 43064.2680198148
25.11.2017 06:25:57 +00.03980E+00  1056 008376 -1 00059369 00059298 000 375 43064.2680241667
25.11.2017 06:25:57 +00.03980E+00  1070 008376 -1 00059370 00059298 000 341 43064.268028125
25.11.2017 06:25:57 +00.03980E+00  1078 008376 -1 00059371 00059298 000 343 43064.2680320949
25.11.2017 06:25:58 +00.03980E+00  1084 008376 -1 00059372 00059298 000 343 43064.2680360648
25.11.2017 06:25:58 +00.03980E+00  1099 008376 -1 00059373 00059298 000 377 43064.2680404282
25.11.2017 06:25:59 +00.03980E+00  1110 008376 -1 00059374 00059298 000 341 43064.268044375
25.11.2017 06:25:59 +00.03980E+00  1130 008376 -1 00059375 00059298 000 343 43064.2680483449
25.11.2017 06:25:59 +00.03980E+00  1144 008376 -1 00059376 00059298 000 343 43064.2680523148
25.11.2017 06:26:00 +00.03980E+00  1155 008376 -1 00059377 00059298 000 378 43064.2680566898
25.11.2017 06:26:00 +00.03980E+00  1170 008376 -1 00059378 00059298 000 340 43064.268060625
25.11.2017 06:26:00 +00.03980E+00  1183 008376 -1 00059379 00059298 000 341 43064.2680645833
25.11.2017 06:26:01 +00.03980E+00  1199 008376 -1 00059380 00059298 000 342 43064.2680685532
25.11.2017 06:26:01 +00.03980E+00  1215 008376 -1 00059381 00059298 000 379 43064.2680729514
25.11.2017 06:26:01 +00.03980E+00  1229 008376 -1 00059382 00059298 000 344 43064.2680769329
25.11.2017 06:26:02 +00.03980E+00  1244 008376 -1 00059383 00059298 000 343 43064.2680809143
25.11.2017 06:26:02 +00.03980E+00  1258 008376 -1 00059384 00059298 000 343 43064.2680848843