
25.11.2017 06:26:06 +00.03921E+00  0015 008253 -1 00059385 00059385 000 343 43064.2681324421
25.11.2017 06:26:06 +00.03921E+00  0032 008253 -1 00059386 00059385 000 342 43064.2681364005
25.11.2017 06:26:07 +00.03921E+00  0046 008253 -1 00059387 00059385 000 418 43064.26814125
25.11.2017 06:26:07 +00.03921E+00  0057 008253 -1 00059388 00059385 000 342 43064.2681452199
25.11.2017 06:26:08 +00.03922E+00  0079 008253 -1 00059389 00059385 000 342 43064.2681491898
25.11.2017 06:26:08 +00.03921E+00  0093 008253 -1 00059390 00059385 000 342 43064.2681531597
25.11.2017 06:26:08 +00.03921E+00  0115 008253 -1 00059391 00059385 000 375 43064.2681575116
25.11.2017 06:26:09 +00.03921E+00  0131 008253 -1 00059392 00059385 000 342 43064.2681614699
25.11.2017 06:26:09 +00.03921E+00  0146 008253 -1 00059393 00059385 000 342 43064.2681654398
25.11.2017 06:26:09 +00.03921E+00  0155 008253 -1 00059394 00059385 000 342 43064.2681694097
25.11.2017 06:26:10 +00.03921E+00  0165 008253 -1 00059395 00059385 000 376 43064.2681737731
25.11.2017 06:26:10 +00.03921E+00  0180 008253 -1 00059396 00059385 000 341 43064.2681777199
25.11.2017 06:26:10 +00.03921E+00  0195 008253 -1 00059397 00059385 000 343 43064.2681816898
25.11.2017 06:26:11 +00.03921E+00  0213 008253 -1 00059398 00059385 000 343 43064.2681856597
25.11.2017 06:26:11 +00.03921E+00  0224 008253 -1 00059399 00059385 000 378 43064.2681900347
25.11.2017 06:26:11 +00.03921E+00  0239 008251 -1 00059400 00059385 000 341 43064.2681939815
25.11.2017 06:26:12 +00.03921E+00  0246 008251 -1 00059401 00059385 000 342 43064.2681979398
25.11.2017 06:26:12 +00.03921E+00  0265 008251 -1 00059402 00059385 000 343 43064.2682019097
25.11.2017 06:26:13 +00.03921E+00  0279 008251 -1 00059403 00059385 000 379 43064.2682062963
25.11.2017 06:26:13 +00.03920E+00  0292 008251 -1 00059404 00059385 000 340 43064.2682102315
25.11.2017 06:26:13 +00.03920E+00  0303 008251 -1 00059405 00059385 000 341 43064.2682141898
25.11.2017 06:26:14 +00.03920E+00  0310 008251 -1 00059406 00059385 000 343 43064.2682181597
25.11.2017 06:26:14 +00.03920E+00  0325 008251 -1 00059407 00059385 000 381 43064.2682225694
25.11.2017 06:26:14 +00.03920E+00  0339 008251 -1 00059408 00059385 000 343 43064.2682265394
25.11.2017 06:26:15 +00.03921E+00  0347 008251 -1 00059409 00059385 000 343 43064.2682305093
25.11.2017 06:26:15 +00.03920E+00  0369 008251 -1 00059410 00059385 000 343 43064.2682344792
25.11.2017 06:26:15 +00.03921E+00  0383 008251 -1 00059411 00059385 000 376 43064.268238831
25.11.2017 06:26:16 +00.03921E+00  0399 008251 -1 00059412 00059385 000 341 43064.2682427778
25.11.2017 06:26:16 +00.03921E+00  0413 008251 -1 00059413 00059385 000 343 43064.2682467593
25.11.2017 06:26:16 +00.03920E+00  0427 008251 -1 00059414 00059385 000 343 43064.2682507292
25.11.2017 06:26:17 +00.03921E+00  0439 008251 -1 00059415 00059385 000 376 43064.268255081
25.11.2017 06:26:17 +00.03921E+00  0455 008251 -1 00059416 00059385 000 341 43064.2682590278
25.11.2017 06:26:17 +00.03920E+00  0473 008251 -1 00059417 00059385 000 342 43064.2682629977
25.11.2017 06:26:18 +00.03920E+00  0488 008251 -1 00059418 00059385 000 342 43064.2682669676
25.11.2017 06:26:18 +00.03921E+00  0499 008251 -1 00059419 00059385 000 377 43064.2682713426
25.11.2017 06:26:18 +00.03920E+00  0505 008251 -1 00059420 00059385 000 340 43064.2682752894
25.11.2017 06:26:19 +00.03921E+00  0515 008251 -1 00059421 00059385 000 341 43064.2682792477
25.11.2017 06:26:19 +00.03921E+00  0529 008251 -1 00059422 00059385 000 342 43064.2682832176
25.11.2017 06:26:20 +00.03921E+00  0541 008251 -1 00059423 00059385 000 378 43064.2682876042
25.11.2017 06:26:20 +00.03921E+00  0555 008251 -1 00059424 00059385 000 344 43064.2682915972
25.11.2017 06:26:20 +00.03920E+00  0565 008251 -1 00059425 00059385 000 343 43064.2682955671
25.11.2017 06:26:21 +00.03921E+00  0583 008251 -1 00059426 00059385 000 342 43064.268299537
25.11.2017 06:26:21 +00.03920E+00  0600 008251 -1 00059427 00059385 000 374 43064.2683038657
25.11.2017 06:26:21 +00.03920E+00  0611 008251 -1 00059428 00059385 000 343 43064.2683078472
25.11.2017 06:26:22 +00.03920E+00  0628 008251 -1 00059429 00059385 000 343 43064.2683118171
25.11.2017 06:26:22 +00.03920E+00  0647 008251 -1 00059430 00059385 000 343 43064.268315787
25.11.2017 06:26:22 +00.03920E+00  0665 008251 -1 00059431 00059385 000 375 43064.2683201273
25.11.2017 06:26:23 +00.03920E+00  0687 008251 -1 00059432 00059385 000 343 43064.2683240972
25.11.2017 06:26:23 +00.03920E+00  0703 008251 -1 00059433 00059385 000 343 43064.2683280671
25.11.2017 06:26:23 +00.03921E+00  0710 008251 -1 00059434 00059385 000 343 43064.268332037
25.11.2017 06:26:24 +00.03920E+00  0726 008251 -1 00059435 00059385 000 377 43064.2683364005
25.11.2017 06:26:24 +00.03920E+00  0746 008251 -1 00059436 00059385 000 341 43064.2683403472
25.11.2017 06:26:24 +00.03920E+00  0761 008251 -1 00059437 00059385 000 343 43064.2683443171
25.11.2017 06:26:25 +00.03920E+00  0779 008251 -1 00059438 00059385 000 343 43064.268348287
25.11.2017 06:26:25 +00.03920E+00  0799 008251 -1 00059439 00059385 000 378 43064.268352662
25.11.2017 06:26:26 +00.03920E+00  0808 008251 -1 00059440 00059385 000 340 43064.2683565972
25.11.2017 06:26:26 +00.03920E+00  0820 008251 -1 00059441 00059385 000 341 43064.2683605556
25.11.2017 06:26:26 +00.03920E+00  0837 008251 -1 00059442 00059385 000 342 43064.2683645255
25.11.2017 06:26:27 +00.03920E+00  0848 008251 -1 00059443 00059385 000 378 43064.268368912
25.11.2017 06:26:27 +00.03920E+00  0863 008251 -1 00059444 00059385 000 344 43064.2683729051
25.11.2017 06:26:27 +00.03920E+00  0876 008251 -1 00059445 00059385 000 343 43064.2683768866
25.11.2017 06:26:28 +00.03921E+00  0884 008251 -1 00059446 00059385 000 343 43064.2683808565
25.11.2017 06:26:28 +00.03921E+00  0893 008251 -1 00059447 00059385 000 374 43064.2683851852
25.11.2017 06:26:28 +00.03920E+00  0915 008251 -1 00059448 00059385 000 343 43064.2683891551
25.11.2017 06:26:29 +00.03920E+00  0924 008251 -1 00059449 00059385 000 342 43064.268393125
25.11.2017 06:26:29 +00.03920E+00  0939 008251 -1 00059450 00059385 000 342 43064.2683970949
25.11.2017 06:26:29 +00.03920E+00  0953 008251 -1 00059451 00059385 000 374 43064.2684014352
25.11.2017 06:26:30 +00.03920E+00  0962 008251 -1 00059452 00059385 000 342 43064.2684054051
25.11.2017 06:26:30 +00.03920E+00  0973 008251 -1 00059453 00059385 000 343 43064.268409375
25.11.2017 06:26:30 +00.03920E+00  0988 008251 -1 00059454 00059385 000 343 43064.2684133449
25.11.2017 06:26:31 +00.03921E+00  1000 008251 -1 00059455 00059385 000 375 43064.2684176968
25.11.2017 06:26:31 +00.03920E+00  1009 008251 -1 00059456 00059385 000 341 43064.2684216551
25.11.2017 06:26:31 +00.03920E+00  1030 008251 -1 00059457 00059385 000 343 43064.268425625
25.11.2017 06:26:32 +00.03921E+00  1050 008251 -1 00059458 00059385 000 343 43064.2684295949
25.11.2017 06:26:32 +00.03921E+00  1066 008251 -1 00059459 00059385 000 378 43064.2684339699
25.11.2017 06:26:33 +00.03920E+00  1081 008249 -1 00059460 00059385 000 341 43064.2684379167
25.11.2017 06:26:33 +00.03920E+00  1097 008249 -1 00059461 00059385 000 342 43064.268441875
25.11.2017 06:26:33 +00.03920E+00  1110 008249 -1 00059462 00059385 000 343 43064.2684458449
25.11.2017 06:26:34 +00.03920E+00  1127 008249 -1 00059463 00059385 000 379 43064.2684502315
25.11.2017 06:26:34 +00.03920E+00  1150 008249 -1 00059464 00059385 000 345 43064.2684542245
25.11.2017 06:26:34 +00.03920E+00  1164 008249 -1 00059465 00059385 000 343 43064.2684581944
25.11.2017 06:26:35 +00.03919E+00  1182 008249 -1 00059466 00059385 000 343 43064.2684621643
25.11.2017 06:26:35 +00.03919E+00  1191 008249 -1 00059467 00059385 000 374 43064.2684664931
25.11.2017 06:26:35 +00.03920E+00  1209 008249 -1 00059468 00059385 000 343 43064.268470463
25.11.2017 06:26:36 +00.03919E+00  1219 008249 -1 00059469 00059385 000 343 43064.2684744444
25.11.2017 06:26:36 +00.03920E+00  1234 008249 -1 00059470 00059385 000 343 43064.2684784143
25.11.2017 06:26:36 +00.03919E+00  1253 008249 -1 00059471 00059385 000 375 43064.2684827546
25.11.2017 06:26:42 +00.03901E+00  0017 008210 -1 00059472 00059472 000 342 43064.2685431366
25.11.2017 06:26:42 +00.03901E+00  0033 008210 -1 00059473 00059472 000 403 43064.2685478009
25.11.2017 06:26:42 +00.03901E+00  0045 008210 -1 00059474 00059472 000 341 43064.2685517477
25.11.2017 06:26:43 +00.03901E+00  0049 008210 -1 00059475 00059472 000 342 43064.268555706
25.11.2017 06:26:43 +00.03901E+00  0058 008210 -1 00059476 00059472 000 343 43064.2685596759
25.11.2017 06:26:43 +00.03901E+00  0074 008210 -1 00059477 00059472 000 379 43064.2685640625
25.11.2017 06:26:44 +00.03901E+00  0094 008210 -1 00059478 00059472 000 344 43064.2685680556
25.11.2017 06:26:44 +00.03901E+00  0110 008210 -1 00059479 00059472 000 343 43064.2685720255
25.11.2017 06:26:44 +00.03901E+00  0125 008210 -1 00059480 00059472 000 343 43064.2685759954
25.11.2017 06:26:45 +00.03901E+00  0139 008210 -1 00059481 00059472 000 374 43064.2685803241
25.11.2017 06:26:45 +00.03901E+00  0153 008210 -1 00059482 00059472 000 343 43064.2685843056
25.11.2017 06:26:46 +00.03901E+00  0172 008210 -1 00059483 00059472 000 343 43064.2685882755
25.11.2017 06:26:46 +00.03901E+00  0190 008210 -1 00059484 00059472 000 343 43064.2685922454
25.11.2017 06:26:46 +00.03901E+00  0201 008210 -1 00059485 00059472 000 375 43064.2685965857
25.11.2017 06:26:47 +00.03901E+00  0220 008210 -1 00059486 00059472 000 343 43064.2686005556
25.11.2017 06:26:47 +00.03901E+00  0237 008208 -1 00059487 00059472 000 343 43064.2686045255
25.11.2017 06:26:47 +00.03900E+00  0250 008208 -1 00059488 00059472 000 343 43064.2686084954
25.11.2017 06:26:48 +00.03900E+00  0265 008208 -1 00059489 00059472 000 376 43064.2686128472
25.11.2017 06:26:48 +00.03900E+00  0276 008208 -1 00059490 00059472 000 341 43064.268616794
25.11.2017 06:26:48 +00.03900E+00  0296 008208 -1 00059491 00059472 000 342 43064.2686207639
25.11.2017 06:26:49 +00.03900E+00  0313 008208 -1 00059492 00059472 000 342 43064.2686247338
25.11.2017 06:26:49 +00.03900E+00  0327 008208 -1 00059493 00059472 000 377 43064.2686291088
25.11.2017 06:26:49 +00.03900E+00  0353 008208 -1 00059494 00059472 000 340 43064.268633044
25.11.2017 06:26:50 +00.03900E+00  0366 008208 -1 00059495 00059472 000 343 43064.2686370139
25.11.2017 06:26:50 +00.03900E+00  0380 008208 -1 00059496 00059472 000 342 43064.2686409838
25.11.2017 06:26:50 +00.03900E+00  0392 008208 -1 00059497 00059472 000 378 43064.2686453704
25.11.2017 06:26:51 +00.03900E+00  0407 008208 -1 00059498 00059472 000 344 43064.2686493634
25.11.2017 06:26:51 +00.03900E+00  0423 008208 -1 00059499 00059472 000 343 43064.2686533449
25.11.2017 06:26:51 +00.03900E+00  0438 008208 -1 00059500 00059472 000 342 43064.2686573032
25.11.2017 06:26:52 +00.03900E+00  0452 008208 -1 00059501 00059472 000 373 43064.2686616319
25.11.2017 06:26:52 +00.03900E+00  0470 008208 -1 00059502 00059472 000 343 43064.2686656134
25.11.2017 06:26:53 +00.03900E+00  0480 008208 -1 00059503 00059472 000 343 43064.2686695833
25.11.2017 06:26:53 +00.03900E+00  0498 008208 -1 00059504 00059472 000 342 43064.2686735532
25.11.2017 06:26:53 +00.03900E+00  0508 008208 -1 00059505 00059472 000 374 43064.2686778935
25.11.2017 06:26:54 +00.03900E+00  0524 008208 -1 00059506 00059472 000 343 43064.2686818634
25.11.2017 06:26:54 +00.03900E+00  0543 008208 -1 00059507 00059472 000 343 43064.2686858333
25.11.2017 06:26:54 +00.03900E+00  0556 008208 -1 00059508 00059472 000 343 43064.2686898032
25.11.2017 06:26:55 +00.03900E+00  0568 008208 -1 00059509 00059472 000 376 43064.2686941551
25.11.2017 06:26:55 +00.03900E+00  0577 008208 -1 00059510 00059472 000 342 43064.2686981134
25.11.2017 06:26:55 +00.03900E+00  0590 008208 -1 00059511 00059472 000 343 43064.2687020833
25.11.2017 06:26:56 +00.03900E+00  0606 008208 -1 00059512 00059472 000 343 43064.2687060532
25.11.2017 06:26:56 +00.03900E+00  0622 008208 -1 00059513 00059472 000 377 43064.2687104167
25.11.2017 06:26:56 +00.03900E+00  0633 008208 -1 00059514 00059472 000 341 43064.2687143634
25.11.2017 06:26:57 +00.03900E+00  0645 008208 -1 00059515 00059472 000 343 43064.2687183333
25.11.2017 06:26:57 +00.03900E+00  0655 008208 -1 00059516 00059472 000 343 43064.2687223032
25.11.2017 06:26:57 +00.03900E+00  0672 008208 -1 00059517 00059472 000 378 43064.2687266782
25.11.2017 06:26:58 +00.03900E+00  0682 008208 -1 00059518 00059472 000 340 43064.2687306134
25.11.2017 06:26:58 +00.03900E+00  0695 008208 -1 00059519 00059472 000 341 43064.2687345718
25.11.2017 06:26:59 +00.03900E+00  0714 008208 -1 00059520 00059472 000 342 43064.2687385417
25.11.2017 06:26:59 +00.03900E+00  0730 008208 -1 00059521 00059472 000 379 43064.2687429398
25.11.2017 06:26:59 +00.03900E+00  0752 008208 -1 00059522 00059472 000 343 43064.2687469213
25.11.2017 06:27:00 +00.03900E+00  0763 008208 -1 00059523 00059472 000 342 43064.2687508912
25.11.2017 06:27:00 +00.03900E+00  0777 008208 -1 00059524 00059472 000 342 43064.2687548611
25.11.2017 06:27:00 +00.03900E+00  0789 008208 -1 00059525 00059472 000 374 43064.2687592014
25.11.2017 06:27:01 +00.03900E+00  0800 008208 -1 00059526 00059472 000 342 43064.2687631713
25.11.2017 06:27:01 +00.03900E+00  0807 008208 -1 00059527 00059472 000 343 43064.2687671412
25.11.2017 06:27:01 +00.03900E+00  0821 008208 -1 00059528 00059472 000 342 43064.2687711111
25.11.2017 06:27:02 +00.03900E+00  0837 008208 -1 00059529 00059472 000 375 43064.268775463
25.11.2017 06:27:02 +00.03900E+00  0852 008208 -1 00059530 00059472 000 342 43064.2687794329
25.11.2017 06:27:02 +00.03900E+00  0866 008208 -1 00059531 00059472 000 342 43064.2687833912
25.11.2017 06:27:03 +00.03900E+00  0885 008208 -1 00059532 00059472 000 343 43064.2687873611
25.11.2017 06:27:03 +00.03900E+00  0907 008208 -1 00059533 00059472 000 377 43064.2687917245
25.11.2017 06:27:03 +00.03900E+00  0918 008208 -1 00059534 00059472 000 341 43064.2687956713
25.11.2017 06:27:04 +00.03900E+00  0933 008208 -1 00059535 00059472 000 342 43064.2687996412
25.11.2017 06:27:04 +00.03900E+00  0947 008208 -1 00059536 00059472 000 343 43064.2688036111
25.11.2017 06:27:05 +00.03900E+00  0962 008208 -1 00059537 00059472 000 378 43064.2688079861
25.11.2017 06:27:05 +00.03900E+00  0977 008208 -1 00059538 00059472 000 340 43064.2688119213
25.11.2017 06:27:05 +00.03900E+00  0989 008208 -1 00059539 00059472 000 342 43064.2688158912
25.11.2017 06:27:06 +00.03900E+00  1014 008208 -1 00059540 00059472 000 343 43064.2688198611
25.11.2017 06:27:06 +00.03900E+00  1027 008208 -1 00059541 00059472 000 379 43064.2688242477
25.11.2017 06:27:06 +00.03900E+00  1042 008208 -1 00059542 00059472 000 345 43064.2688282407
25.11.2017 06:27:07 +00.03900E+00  1056 008208 -1 00059543 00059472 000 343 43064.2688322106
25.11.2017 06:27:07 +00.03900E+00  1072 008208 -1 00059544 00059472 000 343 43064.2688361806
25.11.2017 06:27:07 +00.03900E+00  1084 008208 -1 00059545 00059472 000 374 43064.2688405093
25.11.2017 06:27:08 +00.03900E+00  1100 008208 -1 00059546 00059472 000 343 43064.2688444792
25.11.2017 06:27:08 +00.03900E+00  1112 008208 -1 00059547 00059472 000 342 43064.2688484491
25.11.2017 06:27:08 +00.03900E+00  1129 008208 -1 00059548 00059472 000 343 43064.2688524306
25.11.2017 06:27:09 +00.03900E+00  1147 008208 -1 00059549 00059472 000 376 43064.2688567824
25.11.2017 06:27:09 +00.03900E+00  1170 008208 -1 00059550 00059472 000 341 43064.2688607292
25.11.2017 06:27:09 +00.03900E+00  1185 008208 -1 00059551 00059472 000 342 43064.2688646991
25.11.2017 06:27:10 +00.03900E+00  1203 008208 -1 00059552 00059472 000 342 43064.268868669
25.11.2017 06:27:10 +00.03900E+00  1218 008208 -1 00059553 00059472 000 376 43064.2688730324
25.11.2017 06:27:10 +00.03900E+00  1235 008208 -1 00059554 00059472 000 340 43064.2688769792
25.11.2017 06:27:11 +00.03900E+00  1248 008208 -1 00059555 00059472 000 343 43064.2688809606
25.11.2017 06:27:11 +00.03900E+00  1259 008208 -1 00059556 00059472 000 342 43064.268884919
25.11.2017 06:27:12 +00.03900E+00  1277 008208 -1 00059557 00059472 000 378 43064.268889294
25.11.2017 06:27:12 +00.03900E+00  1291 008208 -1 00059558 00059472 000 340 43064.2688932407
25.11.2017 06:27:17 +00.03880E+00  0010 008167 -1 00059559 00059559 000 381 43064.2689543519
25.11.2017 06:27:17 +00.03880E+00  0029 008167 -1 00059560 00059559 000 343 43064.2689583218
25.11.2017 06:27:18 +00.03880E+00  0049 008167 -1 00059561 00059559 000 343 43064.2689622917
25.11.2017 06:27:18 +00.03880E+00  0060 008167 -1 00059562 00059559 000 343 43064.2689662616
25.11.2017 06:27:19 +00.03880E+00  0081 008167 -1 00059563 00059559 000 375 43064.2689706019
25.11.2017 06:27:19 +00.03880E+00  0098 008167 -1 00059564 00059559 000 342 43064.2689745602
25.11.2017 06:27:19 +00.03880E+00  0112 008167 -1 00059565 00059559 000 343 43064.2689785417
25.11.2017 06:27:20 +00.03880E+00  0122 008167 -1 00059566 00059559 000 343 43064.2689825116
25.11.2017 06:27:20 +00.03880E+00  0137 008167 -1 00059567 00059559 000 377 43064.268986875
25.11.2017 06:27:20 +00.03880E+00  0147 008167 -1 00059568 00059559 000 340 43064.2689908102
25.11.2017 06:27:21 +00.03880E+00  0156 008167 -1 00059569 00059559 000 342 43064.2689947801
25.11.2017 06:27:21 +00.03880E+00  0166 008167 -1 00059570 00059559 000 342 43064.26899875
25.11.2017 06:27:21 +00.03880E+00  0189 008167 -1 00059571 00059559 000 378 43064.2690031366
25.11.2017 06:27:22 +00.03881E+00  0204 008167 -1 00059572 00059559 000 340 43064.2690070718
25.11.2017 06:27:22 +00.03880E+00  0216 008167 -1 00059573 00059559 000 341 43064.2690110301
25.11.2017 06:27:22 +00.03880E+00  0228 008167 -1 00059574 00059559 000 343 43064.2690150116
25.11.2017 06:27:23 +00.03880E+00  0243 008167 -1 00059575 00059559 000 378 43064.2690193866
25.11.2017 06:27:23 +00.03880E+00  0256 008167 -1 00059576 00059559 000 340 43064.2690233218
25.11.2017 06:27:23 +00.03880E+00  0270 008167 -1 00059577 00059559 000 341 43064.2690272801
25.11.2017 06:27:24 +00.03880E+00  0289 008167 -1 00059578 00059559 000 344 43064.2690312616
25.11.2017 06:27:24 +00.03880E+00  0299 008167 -1 00059579 00059559 000 380 43064.2690356597
25.11.2017 06:27:25 +00.03880E+00  0312 008167 -1 00059580 00059559 000 343 43064.2690396296
25.11.2017 06:27:25 +00.03880E+00  0331 008167 -1 00059581 00059559 000 343 43064.2690435995
25.11.2017 06:27:25 +00.03880E+00  0344 008167 -1 00059582 00059559 000 344 43064.269047581
25.11.2017 06:27:26 +00.03880E+00  0361 008167 -1 00059583 00059559 000 374 43064.2690519097
25.11.2017 06:27:26 +00.03880E+00  0375 008167 -1 00059584 00059559 000 343 43064.2690558796
25.11.2017 06:27:26 +00.03880E+00  0394 008167 -1 00059585 00059559 000 343 43064.2690598495
25.11.2017 06:27:27 +00.03880E+00  0408 008167 -1 00059586 00059559 000 343 43064.2690638194
25.11.2017 06:27:27 +00.03880E+00  0423 008167 -1 00059587 00059559 000 377 43064.2690681829
25.11.2017 06:27:27 +00.03880E+00  0441 008167 -1 00059588 00059559 000 341 43064.2690721296
25.11.2017 06:27:28 +00.03880E+00  0460 008167 -1 00059589 00059559 000 343 43064.2690760995
25.11.2017 06:27:28 +00.03880E+00  0476 008167 -1 00059590 00059559 000 343 43064.2690800694
25.11.2017 06:27:28 +00.03880E+00  0485 008167 -1 00059591 00059559 000 378 43064.2690844444
25.11.2017 06:27:29 +00.03880E+00  0495 008167 -1 00059592 00059559 000 340 43064.2690883796
25.11.2017 06:27:29 +00.03880E+00  0514 008167 -1 00059593 00059559 000 342 43064.269092338
25.11.2017 06:27:29 +00.03880E+00  0530 008167 -1 00059594 00059559 000 342 43064.2690963079
25.11.2017 06:27:30 +00.03880E+00  0541 008167 -1 00059595 00059559 000 379 43064.269100706
25.11.2017 06:27:30 +00.03880E+00  0553 008167 -1 00059596 00059559 000 345 43064.2691046991
25.11.2017 06:27:30 +00.03880E+00  0566 008167 -1 00059597 00059559 000 343 43064.269108669
25.11.2017 06:27:31 +00.03880E+00  0581 008167 -1 00059598 00059559 000 342 43064.2691126273
25.11.2017 06:27:31 +00.03880E+00  0589 008167 -1 00059599 00059559 000 374 43064.2691169676
25.11.2017 06:27:32 +00.03880E+00  0610 008167 -1 00059600 00059559 000 343 43064.2691209375
25.11.2017 06:27:32 +00.03880E+00  0623 008167 -1 00059601 00059559 000 342 43064.2691249074
25.11.2017 06:27:32 +00.03880E+00  0634 008167 -1 00059602 00059559 000 342 43064.2691288773
25.11.2017 06:27:33 +00.03880E+00  0652 008167 -1 00059603 00059559 000 374 43064.2691332176
25.11.2017 06:27:33 +00.03880E+00  0664 008167 -1 00059604 00059559 000 342 43064.2691371875
25.11.2017 06:27:33 +00.03880E+00  0673 008167 -1 00059605 00059559 000 343 43064.2691411574
25.11.2017 06:27:34 +00.03880E+00  0689 008167 -1 00059606 00059559 000 343 43064.2691451273
25.11.2017 06:27:34 +00.03880E+00  0706 008167 -1 00059607 00059559 000 375 43064.2691494792
25.11.2017 06:27:34 +00.03880E+00  0721 008167 -1 00059608 00059559 000 341 43064.2691534375
25.11.2017 06:27:35 +00.03880E+00  0737 008167 -1 00059609 00059559 000 343 43064.2691574074
25.11.2017 06:27:35 +00.03880E+00  0750 008167 -1 00059610 00059559 000 343 43064.2691613773
25.11.2017 06:27:35 +00.03880E+00  0769 008167 -1 00059611 00059559 000 378 43064.2691657523
25.11.2017 06:27:36 +00.03880E+00  0776 008167 -1 00059612 00059559 000 340 43064.2691696875
25.11.2017 06:27:36 +00.03881E+00  0790 008167 -1 00059613 00059559 000 342 43064.2691736574
25.11.2017 06:27:36 +00.03880E+00  0798 008167 -1 00059614 00059559 000 343 43064.2691776273
25.11.2017 06:27:37 +00.03880E+00  0817 008167 -1 00059615 00059559 000 379 43064.2691820139
25.11.2017 06:27:37 +00.03880E+00  0831 008167 -1 00059616 00059559 000 345 43064.2691860069
25.11.2017 06:27:38 +00.03880E+00  0848 008167 -1 00059617 00059559 000 343 43064.2691899769
25.11.2017 06:27:38 +00.03880E+00  0865 008167 -1 00059618 00059559 000 343 43064.2691939468
25.11.2017 06:27:38 +00.03880E+00  0877 008167 -1 00059619 00059559 000 374 43064.2691982755
25.11.2017 06:27:39 +00.03880E+00  0897 008167 -1 00059620 00059559 000 344 43064.2692022569
25.11.2017 06:27:39 +00.03880E+00  0910 008167 -1 00059621 00059559 000 343 43064.2692062269
25.11.2017 06:27:39 +00.03880E+00  0923 008167 -1 00059622 00059559 000 343 43064.2692101968
25.11.2017 06:27:40 +00.03880E+00  0940 008167 -1 00059623 00059559 000 375 43064.269214537
25.11.2017 06:27:40 +00.03880E+00  0960 008167 -1 00059624 00059559 000 342 43064.2692184954
25.11.2017 06:27:40 +00.03880E+00  0974 008167 -1 00059625 00059559 000 343 43064.2692224769
25.11.2017 06:27:41 +00.03881E+00  0982 008167 -1 00059626 00059559 000 343 43064.2692264468
25.11.2017 06:27:41 +00.03880E+00  0992 008167 -1 00059627 00059559 000 376 43064.2692307986
25.11.2017 06:27:41 +00.03880E+00  1006 008167 -1 00059628 00059559 000 341 43064.2692347454
25.11.2017 06:27:42 +00.03880E+00  1023 008167 -1 00059629 00059559 000 342 43064.2692387153
25.11.2017 06:27:42 +00.03881E+00  1035 008167 -1 00059630 00059559 000 342 43064.2692426852
25.11.2017 06:27:42 +00.03880E+00  1052 008167 -1 00059631 00059559 000 376 43064.2692470486
25.11.2017 06:27:43 +00.03880E+00  1064 008167 -1 00059632 00059559 000 340 43064.2692509954
25.11.2017 06:27:43 +00.03880E+00  1078 008167 -1 00059633 00059559 000 342 43064.2692549653
25.11.2017 06:27:43 +00.03880E+00  1097 008167 -1 00059634 00059559 000 343 43064.2692589352
25.11.2017 06:27:44 +00.03880E+00  1108 008167 -1 00059635 00059559 000 379 43064.2692633218
25.11.2017 06:27:44 +00.03880E+00  1123 008167 -1 00059636 00059559 000 340 43064.2692672569
25.11.2017 06:27:45 +00.03880E+00  1135 008167 -1 00059637 00059559 000 341 43064.2692712153
25.11.2017 06:27:45 +00.03880E+00  1149 008167 -1 00059638 00059559 000 343 43064.2692751852
25.11.2017 06:27:45 +00.03880E+00  1162 008167 -1 00059639 00059559 000 380 43064.2692795833
25.11.2017 06:27:46 +00.03880E+00  1177 008167 -1 00059640 00059559 000 344 43064.2692835648
25.11.2017 06:27:46 +00.03880E+00  1188 008167 -1 00059641 00059559 000 343 43064.2692875347
25.11.2017 06:27:46 +00.03880E+00  1204 008167 -1 00059642 00059559 000 343 43064.2692915046
25.11.2017 06:27:47 +00.03880E+00  1218 008167 -1 00059643 00059559 000 375 43064.2692958449
25.11.2017 06:27:47 +00.03880E+00  1236 008167 -1 00059644 00059559 000 343 43064.2692998148
25.11.2017 06:27:47 +00.03880E+00  1252 008167 -1 00059645 00059559 000 343 43064.2693037847
25.11.2017 06:27:53 +00.03861E+00  0017 008126 -1 00059646 00059646 000 378 43064.2693641435
25.11.2017 06:27:53 +00.03861E+00  0027 008126 -1 00059647 00059646 000 340 43064.2693680787
25.11.2017 06:27:53 +00.03861E+00  0043 008126 -1 00059648 00059646 000 341 43064.269372037
25.11.2017 06:27:54 +00.03861E+00  0058 008126 -1 00059649 00059646 000 343 43064.2693760069
25.11.2017 06:27:54 +00.03861E+00  0073 008126 -1 00059650 00059646 000 380 43064.2693804051
25.11.2017 06:27:54 +00.03861E+00  0081 008126 -1 00059651 00059646 000 343 43064.2693843866
25.11.2017 06:27:55 +00.03861E+00  0094 008126 -1 00059652 00059646 000 343 43064.2693883565
25.11.2017 06:27:55 +00.03861E+00  0111 008126 -1 00059653 00059646 000 343 43064.2693923264
25.11.2017 06:27:55 +00.03861E+00  0123 008126 -1 00059654 00059646 000 374 43064.2693966667
25.11.2017 06:27:56 +00.03861E+00  0132 008126 -1 00059655 00059646 000 342 43064.2694006366
25.11.2017 06:27:56 +00.03861E+00  0143 008126 -1 00059656 00059646 000 343 43064.2694046065
25.11.2017 06:27:56 +00.03861E+00  0155 008126 -1 00059657 00059646 000 343 43064.2694085764
25.11.2017 06:27:57 +00.03861E+00  0174 008126 -1 00059658 00059646 000 376 43064.2694129282
25.11.2017 06:27:57 +00.03861E+00  0188 008126 -1 00059659 00059646 000 342 43064.2694168866
25.11.2017 06:27:57 +00.03861E+00  0201 008126 -1 00059660 00059646 000 343 43064.2694208565
25.11.2017 06:27:58 +00.03861E+00  0214 008124 -1 00059661 00059646 000 343 43064.2694248264
25.11.2017 06:27:58 +00.03860E+00  0230 008124 -1 00059662 00059646 000 377 43064.2694291898
25.11.2017 06:27:59 +00.03860E+00  0242 008124 -1 00059663 00059646 000 341 43064.2694331366
25.11.2017 06:27:59 +00.03860E+00  0259 008124 -1 00059664 00059646 000 343 43064.2694371065
25.11.2017 06:27:59 +00.03860E+00  0274 008124 -1 00059665 00059646 000 342 43064.2694410648
25.11.2017 06:28:00 +00.03860E+00  0286 008124 -1 00059666 00059646 000 378 43064.2694454514
25.11.2017 06:28:00 +00.03860E+00  0303 008124 -1 00059667 00059646 000 340 43064.2694493866
25.11.2017 06:28:00 +00.03860E+00  0312 008124 -1 00059668 00059646 000 342 43064.2694533449
25.11.2017 06:28:01 +00.03860E+00  0324 008124 -1 00059669 00059646 000 342 43064.2694573148
25.11.2017 06:28:01 +00.03860E+00  0337 008124 -1 00059670 00059646 000 379 43064.269461713
25.11.2017 06:28:01 +00.03860E+00  0347 008124 -1 00059671 00059646 000 343 43064.2694656944
25.11.2017 06:28:02 +00.03860E+00  0360 008124 -1 00059672 00059646 000 343 43064.2694696759
25.11.2017 06:28:02 +00.03860E+00  0378 008124 -1 00059673 00059646 000 342 43064.2694736343
25.11.2017 06:28:02 +00.03860E+00  0399 008124 -1 00059674 00059646 000 374 43064.2694779745
25.11.2017 06:28:03 +00.03860E+00  0409 008124 -1 00059675 00059646 000 342 43064.2694819444
25.11.2017 06:28:03 +00.03860E+00  0426 008124 -1 00059676 00059646 000 343 43064.2694859144
25.11.2017 06:28:03 +00.03860E+00  0437 008124 -1 00059677 00059646 000 343 43064.2694898843
25.11.2017 06:28:04 +00.03860E+00  0454 008124 -1 00059678 00059646 000 375 43064.2694942361
25.11.2017 06:28:04 +00.03860E+00  0465 008124 -1 00059679 00059646 000 341 43064.2694981944
25.11.2017 06:28:04 +00.03860E+00  0480 008124 -1 00059680 00059646 000 343 43064.2695021644
25.11.2017 06:28:05 +00.03860E+00  0494 008124 -1 00059681 00059646 000 343 43064.2695061343
25.11.2017 06:28:05 +00.03860E+00  0515 008124 -1 00059682 00059646 000 377 43064.2695104977
25.11.2017 06:28:06 +00.03860E+00  0527 008124 -1 00059683 00059646 000 341 43064.2695144444
25.11.2017 06:28:06 +00.03860E+00  0544 008124 -1 00059684 00059646 000 343 43064.2695184144
25.11.2017 06:28:06 +00.03860E+00  0560 008124 -1 00059685 00059646 000 343 43064.2695223843
25.11.2017 06:28:07 +00.03860E+00  0587 008124 -1 00059686 00059646 000 378 43064.2695267593
25.11.2017 06:28:07 +00.03860E+00  0604 008124 -1 00059687 00059646 000 340 43064.2695306944
25.11.2017 06:28:07 +00.03860E+00  0624 008124 -1 00059688 00059646 000 342 43064.2695346644
25.11.2017 06:28:08 +00.03860E+00  0635 008124 -1 00059689 00059646 000 343 43064.2695386343
25.11.2017 06:28:08 +00.03860E+00  0644 008124 -1 00059690 00059646 000 379 43064.2695430208
25.11.2017 06:28:08 +00.03860E+00  0663 008124 -1 00059691 00059646 000 345 43064.2695470139
25.11.2017 06:28:09 +00.03860E+00  0683 008124 -1 00059692 00059646 000 343 43064.2695509838
25.11.2017 06:28:09 +00.03860E+00  0696 008124 -1 00059693 00059646 000 343 43064.2695549537
25.11.2017 06:28:09 +00.03860E+00  0708 008124 -1 00059694 00059646 000 374 43064.2695592824
25.11.2017 06:28:10 +00.03860E+00  0719 008124 -1 00059695 00059646 000 343 43064.2695632523
25.11.2017 06:28:10 +00.03860E+00  0737 008124 -1 00059696 00059646 000 342 43064.2695672222
25.11.2017 06:28:10 +00.03860E+00  0750 008124 -1 00059697 00059646 000 343 43064.2695712037
25.11.2017 06:28:11 +00.03860E+00  0760 008124 -1 00059698 00059646 000 375 43064.269575544
25.11.2017 06:28:11 +00.03860E+00  0773 008124 -1 00059699 00059646 000 341 43064.2695795023
25.11.2017 06:28:12 +00.03860E+00  0786 008124 -1 00059700 00059646 000 342 43064.2695834722
25.11.2017 06:28:12 +00.03860E+00  0801 008124 -1 00059701 00059646 000 342 43064.2695874421
25.11.2017 06:28:12 +00.03860E+00  0812 008124 -1 00059702 00059646 000 376 43064.2695918056
25.11.2017 06:28:13 +00.03860E+00  0826 008124 -1 00059703 00059646 000 340 43064.2695957523
25.11.2017 06:28:13 +00.03860E+00  0838 008124 -1 00059704 00059646 000 342 43064.2695997222
25.11.2017 06:28:13 +00.03860E+00  0852 008124 -1 00059705 00059646 000 342 43064.2696036921
25.11.2017 06:28:14 +00.03860E+00  0872 008124 -1 00059706 00059646 000 377 43064.2696080671
25.11.2017 06:28:14 +00.03860E+00  0884 008124 -1 00059707 00059646 000 340 43064.2696120023
25.11.2017 06:28:14 +00.03860E+00  0899 008124 -1 00059708 00059646 000 342 43064.2696159722
25.11.2017 06:28:15 +00.03860E+00  0911 008124 -1 00059709 00059646 000 343 43064.2696199421
25.11.2017 06:28:15 +00.03860E+00  0925 008124 -1 00059710 00059646 000 379 43064.2696243287
25.11.2017 06:28:15 +00.03860E+00  0939 008124 -1 00059711 00059646 000 340 43064.2696282639
25.11.2017 06:28:16 +00.03860E+00  0955 008124 -1 00059712 00059646 000 341 43064.2696322222
25.11.2017 06:28:16 +00.03860E+00  0968 008124 -1 00059713 00059646 000 343 43064.2696361921
25.11.2017 06:28:16 +00.03860E+00  0981 008124 -1 00059714 00059646 000 380 43064.2696405903
25.11.2017 06:28:17 +00.03860E+00  0998 008124 -1 00059715 00059646 000 344 43064.2696445718
25.11.2017 06:28:17 +00.03860E+00  1017 008124 -1 00059716 00059646 000 343 43064.2696485417
25.11.2017 06:28:17 +00.03860E+00  1031 008124 -1 00059717 00059646 000 343 43064.2696525116
25.11.2017 06:28:18 +00.03860E+00  1045 008124 -1 00059718 00059646 000 375 43064.2696568519
25.11.2017 06:28:18 +00.03860E+00  1064 008124 -1 00059719 00059646 000 343 43064.2696608218
25.11.2017 06:28:19 +00.03860E+00  1080 008124 -1 00059720 00059646 000 343 43064.2696647917
25.11.2017 06:28:19 +00.03860E+00  1092 008124 -1 00059721 00059646 000 343 43064.2696687616
25.11.2017 06:28:19 +00.03860E+00  1111 008124 -1 00059722 00059646 000 377 43064.269673125
25.11.2017 06:28:20 +00.03860E+00  1130 008124 -1 00059723 00059646 000 340 43064.2696770602
25.11.2017 06:28:20 +00.03860E+00  1151 008124 -1 00059724 00059646 000 342 43064.2696810301
25.11.2017 06:28:20 +00.03860E+00  1161 008124 -1 00059725 00059646 000 342 43064.269685
25.11.2017 06:28:21 +00.03860E+00  1174 008124 -1 00059726 00059646 000 377 43064.269689375
25.11.2017 06:28:21 +00.03860E+00  1191 008124 -1 00059727 00059646 000 340 43064.2696933218
25.11.2017 06:28:21 +00.03860E+00  1205 008124 -1 00059728 00059646 000 342 43064.2696972801
25.11.2017 06:28:22 +00.03860E+00  1220 008124 -1 00059729 00059646 000 342 43064.26970125
25.11.2017 06:28:22 +00.03860E+00  1233 008124 -1 00059730 00059646 000 378 43064.2697056366
25.11.2017 06:28:22 +00.03860E+00  1245 008124 -1 00059731 00059646 000 340 43064.2697095718
25.11.2017 06:28:23 +00.03860E+00  1262 008124 -1 00059732 00059646 000 341 43064.2697135301
25.11.2017 06:28:28 +00.03840E+00  0007 008083 -1 00059733 00059733 000 343 43064.269778125
25.11.2017 06:28:29 +00.03840E+00  0021 008083 -1 00059734 00059733 000 343 43064.2697820949
25.11.2017 06:28:29 +00.03840E+00  0034 008083 -1 00059735 00059733 000 419 43064.2697869444
25.11.2017 06:28:29 +00.03840E+00  0046 008083 -1 00059736 00059733 000 343 43064.2697909144
25.11.2017 06:28:30 +00.03840E+00  0059 008083 -1 00059737 00059733 000 343 43064.2697948843
25.11.2017 06:28:30 +00.03840E+00  0071 008083 -1 00059738 00059733 000 343 43064.2697988542
25.11.2017 06:28:30 +00.03840E+00  0083 008083 -1 00059739 00059733 000 376 43064.269803206
25.11.2017 06:28:31 +00.03841E+00  0098 008083 -1 00059740 00059733 000 342 43064.2698071644
25.11.2017 06:28:31 +00.03840E+00  0111 008083 -1 00059741 00059733 000 343 43064.2698111343
25.11.2017 06:28:32 +00.03841E+00  0122 008083 -1 00059742 00059733 000 343 43064.2698151042
25.11.2017 06:28:32 +00.03840E+00  0140 008083 -1 00059743 00059733 000 378 43064.2698194792
25.11.2017 06:28:32 +00.03840E+00  0160 008083 -1 00059744 00059733 000 340 43064.2698234144
25.11.2017 06:28:33 +00.03840E+00  0177 008083 -1 00059745 00059733 000 342 43064.2698273843
25.11.2017 06:28:33 +00.03840E+00  0192 008083 -1 00059746 00059733 000 343 43064.2698313542
25.11.2017 06:28:33 +00.03840E+00  0205 008083 -1 00059747 00059733 000 379 43064.2698357407
25.11.2017 06:28:34 +00.03840E+00  0225 008083 -1 00059748 00059733 000 345 43064.2698397338
25.11.2017 06:28:34 +00.03840E+00  0240 008083 -1 00059749 00059733 000 343 43064.2698437037
25.11.2017 06:28:34 +00.03840E+00  0254 008083 -1 00059750 00059733 000 343 43064.2698476736
25.11.2017 06:28:35 +00.03840E+00  0273 008083 -1 00059751 00059733 000 374 43064.2698520023
25.11.2017 06:28:35 +00.03840E+00  0288 008083 -1 00059752 00059733 000 344 43064.2698559838
25.11.2017 06:28:35 +00.03840E+00  0305 008083 -1 00059753 00059733 000 342 43064.2698599421
25.11.2017 06:28:36 +00.03840E+00  0318 008083 -1 00059754 00059733 000 342 43064.269863912
25.11.2017 06:28:36 +00.03840E+00  0331 008083 -1 00059755 00059733 000 374 43064.2698682523
25.11.2017 06:28:36 +00.03840E+00  0347 008083 -1 00059756 00059733 000 342 43064.2698722222
25.11.2017 06:28:37 +00.03840E+00  0367 008083 -1 00059757 00059733 000 342 43064.2698761921
25.11.2017 06:28:37 +00.03841E+00  0382 008083 -1 00059758 00059733 000 343 43064.269880162
25.11.2017 06:28:38 +00.03840E+00  0398 008083 -1 00059759 00059733 000 375 43064.2698845139
25.11.2017 06:28:38 +00.03840E+00  0410 008083 -1 00059760 00059733 000 341 43064.2698884722
25.11.2017 06:28:38 +00.03840E+00  0424 008083 -1 00059761 00059733 000 343 43064.2698924421
25.11.2017 06:28:39 +00.03840E+00  0444 008083 -1 00059762 00059733 000 343 43064.269896412
25.11.2017 06:28:39 +00.03840E+00  0456 008083 -1 00059763 00059733 000 377 43064.2699007755
25.11.2017 06:28:39 +00.03840E+00  0473 008083 -1 00059764 00059733 000 340 43064.2699047222
25.11.2017 06:28:40 +00.03840E+00  0492 008083 -1 00059765 00059733 000 342 43064.2699086921
25.11.2017 06:28:40 +00.03840E+00  0513 008083 -1 00059766 00059733 000 343 43064.269912662
25.11.2017 06:28:40 +00.03840E+00  0525 008083 -1 00059767 00059733 000 379 43064.2699170486
25.11.2017 06:28:41 +00.03840E+00  0540 008083 -1 00059768 00059733 000 340 43064.2699209838
25.11.2017 06:28:41 +00.03840E+00  0562 008083 -1 00059769 00059733 000 341 43064.2699249421
25.11.2017 06:28:41 +00.03840E+00  0577 008083 -1 00059770 00059733 000 343 43064.269928912
25.11.2017 06:28:42 +00.03840E+00  0598 008083 -1 00059771 00059733 000 380 43064.2699333102
25.11.2017 06:28:42 +00.03840E+00  0616 008083 -1 00059772 00059733 000 344 43064.2699372917
25.11.2017 06:28:42 +00.03840E+00  0629 008083 -1 00059773 00059733 000 343 43064.2699412616
25.11.2017 06:28:43 +00.03840E+00  0647 008083 -1 00059774 00059733 000 343 43064.2699452315
25.11.2017 06:28:43 +00.03840E+00  0660 008083 -1 00059775 00059733 000 375 43064.2699495718
25.11.2017 06:28:43 +00.03840E+00  0673 008083 -1 00059776 00059733 000 342 43064.2699535301
25.11.2017 06:28:44 +00.03841E+00  0688 008083 -1 00059777 00059733 000 343 43064.2699575116
25.11.2017 06:28:44 +00.03840E+00  0704 008081 -1 00059778 00059733 000 342 43064.2699614699
25.11.2017 06:28:45 +00.03840E+00  0718 008081 -1 00059779 00059733 000 376 43064.2699658333
25.11.2017 06:28:45 +00.03840E+00  0737 008081 -1 00059780 00059733 000 341 43064.2699697801
25.11.2017 06:28:45 +00.03839E+00  0753 008081 -1 00059781 00059733 000 342 43064.26997375
25.11.2017 06:28:46 +00.03839E+00  0765 008081 -1 00059782 00059733 000 342 43064.2699777199
25.11.2017 06:28:46 +00.03839E+00  0777 008081 -1 00059783 00059733 000 376 43064.2699820833
25.11.2017 06:28:46 +00.03839E+00  0788 008081 -1 00059784 00059733 000 340 43064.2699860301
25.11.2017 06:28:47 +00.03839E+00  0803 008081 -1 00059785 00059733 000 342 43064.26999
25.11.2017 06:28:47 +00.03839E+00  0815 008081 -1 00059786 00059733 000 342 43064.2699939699
25.11.2017 06:28:47 +00.03839E+00  0830 008081 -1 00059787 00059733 000 379 43064.2699983565
25.11.2017 06:28:48 +00.03840E+00  0847 008081 -1 00059788 00059733 000 344 43064.2700023495
25.11.2017 06:28:48 +00.03839E+00  0863 008081 -1 00059789 00059733 000 342 43064.2700063194
25.11.2017 06:28:48 +00.03839E+00  0880 008081 -1 00059790 00059733 000 342 43064.2700102894
25.11.2017 06:28:49 +00.03839E+00  0890 008081 -1 00059791 00059733 000 374 43064.2700146181
25.11.2017 06:28:49 +00.03839E+00  0902 008081 -1 00059792 00059733 000 344 43064.2700185995
25.11.2017 06:28:49 +00.03839E+00  0921 008083 -1 00059793 00059733 000 343 43064.2700225694
25.11.2017 06:28:50 +00.03840E+00  0937 008083 -1 00059794 00059733 000 343 43064.2700265394
25.11.2017 06:28:50 +00.03840E+00  0955 008083 -1 00059795 00059733 000 375 43064.2700308796
25.11.2017 06:28:51 +00.03840E+00  0971 008083 -1 00059796 00059733 000 343 43064.2700348495
25.11.2017 06:28:51 +00.03840E+00  0984 008083 -1 00059797 00059733 000 343 43064.2700388194
25.11.2017 06:28:51 +00.03840E+00  0994 008083 -1 00059798 00059733 000 343 43064.2700427894
25.11.2017 06:28:52 +00.03840E+00  1012 008083 -1 00059799 00059733 000 376 43064.2700471412
25.11.2017 06:28:52 +00.03840E+00  1022 008083 -1 00059800 00059733 000 341 43064.270051088
25.11.2017 06:28:52 +00.03840E+00  1034 008083 -1 00059801 00059733 000 343 43064.2700550694
25.11.2017 06:28:53 +00.03840E+00  1048 008083 -1 00059802 00059733 000 343 43064.2700590394
25.11.2017 06:28:53 +00.03840E+00  1063 008083 -1 00059803 00059733 000 377 43064.2700634028
25.11.2017 06:28:53 +00.03840E+00  1081 008083 -1 00059804 00059733 000 340 43064.270067338
25.11.2017 06:28:54 +00.03840E+00  1101 008083 -1 00059805 00059733 000 342 43064.2700713079
25.11.2017 06:28:54 +00.03840E+00  1120 008083 -1 00059806 00059733 000 342 43064.2700752778
25.11.2017 06:28:54 +00.03840E+00  1141 008083 -1 00059807 00059733 000 377 43064.2700796528
25.11.2017 06:28:55 +00.03840E+00  1153 008083 -1 00059808 00059733 000 340 43064.2700835995
25.11.2017 06:28:55 +00.03840E+00  1163 008083 -1 00059809 00059733 000 341 43064.2700875579
25.11.2017 06:28:55 +00.03840E+00  1179 008083 -1 00059810 00059733 000 342 43064.2700915278
25.11.2017 06:28:56 +00.03840E+00  1198 008083 -1 00059811 00059733 000 379 43064.2700959259
25.11.2017 06:28:56 +00.03840E+00  1216 008083 -1 00059812 00059733 000 343 43064.2700999074
25.11.2017 06:28:56 +00.03840E+00  1230 008083 -1 00059813 00059733 000 342 43064.2701038773
25.11.2017 06:28:57 +00.03840E+00  1248 008083 -1 00059814 00059733 000 342 43064.2701078472
25.11.2017 06:28:57 +00.03840E+00  1256 008083 -1 00059815 00059733 000 374 43064.2701121875
25.11.2017 06:28:58 +00.03840E+00  1274 008083 -1 00059816 00059733 000 342 43064.2701161574
25.11.2017 06:28:58 +00.03840E+00  1293 008083 -1 00059817 00059733 000 344 43064.2701201389
25.11.2017 06:28:58 +00.03840E+00  1307 008083 -1 00059818 00059733 000 342 43064.2701240972
25.11.2017 06:28:59 +00.03840E+00  1314 008083 -1 00059819 00059733 000 376 43064.2701284491
25.11.2017 06:29:04 +00.03821E+00  0020 008042 -1 00059820 00059820 000 343 43064.2701889005
25.11.2017 06:29:04 +00.03821E+00  0034 008042 -1 00059821 00059820 000 397 43064.2701934954
25.11.2017 06:29:05 +00.03821E+00  0045 008042 -1 00059822 00059820 000 341 43064.2701974421
25.11.2017 06:29:05 +00.03821E+00  0057 008042 -1 00059823 00059820 000 342 43064.2702014005
25.11.2017 06:29:05 +00.03821E+00  0071 008042 -1 00059824 00059820 000 343 43064.2702053704
25.11.2017 06:29:06 +00.03821E+00  0087 008042 -1 00059825 00059820 000 379 43064.2702097569
25.11.2017 06:29:06 +00.03821E+00  0104 008042 -1 00059826 00059820 000 345 43064.27021375
25.11.2017 06:29:06 +00.03821E+00  0121 008042 -1 00059827 00059820 000 343 43064.2702177199
25.11.2017 06:29:07 +00.03821E+00  0132 008042 -1 00059828 00059820 000 343 43064.2702216898
25.11.2017 06:29:07 +00.03821E+00  0152 008042 -1 00059829 00059820 000 374 43064.2702260185
25.11.2017 06:29:07 +00.03821E+00  0170 008042 -1 00059830 00059820 000 343 43064.2702299884
25.11.2017 06:29:08 +00.03821E+00  0183 008042 -1 00059831 00059820 000 342 43064.2702339583
25.11.2017 06:29:08 +00.03821E+00  0205 008042 -1 00059832 00059820 000 342 43064.2702379282
25.11.2017 06:29:08 +00.03821E+00  0220 008042 -1 00059833 00059820 000 375 43064.2702422801
25.11.2017 06:29:09 +00.03821E+00  0236 008042 -1 00059834 00059820 000 342 43064.2702462384
25.11.2017 06:29:09 +00.03821E+00  0255 008040 -1 00059835 00059820 000 343 43064.2702502083
25.11.2017 06:29:09 +00.03821E+00  0269 008040 -1 00059836 00059820 000 342 43064.2702541782
25.11.2017 06:29:10 +00.03820E+00  0284 008040 -1 00059837 00059820 000 376 43064.2702585417
25.11.2017 06:29:10 +00.03820E+00  0302 008040 -1 00059838 00059820 000 340 43064.2702624884
25.11.2017 06:29:11 +00.03820E+00  0318 008040 -1 00059839 00059820 000 342 43064.2702664583
25.11.2017 06:29:11 +00.03820E+00  0332 008040 -1 00059840 00059820 000 343 43064.2702704282
25.11.2017 06:29:11 +00.03820E+00  0352 008040 -1 00059841 00059820 000 378 43064.2702748032
25.11.2017 06:29:12 +00.03820E+00  0366 008040 -1 00059842 00059820 000 340 43064.2702787384
25.11.2017 06:29:12 +00.03820E+00  0385 008040 -1 00059843 00059820 000 342 43064.2702827083
25.11.2017 06:29:12 +00.03820E+00  0402 008040 -1 00059844 00059820 000 343 43064.2702866782
25.11.2017 06:29:13 +00.03820E+00  0417 008040 -1 00059845 00059820 000 379 43064.2702910648
25.11.2017 06:29:13 +00.03820E+00  0431 008040 -1 00059846 00059820 000 345 43064.2702950579
25.11.2017 06:29:13 +00.03820E+00  0448 008040 -1 00059847 00059820 000 343 43064.2702990278
25.11.2017 06:29:14 +00.03820E+00  0459 008040 -1 00059848 00059820 000 343 43064.2703029977
25.11.2017 06:29:14 +00.03820E+00  0473 008040 -1 00059849 00059820 000 374 43064.2703073264
25.11.2017 06:29:14 +00.03820E+00  0490 008040 -1 00059850 00059820 000 344 43064.2703113079
25.11.2017 06:29:15 +00.03820E+00  0507 008040 -1 00059851 00059820 000 343 43064.2703152778
25.11.2017 06:29:15 +00.03820E+00  0521 008040 -1 00059852 00059820 000 343 43064.2703192477
25.11.2017 06:29:15 +00.03820E+00  0532 008040 -1 00059853 00059820 000 375 43064.270323588
25.11.2017 06:29:16 +00.03820E+00  0547 008040 -1 00059854 00059820 000 342 43064.2703275463
25.11.2017 06:29:16 +00.03820E+00  0565 008040 -1 00059855 00059820 000 342 43064.2703315162
25.11.2017 06:29:16 +00.03820E+00  0575 008040 -1 00059856 00059820 000 342 43064.2703354861
25.11.2017 06:29:17 +00.03820E+00  0588 008040 -1 00059857 00059820 000 376 43064.2703398495
25.11.2017 06:29:17 +00.03820E+00  0607 008040 -1 00059858 00059820 000 340 43064.2703437963
25.11.2017 06:29:18 +00.03820E+00  0627 008040 -1 00059859 00059820 000 342 43064.2703477662
25.11.2017 06:29:18 +00.03820E+00  0637 008040 -1 00059860 00059820 000 343 43064.2703517361
25.11.2017 06:29:18 +00.03820E+00  0649 008040 -1 00059861 00059820 000 377 43064.2703561111
25.11.2017 06:29:19 +00.03820E+00  0664 008040 -1 00059862 00059820 000 340 43064.2703600579
25.11.2017 06:29:19 +00.03820E+00  0674 008040 -1 00059863 00059820 000 342 43064.2703640162
25.11.2017 06:29:19 +00.03820E+00  0683 008040 -1 00059864 00059820 000 343 43064.2703679861
25.11.2017 06:29:20 +00.03820E+00  0693 008040 -1 00059865 00059820 000 379 43064.2703723727
25.11.2017 06:29:20 +00.03820E+00  0704 008040 -1 00059866 00059820 000 340 43064.2703763079
25.11.2017 06:29:20 +00.03820E+00  0712 008040 -1 00059867 00059820 000 341 43064.2703802662
25.11.2017 06:29:21 +00.03820E+00  0732 008040 -1 00059868 00059820 000 343 43064.2703842361
25.11.2017 06:29:21 +00.03820E+00  0743 008040 -1 00059869 00059820 000 380 43064.2703886343
25.11.2017 06:29:21 +00.03820E+00  0756 008040 -1 00059870 00059820 000 344 43064.2703926157
25.11.2017 06:29:22 +00.03820E+00  0770 008040 -1 00059871 00059820 000 343 43064.2703965856
25.11.2017 06:29:22 +00.03820E+00  0789 008040 -1 00059872 00059820 000 343 43064.2704005556
25.11.2017 06:29:22 +00.03820E+00  0803 008040 -1 00059873 00059820 000 375 43064.2704048958
25.11.2017 06:29:23 +00.03820E+00  0822 008040 -1 00059874 00059820 000 343 43064.2704088657
25.11.2017 06:29:23 +00.03820E+00  0845 008040 -1 00059875 00059820 000 343 43064.2704128356
25.11.2017 06:29:24 +00.03820E+00  0858 008040 -1 00059876 00059820 000 343 43064.2704168056
25.11.2017 06:29:24 +00.03820E+00  0875 008040 -1 00059877 00059820 000 376 43064.2704211574
25.11.2017 06:29:24 +00.03820E+00  0897 008040 -1 00059878 00059820 000 341 43064.2704251042
25.11.2017 06:29:25 +00.03820E+00  0911 008040 -1 00059879 00059820 000 342 43064.2704290741
25.11.2017 06:29:25 +00.03820E+00  0928 008040 -1 00059880 00059820 000 343 43064.2704330556
25.11.2017 06:29:25 +00.03820E+00  0940 008040 -1 00059881 00059820 000 377 43064.270437419
25.11.2017 06:29:26 +00.03820E+00  0954 008040 -1 00059882 00059820 000 340 43064.2704413657
25.11.2017 06:29:26 +00.03820E+00  0973 008040 -1 00059883 00059820 000 342 43064.2704453241
25.11.2017 06:29:26 +00.03820E+00  0988 008040 -1 00059884 00059820 000 343 43064.270449294
25.11.2017 06:29:27 +00.03819E+00  1007 008040 -1 00059885 00059820 000 378 43064.2704536806
25.11.2017 06:29:27 +00.03820E+00  1032 008040 -1 00059886 00059820 000 344 43064.2704576736
25.11.2017 06:29:27 +00.03820E+00  1044 008040 -1 00059887 00059820 000 343 43064.2704616435
25.11.2017 06:29:28 +00.03820E+00  1057 008040 -1 00059888 00059820 000 342 43064.2704656134
25.11.2017 06:29:28 +00.03820E+00  1075 008040 -1 00059889 00059820 000 373 43064.2704699421
25.11.2017 06:29:28 +00.03820E+00  1085 008040 -1 00059890 00059820 000 344 43064.2704739236
25.11.2017 06:29:29 +00.03820E+00  1101 008040 -1 00059891 00059820 000 342 43064.2704778935
25.11.2017 06:29:29 +00.03820E+00  1115 008040 -1 00059892 00059820 000 343 43064.2704818634
25.11.2017 06:29:30 +00.03820E+00  1126 008040 -1 00059893 00059820 000 375 43064.2704862037
25.11.2017 06:29:30 +00.03820E+00  1140 008040 -1 00059894 00059820 000 343 43064.2704901736
25.11.2017 06:29:30 +00.03820E+00  1156 008040 -1 00059895 00059820 000 343 43064.2704941435
25.11.2017 06:29:31 +00.03820E+00  1176 008040 -1 00059896 00059820 000 343 43064.2704981134
25.11.2017 06:29:31 +00.03820E+00  1198 008040 -1 00059897 00059820 000 376 43064.2705024653
25.11.2017 06:29:31 +00.03820E+00  1206 008040 -1 00059898 00059820 000 342 43064.2705064236
25.11.2017 06:29:32 +00.03820E+00  1219 008040 -1 00059899 00059820 000 343 43064.2705103935
25.11.2017 06:29:32 +00.03820E+00  1233 008040 -1 00059900 00059820 000 343 43064.2705143634
25.11.2017 06:29:32 +00.03820E+00  1245 008040 -1 00059901 00059820 000 378 43064.2705187384
25.11.2017 06:29:33 +00.03820E+00  1267 008040 -1 00059902 00059820 000 340 43064.2705226736
25.11.2017 06:29:33 +00.03820E+00  1292 008040 -1 00059903 00059820 000 342 43064.2705266435
25.11.2017 06:29:33 +00.03820E+00  1317 008040 -1 00059904 00059820 000 343 43064.2705306134
25.11.2017 06:29:34 +00.03820E+00  1338 008040 -1 00059905 00059820 000 379 43064.270535
25.11.2017 06:29:34 +00.03820E+00  1355 008040 -1 00059906 00059820 000 345 43064.2705389931
25.11.2017 06:29:39 +00.03800E+00  0011 007999 -1 00059907 00059907 000 381 43064.2706000463
25.11.2017 06:29:40 +00.03800E+00  0028 007999 -1 00059908 00059907 000 342 43064.2706040046
25.11.2017 06:29:40 +00.03800E+00  0040 007999 -1 00059909 00059907 000 342 43064.2706079745
25.11.2017 06:29:40 +00.03800E+00  0057 007999 -1 00059910 00059907 000 343 43064.2706119444
25.11.2017 06:29:41 +00.03800E+00  0071 007999 -1 00059911 00059907 000 375 43064.2706162963
25.11.2017 06:29:41 +00.03801E+00  0083 007999 -1 00059912 00059907 000 341 43064.2706202546
25.11.2017 06:29:41 +00.03800E+00  0098 007999 -1 00059913 00059907 000 343 43064.2706242245
25.11.2017 06:29:42 +00.03800E+00  0115 007999 -1 00059914 00059907 000 343 43064.2706281944
25.11.2017 06:29:42 +00.03800E+00  0130 007999 -1 00059915 00059907 000 376 43064.2706325579
25.11.2017 06:29:42 +00.03800E+00  0150 007999 -1 00059916 00059907 000 340 43064.2706365046
25.11.2017 06:29:43 +00.03800E+00  0167 007999 -1 00059917 00059907 000 342 43064.2706404745
25.11.2017 06:29:43 +00.03800E+00  0178 007999 -1 00059918 00059907 000 343 43064.2706444444
25.11.2017 06:29:44 +00.03800E+00  0193 007999 -1 00059919 00059907 000 379 43064.270648831
25.11.2017 06:29:44 +00.03800E+00  0212 007999 -1 00059920 00059907 000 341 43064.2706527778
25.11.2017 06:29:44 +00.03800E+00  0225 007999 -1 00059921 00059907 000 341 43064.2706567245
25.11.2017 06:29:45 +00.03800E+00  0238 007999 -1 00059922 00059907 000 343 43064.2706606944
25.11.2017 06:29:45 +00.03801E+00  0251 007999 -1 00059923 00059907 000 380 43064.2706650926
25.11.2017 06:29:45 +00.03800E+00  0266 007999 -1 00059924 00059907 000 344 43064.2706690741
25.11.2017 06:29:46 +00.03801E+00  0283 007999 -1 00059925 00059907 000 343 43064.270673044
25.11.2017 06:29:46 +00.03800E+00  0296 007999 -1 00059926 00059907 000 343 43064.2706770139
25.11.2017 06:29:46 +00.03800E+00  0308 007999 -1 00059927 00059907 000 375 43064.2706813542
25.11.2017 06:29:47 +00.03800E+00  0327 007999 -1 00059928 00059907 000 342 43064.2706853125
25.11.2017 06:29:47 +00.03800E+00  0336 007999 -1 00059929 00059907 000 342 43064.2706892824
25.11.2017 06:29:47 +00.03801E+00  0349 007999 -1 00059930 00059907 000 343 43064.2706932639
25.11.2017 06:29:48 +00.03800E+00  0367 007999 -1 00059931 00059907 000 376 43064.2706976157
25.11.2017 06:29:48 +00.03801E+00  0383 007999 -1 00059932 00059907 000 341 43064.2707015625
25.11.2017 06:29:48 +00.03800E+00  0396 007999 -1 00059933 00059907 000 342 43064.2707055324
25.11.2017 06:29:49 +00.03801E+00  0410 007999 -1 00059934 00059907 000 342 43064.2707095023
25.11.2017 06:29:49 +00.03800E+00  0421 007999 -1 00059935 00059907 000 376 43064.2707138657
25.11.2017 06:29:50 +00.03800E+00  0438 007999 -1 00059936 00059907 000 340 43064.2707178125
25.11.2017 06:29:50 +00.03801E+00  0454 007999 -1 00059937 00059907 000 342 43064.2707217824
25.11.2017 06:29:50 +00.03800E+00  0468 007999 -1 00059938 00059907 000 342 43064.2707257523
25.11.2017 06:29:51 +00.03800E+00  0487 007999 -1 00059939 00059907 000 378 43064.2707301389
25.11.2017 06:29:51 +00.03800E+00  0501 007999 -1 00059940 00059907 000 344 43064.2707341319
25.11.2017 06:29:51 +00.03800E+00  0517 007999 -1 00059941 00059907 000 343 43064.2707381019
25.11.2017 06:29:52 +00.03800E+00  0531 007999 -1 00059942 00059907 000 342 43064.2707420718
25.11.2017 06:29:52 +00.03800E+00  0543 007999 -1 00059943 00059907 000 372 43064.2707463889
25.11.2017 06:29:52 +00.03800E+00  0559 007999 -1 00059944 00059907 000 340 43064.2707503241
25.11.2017 06:29:53 +00.03800E+00  0570 007999 -1 00059945 00059907 000 341 43064.2707542824
25.11.2017 06:29:53 +00.03800E+00  0586 007999 -1 00059946 00059907 000 343 43064.2707582523
25.11.2017 06:29:53 +00.03800E+00  0607 007999 -1 00059947 00059907 000 381 43064.270762662
25.11.2017 06:29:54 +00.03800E+00  0623 007999 -1 00059948 00059907 000 343 43064.2707666319
25.11.2017 06:29:54 +00.03800E+00  0635 007999 -1 00059949 00059907 000 343 43064.2707706019
25.11.2017 06:29:54 +00.03800E+00  0646 007999 -1 00059950 00059907 000 343 43064.2707745718
25.11.2017 06:29:55 +00.03800E+00  0656 007999 -1 00059951 00059907 000 376 43064.2707789236
25.11.2017 06:29:55 +00.03800E+00  0677 007999 -1 00059952 00059907 000 342 43064.2707828819
25.11.2017 06:29:55 +00.03800E+00  0693 007999 -1 00059953 00059907 000 343 43064.2707868518
25.11.2017 06:29:56 +00.03800E+00  0710 007999 -1 00059954 00059907 000 343 43064.2707908218
25.11.2017 06:29:56 +00.03800E+00  0728 007999 -1 00059955 00059907 000 377 43064.2707951852
25.11.2017 06:29:57 +00.03800E+00  0746 007999 -1 00059956 00059907 000 341 43064.2707991319
25.11.2017 06:29:57 +00.03800E+00  0761 007999 -1 00059957 00059907 000 342 43064.2708030903
25.11.2017 06:29:57 +00.03801E+00  0774 007999 -1 00059958 00059907 000 342 43064.2708070602
25.11.2017 06:29:58 +00.03800E+00  0786 007999 -1 00059959 00059907 000 377 43064.2708114352
25.11.2017 06:29:58 +00.03800E+00  0801 007999 -1 00059960 00059907 000 340 43064.2708153819
25.11.2017 06:29:58 +00.03801E+00  0815 007999 -1 00059961 00059907 000 341 43064.2708193403
25.11.2017 06:29:59 +00.03800E+00  0831 007999 -1 00059962 00059907 000 343 43064.2708233102
25.11.2017 06:29:59 +00.03800E+00  0846 007999 -1 00059963 00059907 000 379 43064.2708277083
25.11.2017 06:29:59 +00.03801E+00  0861 007999 -1 00059964 00059907 000 343 43064.2708316898
25.11.2017 06:30:00 +00.03800E+00  0881 007999 -1 00059965 00059907 000 343 43064.2708356597
25.11.2017 06:30:00 +00.03801E+00  0900 007999 -1 00059966 00059907 000 342 43064.2708396296
25.11.2017 06:30:00 +00.03800E+00  0914 007997 -1 00059967 00059907 000 373 43064.2708439583
25.11.2017 06:30:01 +00.03800E+00  0932 007997 -1 00059968 00059907 000 343 43064.2708479398
25.11.2017 06:30:01 +00.03800E+00  0948 007997 -1 00059969 00059907 000 343 43064.2708519097
25.11.2017 06:30:01 +00.03800E+00  0962 007997 -1 00059970 00059907 000 342 43064.2708558796
25.11.2017 06:30:02 +00.03799E+00  0974 007997 -1 00059971 00059907 000 376 43064.2708602315
25.11.2017 06:30:02 +00.03799E+00  0985 007997 -1 00059972 00059907 000 341 43064.2708641898
25.11.2017 06:30:03 +00.03799E+00  1000 007997 -1 00059973 00059907 000 343 43064.2708681597
25.11.2017 06:30:03 +00.03799E+00  1017 007997 -1 00059974 00059907 000 343 43064.2708721296
25.11.2017 06:30:03 +00.03799E+00  1025 007997 -1 00059975 00059907 000 377 43064.2708764931
25.11.2017 06:30:04 +00.03800E+00  1036 007997 -1 00059976 00059907 000 341 43064.2708804398
25.11.2017 06:30:04 +00.03799E+00  1051 007997 -1 00059977 00059907 000 343 43064.2708844097
25.11.2017 06:30:04 +00.03800E+00  1072 007997 -1 00059978 00059907 000 343 43064.2708883796
25.11.2017 06:30:05 +00.03799E+00  1088 007997 -1 00059979 00059907 000 378 43064.2708927546
25.11.2017 06:30:05 +00.03799E+00  1105 007997 -1 00059980 00059907 000 341 43064.2708967014
25.11.2017 06:30:05 +00.03799E+00  1119 007997 -1 00059981 00059907 000 341 43064.2709006481
25.11.2017 06:30:06 +00.03800E+00  1129 007999 -1 00059982 00059907 000 343 43064.2709046296
25.11.2017 06:30:06 +00.03800E+00  1146 007999 -1 00059983 00059907 000 378 43064.2709090046
25.11.2017 06:30:06 +00.03800E+00  1162 007999 -1 00059984 00059907 000 344 43064.2709129977
25.11.2017 06:30:07 +00.03800E+00  1177 007999 -1 00059985 00059907 000 343 43064.2709169792
25.11.2017 06:30:07 +00.03800E+00  1191 007999 -1 00059986 00059907 000 343 43064.2709209491
25.11.2017 06:30:07 +00.03800E+00  1207 007999 -1 00059987 00059907 000 374 43064.2709252778
25.11.2017 06:30:08 +00.03800E+00  1221 007999 -1 00059988 00059907 000 343 43064.2709292477
25.11.2017 06:30:08 +00.03800E+00  1239 007999 -1 00059989 00059907 000 343 43064.2709332176
25.11.2017 06:30:08 +00.03801E+00  1252 007999 -1 00059990 00059907 000 342 43064.2709371875
25.11.2017 06:30:09 +00.03800E+00  1274 007999 -1 00059991 00059907 000 375 43064.2709415394
25.11.2017 06:30:09 +00.03800E+00  1294 007999 -1 00059992 00059907 000 341 43064.2709454977
25.11.2017 06:30:10 +00.03800E+00  1312 007999 -1 00059993 00059907 000 342 43064.2709494676