
25.11.2017 06:30:11 +00.03801E+00  0010 007999 1 00059994 00059994 000 343 43064.2709662037
25.11.2017 06:30:11 +00.03801E+00  0027 007999 1 00059995 00059994 000 398 43064.2709708102
25.11.2017 06:30:12 +00.03801E+00  0040 007999 1 00059996 00059994 000 345 43064.2709748032
25.11.2017 06:30:12 +00.03800E+00  0053 007999 1 00059997 00059994 000 343 43064.2709787732
25.11.2017 06:30:12 +00.03800E+00  0072 007999 1 00059998 00059994 000 343 43064.2709827431
25.11.2017 06:30:13 +00.03800E+00  0087 007999 1 00059999 00059994 000 374 43064.2709870718
25.11.2017 06:30:13 +00.03801E+00  0105 007999 1 00060000 00059994 000 343 43064.2709910417
25.11.2017 06:30:13 +00.03801E+00  0118 007999 1 00060001 00059994 000 343 43064.2709950232
25.11.2017 06:30:14 +00.03800E+00  0132 007999 1 00060002 00059994 000 343 43064.2709989931
25.11.2017 06:30:14 +00.03801E+00  0149 007999 1 00060003 00059994 000 375 43064.2710033333
25.11.2017 06:30:15 +00.03800E+00  0164 007999 1 00060004 00059994 000 342 43064.2710072917
25.11.2017 06:30:15 +00.03801E+00  0175 007999 1 00060005 00059994 000 342 43064.2710112616
25.11.2017 06:30:15 +00.03801E+00  0192 007999 1 00060006 00059994 000 342 43064.2710152315
25.11.2017 06:30:16 +00.03801E+00  0210 007999 1 00060007 00059994 000 376 43064.2710195949
25.11.2017 06:30:16 +00.03800E+00  0234 007999 1 00060008 00059994 000 340 43064.2710235417
25.11.2017 06:30:16 +00.03801E+00  0253 007999 1 00060009 00059994 000 342 43064.2710275116
25.11.2017 06:30:17 +00.03801E+00  0265 007999 1 00060010 00059994 000 342 43064.2710314815
25.11.2017 06:30:17 +00.03801E+00  0281 007999 1 00060011 00059994 000 377 43064.2710358565
25.11.2017 06:30:17 +00.03801E+00  0300 007999 1 00060012 00059994 000 340 43064.2710398032
25.11.2017 06:30:18 +00.03800E+00  0317 007999 1 00060013 00059994 000 341 43064.2710437616
25.11.2017 06:30:18 +00.03800E+00  0333 007999 1 00060014 00059994 000 343 43064.2710477315
25.11.2017 06:30:18 +00.03801E+00  0353 007999 1 00060015 00059994 000 379 43064.2710521181
25.11.2017 06:30:19 +00.03800E+00  0368 007999 1 00060016 00059994 000 341 43064.2710560648
25.11.2017 06:30:19 +00.03801E+00  0380 007999 1 00060017 00059994 000 341 43064.2710600116
25.11.2017 06:30:19 +00.03801E+00  0395 007999 1 00060018 00059994 000 343 43064.2710639815
25.11.2017 06:30:20 +00.03800E+00  0405 007999 1 00060019 00059994 000 380 43064.2710683796
25.11.2017 06:30:20 +00.03800E+00  0418 007999 1 00060020 00059994 000 344 43064.2710723611
25.11.2017 06:30:20 +00.03801E+00  0437 007999 1 00060021 00059994 000 343 43064.271076331
25.11.2017 06:30:21 +00.03800E+00  0457 007999 1 00060022 00059994 000 343 43064.2710803009
25.11.2017 06:30:21 +00.03800E+00  0471 007999 1 00060023 00059994 000 375 43064.2710846412
25.11.2017 06:30:22 +00.03801E+00  0496 007999 1 00060024 00059994 000 342 43064.2710885995
25.11.2017 06:30:22 +00.03801E+00  0510 007999 1 00060025 00059994 000 343 43064.271092581
25.11.2017 06:30:22 +00.03801E+00  0523 007999 1 00060026 00059994 000 343 43064.2710965509
25.11.2017 06:30:23 +00.03801E+00  0538 007999 1 00060027 00059994 000 376 43064.2711009028
25.11.2017 06:30:23 +00.03801E+00  0556 007999 1 00060028 00059994 000 341 43064.2711048495
25.11.2017 06:30:23 +00.03801E+00  0573 007999 1 00060029 00059994 000 342 43064.2711088194
25.11.2017 06:30:24 +00.03800E+00  0583 007999 1 00060030 00059994 000 342 43064.2711127893
25.11.2017 06:30:24 +00.03800E+00  0605 007999 1 00060031 00059994 000 377 43064.2711171644
25.11.2017 06:30:24 +00.03801E+00  0618 007999 1 00060032 00059994 000 340 43064.2711211111
25.11.2017 06:30:25 +00.03801E+00  0630 007999 1 00060033 00059994 000 341 43064.2711250694
25.11.2017 06:30:25 +00.03800E+00  0645 007999 1 00060034 00059994 000 342 43064.2711290393
25.11.2017 06:30:25 +00.03800E+00  0656 007999 1 00060035 00059994 000 378 43064.2711334259
25.11.2017 06:30:26 +00.03800E+00  0665 007999 1 00060036 00059994 000 344 43064.271137419
25.11.2017 06:30:26 +00.03800E+00  0677 007999 1 00060037 00059994 000 342 43064.2711413889
25.11.2017 06:30:26 +00.03800E+00  0692 007999 1 00060038 00059994 000 342 43064.2711453588
25.11.2017 06:30:27 +00.03800E+00  0709 007999 1 00060039 00059994 000 373 43064.2711496875
25.11.2017 06:30:27 +00.03800E+00  0730 007999 1 00060040 00059994 000 343 43064.271153669
25.11.2017 06:30:28 +00.03800E+00  0741 007999 1 00060041 00059994 000 343 43064.2711576389
25.11.2017 06:30:28 +00.03800E+00  0756 007999 1 00060042 00059994 000 343 43064.2711616088
25.11.2017 06:30:28 +00.03800E+00  0775 007999 1 00060043 00059994 000 375 43064.2711659491
25.11.2017 06:30:29 +00.03800E+00  0791 007999 1 00060044 00059994 000 342 43064.271169919
25.11.2017 06:30:29 +00.03801E+00  0803 007999 1 00060045 00059994 000 343 43064.2711738889
25.11.2017 06:30:29 +00.03801E+00  0823 007999 1 00060046 00059994 000 343 43064.2711778588
25.11.2017 06:30:30 +00.03800E+00  0840 007999 1 00060047 00059994 000 376 43064.2711822107
25.11.2017 06:30:30 +00.03800E+00  0848 007999 1 00060048 00059994 000 342 43064.271186169
25.11.2017 06:30:30 +00.03801E+00  0864 007999 1 00060049 00059994 000 343 43064.2711901389
25.11.2017 06:30:31 +00.03801E+00  0876 007999 1 00060050 00059994 000 343 43064.2711941088
25.11.2017 06:30:31 +00.03800E+00  0896 007999 1 00060051 00059994 000 377 43064.2711984722
25.11.2017 06:30:31 +00.03800E+00  0911 007999 1 00060052 00059994 000 340 43064.2712024074
25.11.2017 06:30:32 +00.03800E+00  0922 007999 1 00060053 00059994 000 342 43064.2712063773
25.11.2017 06:30:32 +00.03800E+00  0939 007999 1 00060054 00059994 000 343 43064.2712103588
25.11.2017 06:30:32 +00.03801E+00  0949 007999 1 00060055 00059994 000 378 43064.2712147338
25.11.2017 06:30:33 +00.03800E+00  0967 007999 1 00060056 00059994 000 341 43064.2712186806
25.11.2017 06:30:33 +00.03800E+00  0979 007999 1 00060057 00059994 000 341 43064.2712226273
25.11.2017 06:30:33 +00.03800E+00  0990 007999 1 00060058 00059994 000 342 43064.2712265972
25.11.2017 06:30:34 +00.03800E+00  1006 007999 1 00060059 00059994 000 379 43064.2712309954
25.11.2017 06:30:34 +00.03800E+00  1036 007999 1 00060060 00059994 000 343 43064.2712349769
25.11.2017 06:30:35 +00.03800E+00  1053 007999 1 00060061 00059994 000 342 43064.2712389468
25.11.2017 06:30:35 +00.03800E+00  1068 007999 1 00060062 00059994 000 342 43064.2712429167
25.11.2017 06:30:35 +00.03800E+00  1082 007999 1 00060063 00059994 000 374 43064.2712472569
25.11.2017 06:30:36 +00.03800E+00  1105 007999 1 00060064 00059994 000 342 43064.2712512269
25.11.2017 06:30:36 +00.03800E+00  1116 007999 1 00060065 00059994 000 343 43064.2712552083
25.11.2017 06:30:36 +00.03800E+00  1131 007999 1 00060066 00059994 000 342 43064.2712591667
25.11.2017 06:30:37 +00.03801E+00  1148 007999 1 00060067 00059994 000 375 43064.2712635185
25.11.2017 06:30:37 +00.03800E+00  1168 007999 1 00060068 00059994 000 341 43064.2712674769
25.11.2017 06:30:37 +00.03801E+00  1181 007999 1 00060069 00059994 000 343 43064.2712714468
25.11.2017 06:30:38 +00.03801E+00  1193 007999 1 00060070 00059994 000 344 43064.2712754282
25.11.2017 06:30:38 +00.03801E+00  1207 007999 1 00060071 00059994 000 376 43064.2712797801
25.11.2017 06:30:38 +00.03801E+00  1218 007999 1 00060072 00059994 000 341 43064.2712837269
25.11.2017 06:30:39 +00.03800E+00  1237 007999 1 00060073 00059994 000 343 43064.2712876968
25.11.2017 06:30:39 +00.03800E+00  1250 007999 1 00060074 00059994 000 343 43064.2712916667
25.11.2017 06:30:39 +00.03801E+00  1262 007999 1 00060075 00059994 000 380 43064.2712960648
25.11.2017 06:30:40 +00.03800E+00  1281 007999 1 00060076 00059994 000 344 43064.2713000463
25.11.2017 06:30:40 +00.03800E+00  1298 007999 1 00060077 00059994 000 343 43064.2713040162
25.11.2017 06:30:41 +00.03800E+00  1312 007999 1 00060078 00059994 000 343 43064.2713079861
25.11.2017 06:30:41 +00.03800E+00  1325 007999 1 00060079 00059994 000 373 43064.2713123032
25.11.2017 06:30:41 +00.03800E+00  1346 007999 1 00060080 00059994 000 345 43064.2713162963
25.11.2017 06:30:47 +00.03820E+00  0014 008040 1 00060081 00060081 000 381 43064.2713773495
25.11.2017 06:30:47 +00.03820E+00  0032 008040 1 00060082 00060081 000 341 43064.2713813079
25.11.2017 06:30:47 +00.03820E+00  0048 008040 1 00060083 00060081 000 342 43064.2713852778
25.11.2017 06:30:48 +00.03820E+00  0061 008040 1 00060084 00060081 000 342 43064.2713892477
25.11.2017 06:30:48 +00.03820E+00  0075 008040 1 00060085 00060081 000 376 43064.2713936111
25.11.2017 06:30:48 +00.03820E+00  0086 008040 1 00060086 00060081 000 340 43064.2713975579
25.11.2017 06:30:49 +00.03820E+00  0103 008040 1 00060087 00060081 000 342 43064.2714015278
25.11.2017 06:30:49 +00.03820E+00  0114 008040 1 00060088 00060081 000 343 43064.2714054977
25.11.2017 06:30:49 +00.03820E+00  0131 008040 1 00060089 00060081 000 379 43064.2714098843
25.11.2017 06:30:50 +00.03820E+00  0140 008040 1 00060090 00060081 000 344 43064.2714138773
25.11.2017 06:30:50 +00.03820E+00  0155 008040 1 00060091 00060081 000 343 43064.2714178472
25.11.2017 06:30:50 +00.03820E+00  0166 008040 1 00060092 00060081 000 342 43064.2714218171
25.11.2017 06:30:51 +00.03820E+00  0183 008040 1 00060093 00060081 000 372 43064.2714261343
25.11.2017 06:30:51 +00.03820E+00  0199 008040 1 00060094 00060081 000 344 43064.2714301273
25.11.2017 06:30:51 +00.03820E+00  0212 008040 1 00060095 00060081 000 343 43064.2714340972
25.11.2017 06:30:52 +00.03820E+00  0220 008040 1 00060096 00060081 000 343 43064.2714380671
25.11.2017 06:30:52 +00.03820E+00  0245 008040 1 00060097 00060081 000 375 43064.2714424074
25.11.2017 06:30:52 +00.03820E+00  0257 008040 1 00060098 00060081 000 343 43064.2714463773
25.11.2017 06:30:53 +00.03820E+00  0268 008040 1 00060099 00060081 000 343 43064.2714503472
25.11.2017 06:30:53 +00.03820E+00  0282 008040 1 00060100 00060081 000 343 43064.2714543171
25.11.2017 06:30:54 +00.03820E+00  0295 008040 1 00060101 00060081 000 376 43064.271458669
25.11.2017 06:30:54 +00.03820E+00  0313 008040 1 00060102 00060081 000 342 43064.2714626273
25.11.2017 06:30:54 +00.03820E+00  0324 008040 1 00060103 00060081 000 343 43064.2714665972
25.11.2017 06:30:55 +00.03820E+00  0344 008040 1 00060104 00060081 000 342 43064.2714705556
25.11.2017 06:30:55 +00.03820E+00  0360 008040 1 00060105 00060081 000 377 43064.2714749306
25.11.2017 06:30:55 +00.03820E+00  0381 008040 1 00060106 00060081 000 341 43064.2714788773
25.11.2017 06:30:56 +00.03820E+00  0395 008040 1 00060107 00060081 000 342 43064.2714828356
25.11.2017 06:30:56 +00.03820E+00  0412 008040 1 00060108 00060081 000 342 43064.2714868056
25.11.2017 06:30:56 +00.03820E+00  0430 008040 1 00060109 00060081 000 377 43064.2714911806
25.11.2017 06:30:57 +00.03820E+00  0440 008040 1 00060110 00060081 000 340 43064.2714951273
25.11.2017 06:30:57 +00.03820E+00  0455 008040 1 00060111 00060081 000 342 43064.2714990972
25.11.2017 06:30:57 +00.03820E+00  0468 008040 1 00060112 00060081 000 342 43064.2715030556
25.11.2017 06:30:58 +00.03820E+00  0479 008040 1 00060113 00060081 000 378 43064.2715074421
25.11.2017 06:30:58 +00.03820E+00  0490 008040 1 00060114 00060081 000 344 43064.2715114352
25.11.2017 06:30:58 +00.03820E+00  0503 008040 1 00060115 00060081 000 342 43064.2715154051
25.11.2017 06:30:59 +00.03820E+00  0512 008040 1 00060116 00060081 000 342 43064.271519375
25.11.2017 06:30:59 +00.03820E+00  0525 008040 1 00060117 00060081 000 373 43064.2715237037
25.11.2017 06:30:59 +00.03820E+00  0541 008040 1 00060118 00060081 000 343 43064.2715276852
25.11.2017 06:31:00 +00.03820E+00  0562 008040 1 00060119 00060081 000 343 43064.2715316551
25.11.2017 06:31:00 +00.03820E+00  0571 008040 1 00060120 00060081 000 343 43064.271535625
25.11.2017 06:31:01 +00.03820E+00  0577 008040 1 00060121 00060081 000 376 43064.2715399768
25.11.2017 06:31:01 +00.03820E+00  0596 008040 1 00060122 00060081 000 342 43064.2715439352
25.11.2017 06:31:01 +00.03820E+00  0616 008040 1 00060123 00060081 000 343 43064.2715479051
25.11.2017 06:31:02 +00.03820E+00  0632 008040 1 00060124 00060081 000 343 43064.271551875
25.11.2017 06:31:02 +00.03820E+00  0645 008040 1 00060125 00060081 000 377 43064.2715562384
25.11.2017 06:31:02 +00.03820E+00  0656 008040 1 00060126 00060081 000 340 43064.2715601736
25.11.2017 06:31:03 +00.03820E+00  0670 008040 1 00060127 00060081 000 343 43064.2715641551
25.11.2017 06:31:03 +00.03820E+00  0684 008040 1 00060128 00060081 000 343 43064.271568125
25.11.2017 06:31:03 +00.03820E+00  0696 008040 1 00060129 00060081 000 378 43064.2715725
25.11.2017 06:31:04 +00.03820E+00  0714 008040 1 00060130 00060081 000 340 43064.2715764352
25.11.2017 06:31:04 +00.03820E+00  0724 008040 1 00060131 00060081 000 341 43064.2715803935
25.11.2017 06:31:04 +00.03820E+00  0741 008040 1 00060132 00060081 000 342 43064.2715843634
25.11.2017 06:31:05 +00.03820E+00  0755 008040 1 00060133 00060081 000 379 43064.2715887616
25.11.2017 06:31:05 +00.03820E+00  0774 008040 1 00060134 00060081 000 344 43064.2715927431
25.11.2017 06:31:05 +00.03820E+00  0791 008040 1 00060135 00060081 000 343 43064.2715967245
25.11.2017 06:31:06 +00.03820E+00  0799 008040 1 00060136 00060081 000 343 43064.2716006944
25.11.2017 06:31:06 +00.03820E+00  0808 008040 1 00060137 00060081 000 374 43064.2716050231
25.11.2017 06:31:07 +00.03820E+00  0826 008040 1 00060138 00060081 000 343 43064.2716089931
25.11.2017 06:31:07 +00.03820E+00  0840 008040 1 00060139 00060081 000 342 43064.271612963
25.11.2017 06:31:07 +00.03820E+00  0853 008040 1 00060140 00060081 000 343 43064.2716169444
25.11.2017 06:31:08 +00.03820E+00  0874 008040 1 00060141 00060081 000 375 43064.2716212847
25.11.2017 06:31:08 +00.03820E+00  0893 008040 1 00060142 00060081 000 341 43064.2716252431
25.11.2017 06:31:08 +00.03820E+00  0903 008040 1 00060143 00060081 000 343 43064.271629213
25.11.2017 06:31:09 +00.03820E+00  0917 008040 1 00060144 00060081 000 342 43064.2716331829
25.11.2017 06:31:09 +00.03820E+00  0931 008040 1 00060145 00060081 000 377 43064.2716375463
25.11.2017 06:31:09 +00.03820E+00  0951 008040 1 00060146 00060081 000 341 43064.2716414931
25.11.2017 06:31:10 +00.03820E+00  0962 008040 1 00060147 00060081 000 343 43064.271645463
25.11.2017 06:31:10 +00.03820E+00  0980 008040 1 00060148 00060081 000 343 43064.2716494329
25.11.2017 06:31:10 +00.03820E+00  0988 008040 1 00060149 00060081 000 378 43064.2716538079
25.11.2017 06:31:11 +00.03820E+00  1003 008040 1 00060150 00060081 000 340 43064.2716577431
25.11.2017 06:31:11 +00.03820E+00  1018 008040 1 00060151 00060081 000 342 43064.271661713
25.11.2017 06:31:11 +00.03820E+00  1031 008040 1 00060152 00060081 000 343 43064.2716656829
25.11.2017 06:31:12 +00.03820E+00  1048 008040 1 00060153 00060081 000 379 43064.2716700694
25.11.2017 06:31:12 +00.03820E+00  1077 008040 1 00060154 00060081 000 345 43064.2716740625
25.11.2017 06:31:12 +00.03820E+00  1091 008040 1 00060155 00060081 000 343 43064.2716780324
25.11.2017 06:31:13 +00.03820E+00  1109 008040 1 00060156 00060081 000 343 43064.2716820023
25.11.2017 06:31:13 +00.03820E+00  1121 008040 1 00060157 00060081 000 374 43064.271686331
25.11.2017 06:31:14 +00.03820E+00  1137 008040 1 00060158 00060081 000 344 43064.2716903125
25.11.2017 06:31:14 +00.03820E+00  1147 008040 1 00060159 00060081 000 343 43064.2716942824
25.11.2017 06:31:14 +00.03820E+00  1158 008040 1 00060160 00060081 000 343 43064.2716982523
25.11.2017 06:31:15 +00.03820E+00  1174 008040 1 00060161 00060081 000 375 43064.2717025926
25.11.2017 06:31:15 +00.03820E+00  1183 008040 1 00060162 00060081 000 342 43064.2717065509
25.11.2017 06:31:15 +00.03820E+00  1196 008040 1 00060163 00060081 000 342 43064.2717105208
25.11.2017 06:31:16 +00.03820E+00  1206 008040 1 00060164 00060081 000 342 43064.2717144907
25.11.2017 06:31:16 +00.03820E+00  1220 008040 1 00060165 00060081 000 376 43064.2717188542
25.11.2017 06:31:16 +00.03820E+00  1231 008040 1 00060166 00060081 000 341 43064.2717228125
25.11.2017 06:31:17 +00.03820E+00  1248 008040 1 00060167 00060081 000 342 43064.2717267708
25.11.2017 06:31:22 +00.03840E+00  0015 008083 1 00060168 00060168 000 380 43064.2717871528
25.11.2017 06:31:22 +00.03840E+00  0035 008083 1 00060169 00060168 000 344 43064.2717911343
25.11.2017 06:31:23 +00.03840E+00  0048 008083 1 00060170 00060168 000 343 43064.2717951042
25.11.2017 06:31:23 +00.03841E+00  0067 008083 1 00060171 00060168 000 343 43064.2717990741
25.11.2017 06:31:23 +00.03840E+00  0077 008083 1 00060172 00060168 000 375 43064.2718034144
25.11.2017 06:31:24 +00.03840E+00  0091 008083 1 00060173 00060168 000 343 43064.2718073843
25.11.2017 06:31:24 +00.03840E+00  0104 008083 1 00060174 00060168 000 343 43064.2718113542
25.11.2017 06:31:24 +00.03840E+00  0114 008083 1 00060175 00060168 000 343 43064.2718153241
25.11.2017 06:31:25 +00.03841E+00  0126 008083 1 00060176 00060168 000 376 43064.2718196759
25.11.2017 06:31:25 +00.03840E+00  0140 008083 1 00060177 00060168 000 342 43064.2718236343
25.11.2017 06:31:25 +00.03840E+00  0153 008083 1 00060178 00060168 000 342 43064.2718275926
25.11.2017 06:31:26 +00.03840E+00  0167 008083 1 00060179 00060168 000 342 43064.2718315625
25.11.2017 06:31:26 +00.03840E+00  0178 008083 1 00060180 00060168 000 377 43064.2718359375
25.11.2017 06:31:26 +00.03840E+00  0191 008083 1 00060181 00060168 000 340 43064.2718398843
25.11.2017 06:31:27 +00.03840E+00  0201 008083 1 00060182 00060168 000 341 43064.2718438426
25.11.2017 06:31:27 +00.03840E+00  0218 008083 1 00060183 00060168 000 342 43064.2718478125
25.11.2017 06:31:28 +00.03841E+00  0237 008083 1 00060184 00060168 000 379 43064.2718521991
25.11.2017 06:31:28 +00.03840E+00  0253 008083 1 00060185 00060168 000 344 43064.2718561921
25.11.2017 06:31:28 +00.03840E+00  0269 008083 1 00060186 00060168 000 343 43064.2718601736
25.11.2017 06:31:29 +00.03840E+00  0285 008083 1 00060187 00060168 000 342 43064.2718641319
25.11.2017 06:31:29 +00.03840E+00  0301 008083 1 00060188 00060168 000 373 43064.2718684607
25.11.2017 06:31:29 +00.03840E+00  0315 008083 1 00060189 00060168 000 343 43064.2718724421
25.11.2017 06:31:30 +00.03840E+00  0331 008083 1 00060190 00060168 000 343 43064.271876412
25.11.2017 06:31:30 +00.03841E+00  0353 008083 1 00060191 00060168 000 342 43064.2718803819
25.11.2017 06:31:30 +00.03841E+00  0364 008083 1 00060192 00060168 000 374 43064.2718847222
25.11.2017 06:31:31 +00.03841E+00  0384 008083 1 00060193 00060168 000 343 43064.2718886921
25.11.2017 06:31:31 +00.03840E+00  0398 008083 1 00060194 00060168 000 343 43064.271892662
25.11.2017 06:31:31 +00.03840E+00  0419 008083 1 00060195 00060168 000 343 43064.2718966319
25.11.2017 06:31:32 +00.03840E+00  0437 008083 1 00060196 00060168 000 376 43064.2719009838
25.11.2017 06:31:32 +00.03840E+00  0447 008083 1 00060197 00060168 000 342 43064.2719049421
25.11.2017 06:31:32 +00.03840E+00  0461 008083 1 00060198 00060168 000 343 43064.271908912
25.11.2017 06:31:33 +00.03840E+00  0475 008083 1 00060199 00060168 000 343 43064.2719128819
25.11.2017 06:31:33 +00.03840E+00  0491 008083 1 00060200 00060168 000 377 43064.2719172454
25.11.2017 06:31:33 +00.03840E+00  0514 008083 1 00060201 00060168 000 341 43064.2719211921
25.11.2017 06:31:34 +00.03841E+00  0522 008083 1 00060202 00060168 000 342 43064.2719251505
25.11.2017 06:31:34 +00.03840E+00  0534 008083 1 00060203 00060168 000 343 43064.2719291319
25.11.2017 06:31:35 +00.03840E+00  0547 008083 1 00060204 00060168 000 378 43064.2719335069
25.11.2017 06:31:35 +00.03840E+00  0565 008083 1 00060205 00060168 000 341 43064.2719374537
25.11.2017 06:31:35 +00.03840E+00  0587 008083 1 00060206 00060168 000 342 43064.271941412
25.11.2017 06:31:36 +00.03840E+00  0600 008083 1 00060207 00060168 000 342 43064.2719453704
25.11.2017 06:31:36 +00.03840E+00  0614 008083 1 00060208 00060168 000 379 43064.2719497685
25.11.2017 06:31:36 +00.03840E+00  0631 008083 1 00060209 00060168 000 343 43064.27195375
25.11.2017 06:31:37 +00.03840E+00  0642 008083 1 00060210 00060168 000 344 43064.2719577315
25.11.2017 06:31:37 +00.03840E+00  0653 008083 1 00060211 00060168 000 342 43064.2719616898
25.11.2017 06:31:37 +00.03840E+00  0662 008083 1 00060212 00060168 000 375 43064.2719660417
25.11.2017 06:31:38 +00.03840E+00  0675 008083 1 00060213 00060168 000 342 43064.27197
25.11.2017 06:31:38 +00.03841E+00  0682 008083 1 00060214 00060168 000 342 43064.2719739699
25.11.2017 06:31:38 +00.03841E+00  0695 008083 1 00060215 00060168 000 342 43064.2719779398
25.11.2017 06:31:39 +00.03840E+00  0712 008083 1 00060216 00060168 000 375 43064.2719822917
25.11.2017 06:31:39 +00.03840E+00  0728 008083 1 00060217 00060168 000 342 43064.27198625
25.11.2017 06:31:39 +00.03840E+00  0741 008083 1 00060218 00060168 000 343 43064.2719902199
25.11.2017 06:31:40 +00.03840E+00  0754 008083 1 00060219 00060168 000 343 43064.2719941898
25.11.2017 06:31:40 +00.03840E+00  0772 008083 1 00060220 00060168 000 377 43064.2719985532
25.11.2017 06:31:41 +00.03840E+00  0782 008083 1 00060221 00060168 000 341 43064.2720025
25.11.2017 06:31:41 +00.03840E+00  0799 008083 1 00060222 00060168 000 343 43064.2720064699
25.11.2017 06:31:41 +00.03840E+00  0814 008083 1 00060223 00060168 000 343 43064.2720104398
25.11.2017 06:31:42 +00.03840E+00  0827 008083 1 00060224 00060168 000 378 43064.2720148148
25.11.2017 06:31:42 +00.03840E+00  0839 008083 1 00060225 00060168 000 340 43064.27201875
25.11.2017 06:31:42 +00.03840E+00  0852 008083 1 00060226 00060168 000 343 43064.2720227199
25.11.2017 06:31:43 +00.03840E+00  0865 008083 1 00060227 00060168 000 343 43064.2720266898
25.11.2017 06:31:43 +00.03840E+00  0876 008083 1 00060228 00060168 000 379 43064.2720310764
25.11.2017 06:31:43 +00.03840E+00  0895 008083 1 00060229 00060168 000 345 43064.2720350694
25.11.2017 06:31:44 +00.03841E+00  0905 008083 1 00060230 00060168 000 343 43064.2720390394
25.11.2017 06:31:44 +00.03840E+00  0918 008083 1 00060231 00060168 000 343 43064.2720430093
25.11.2017 06:31:44 +00.03840E+00  0938 008083 1 00060232 00060168 000 374 43064.272047338
25.11.2017 06:31:45 +00.03840E+00  0951 008083 1 00060233 00060168 000 343 43064.2720513079
25.11.2017 06:31:45 +00.03840E+00  0965 008083 1 00060234 00060168 000 343 43064.2720552894
25.11.2017 06:31:45 +00.03840E+00  0977 008083 1 00060235 00060168 000 342 43064.2720592477
25.11.2017 06:31:46 +00.03840E+00  0995 008083 1 00060236 00060168 000 376 43064.2720636111
25.11.2017 06:31:46 +00.03840E+00  1004 008083 1 00060237 00060168 000 341 43064.2720675579
25.11.2017 06:31:46 +00.03840E+00  1011 008083 1 00060238 00060168 000 343 43064.2720715278
25.11.2017 06:31:47 +00.03840E+00  1032 008083 1 00060239 00060168 000 343 43064.2720755093
25.11.2017 06:31:47 +00.03841E+00  1053 008083 1 00060240 00060168 000 377 43064.2720798727
25.11.2017 06:31:48 +00.03840E+00  1070 008083 1 00060241 00060168 000 340 43064.2720838079
25.11.2017 06:31:48 +00.03840E+00  1084 008083 1 00060242 00060168 000 342 43064.2720877778
25.11.2017 06:31:48 +00.03841E+00  1100 008083 1 00060243 00060168 000 342 43064.2720917477
25.11.2017 06:31:49 +00.03840E+00  1118 008083 1 00060244 00060168 000 378 43064.2720961227
25.11.2017 06:31:49 +00.03840E+00  1138 008083 1 00060245 00060168 000 340 43064.2721000694
25.11.2017 06:31:49 +00.03840E+00  1152 008083 1 00060246 00060168 000 341 43064.2721040278
25.11.2017 06:31:50 +00.03840E+00  1171 008083 1 00060247 00060168 000 343 43064.2721079977
25.11.2017 06:31:50 +00.03840E+00  1180 008083 1 00060248 00060168 000 380 43064.2721123958
25.11.2017 06:31:50 +00.03840E+00  1196 008083 1 00060249 00060168 000 344 43064.2721163773
25.11.2017 06:31:51 +00.03840E+00  1214 008083 1 00060250 00060168 000 343 43064.2721203472
25.11.2017 06:31:51 +00.03840E+00  1225 008083 1 00060251 00060168 000 343 43064.2721243171
25.11.2017 06:31:51 +00.03840E+00  1236 008083 1 00060252 00060168 000 375 43064.2721286574
25.11.2017 06:31:52 +00.03840E+00  1249 008083 1 00060253 00060168 000 343 43064.2721326273
25.11.2017 06:31:52 +00.03841E+00  1262 008083 1 00060254 00060168 000 343 43064.2721365972
25.11.2017 06:31:58 +00.03860E+00  0009 008124 1 00060255 00060255 000 342 43064.2722011111
25.11.2017 06:31:58 +00.03860E+00  0033 008124 1 00060256 00060255 000 342 43064.272205081
25.11.2017 06:31:58 +00.03860E+00  0044 008124 1 00060257 00060255 000 420 43064.2722099537
25.11.2017 06:31:59 +00.03860E+00  0071 008124 1 00060258 00060255 000 340 43064.2722139005
25.11.2017 06:31:59 +00.03860E+00  0079 008124 1 00060259 00060255 000 342 43064.2722178704
25.11.2017 06:31:59 +00.03860E+00  0094 008124 1 00060260 00060255 000 342 43064.2722218403
25.11.2017 06:32:00 +00.03860E+00  0111 008124 1 00060261 00060255 000 378 43064.2722262269
25.11.2017 06:32:00 +00.03860E+00  0132 008124 1 00060262 00060255 000 340 43064.272230162
25.11.2017 06:32:01 +00.03860E+00  0147 008124 1 00060263 00060255 000 341 43064.2722341204
25.11.2017 06:32:01 +00.03860E+00  0167 008124 1 00060264 00060255 000 342 43064.2722380903
25.11.2017 06:32:01 +00.03860E+00  0180 008124 1 00060265 00060255 000 379 43064.2722424769
25.11.2017 06:32:02 +00.03860E+00  0197 008124 1 00060266 00060255 000 344 43064.2722464699
25.11.2017 06:32:02 +00.03860E+00  0211 008124 1 00060267 00060255 000 342 43064.2722504398
25.11.2017 06:32:02 +00.03860E+00  0230 008124 1 00060268 00060255 000 342 43064.2722544097
25.11.2017 06:32:03 +00.03860E+00  0253 008124 1 00060269 00060255 000 373 43064.2722587384
25.11.2017 06:32:03 +00.03860E+00  0265 008124 1 00060270 00060255 000 343 43064.2722627199
25.11.2017 06:32:03 +00.03860E+00  0289 008124 1 00060271 00060255 000 343 43064.2722666898
25.11.2017 06:32:04 +00.03860E+00  0301 008124 1 00060272 00060255 000 342 43064.2722706597
25.11.2017 06:32:04 +00.03860E+00  0312 008124 1 00060273 00060255 000 375 43064.272275
25.11.2017 06:32:04 +00.03860E+00  0322 008124 1 00060274 00060255 000 342 43064.2722789699
25.11.2017 06:32:05 +00.03860E+00  0334 008124 1 00060275 00060255 000 343 43064.2722829398
25.11.2017 06:32:05 +00.03860E+00  0354 008124 1 00060276 00060255 000 343 43064.2722869097
25.11.2017 06:32:05 +00.03860E+00  0366 008124 1 00060277 00060255 000 377 43064.2722912731
25.11.2017 06:32:06 +00.03860E+00  0384 008124 1 00060278 00060255 000 341 43064.2722952199
25.11.2017 06:32:06 +00.03860E+00  0403 008124 1 00060279 00060255 000 343 43064.2722991898
25.11.2017 06:32:06 +00.03860E+00  0416 008124 1 00060280 00060255 000 343 43064.2723031597
25.11.2017 06:32:07 +00.03860E+00  0439 008124 1 00060281 00060255 000 378 43064.2723075347
25.11.2017 06:32:07 +00.03860E+00  0456 008124 1 00060282 00060255 000 340 43064.2723114699
25.11.2017 06:32:08 +00.03860E+00  0472 008124 1 00060283 00060255 000 342 43064.2723154398
25.11.2017 06:32:08 +00.03860E+00  0486 008124 1 00060284 00060255 000 342 43064.2723193982
25.11.2017 06:32:08 +00.03860E+00  0501 008124 1 00060285 00060255 000 379 43064.2723237963
25.11.2017 06:32:09 +00.03860E+00  0518 008124 1 00060286 00060255 000 344 43064.2723277778
25.11.2017 06:32:09 +00.03860E+00  0527 008124 1 00060287 00060255 000 343 43064.2723317593
25.11.2017 06:32:09 +00.03860E+00  0545 008124 1 00060288 00060255 000 343 43064.2723357292
25.11.2017 06:32:10 +00.03860E+00  0555 008124 1 00060289 00060255 000 374 43064.2723400579
25.11.2017 06:32:10 +00.03860E+00  0575 008124 1 00060290 00060255 000 343 43064.2723440278
25.11.2017 06:32:10 +00.03860E+00  0594 008124 1 00060291 00060255 000 342 43064.2723479977
25.11.2017 06:32:11 +00.03860E+00  0606 008124 1 00060292 00060255 000 342 43064.2723519676
25.11.2017 06:32:11 +00.03860E+00  0622 008124 1 00060293 00060255 000 374 43064.2723563079
25.11.2017 06:32:11 +00.03860E+00  0639 008124 1 00060294 00060255 000 342 43064.2723602778
25.11.2017 06:32:12 +00.03860E+00  0650 008124 1 00060295 00060255 000 343 43064.2723642477
25.11.2017 06:32:12 +00.03860E+00  0664 008124 1 00060296 00060255 000 342 43064.2723682176
25.11.2017 06:32:12 +00.03860E+00  0680 008124 1 00060297 00060255 000 376 43064.272372581
25.11.2017 06:32:13 +00.03860E+00  0694 008124 1 00060298 00060255 000 340 43064.2723765278
25.11.2017 06:32:13 +00.03860E+00  0708 008124 1 00060299 00060255 000 342 43064.2723804977
25.11.2017 06:32:14 +00.03860E+00  0732 008124 1 00060300 00060255 000 343 43064.2723844676
25.11.2017 06:32:14 +00.03860E+00  0747 008124 1 00060301 00060255 000 378 43064.2723888426
25.11.2017 06:32:14 +00.03860E+00  0768 008124 1 00060302 00060255 000 340 43064.2723927778
25.11.2017 06:32:15 +00.03860E+00  0787 008124 1 00060303 00060255 000 342 43064.2723967477
25.11.2017 06:32:15 +00.03860E+00  0801 008124 1 00060304 00060255 000 343 43064.2724007176
25.11.2017 06:32:15 +00.03860E+00  0809 008124 1 00060305 00060255 000 379 43064.2724051042
25.11.2017 06:32:16 +00.03860E+00  0825 008124 1 00060306 00060255 000 340 43064.2724090394
25.11.2017 06:32:16 +00.03860E+00  0838 008124 1 00060307 00060255 000 341 43064.2724129977
25.11.2017 06:32:16 +00.03860E+00  0853 008124 1 00060308 00060255 000 343 43064.2724169676
25.11.2017 06:32:17 +00.03860E+00  0871 008124 1 00060309 00060255 000 380 43064.2724213657
25.11.2017 06:32:17 +00.03860E+00  0887 008124 1 00060310 00060255 000 343 43064.2724253357
25.11.2017 06:32:17 +00.03860E+00  0897 008124 1 00060311 00060255 000 343 43064.2724293171
25.11.2017 06:32:18 +00.03860E+00  0920 008124 1 00060312 00060255 000 343 43064.272433287
25.11.2017 06:32:18 +00.03860E+00  0939 008124 1 00060313 00060255 000 375 43064.2724376273
25.11.2017 06:32:18 +00.03860E+00  0960 008124 1 00060314 00060255 000 342 43064.2724415857
25.11.2017 06:32:19 +00.03860E+00  0981 008124 1 00060315 00060255 000 343 43064.2724455671
25.11.2017 06:32:19 +00.03860E+00  0994 008124 1 00060316 00060255 000 342 43064.2724495255
25.11.2017 06:32:20 +00.03860E+00  1003 008124 1 00060317 00060255 000 375 43064.2724538773
25.11.2017 06:32:20 +00.03860E+00  1027 008124 1 00060318 00060255 000 341 43064.2724578357
25.11.2017 06:32:20 +00.03860E+00  1041 008124 1 00060319 00060255 000 343 43064.2724618056
25.11.2017 06:32:21 +00.03860E+00  1049 008124 1 00060320 00060255 000 342 43064.2724657755
25.11.2017 06:32:21 +00.03860E+00  1059 008124 1 00060321 00060255 000 377 43064.2724701505
25.11.2017 06:32:21 +00.03860E+00  1082 008124 1 00060322 00060255 000 340 43064.2724740972
25.11.2017 06:32:22 +00.03860E+00  1099 008124 1 00060323 00060255 000 341 43064.2724780556
25.11.2017 06:32:22 +00.03860E+00  1115 008124 1 00060324 00060255 000 343 43064.2724820255
25.11.2017 06:32:22 +00.03860E+00  1135 008124 1 00060325 00060255 000 379 43064.272486412
25.11.2017 06:32:23 +00.03860E+00  1149 008124 1 00060326 00060255 000 344 43064.2724904051
25.11.2017 06:32:23 +00.03860E+00  1160 008124 1 00060327 00060255 000 343 43064.272494375
25.11.2017 06:32:23 +00.03860E+00  1173 008124 1 00060328 00060255 000 342 43064.2724983449
25.11.2017 06:32:24 +00.03860E+00  1193 008124 1 00060329 00060255 000 373 43064.2725026736
25.11.2017 06:32:24 +00.03860E+00  1208 008124 1 00060330 00060255 000 343 43064.2725066551
25.11.2017 06:32:24 +00.03860E+00  1220 008124 1 00060331 00060255 000 343 43064.272510625
25.11.2017 06:32:25 +00.03860E+00  1235 008124 1 00060332 00060255 000 343 43064.2725145949
25.11.2017 06:32:25 +00.03860E+00  1252 008124 1 00060333 00060255 000 375 43064.2725189352
25.11.2017 06:32:25 +00.03860E+00  1263 008124 1 00060334 00060255 000 343 43064.2725229051
25.11.2017 06:32:26 +00.03860E+00  1280 008124 1 00060335 00060255 000 343 43064.272526875
25.11.2017 06:32:26 +00.03860E+00  1292 008124 1 00060336 00060255 000 343 43064.2725308449
25.11.2017 06:32:27 +00.03860E+00  1305 008124 1 00060337 00060255 000 376 43064.2725351968
25.11.2017 06:32:27 +00.03860E+00  1322 008124 1 00060338 00060255 000 341 43064.2725391435
25.11.2017 06:32:27 +00.03860E+00  1334 008124 1 00060339 00060255 000 343 43064.272543125
25.11.2017 06:32:28 +00.03860E+00  1350 008124 1 00060340 00060255 000 343 43064.2725470949
25.11.2017 06:32:28 +00.03860E+00  1364 008124 1 00060341 00060255 000 378 43064.2725514699
25.11.2017 06:32:33 +00.03880E+00  0017 008165 1 00060342 00060342 000 342 43064.2726118866
25.11.2017 06:32:34 +00.03879E+00  0023 008165 1 00060343 00060342 000 398 43064.2726165046
25.11.2017 06:32:34 +00.03879E+00  0037 008165 1 00060344 00060342 000 343 43064.2726204861
25.11.2017 06:32:34 +00.03880E+00  0054 008165 1 00060345 00060342 000 342 43064.272624456
25.11.2017 06:32:35 +00.03879E+00  0068 008165 1 00060346 00060342 000 342 43064.2726284259
25.11.2017 06:32:35 +00.03879E+00  0079 008165 1 00060347 00060342 000 374 43064.2726327662
25.11.2017 06:32:35 +00.03879E+00  0099 008165 1 00060348 00060342 000 342 43064.2726367361
25.11.2017 06:32:36 +00.03879E+00  0108 008165 1 00060349 00060342 000 343 43064.272640706
25.11.2017 06:32:36 +00.03880E+00  0123 008165 1 00060350 00060342 000 343 43064.2726446759
25.11.2017 06:32:36 +00.03879E+00  0137 008165 1 00060351 00060342 000 376 43064.2726490278
25.11.2017 06:32:37 +00.03880E+00  0154 008165 1 00060352 00060342 000 342 43064.2726529861
25.11.2017 06:32:37 +00.03880E+00  0169 008165 1 00060353 00060342 000 343 43064.272656956
25.11.2017 06:32:37 +00.03879E+00  0186 008165 1 00060354 00060342 000 343 43064.2726609259
25.11.2017 06:32:38 +00.03879E+00  0203 008165 1 00060355 00060342 000 377 43064.2726652894
25.11.2017 06:32:38 +00.03879E+00  0216 008165 1 00060356 00060342 000 341 43064.2726692361
25.11.2017 06:32:38 +00.03879E+00  0226 008167 1 00060357 00060342 000 343 43064.272673206
25.11.2017 06:32:39 +00.03880E+00  0238 008167 1 00060358 00060342 000 343 43064.2726771759
25.11.2017 06:32:39 +00.03880E+00  0253 008167 1 00060359 00060342 000 378 43064.2726815509
25.11.2017 06:32:40 +00.03881E+00  0269 008167 1 00060360 00060342 000 340 43064.2726854861
25.11.2017 06:32:40 +00.03880E+00  0282 008167 1 00060361 00060342 000 341 43064.2726894444
25.11.2017 06:32:40 +00.03880E+00  0291 008167 1 00060362 00060342 000 342 43064.2726934144
25.11.2017 06:32:41 +00.03880E+00  0304 008167 1 00060363 00060342 000 380 43064.2726978241
25.11.2017 06:32:41 +00.03880E+00  0322 008167 1 00060364 00060342 000 344 43064.2727018056
25.11.2017 06:32:41 +00.03880E+00  0336 008167 1 00060365 00060342 000 342 43064.2727057639
25.11.2017 06:32:42 +00.03880E+00  0347 008167 1 00060366 00060342 000 343 43064.2727097454
25.11.2017 06:32:42 +00.03880E+00  0366 008167 1 00060367 00060342 000 375 43064.2727140857
25.11.2017 06:32:42 +00.03880E+00  0380 008167 1 00060368 00060342 000 342 43064.272718044
25.11.2017 06:32:43 +00.03880E+00  0393 008167 1 00060369 00060342 000 342 43064.2727220139
25.11.2017 06:32:43 +00.03880E+00  0402 008167 1 00060370 00060342 000 342 43064.2727259838
25.11.2017 06:32:43 +00.03880E+00  0415 008167 1 00060371 00060342 000 375 43064.2727303357
25.11.2017 06:32:44 +00.03880E+00  0426 008167 1 00060372 00060342 000 341 43064.272734294
25.11.2017 06:32:44 +00.03880E+00  0432 008167 1 00060373 00060342 000 343 43064.2727382639
25.11.2017 06:32:44 +00.03880E+00  0447 008167 1 00060374 00060342 000 342 43064.2727422338
25.11.2017 06:32:45 +00.03880E+00  0455 008167 1 00060375 00060342 000 377 43064.2727465972
25.11.2017 06:32:45 +00.03880E+00  0468 008167 1 00060376 00060342 000 340 43064.272750544
25.11.2017 06:32:45 +00.03880E+00  0483 008167 1 00060377 00060342 000 342 43064.2727545139
25.11.2017 06:32:46 +00.03881E+00  0494 008167 1 00060378 00060342 000 343 43064.2727584838
25.11.2017 06:32:46 +00.03880E+00  0508 008167 1 00060379 00060342 000 378 43064.2727628588
25.11.2017 06:32:47 +00.03880E+00  0529 008167 1 00060380 00060342 000 340 43064.272766794
25.11.2017 06:32:47 +00.03880E+00  0541 008167 1 00060381 00060342 000 342 43064.2727707639
25.11.2017 06:32:47 +00.03881E+00  0559 008167 1 00060382 00060342 000 343 43064.2727747338
25.11.2017 06:32:48 +00.03880E+00  0570 008167 1 00060383 00060342 000 380 43064.2727791319
25.11.2017 06:32:48 +00.03880E+00  0584 008167 1 00060384 00060342 000 344 43064.2727831134
25.11.2017 06:32:48 +00.03880E+00  0594 008167 1 00060385 00060342 000 343 43064.2727870833
25.11.2017 06:32:49 +00.03881E+00  0605 008167 1 00060386 00060342 000 343 43064.2727910532
25.11.2017 06:32:49 +00.03880E+00  0620 008165 1 00060387 00060342 000 375 43064.2727953935
25.11.2017 06:32:49 +00.03879E+00  0636 008165 1 00060388 00060342 000 342 43064.2727993518
25.11.2017 06:32:50 +00.03879E+00  0657 008165 1 00060389 00060342 000 343 43064.2728033333
25.11.2017 06:32:50 +00.03879E+00  0671 008165 1 00060390 00060342 000 343 43064.2728073032
25.11.2017 06:32:50 +00.03879E+00  0684 008165 1 00060391 00060342 000 376 43064.2728116551
25.11.2017 06:32:51 +00.03879E+00  0691 008165 1 00060392 00060342 000 341 43064.2728156018
25.11.2017 06:32:51 +00.03880E+00  0706 008165 1 00060393 00060342 000 342 43064.2728195718
25.11.2017 06:32:51 +00.03879E+00  0721 008165 1 00060394 00060342 000 342 43064.2728235417
25.11.2017 06:32:52 +00.03879E+00  0738 008165 1 00060395 00060342 000 376 43064.2728279167
25.11.2017 06:32:52 +00.03879E+00  0753 008165 1 00060396 00060342 000 340 43064.2728318518
25.11.2017 06:32:53 +00.03880E+00  0767 008165 1 00060397 00060342 000 342 43064.2728358218
25.11.2017 06:32:53 +00.03879E+00  0783 008165 1 00060398 00060342 000 342 43064.2728397917
25.11.2017 06:32:53 +00.03879E+00  0797 008165 1 00060399 00060342 000 377 43064.2728441667
25.11.2017 06:32:54 +00.03879E+00  0808 008165 1 00060400 00060342 000 340 43064.2728481134
25.11.2017 06:32:54 +00.03879E+00  0820 008165 1 00060401 00060342 000 342 43064.2728520718
25.11.2017 06:32:54 +00.03879E+00  0833 008167 1 00060402 00060342 000 343 43064.2728560417
25.11.2017 06:32:55 +00.03880E+00  0850 008167 1 00060403 00060342 000 380 43064.2728604398
25.11.2017 06:32:55 +00.03880E+00  0867 008167 1 00060404 00060342 000 344 43064.2728644213
25.11.2017 06:32:55 +00.03880E+00  0882 008167 1 00060405 00060342 000 342 43064.2728683912
25.11.2017 06:32:56 +00.03880E+00  0894 008167 1 00060406 00060342 000 343 43064.2728723611
25.11.2017 06:32:56 +00.03880E+00  0904 008167 1 00060407 00060342 000 374 43064.2728766898
25.11.2017 06:32:56 +00.03880E+00  0914 008167 1 00060408 00060342 000 343 43064.2728806713
25.11.2017 06:32:57 +00.03880E+00  0932 008167 1 00060409 00060342 000 343 43064.2728846412
25.11.2017 06:32:57 +00.03880E+00  0950 008167 1 00060410 00060342 000 343 43064.2728886111
25.11.2017 06:32:57 +00.03880E+00  0963 008167 1 00060411 00060342 000 376 43064.272892963
25.11.2017 06:32:58 +00.03880E+00  0973 008167 1 00060412 00060342 000 341 43064.2728969097
25.11.2017 06:32:58 +00.03880E+00  0982 008167 1 00060413 00060342 000 343 43064.2729008912
25.11.2017 06:32:58 +00.03880E+00  1000 008167 1 00060414 00060342 000 343 43064.2729048611
25.11.2017 06:32:59 +00.03880E+00  1011 008167 1 00060415 00060342 000 377 43064.2729092245
25.11.2017 06:32:59 +00.03880E+00  1031 008167 1 00060416 00060342 000 340 43064.2729131597
25.11.2017 06:33:00 +00.03880E+00  1045 008167 1 00060417 00060342 000 342 43064.2729171296
25.11.2017 06:33:00 +00.03881E+00  1060 008167 1 00060418 00060342 000 343 43064.2729211111
25.11.2017 06:33:00 +00.03880E+00  1076 008167 1 00060419 00060342 000 377 43064.2729254745
25.11.2017 06:33:01 +00.03880E+00  1091 008167 1 00060420 00060342 000 340 43064.2729294213
25.11.2017 06:33:01 +00.03880E+00  1104 008167 1 00060421 00060342 000 342 43064.2729333796
25.11.2017 06:33:01 +00.03880E+00  1114 008167 1 00060422 00060342 000 342 43064.2729373495
25.11.2017 06:33:02 +00.03880E+00  1123 008167 1 00060423 00060342 000 378 43064.2729417361
25.11.2017 06:33:02 +00.03880E+00  1146 008167 1 00060424 00060342 000 344 43064.2729457292
25.11.2017 06:33:02 +00.03881E+00  1163 008167 1 00060425 00060342 000 342 43064.2729496991
25.11.2017 06:33:03 +00.03880E+00  1176 008167 1 00060426 00060342 000 342 43064.272953669
25.11.2017 06:33:03 +00.03880E+00  1190 008167 1 00060427 00060342 000 374 43064.2729580093
25.11.2017 06:33:03 +00.03880E+00  1208 008167 1 00060428 00060342 000 343 43064.2729619792
25.11.2017 06:33:09 +00.03900E+00  0006 008208 1 00060429 00060429 000 376 43064.2730230556
25.11.2017 06:33:09 +00.03900E+00  0019 008208 1 00060430 00060429 000 341 43064.2730270023
25.11.2017 06:33:09 +00.03900E+00  0034 008208 1 00060431 00060429 000 343 43064.2730309722
25.11.2017 06:33:10 +00.03900E+00  0051 008208 1 00060432 00060429 000 343 43064.2730349421
25.11.2017 06:33:10 +00.03900E+00  0066 008208 1 00060433 00060429 000 378 43064.2730393171
25.11.2017 06:33:10 +00.03900E+00  0078 008208 1 00060434 00060429 000 340 43064.2730432523
25.11.2017 06:33:11 +00.03900E+00  0087 008208 1 00060435 00060429 000 341 43064.2730472106
25.11.2017 06:33:11 +00.03900E+00  0101 008208 1 00060436 00060429 000 343 43064.2730511921
25.11.2017 06:33:12 +00.03900E+00  0112 008208 1 00060437 00060429 000 379 43064.2730555787
25.11.2017 06:33:12 +00.03900E+00  0134 008208 1 00060438 00060429 000 345 43064.2730595718
25.11.2017 06:33:12 +00.03900E+00  0143 008208 1 00060439 00060429 000 343 43064.2730635417
25.11.2017 06:33:13 +00.03900E+00  0161 008208 1 00060440 00060429 000 343 43064.2730675116
25.11.2017 06:33:13 +00.03900E+00  0170 008208 1 00060441 00060429 000 374 43064.2730718403
25.11.2017 06:33:13 +00.03900E+00  0184 008208 1 00060442 00060429 000 343 43064.2730758102
25.11.2017 06:33:14 +00.03900E+00  0198 008208 1 00060443 00060429 000 342 43064.2730797801
25.11.2017 06:33:14 +00.03900E+00  0208 008208 1 00060444 00060429 000 342 43064.27308375
25.11.2017 06:33:14 +00.03900E+00  0218 008208 1 00060445 00060429 000 375 43064.2730881019
25.11.2017 06:33:15 +00.03900E+00  0229 008208 1 00060446 00060429 000 342 43064.2730920602
25.11.2017 06:33:15 +00.03900E+00  0237 008208 1 00060447 00060429 000 342 43064.2730960301
25.11.2017 06:33:15 +00.03900E+00  0251 008208 1 00060448 00060429 000 342 43064.2731
25.11.2017 06:33:16 +00.03900E+00  0263 008208 1 00060449 00060429 000 376 43064.2731043634
25.11.2017 06:33:16 +00.03900E+00  0283 008208 1 00060450 00060429 000 340 43064.2731083102
25.11.2017 06:33:16 +00.03900E+00  0297 008208 1 00060451 00060429 000 342 43064.2731122801
25.11.2017 06:33:17 +00.03900E+00  0318 008208 1 00060452 00060429 000 342 43064.27311625
25.11.2017 06:33:17 +00.03900E+00  0325 008208 1 00060453 00060429 000 378 43064.273120625
25.11.2017 06:33:17 +00.03900E+00  0339 008208 1 00060454 00060429 000 340 43064.2731245718
25.11.2017 06:33:18 +00.03900E+00  0353 008208 1 00060455 00060429 000 342 43064.2731285301
25.11.2017 06:33:18 +00.03900E+00  0370 008208 1 00060456 00060429 000 343 43064.2731325
25.11.2017 06:33:19 +00.03900E+00  0383 008208 1 00060457 00060429 000 379 43064.2731368866
25.11.2017 06:33:19 +00.03900E+00  0398 008208 1 00060458 00060429 000 345 43064.2731408796
25.11.2017 06:33:19 +00.03900E+00  0415 008208 1 00060459 00060429 000 343 43064.2731448495
25.11.2017 06:33:20 +00.03900E+00  0435 008208 1 00060460 00060429 000 343 43064.2731488194
25.11.2017 06:33:20 +00.03900E+00  0448 008208 1 00060461 00060429 000 374 43064.2731531481
25.11.2017 06:33:20 +00.03900E+00  0460 008208 1 00060462 00060429 000 344 43064.2731571296
25.11.2017 06:33:21 +00.03900E+00  0476 008208 1 00060463 00060429 000 343 43064.2731610995
25.11.2017 06:33:21 +00.03900E+00  0489 008208 1 00060464 00060429 000 343 43064.2731650694
25.11.2017 06:33:21 +00.03900E+00  0497 008208 1 00060465 00060429 000 375 43064.2731694097
25.11.2017 06:33:22 +00.03900E+00  0508 008208 1 00060466 00060429 000 342 43064.2731733681
25.11.2017 06:33:22 +00.03900E+00  0515 008208 1 00060467 00060429 000 343 43064.2731773495
25.11.2017 06:33:22 +00.03900E+00  0530 008208 1 00060468 00060429 000 343 43064.2731813194
25.11.2017 06:33:23 +00.03900E+00  0545 008208 1 00060469 00060429 000 376 43064.2731856713
25.11.2017 06:33:23 +00.03900E+00  0559 008208 1 00060470 00060429 000 341 43064.2731896181
25.11.2017 06:33:23 +00.03900E+00  0570 008208 1 00060471 00060429 000 342 43064.273193588
25.11.2017 06:33:24 +00.03900E+00  0576 008208 1 00060472 00060429 000 342 43064.2731975579
25.11.2017 06:33:24 +00.03900E+00  0590 008208 1 00060473 00060429 000 377 43064.2732019329
25.11.2017 06:33:24 +00.03900E+00  0604 008208 1 00060474 00060429 000 340 43064.2732058796
25.11.2017 06:33:25 +00.03900E+00  0618 008208 1 00060475 00060429 000 341 43064.273209838
25.11.2017 06:33:25 +00.03900E+00  0634 008208 1 00060476 00060429 000 342 43064.2732138079
25.11.2017 06:33:26 +00.03900E+00  0648 008208 1 00060477 00060429 000 379 43064.2732181944
25.11.2017 06:33:26 +00.03900E+00  0665 008208 1 00060478 00060429 000 340 43064.2732221296
25.11.2017 06:33:26 +00.03900E+00  0675 008208 1 00060479 00060429 000 341 43064.273226088
25.11.2017 06:33:27 +00.03900E+00  0685 008208 1 00060480 00060429 000 343 43064.2732300579
25.11.2017 06:33:27 +00.03900E+00  0698 008208 1 00060481 00060429 000 380 43064.273234456
25.11.2017 06:33:27 +00.03900E+00  0713 008208 1 00060482 00060429 000 344 43064.2732384375
25.11.2017 06:33:28 +00.03900E+00  0727 008208 1 00060483 00060429 000 343 43064.2732424074
25.11.2017 06:33:28 +00.03900E+00  0741 008208 1 00060484 00060429 000 343 43064.2732463773
25.11.2017 06:33:28 +00.03900E+00  0757 008208 1 00060485 00060429 000 375 43064.2732507176
25.11.2017 06:33:29 +00.03900E+00  0771 008208 1 00060486 00060429 000 343 43064.2732546875
25.11.2017 06:33:29 +00.03900E+00  0784 008208 1 00060487 00060429 000 343 43064.2732586574
25.11.2017 06:33:29 +00.03900E+00  0800 008208 1 00060488 00060429 000 343 43064.2732626273
25.11.2017 06:33:30 +00.03900E+00  0813 008208 1 00060489 00060429 000 376 43064.2732669792
25.11.2017 06:33:30 +00.03900E+00  0829 008208 1 00060490 00060429 000 341 43064.2732709259
25.11.2017 06:33:30 +00.03900E+00  0842 008208 1 00060491 00060429 000 343 43064.2732749074
25.11.2017 06:33:31 +00.03900E+00  0857 008208 1 00060492 00060429 000 343 43064.2732788773
25.11.2017 06:33:31 +00.03900E+00  0876 008208 1 00060493 00060429 000 377 43064.2732832407
25.11.2017 06:33:32 +00.03900E+00  0893 008208 1 00060494 00060429 000 340 43064.2732871759
25.11.2017 06:33:32 +00.03900E+00  0909 008208 1 00060495 00060429 000 342 43064.2732911458
25.11.2017 06:33:32 +00.03900E+00  0926 008208 1 00060496 00060429 000 344 43064.2732951273
25.11.2017 06:33:33 +00.03900E+00  0937 008208 1 00060497 00060429 000 378 43064.2732995023
25.11.2017 06:33:33 +00.03900E+00  0955 008208 1 00060498 00060429 000 344 43064.2733034954
25.11.2017 06:33:33 +00.03900E+00  0965 008208 1 00060499 00060429 000 342 43064.2733074653
25.11.2017 06:33:34 +00.03900E+00  0983 008208 1 00060500 00060429 000 342 43064.2733114352
25.11.2017 06:33:34 +00.03900E+00  0988 008208 1 00060501 00060429 000 373 43064.2733157639
25.11.2017 06:33:34 +00.03900E+00  0998 008208 1 00060502 00060429 000 343 43064.2733197454
25.11.2017 06:33:35 +00.03900E+00  1012 008208 1 00060503 00060429 000 342 43064.2733237153
25.11.2017 06:33:35 +00.03900E+00  1029 008208 1 00060504 00060429 000 342 43064.2733276852
25.11.2017 06:33:35 +00.03900E+00  1039 008208 1 00060505 00060429 000 374 43064.2733320255
25.11.2017 06:33:36 +00.03900E+00  1055 008208 1 00060506 00060429 000 342 43064.2733359954
25.11.2017 06:33:36 +00.03900E+00  1065 008208 1 00060507 00060429 000 343 43064.2733399653
25.11.2017 06:33:36 +00.03900E+00  1084 008208 1 00060508 00060429 000 343 43064.2733439352
25.11.2017 06:33:37 +00.03900E+00  1103 008208 1 00060509 00060429 000 376 43064.273348287
25.11.2017 06:33:37 +00.03900E+00  1116 008208 1 00060510 00060429 000 341 43064.2733522454
25.11.2017 06:33:37 +00.03900E+00  1141 008208 1 00060511 00060429 000 343 43064.2733562153
25.11.2017 06:33:38 +00.03900E+00  1155 008208 1 00060512 00060429 000 343 43064.2733601852
25.11.2017 06:33:38 +00.03900E+00  1169 008208 1 00060513 00060429 000 377 43064.2733645486
25.11.2017 06:33:39 +00.03900E+00  1187 008208 1 00060514 00060429 000 341 43064.2733684954
25.11.2017 06:33:39 +00.03900E+00  1201 008208 1 00060515 00060429 000 343 43064.2733724653
25.11.2017 06:33:44 +00.03920E+00  0012 008249 1 00060516 00060516 000 380 43064.2734328472
25.11.2017 06:33:44 +00.03920E+00  0029 008249 1 00060517 00060516 000 343 43064.2734368171
25.11.2017 06:33:45 +00.03920E+00  0038 008249 1 00060518 00060516 000 342 43064.273440787
25.11.2017 06:33:45 +00.03919E+00  0051 008249 1 00060519 00060516 000 342 43064.2734447569
25.11.2017 06:33:46 +00.03920E+00  0066 008249 1 00060520 00060516 000 375 43064.2734491088
25.11.2017 06:33:46 +00.03920E+00  0085 008249 1 00060521 00060516 000 341 43064.2734530671
25.11.2017 06:33:46 +00.03920E+00  0097 008249 1 00060522 00060516 000 343 43064.273457037
25.11.2017 06:33:47 +00.03920E+00  0113 008249 1 00060523 00060516 000 343 43064.2734610069
25.11.2017 06:33:47 +00.03920E+00  0125 008249 1 00060524 00060516 000 376 43064.2734653704
25.11.2017 06:33:47 +00.03920E+00  0146 008249 1 00060525 00060516 000 340 43064.2734693171
25.11.2017 06:33:48 +00.03920E+00  0160 008249 1 00060526 00060516 000 342 43064.273473287
25.11.2017 06:33:48 +00.03920E+00  0185 008249 1 00060527 00060516 000 343 43064.2734772569
25.11.2017 06:33:48 +00.03919E+00  0202 008249 1 00060528 00060516 000 378 43064.2734816319
25.11.2017 06:33:49 +00.03920E+00  0222 008249 1 00060529 00060516 000 340 43064.2734855671
25.11.2017 06:33:49 +00.03920E+00  0234 008249 1 00060530 00060516 000 342 43064.273489537
25.11.2017 06:33:49 +00.03920E+00  0255 008249 1 00060531 00060516 000 343 43064.2734935069
25.11.2017 06:33:50 +00.03920E+00  0265 008249 1 00060532 00060516 000 379 43064.2734978935
25.11.2017 06:33:50 +00.03920E+00  0276 008249 1 00060533 00060516 000 345 43064.2735018866
25.11.2017 06:33:50 +00.03920E+00  0296 008249 1 00060534 00060516 000 343 43064.2735058565
25.11.2017 06:33:51 +00.03920E+00  0313 008249 1 00060535 00060516 000 343 43064.2735098264
25.11.2017 06:33:51 +00.03920E+00  0326 008249 1 00060536 00060516 000 374 43064.2735141551
25.11.2017 06:33:51 +00.03919E+00  0343 008249 1 00060537 00060516 000 344 43064.2735181366
25.11.2017 06:33:52 +00.03920E+00  0365 008249 1 00060538 00060516 000 343 43064.2735221065
25.11.2017 06:33:52 +00.03919E+00  0377 008249 1 00060539 00060516 000 343 43064.2735260764
25.11.2017 06:33:53 +00.03919E+00  0390 008249 1 00060540 00060516 000 375 43064.2735304167
25.11.2017 06:33:53 +00.03920E+00  0403 008249 1 00060541 00060516 000 343 43064.2735343866
25.11.2017 06:33:53 +00.03920E+00  0420 008249 1 00060542 00060516 000 342 43064.2735383449
25.11.2017 06:33:54 +00.03920E+00  0434 008249 1 00060543 00060516 000 342 43064.2735423148
25.11.2017 06:33:54 +00.03920E+00  0445 008249 1 00060544 00060516 000 376 43064.2735466782
25.11.2017 06:33:54 +00.03919E+00  0464 008249 1 00060545 00060516 000 340 43064.273550625
25.11.2017 06:33:55 +00.03920E+00  0477 008249 1 00060546 00060516 000 342 43064.2735545949
25.11.2017 06:33:55 +00.03920E+00  0493 008249 1 00060547 00060516 000 342 43064.2735585648
25.11.2017 06:33:55 +00.03920E+00  0504 008249 1 00060548 00060516 000 377 43064.2735629398
25.11.2017 06:33:56 +00.03920E+00  0516 008249 1 00060549 00060516 000 340 43064.2735668866
25.11.2017 06:33:56 +00.03920E+00  0530 008249 1 00060550 00060516 000 342 43064.2735708449
25.11.2017 06:33:56 +00.03920E+00  0549 008249 1 00060551 00060516 000 343 43064.2735748148
25.11.2017 06:33:57 +00.03920E+00  0567 008249 1 00060552 00060516 000 379 43064.2735792014
25.11.2017 06:33:57 +00.03920E+00  0575 008249 1 00060553 00060516 000 344 43064.2735831944
25.11.2017 06:33:57 +00.03919E+00  0584 008249 1 00060554 00060516 000 343 43064.2735871644
25.11.2017 06:33:58 +00.03920E+00  0602 008249 1 00060555 00060516 000 343 43064.2735911343
25.11.2017 06:33:58 +00.03920E+00  0614 008249 1 00060556 00060516 000 373 43064.273595463
25.11.2017 06:33:58 +00.03919E+00  0632 008249 1 00060557 00060516 000 343 43064.2735994444
25.11.2017 06:33:59 +00.03920E+00  0645 008249 1 00060558 00060516 000 343 43064.2736034144
25.11.2017 06:33:59 +00.03919E+00  0663 008249 1 00060559 00060516 000 343 43064.2736073843
25.11.2017 06:34:00 +00.03919E+00  0677 008249 1 00060560 00060516 000 375 43064.2736117245
25.11.2017 06:34:00 +00.03920E+00  0683 008249 1 00060561 00060516 000 343 43064.2736156944
25.11.2017 06:34:00 +00.03920E+00  0701 008249 1 00060562 00060516 000 343 43064.2736196644
25.11.2017 06:34:01 +00.03920E+00  0712 008249 1 00060563 00060516 000 343 43064.2736236343
25.11.2017 06:34:01 +00.03920E+00  0735 008249 1 00060564 00060516 000 377 43064.2736279977
25.11.2017 06:34:01 +00.03920E+00  0748 008249 1 00060565 00060516 000 340 43064.2736319329
25.11.2017 06:34:02 +00.03920E+00  0771 008249 1 00060566 00060516 000 343 43064.2736359144
25.11.2017 06:34:02 +00.03919E+00  0783 008249 1 00060567 00060516 000 343 43064.2736398843
25.11.2017 06:34:02 +00.03920E+00  0798 008249 1 00060568 00060516 000 378 43064.2736442593
25.11.2017 06:34:03 +00.03920E+00  0812 008249 1 00060569 00060516 000 340 43064.2736481944
25.11.2017 06:34:03 +00.03920E+00  0828 008249 1 00060570 00060516 000 341 43064.2736521528
25.11.2017 06:34:03 +00.03919E+00  0844 008249 1 00060571 00060516 000 342 43064.2736561227
25.11.2017 06:34:04 +00.03920E+00  0853 008249 1 00060572 00060516 000 378 43064.2736605093
25.11.2017 06:34:04 +00.03920E+00  0865 008249 1 00060573 00060516 000 344 43064.2736645023
25.11.2017 06:34:04 +00.03920E+00  0884 008249 1 00060574 00060516 000 342 43064.2736684722
25.11.2017 06:34:05 +00.03920E+00  0901 008249 1 00060575 00060516 000 342 43064.2736724421
25.11.2017 06:34:05 +00.03920E+00  0917 008249 1 00060576 00060516 000 373 43064.2736767708
25.11.2017 06:34:06 +00.03920E+00  0930 008249 1 00060577 00060516 000 343 43064.2736807523
25.11.2017 06:34:06 +00.03920E+00  0951 008249 1 00060578 00060516 000 342 43064.2736847222
25.11.2017 06:34:06 +00.03920E+00  0964 008249 1 00060579 00060516 000 343 43064.2736887037
25.11.2017 06:34:07 +00.03920E+00  0972 008249 1 00060580 00060516 000 374 43064.2736930324
25.11.2017 06:34:07 +00.03920E+00  0980 008249 1 00060581 00060516 000 342 43064.2736970023
25.11.2017 06:34:07 +00.03920E+00  0990 008249 1 00060582 00060516 000 343 43064.2737009722
25.11.2017 06:34:08 +00.03920E+00  1006 008249 1 00060583 00060516 000 343 43064.2737049421
25.11.2017 06:34:08 +00.03920E+00  1020 008249 1 00060584 00060516 000 377 43064.2737093056
25.11.2017 06:34:08 +00.03920E+00  1036 008249 1 00060585 00060516 000 341 43064.2737132523
25.11.2017 06:34:09 +00.03920E+00  1051 008249 1 00060586 00060516 000 343 43064.2737172222
25.11.2017 06:34:09 +00.03920E+00  1063 008249 1 00060587 00060516 000 343 43064.2737211921
25.11.2017 06:34:09 +00.03919E+00  1080 008249 1 00060588 00060516 000 378 43064.2737255671
25.11.2017 06:34:10 +00.03920E+00  1095 008249 1 00060589 00060516 000 340 43064.2737295023
25.11.2017 06:34:10 +00.03920E+00  1108 008249 1 00060590 00060516 000 342 43064.2737334722
25.11.2017 06:34:10 +00.03920E+00  1124 008249 1 00060591 00060516 000 343 43064.2737374421
25.11.2017 06:34:11 +00.03920E+00  1143 008249 1 00060592 00060516 000 379 43064.2737418287
25.11.2017 06:34:11 +00.03920E+00  1165 008249 1 00060593 00060516 000 345 43064.2737458218
25.11.2017 06:34:11 +00.03919E+00  1176 008249 1 00060594 00060516 000 343 43064.2737497917
25.11.2017 06:34:12 +00.03920E+00  1191 008249 1 00060595 00060516 000 343 43064.2737537616
25.11.2017 06:34:12 +00.03920E+00  1210 008249 1 00060596 00060516 000 374 43064.2737580903
25.11.2017 06:34:13 +00.03920E+00  1228 008249 1 00060597 00060516 000 344 43064.2737620718
25.11.2017 06:34:13 +00.03920E+00  1244 008249 1 00060598 00060516 000 342 43064.2737660301
25.11.2017 06:34:13 +00.03920E+00  1252 008249 1 00060599 00060516 000 342 43064.27377
25.11.2017 06:34:14 +00.03920E+00  1274 008249 1 00060600 00060516 000 375 43064.2737743519
25.11.2017 06:34:14 +00.03920E+00  1286 008249 1 00060601 00060516 000 342 43064.2737783102
25.11.2017 06:34:14 +00.03919E+00  1297 008249 1 00060602 00060516 000 342 43064.2737822801