
25.11.2017 06:34:19 +00.03980E+00  0010 008374 1 00060603 00060603 000 342 43064.2738338194
25.11.2017 06:34:19 +00.03979E+00  0030 008374 1 00060604 00060603 000 342 43064.2738377894
25.11.2017 06:34:20 +00.03979E+00  0046 008374 1 00060605 00060603 000 419 43064.2738426505
25.11.2017 06:34:20 +00.03979E+00  0059 008374 1 00060606 00060603 000 342 43064.2738466088
25.11.2017 06:34:20 +00.03979E+00  0075 008374 1 00060607 00060603 000 343 43064.2738505903
25.11.2017 06:34:21 +00.03979E+00  0091 008374 1 00060608 00060603 000 342 43064.2738545486
25.11.2017 06:34:21 +00.03979E+00  0109 008374 1 00060609 00060603 000 375 43064.2738589005
25.11.2017 06:34:21 +00.03979E+00  0121 008374 1 00060610 00060603 000 341 43064.2738628588
25.11.2017 06:34:22 +00.03979E+00  0130 008374 1 00060611 00060603 000 342 43064.2738668287
25.11.2017 06:34:22 +00.03979E+00  0141 008374 1 00060612 00060603 000 342 43064.2738707986
25.11.2017 06:34:22 +00.03979E+00  0159 008374 1 00060613 00060603 000 377 43064.2738751736
25.11.2017 06:34:23 +00.03979E+00  0173 008374 1 00060614 00060603 000 341 43064.2738791319
25.11.2017 06:34:23 +00.03979E+00  0188 008374 1 00060615 00060603 000 341 43064.2738830787
25.11.2017 06:34:23 +00.03979E+00  0199 008374 1 00060616 00060603 000 343 43064.2738870486
25.11.2017 06:34:24 +00.03979E+00  0215 008374 1 00060617 00060603 000 379 43064.2738914352
25.11.2017 06:34:24 +00.03979E+00  0227 008376 1 00060618 00060603 000 340 43064.2738953704
25.11.2017 06:34:24 +00.03980E+00  0245 008376 1 00060619 00060603 000 341 43064.2738993287
25.11.2017 06:34:25 +00.03980E+00  0254 008376 1 00060620 00060603 000 343 43064.2739032986
25.11.2017 06:34:25 +00.03980E+00  0278 008376 1 00060621 00060603 000 380 43064.2739076968
25.11.2017 06:34:25 +00.03980E+00  0299 008376 1 00060622 00060603 000 344 43064.2739116782
25.11.2017 06:34:26 +00.03980E+00  0317 008376 1 00060623 00060603 000 343 43064.2739156481
25.11.2017 06:34:26 +00.03980E+00  0326 008376 1 00060624 00060603 000 343 43064.2739196181
25.11.2017 06:34:27 +00.03980E+00  0338 008376 1 00060625 00060603 000 375 43064.2739239583
25.11.2017 06:34:27 +00.03980E+00  0356 008376 1 00060626 00060603 000 343 43064.2739279282
25.11.2017 06:34:27 +00.03980E+00  0381 008376 1 00060627 00060603 000 343 43064.2739318981
25.11.2017 06:34:28 +00.03980E+00  0394 008376 1 00060628 00060603 000 343 43064.2739358681
25.11.2017 06:34:28 +00.03980E+00  0408 008376 1 00060629 00060603 000 376 43064.2739402199
25.11.2017 06:34:28 +00.03980E+00  0422 008376 1 00060630 00060603 000 341 43064.2739441667
25.11.2017 06:34:29 +00.03980E+00  0436 008376 1 00060631 00060603 000 343 43064.2739481481
25.11.2017 06:34:29 +00.03980E+00  0451 008376 1 00060632 00060603 000 343 43064.2739521181
25.11.2017 06:34:29 +00.03980E+00  0462 008376 1 00060633 00060603 000 377 43064.2739564815
25.11.2017 06:34:30 +00.03980E+00  0481 008376 1 00060634 00060603 000 341 43064.2739604282
25.11.2017 06:34:30 +00.03980E+00  0497 008376 1 00060635 00060603 000 342 43064.2739643866
25.11.2017 06:34:30 +00.03980E+00  0510 008376 1 00060636 00060603 000 342 43064.2739683565
25.11.2017 06:34:31 +00.03980E+00  0521 008376 1 00060637 00060603 000 378 43064.2739727431
25.11.2017 06:34:31 +00.03980E+00  0540 008376 1 00060638 00060603 000 344 43064.2739767361
25.11.2017 06:34:31 +00.03980E+00  0560 008376 1 00060639 00060603 000 342 43064.273980706
25.11.2017 06:34:32 +00.03980E+00  0574 008376 1 00060640 00060603 000 342 43064.2739846759
25.11.2017 06:34:32 +00.03980E+00  0593 008376 1 00060641 00060603 000 373 43064.2739890046
25.11.2017 06:34:32 +00.03980E+00  0607 008376 1 00060642 00060603 000 344 43064.2739929861
25.11.2017 06:34:33 +00.03980E+00  0621 008376 1 00060643 00060603 000 342 43064.273996956
25.11.2017 06:34:33 +00.03980E+00  0635 008376 1 00060644 00060603 000 344 43064.2740009375
25.11.2017 06:34:34 +00.03980E+00  0655 008376 1 00060645 00060603 000 374 43064.2740052662
25.11.2017 06:34:34 +00.03980E+00  0672 008376 1 00060646 00060603 000 343 43064.2740092361
25.11.2017 06:34:34 +00.03980E+00  0687 008376 1 00060647 00060603 000 343 43064.274013206
25.11.2017 06:34:35 +00.03980E+00  0703 008376 1 00060648 00060603 000 343 43064.2740171759
25.11.2017 06:34:35 +00.03980E+00  0717 008376 1 00060649 00060603 000 376 43064.2740215278
25.11.2017 06:34:35 +00.03980E+00  0731 008376 1 00060650 00060603 000 342 43064.2740254861
25.11.2017 06:34:36 +00.03980E+00  0742 008376 1 00060651 00060603 000 343 43064.274029456
25.11.2017 06:34:36 +00.03980E+00  0754 008376 1 00060652 00060603 000 343 43064.2740334259
25.11.2017 06:34:36 +00.03980E+00  0763 008376 1 00060653 00060603 000 377 43064.2740377893
25.11.2017 06:34:37 +00.03980E+00  0787 008376 1 00060654 00060603 000 341 43064.2740417361
25.11.2017 06:34:37 +00.03980E+00  0796 008376 1 00060655 00060603 000 343 43064.274045706
25.11.2017 06:34:37 +00.03980E+00  0807 008376 1 00060656 00060603 000 343 43064.2740496759
25.11.2017 06:34:38 +00.03980E+00  0822 008376 1 00060657 00060603 000 378 43064.2740540509
25.11.2017 06:34:38 +00.03980E+00  0838 008376 1 00060658 00060603 000 340 43064.2740579861
25.11.2017 06:34:38 +00.03980E+00  0849 008376 1 00060659 00060603 000 341 43064.2740619444
25.11.2017 06:34:39 +00.03980E+00  0855 008376 1 00060660 00060603 000 342 43064.2740659144
25.11.2017 06:34:39 +00.03980E+00  0870 008376 1 00060661 00060603 000 379 43064.2740703125
25.11.2017 06:34:40 +00.03980E+00  0888 008376 1 00060662 00060603 000 344 43064.2740743056
25.11.2017 06:34:40 +00.03980E+00  0904 008376 1 00060663 00060603 000 343 43064.2740782755
25.11.2017 06:34:40 +00.03980E+00  0923 008376 1 00060664 00060603 000 342 43064.2740822338
25.11.2017 06:34:41 +00.03980E+00  0944 008376 1 00060665 00060603 000 374 43064.2740865741
25.11.2017 06:34:41 +00.03980E+00  0953 008376 1 00060666 00060603 000 342 43064.274090544
25.11.2017 06:34:41 +00.03980E+00  0964 008376 1 00060667 00060603 000 342 43064.2740945139
25.11.2017 06:34:42 +00.03980E+00  0975 008376 1 00060668 00060603 000 343 43064.2740984838
25.11.2017 06:34:42 +00.03980E+00  0996 008376 1 00060669 00060603 000 375 43064.2741028356
25.11.2017 06:34:42 +00.03980E+00  1008 008376 1 00060670 00060603 000 341 43064.274106794
25.11.2017 06:34:43 +00.03980E+00  1021 008376 1 00060671 00060603 000 343 43064.2741107639
25.11.2017 06:34:43 +00.03980E+00  1030 008376 1 00060672 00060603 000 343 43064.2741147338
25.11.2017 06:34:43 +00.03980E+00  1045 008376 1 00060673 00060603 000 377 43064.2741190972
25.11.2017 06:34:44 +00.03980E+00  1062 008376 1 00060674 00060603 000 340 43064.274123044
25.11.2017 06:34:44 +00.03980E+00  1082 008376 1 00060675 00060603 000 342 43064.2741270139
25.11.2017 06:34:44 +00.03980E+00  1092 008376 1 00060676 00060603 000 343 43064.2741309838
25.11.2017 06:34:45 +00.03980E+00  1100 008376 1 00060677 00060603 000 378 43064.2741353588
25.11.2017 06:34:45 +00.03980E+00  1114 008376 1 00060678 00060603 000 340 43064.274139294
25.11.2017 06:34:45 +00.03980E+00  1132 008376 1 00060679 00060603 000 342 43064.2741432639
25.11.2017 06:34:46 +00.03980E+00  1142 008376 1 00060680 00060603 000 343 43064.2741472338
25.11.2017 06:34:46 +00.03980E+00  1163 008376 1 00060681 00060603 000 380 43064.2741516319
25.11.2017 06:34:47 +00.03980E+00  1181 008376 1 00060682 00060603 000 344 43064.2741556134
25.11.2017 06:34:47 +00.03980E+00  1194 008376 1 00060683 00060603 000 343 43064.2741595833
25.11.2017 06:34:47 +00.03980E+00  1206 008376 1 00060684 00060603 000 343 43064.2741635532
25.11.2017 06:34:48 +00.03980E+00  1220 008376 1 00060685 00060603 000 374 43064.2741678819
25.11.2017 06:34:48 +00.03980E+00  1234 008376 1 00060686 00060603 000 343 43064.2741718519
25.11.2017 06:34:48 +00.03980E+00  1250 008376 1 00060687 00060603 000 342 43064.2741758218
25.11.2017 06:34:49 +00.03980E+00  1271 008376 1 00060688 00060603 000 342 43064.2741797917
25.11.2017 06:34:49 +00.03980E+00  1286 008376 1 00060689 00060603 000 376 43064.2741841551
25.11.2017 06:34:54 +00.03990E+00  0010 008396 1 00060690 00060690 000 343 43064.2742445255
25.11.2017 06:34:55 +00.03990E+00  0019 008396 1 00060691 00060690 000 403 43064.2742491898
25.11.2017 06:34:55 +00.03989E+00  0037 008396 1 00060692 00060690 000 341 43064.2742531366
25.11.2017 06:34:55 +00.03989E+00  0060 008396 1 00060693 00060690 000 342 43064.2742570949
25.11.2017 06:34:56 +00.03989E+00  0071 008396 1 00060694 00060690 000 343 43064.2742610648
25.11.2017 06:34:56 +00.03990E+00  0091 008396 1 00060695 00060690 000 379 43064.2742654514
25.11.2017 06:34:56 +00.03990E+00  0103 008396 1 00060696 00060690 000 340 43064.2742693866
25.11.2017 06:34:57 +00.03990E+00  0118 008396 1 00060697 00060690 000 341 43064.2742733449
25.11.2017 06:34:57 +00.03990E+00  0132 008396 1 00060698 00060690 000 343 43064.2742773148
25.11.2017 06:34:57 +00.03989E+00  0145 008396 1 00060699 00060690 000 381 43064.2742817245
25.11.2017 06:34:58 +00.03990E+00  0159 008396 1 00060700 00060690 000 343 43064.2742856944
25.11.2017 06:34:58 +00.03989E+00  0174 008396 1 00060701 00060690 000 343 43064.2742896644
25.11.2017 06:34:58 +00.03989E+00  0188 008396 1 00060702 00060690 000 343 43064.2742936343
25.11.2017 06:34:59 +00.03989E+00  0197 008396 1 00060703 00060690 000 376 43064.2742979861
25.11.2017 06:34:59 +00.03990E+00  0215 008396 1 00060704 00060690 000 342 43064.2743019444
25.11.2017 06:35:00 +00.03989E+00  0224 008396 1 00060705 00060690 000 343 43064.2743059144
25.11.2017 06:35:00 +00.03989E+00  0237 008396 1 00060706 00060690 000 343 43064.2743098843
25.11.2017 06:35:00 +00.03990E+00  0250 008396 1 00060707 00060690 000 377 43064.2743142477
25.11.2017 06:35:01 +00.03990E+00  0273 008396 1 00060708 00060690 000 340 43064.2743181829
25.11.2017 06:35:01 +00.03990E+00  0289 008396 1 00060709 00060690 000 343 43064.2743221528
25.11.2017 06:35:01 +00.03990E+00  0304 008396 1 00060710 00060690 000 342 43064.2743261227
25.11.2017 06:35:02 +00.03990E+00  0325 008396 1 00060711 00060690 000 377 43064.2743304977
25.11.2017 06:35:02 +00.03990E+00  0336 008396 1 00060712 00060690 000 340 43064.2743344444
25.11.2017 06:35:02 +00.03989E+00  0348 008396 1 00060713 00060690 000 341 43064.2743384028
25.11.2017 06:35:03 +00.03989E+00  0364 008396 1 00060714 00060690 000 342 43064.2743423727
25.11.2017 06:35:03 +00.03989E+00  0373 008396 1 00060715 00060690 000 378 43064.2743467593
25.11.2017 06:35:03 +00.03989E+00  0392 008396 1 00060716 00060690 000 344 43064.2743507523
25.11.2017 06:35:04 +00.03989E+00  0408 008396 1 00060717 00060690 000 342 43064.2743547222
25.11.2017 06:35:04 +00.03989E+00  0430 008396 1 00060718 00060690 000 342 43064.2743586921
25.11.2017 06:35:04 +00.03989E+00  0445 008396 1 00060719 00060690 000 373 43064.2743630208
25.11.2017 06:35:05 +00.03990E+00  0456 008398 1 00060720 00060690 000 343 43064.2743670023
25.11.2017 06:35:05 +00.03990E+00  0471 008398 1 00060721 00060690 000 343 43064.2743709722
25.11.2017 06:35:05 +00.03990E+00  0494 008398 1 00060722 00060690 000 343 43064.2743749421
25.11.2017 06:35:06 +00.03990E+00  0506 008398 1 00060723 00060690 000 374 43064.2743792824
25.11.2017 06:35:06 +00.03990E+00  0525 008398 1 00060724 00060690 000 342 43064.2743832523
25.11.2017 06:35:07 +00.03990E+00  0534 008398 1 00060725 00060690 000 343 43064.2743872222
25.11.2017 06:35:07 +00.03990E+00  0553 008398 1 00060726 00060690 000 343 43064.2743911921
25.11.2017 06:35:07 +00.03990E+00  0564 008398 1 00060727 00060690 000 376 43064.274395544
25.11.2017 06:35:08 +00.03990E+00  0574 008398 1 00060728 00060690 000 342 43064.2743995023
25.11.2017 06:35:08 +00.03990E+00  0589 008398 1 00060729 00060690 000 343 43064.2744034722
25.11.2017 06:35:08 +00.03990E+00  0607 008398 1 00060730 00060690 000 343 43064.2744074421
25.11.2017 06:35:09 +00.03990E+00  0621 008398 1 00060731 00060690 000 378 43064.2744118171
25.11.2017 06:35:09 +00.03991E+00  0633 008398 1 00060732 00060690 000 340 43064.2744157523
25.11.2017 06:35:09 +00.03991E+00  0649 008398 1 00060733 00060690 000 341 43064.2744197107
25.11.2017 06:35:10 +00.03991E+00  0665 008398 1 00060734 00060690 000 343 43064.2744236921
25.11.2017 06:35:10 +00.03990E+00  0674 008396 1 00060735 00060690 000 378 43064.2744280671
25.11.2017 06:35:10 +00.03990E+00  0688 008396 1 00060736 00060690 000 344 43064.2744320602
25.11.2017 06:35:11 +00.03990E+00  0705 008396 1 00060737 00060690 000 343 43064.2744360417
25.11.2017 06:35:11 +00.03990E+00  0722 008396 1 00060738 00060690 000 343 43064.2744400116
25.11.2017 06:35:11 +00.03990E+00  0732 008396 1 00060739 00060690 000 374 43064.2744443403
25.11.2017 06:35:12 +00.03990E+00  0740 008396 1 00060740 00060690 000 343 43064.2744483102
25.11.2017 06:35:12 +00.03990E+00  0748 008396 1 00060741 00060690 000 342 43064.2744522801
25.11.2017 06:35:13 +00.03990E+00  0758 008396 1 00060742 00060690 000 342 43064.27445625
25.11.2017 06:35:13 +00.03989E+00  0775 008396 1 00060743 00060690 000 374 43064.2744605903
25.11.2017 06:35:13 +00.03989E+00  0783 008396 1 00060744 00060690 000 342 43064.2744645602
25.11.2017 06:35:14 +00.03989E+00  0791 008396 1 00060745 00060690 000 343 43064.2744685301
25.11.2017 06:35:14 +00.03990E+00  0802 008396 1 00060746 00060690 000 343 43064.2744725
25.11.2017 06:35:14 +00.03989E+00  0821 008396 1 00060747 00060690 000 375 43064.2744768519
25.11.2017 06:35:15 +00.03990E+00  0839 008396 1 00060748 00060690 000 341 43064.2744808102
25.11.2017 06:35:15 +00.03989E+00  0857 008396 1 00060749 00060690 000 343 43064.2744847801
25.11.2017 06:35:15 +00.03989E+00  0866 008398 1 00060750 00060690 000 343 43064.27448875
25.11.2017 06:35:16 +00.03990E+00  0889 008398 1 00060751 00060690 000 378 43064.274493125
25.11.2017 06:35:16 +00.03990E+00  0900 008398 1 00060752 00060690 000 340 43064.2744970602
25.11.2017 06:35:16 +00.03990E+00  0918 008398 1 00060753 00060690 000 342 43064.2745010301
25.11.2017 06:35:17 +00.03990E+00  0934 008398 1 00060754 00060690 000 343 43064.274505
25.11.2017 06:35:17 +00.03991E+00  0948 008398 1 00060755 00060690 000 379 43064.2745093866
25.11.2017 06:35:17 +00.03991E+00  0963 008398 1 00060756 00060690 000 340 43064.2745133218
25.11.2017 06:35:18 +00.03991E+00  0978 008398 1 00060757 00060690 000 340 43064.2745172685
25.11.2017 06:35:18 +00.03990E+00  0991 008398 1 00060758 00060690 000 343 43064.27452125
25.11.2017 06:35:19 +00.03990E+00  0999 008398 1 00060759 00060690 000 380 43064.2745256482
25.11.2017 06:35:19 +00.03991E+00  1014 008398 1 00060760 00060690 000 344 43064.2745296296
25.11.2017 06:35:19 +00.03991E+00  1031 008398 1 00060761 00060690 000 343 43064.2745335995
25.11.2017 06:35:20 +00.03991E+00  1047 008398 1 00060762 00060690 000 343 43064.2745375694
25.11.2017 06:35:20 +00.03991E+00  1062 008398 1 00060763 00060690 000 375 43064.2745419097
25.11.2017 06:35:20 +00.03990E+00  1075 008398 1 00060764 00060690 000 342 43064.2745458681
25.11.2017 06:35:21 +00.03990E+00  1089 008398 1 00060765 00060690 000 342 43064.274549838
25.11.2017 06:35:21 +00.03990E+00  1098 008398 1 00060766 00060690 000 343 43064.2745538194
25.11.2017 06:35:21 +00.03990E+00  1112 008398 1 00060767 00060690 000 376 43064.2745581713
25.11.2017 06:35:22 +00.03990E+00  1132 008398 1 00060768 00060690 000 341 43064.2745621181
25.11.2017 06:35:22 +00.03990E+00  1141 008398 1 00060769 00060690 000 342 43064.274566088
25.11.2017 06:35:22 +00.03991E+00  1152 008398 1 00060770 00060690 000 343 43064.2745700694
25.11.2017 06:35:23 +00.03991E+00  1162 008398 1 00060771 00060690 000 376 43064.2745744213
25.11.2017 06:35:23 +00.03991E+00  1180 008398 1 00060772 00060690 000 340 43064.2745783681
25.11.2017 06:35:23 +00.03990E+00  1191 008398 1 00060773 00060690 000 342 43064.274582338
25.11.2017 06:35:24 +00.03991E+00  1205 008398 1 00060774 00060690 000 343 43064.2745863079
25.11.2017 06:35:24 +00.03991E+00  1224 008398 1 00060775 00060690 000 379 43064.2745906944
25.11.2017 06:35:24 +00.03990E+00  1231 008398 1 00060776 00060690 000 340 43064.2745946296
25.11.2017 06:35:30 +00.04000E+00  0014 008418 1 00060777 00060777 000 343 43064.2746543519
25.11.2017 06:35:30 +00.04000E+00  0029 008418 1 00060778 00060777 000 401 43064.2746589931
25.11.2017 06:35:30 +00.04000E+00  0049 008418 1 00060779 00060777 000 341 43064.2746629398
25.11.2017 06:35:31 +00.04000E+00  0064 008418 1 00060780 00060777 000 343 43064.2746669213
25.11.2017 06:35:31 +00.04000E+00  0080 008418 1 00060781 00060777 000 343 43064.2746708912
25.11.2017 06:35:31 +00.04000E+00  0091 008418 1 00060782 00060777 000 377 43064.2746752546
25.11.2017 06:35:32 +00.04000E+00  0107 008418 1 00060783 00060777 000 341 43064.2746792014
25.11.2017 06:35:32 +00.04000E+00  0119 008418 1 00060784 00060777 000 342 43064.2746831597
25.11.2017 06:35:32 +00.04000E+00  0131 008418 1 00060785 00060777 000 342 43064.2746871296
25.11.2017 06:35:33 +00.04000E+00  0146 008418 1 00060786 00060777 000 378 43064.2746915162
25.11.2017 06:35:33 +00.04000E+00  0162 008418 1 00060787 00060777 000 344 43064.2746955093
25.11.2017 06:35:34 +00.04000E+00  0177 008418 1 00060788 00060777 000 342 43064.2746994792
25.11.2017 06:35:34 +00.04000E+00  0188 008418 1 00060789 00060777 000 342 43064.2747034491
25.11.2017 06:35:34 +00.03999E+00  0196 008418 1 00060790 00060777 000 373 43064.2747077778
25.11.2017 06:35:35 +00.04000E+00  0215 008418 1 00060791 00060777 000 343 43064.2747117593
25.11.2017 06:35:35 +00.03999E+00  0232 008418 1 00060792 00060777 000 343 43064.2747157292
25.11.2017 06:35:35 +00.03999E+00  0241 008418 1 00060793 00060777 000 342 43064.2747196991
25.11.2017 06:35:36 +00.04000E+00  0261 008418 1 00060794 00060777 000 375 43064.2747240394
25.11.2017 06:35:36 +00.04000E+00  0285 008418 1 00060795 00060777 000 343 43064.2747280093
25.11.2017 06:35:36 +00.04000E+00  0293 008418 1 00060796 00060777 000 343 43064.2747319792
25.11.2017 06:35:37 +00.04000E+00  0311 008418 1 00060797 00060777 000 343 43064.2747359491
25.11.2017 06:35:37 +00.04000E+00  0328 008418 1 00060798 00060777 000 375 43064.2747403009
25.11.2017 06:35:37 +00.04000E+00  0348 008418 1 00060799 00060777 000 341 43064.2747442593
25.11.2017 06:35:38 +00.04000E+00  0364 008418 1 00060800 00060777 000 343 43064.2747482292
25.11.2017 06:35:38 +00.04000E+00  0381 008418 1 00060801 00060777 000 343 43064.2747521991
25.11.2017 06:35:38 +00.04000E+00  0396 008418 1 00060802 00060777 000 377 43064.2747565625
25.11.2017 06:35:39 +00.04000E+00  0408 008418 1 00060803 00060777 000 341 43064.2747605093
25.11.2017 06:35:39 +00.04000E+00  0421 008418 1 00060804 00060777 000 343 43064.2747644792
25.11.2017 06:35:39 +00.04000E+00  0437 008418 1 00060805 00060777 000 343 43064.2747684491
25.11.2017 06:35:40 +00.04000E+00  0453 008418 1 00060806 00060777 000 378 43064.2747728241
25.11.2017 06:35:40 +00.04000E+00  0471 008418 1 00060807 00060777 000 340 43064.2747767593
25.11.2017 06:35:41 +00.04000E+00  0482 008418 1 00060808 00060777 000 341 43064.2747807176
25.11.2017 06:35:41 +00.04000E+00  0502 008418 1 00060809 00060777 000 343 43064.2747846991
25.11.2017 06:35:41 +00.04000E+00  0512 008418 1 00060810 00060777 000 379 43064.2747890856
25.11.2017 06:35:42 +00.04000E+00  0525 008418 1 00060811 00060777 000 343 43064.2747930671
25.11.2017 06:35:42 +00.04000E+00  0541 008418 1 00060812 00060777 000 342 43064.274797037
25.11.2017 06:35:42 +00.04000E+00  0554 008418 1 00060813 00060777 000 343 43064.2748010185
25.11.2017 06:35:43 +00.04000E+00  0564 008418 1 00060814 00060777 000 374 43064.2748053472
25.11.2017 06:35:43 +00.04000E+00  0580 008418 1 00060815 00060777 000 343 43064.2748093171
25.11.2017 06:35:43 +00.04000E+00  0598 008418 1 00060816 00060777 000 342 43064.274813287
25.11.2017 06:35:44 +00.04000E+00  0619 008418 1 00060817 00060777 000 342 43064.2748172569
25.11.2017 06:35:44 +00.04000E+00  0638 008418 1 00060818 00060777 000 375 43064.2748216088
25.11.2017 06:35:44 +00.04000E+00  0651 008418 1 00060819 00060777 000 341 43064.2748255671
25.11.2017 06:35:45 +00.04000E+00  0666 008418 1 00060820 00060777 000 343 43064.274829537
25.11.2017 06:35:45 +00.04000E+00  0683 008418 1 00060821 00060777 000 342 43064.2748335069
25.11.2017 06:35:45 +00.04000E+00  0695 008418 1 00060822 00060777 000 376 43064.2748378704
25.11.2017 06:35:46 +00.04000E+00  0705 008418 1 00060823 00060777 000 341 43064.2748418171
25.11.2017 06:35:46 +00.04000E+00  0723 008418 1 00060824 00060777 000 343 43064.274845787
25.11.2017 06:35:47 +00.04000E+00  0730 008418 1 00060825 00060777 000 343 43064.2748497569
25.11.2017 06:35:47 +00.04000E+00  0740 008418 1 00060826 00060777 000 378 43064.2748541319
25.11.2017 06:35:47 +00.04000E+00  0755 008418 1 00060827 00060777 000 340 43064.2748580671
25.11.2017 06:35:48 +00.04000E+00  0770 008418 1 00060828 00060777 000 342 43064.274862037
25.11.2017 06:35:48 +00.04000E+00  0783 008418 1 00060829 00060777 000 343 43064.2748660069
25.11.2017 06:35:48 +00.04000E+00  0794 008418 1 00060830 00060777 000 379 43064.2748703935
25.11.2017 06:35:49 +00.04000E+00  0806 008418 1 00060831 00060777 000 345 43064.2748743866
25.11.2017 06:35:49 +00.04000E+00  0817 008418 1 00060832 00060777 000 343 43064.2748783565
25.11.2017 06:35:49 +00.04000E+00  0831 008418 1 00060833 00060777 000 343 43064.2748823264
25.11.2017 06:35:50 +00.04000E+00  0846 008418 1 00060834 00060777 000 374 43064.2748866551
25.11.2017 06:35:50 +00.04000E+00  0862 008418 1 00060835 00060777 000 343 43064.274890625
25.11.2017 06:35:50 +00.04000E+00  0875 008418 1 00060836 00060777 000 343 43064.2748946065
25.11.2017 06:35:51 +00.04000E+00  0890 008418 1 00060837 00060777 000 343 43064.2748985764
25.11.2017 06:35:51 +00.04000E+00  0910 008418 1 00060838 00060777 000 376 43064.2749029282
25.11.2017 06:35:51 +00.04000E+00  0933 008418 1 00060839 00060777 000 341 43064.274906875
25.11.2017 06:35:52 +00.04000E+00  0949 008418 1 00060840 00060777 000 342 43064.2749108449
25.11.2017 06:35:52 +00.04000E+00  0963 008418 1 00060841 00060777 000 342 43064.2749148148
25.11.2017 06:35:53 +00.04000E+00  0974 008418 1 00060842 00060777 000 376 43064.2749191782
25.11.2017 06:35:53 +00.04000E+00  0988 008418 1 00060843 00060777 000 340 43064.274923125
25.11.2017 06:35:53 +00.04000E+00  0997 008418 1 00060844 00060777 000 342 43064.2749270949
25.11.2017 06:35:54 +00.04000E+00  1013 008418 1 00060845 00060777 000 342 43064.2749310648
25.11.2017 06:35:54 +00.04000E+00  1023 008418 1 00060846 00060777 000 377 43064.2749354398
25.11.2017 06:35:54 +00.04000E+00  1036 008418 1 00060847 00060777 000 340 43064.2749393866
25.11.2017 06:35:55 +00.04000E+00  1054 008418 1 00060848 00060777 000 341 43064.2749433449
25.11.2017 06:35:55 +00.04000E+00  1065 008418 1 00060849 00060777 000 343 43064.2749473148
25.11.2017 06:35:55 +00.04000E+00  1079 008418 1 00060850 00060777 000 379 43064.2749517014
25.11.2017 06:35:56 +00.04000E+00  1087 008418 1 00060851 00060777 000 340 43064.2749556366
25.11.2017 06:35:56 +00.04000E+00  1100 008418 1 00060852 00060777 000 341 43064.2749595949
25.11.2017 06:35:56 +00.04000E+00  1115 008418 1 00060853 00060777 000 343 43064.2749635648
25.11.2017 06:35:57 +00.04000E+00  1125 008418 1 00060854 00060777 000 380 43064.274967963
25.11.2017 06:35:57 +00.04000E+00  1137 008418 1 00060855 00060777 000 344 43064.2749719444
25.11.2017 06:35:57 +00.04000E+00  1150 008418 1 00060856 00060777 000 343 43064.2749759144
25.11.2017 06:35:58 +00.04000E+00  1161 008418 1 00060857 00060777 000 343 43064.2749798843
25.11.2017 06:35:58 +00.04000E+00  1176 008418 1 00060858 00060777 000 375 43064.2749842245
25.11.2017 06:35:58 +00.04000E+00  1199 008418 1 00060859 00060777 000 343 43064.2749881944
25.11.2017 06:35:59 +00.04000E+00  1216 008418 1 00060860 00060777 000 343 43064.2749921644
25.11.2017 06:35:59 +00.04000E+00  1234 008418 1 00060861 00060777 000 343 43064.2749961343
25.11.2017 06:36:00 +00.04000E+00  1249 008418 1 00060862 00060777 000 377 43064.2750004977
25.11.2017 06:36:00 +00.04000E+00  1257 008418 1 00060863 00060777 000 341 43064.2750044444
25.11.2017 06:36:05 +00.04010E+00  0014 008438 1 00060864 00060864 000 378 43064.2750655324
25.11.2017 06:36:06 +00.04010E+00  0030 008438 1 00060865 00060864 000 344 43064.2750695255
25.11.2017 06:36:06 +00.04010E+00  0044 008438 1 00060866 00060864 000 343 43064.2750734954
25.11.2017 06:36:06 +00.04009E+00  0059 008438 1 00060867 00060864 000 342 43064.2750774653
25.11.2017 06:36:07 +00.04010E+00  0074 008438 1 00060868 00060864 000 373 43064.275081794
25.11.2017 06:36:07 +00.04010E+00  0086 008438 1 00060869 00060864 000 343 43064.2750857755
25.11.2017 06:36:07 +00.04009E+00  0105 008438 1 00060870 00060864 000 343 43064.2750897454
25.11.2017 06:36:08 +00.04010E+00  0116 008438 1 00060871 00060864 000 342 43064.2750937153
25.11.2017 06:36:08 +00.04010E+00  0127 008438 1 00060872 00060864 000 374 43064.2750980556
25.11.2017 06:36:08 +00.04010E+00  0136 008438 1 00060873 00060864 000 342 43064.2751020255
25.11.2017 06:36:09 +00.04009E+00  0155 008438 1 00060874 00060864 000 343 43064.2751059954
25.11.2017 06:36:09 +00.04009E+00  0166 008438 1 00060875 00060864 000 343 43064.2751099653
25.11.2017 06:36:09 +00.04009E+00  0180 008438 1 00060876 00060864 000 376 43064.2751143171
25.11.2017 06:36:10 +00.04009E+00  0195 008438 1 00060877 00060864 000 342 43064.2751182755
25.11.2017 06:36:10 +00.04009E+00  0213 008438 1 00060878 00060864 000 343 43064.2751222454
25.11.2017 06:36:10 +00.04009E+00  0228 008440 1 00060879 00060864 000 343 43064.2751262153
25.11.2017 06:36:11 +00.04010E+00  0245 008440 1 00060880 00060864 000 378 43064.2751305903
25.11.2017 06:36:11 +00.04010E+00  0265 008440 1 00060881 00060864 000 340 43064.2751345255
25.11.2017 06:36:11 +00.04010E+00  0281 008440 1 00060882 00060864 000 341 43064.2751384838
25.11.2017 06:36:12 +00.04010E+00  0291 008440 1 00060883 00060864 000 343 43064.2751424653
25.11.2017 06:36:12 +00.04010E+00  0302 008440 1 00060884 00060864 000 379 43064.2751468519
25.11.2017 06:36:13 +00.04010E+00  0308 008440 1 00060885 00060864 000 345 43064.2751508449
25.11.2017 06:36:13 +00.04011E+00  0319 008440 1 00060886 00060864 000 343 43064.2751548148
25.11.2017 06:36:13 +00.04010E+00  0335 008440 1 00060887 00060864 000 343 43064.2751587847
25.11.2017 06:36:14 +00.04011E+00  0349 008440 1 00060888 00060864 000 374 43064.2751631134
25.11.2017 06:36:14 +00.04010E+00  0369 008440 1 00060889 00060864 000 344 43064.2751670949
25.11.2017 06:36:14 +00.04010E+00  0384 008440 1 00060890 00060864 000 342 43064.2751710532
25.11.2017 06:36:15 +00.04011E+00  0400 008440 1 00060891 00060864 000 342 43064.2751750231
25.11.2017 06:36:15 +00.04011E+00  0410 008440 1 00060892 00060864 000 374 43064.2751793634
25.11.2017 06:36:15 +00.04011E+00  0431 008440 1 00060893 00060864 000 342 43064.2751833333
25.11.2017 06:36:16 +00.04010E+00  0448 008438 1 00060894 00060864 000 342 43064.2751873032
25.11.2017 06:36:16 +00.04010E+00  0458 008438 1 00060895 00060864 000 342 43064.2751912731
25.11.2017 06:36:16 +00.04010E+00  0474 008438 1 00060896 00060864 000 375 43064.275195625
25.11.2017 06:36:17 +00.04010E+00  0492 008438 1 00060897 00060864 000 341 43064.2751995833
25.11.2017 06:36:17 +00.04010E+00  0498 008438 1 00060898 00060864 000 343 43064.2752035532
25.11.2017 06:36:17 +00.04010E+00  0515 008438 1 00060899 00060864 000 343 43064.2752075231
25.11.2017 06:36:18 +00.04010E+00  0532 008438 1 00060900 00060864 000 378 43064.2752118982
25.11.2017 06:36:18 +00.04010E+00  0540 008438 1 00060901 00060864 000 341 43064.2752158449
25.11.2017 06:36:18 +00.04010E+00  0558 008438 1 00060902 00060864 000 342 43064.2752198032
25.11.2017 06:36:19 +00.04010E+00  0576 008438 1 00060903 00060864 000 343 43064.2752237731
25.11.2017 06:36:19 +00.04009E+00  0591 008438 1 00060904 00060864 000 379 43064.2752281597
25.11.2017 06:36:20 +00.04009E+00  0600 008438 1 00060905 00060864 000 340 43064.2752320949
25.11.2017 06:36:20 +00.04010E+00  0619 008438 1 00060906 00060864 000 341 43064.2752360532
25.11.2017 06:36:20 +00.04010E+00  0639 008438 1 00060907 00060864 000 343 43064.2752400231
25.11.2017 06:36:21 +00.04010E+00  0650 008438 1 00060908 00060864 000 380 43064.2752444213
25.11.2017 06:36:21 +00.04009E+00  0664 008438 1 00060909 00060864 000 344 43064.2752484028
25.11.2017 06:36:21 +00.04009E+00  0675 008438 1 00060910 00060864 000 343 43064.2752523727
25.11.2017 06:36:22 +00.04009E+00  0685 008438 1 00060911 00060864 000 343 43064.2752563426
25.11.2017 06:36:22 +00.04010E+00  0703 008438 1 00060912 00060864 000 375 43064.2752606829
25.11.2017 06:36:22 +00.04010E+00  0715 008438 1 00060913 00060864 000 342 43064.2752646412
25.11.2017 06:36:23 +00.04009E+00  0731 008438 1 00060914 00060864 000 342 43064.2752686111
25.11.2017 06:36:23 +00.04009E+00  0744 008438 1 00060915 00060864 000 343 43064.2752725926
25.11.2017 06:36:23 +00.04009E+00  0757 008438 1 00060916 00060864 000 376 43064.2752769444
25.11.2017 06:36:24 +00.04009E+00  0770 008438 1 00060917 00060864 000 341 43064.2752808912
25.11.2017 06:36:24 +00.04009E+00  0778 008438 1 00060918 00060864 000 343 43064.2752848727
25.11.2017 06:36:24 +00.04009E+00  0793 008438 1 00060919 00060864 000 343 43064.2752888426
25.11.2017 06:36:25 +00.04009E+00  0798 008438 1 00060920 00060864 000 376 43064.2752931944
25.11.2017 06:36:25 +00.04010E+00  0816 008438 1 00060921 00060864 000 340 43064.2752971412
25.11.2017 06:36:26 +00.04010E+00  0832 008438 1 00060922 00060864 000 343 43064.2753011227
25.11.2017 06:36:26 +00.04010E+00  0852 008438 1 00060923 00060864 000 342 43064.275305081
25.11.2017 06:36:26 +00.04009E+00  0864 008438 1 00060924 00060864 000 378 43064.2753094676
25.11.2017 06:36:27 +00.04009E+00  0885 008438 1 00060925 00060864 000 344 43064.2753134606
25.11.2017 06:36:27 +00.04009E+00  0900 008438 1 00060926 00060864 000 342 43064.2753174306
25.11.2017 06:36:27 +00.04010E+00  0912 008438 1 00060927 00060864 000 342 43064.2753214005
25.11.2017 06:36:28 +00.04009E+00  0922 008438 1 00060928 00060864 000 373 43064.2753257292
25.11.2017 06:36:28 +00.04010E+00  0939 008438 1 00060929 00060864 000 344 43064.2753297106
25.11.2017 06:36:28 +00.04010E+00  0954 008438 1 00060930 00060864 000 343 43064.2753336806
25.11.2017 06:36:29 +00.04010E+00  0969 008438 1 00060931 00060864 000 343 43064.2753376505
25.11.2017 06:36:29 +00.04009E+00  0981 008438 1 00060932 00060864 000 375 43064.2753419907
25.11.2017 06:36:29 +00.04010E+00  0992 008438 1 00060933 00060864 000 343 43064.2753459606
25.11.2017 06:36:30 +00.04009E+00  1001 008438 1 00060934 00060864 000 343 43064.2753499306
25.11.2017 06:36:30 +00.04010E+00  1013 008438 1 00060935 00060864 000 343 43064.2753539005
25.11.2017 06:36:30 +00.04009E+00  1029 008438 1 00060936 00060864 000 376 43064.2753582523
25.11.2017 06:36:31 +00.04010E+00  1045 008438 1 00060937 00060864 000 341 43064.2753621991
25.11.2017 06:36:31 +00.04009E+00  1057 008438 1 00060938 00060864 000 342 43064.275366169
25.11.2017 06:36:31 +00.04009E+00  1072 008440 1 00060939 00060864 000 343 43064.2753701505
25.11.2017 06:36:32 +00.04010E+00  1087 008440 1 00060940 00060864 000 377 43064.2753745139
25.11.2017 06:36:32 +00.04010E+00  1112 008440 1 00060941 00060864 000 340 43064.2753784491
25.11.2017 06:36:33 +00.04010E+00  1134 008440 1 00060942 00060864 000 342 43064.275382419
25.11.2017 06:36:33 +00.04011E+00  1153 008440 1 00060943 00060864 000 342 43064.2753863889
25.11.2017 06:36:33 +00.04010E+00  1163 008440 1 00060944 00060864 000 377 43064.2753907639
25.11.2017 06:36:34 +00.04010E+00  1181 008440 1 00060945 00060864 000 340 43064.2753947106
25.11.2017 06:36:34 +00.04010E+00  1191 008440 1 00060946 00060864 000 341 43064.275398669
25.11.2017 06:36:34 +00.04010E+00  1205 008440 1 00060947 00060864 000 343 43064.2754026389
25.11.2017 06:36:35 +00.04010E+00  1218 008440 1 00060948 00060864 000 379 43064.275407037
25.11.2017 06:36:35 +00.04010E+00  1242 008440 1 00060949 00060864 000 343 43064.2754110185
25.11.2017 06:36:35 +00.04010E+00  1252 008440 1 00060950 00060864 000 342 43064.2754149884
25.11.2017 06:36:41 +00.04020E+00  0012 008460 1 00060951 00060951 000 376 43064.2754753356
25.11.2017 06:36:41 +00.04020E+00  0024 008460 1 00060952 00060951 000 341 43064.2754792824
25.11.2017 06:36:41 +00.04020E+00  0045 008460 1 00060953 00060951 000 343 43064.2754832523
25.11.2017 06:36:42 +00.04020E+00  0058 008460 1 00060954 00060951 000 343 43064.2754872222
25.11.2017 06:36:42 +00.04020E+00  0073 008460 1 00060955 00060951 000 378 43064.2754915972
25.11.2017 06:36:42 +00.04020E+00  0090 008460 1 00060956 00060951 000 340 43064.2754955324
25.11.2017 06:36:43 +00.04020E+00  0106 008460 1 00060957 00060951 000 341 43064.2754994907
25.11.2017 06:36:43 +00.04020E+00  0121 008460 1 00060958 00060951 000 342 43064.2755034606
25.11.2017 06:36:43 +00.04020E+00  0135 008460 1 00060959 00060951 000 378 43064.2755078472
25.11.2017 06:36:44 +00.04020E+00  0151 008460 1 00060960 00060951 000 345 43064.2755118519
25.11.2017 06:36:44 +00.04020E+00  0163 008460 1 00060961 00060951 000 343 43064.2755158218
25.11.2017 06:36:44 +00.04020E+00  0187 008460 1 00060962 00060951 000 343 43064.2755197917
25.11.2017 06:36:45 +00.04020E+00  0203 008460 1 00060963 00060951 000 374 43064.2755241204
25.11.2017 06:36:45 +00.04020E+00  0218 008460 1 00060964 00060951 000 343 43064.2755280903
25.11.2017 06:36:45 +00.04020E+00  0231 008460 1 00060965 00060951 000 343 43064.2755320718
25.11.2017 06:36:46 +00.04020E+00  0246 008460 1 00060966 00060951 000 342 43064.2755360301
25.11.2017 06:36:46 +00.04020E+00  0258 008460 1 00060967 00060951 000 375 43064.2755403819
25.11.2017 06:36:47 +00.04020E+00  0267 008460 1 00060968 00060951 000 341 43064.2755443403
25.11.2017 06:36:47 +00.04020E+00  0282 008460 1 00060969 00060951 000 342 43064.2755483102
25.11.2017 06:36:47 +00.04020E+00  0301 008460 1 00060970 00060951 000 344 43064.2755522917
25.11.2017 06:36:48 +00.04020E+00  0315 008460 1 00060971 00060951 000 376 43064.2755566435
25.11.2017 06:36:48 +00.04020E+00  0331 008460 1 00060972 00060951 000 340 43064.2755605903
25.11.2017 06:36:48 +00.04020E+00  0357 008460 1 00060973 00060951 000 343 43064.2755645602
25.11.2017 06:36:49 +00.04020E+00  0372 008460 1 00060974 00060951 000 343 43064.2755685301
25.11.2017 06:36:49 +00.04020E+00  0393 008460 1 00060975 00060951 000 378 43064.2755729051
25.11.2017 06:36:49 +00.04020E+00  0409 008460 1 00060976 00060951 000 340 43064.2755768403
25.11.2017 06:36:50 +00.04020E+00  0424 008460 1 00060977 00060951 000 342 43064.2755808102
25.11.2017 06:36:50 +00.04020E+00  0444 008460 1 00060978 00060951 000 343 43064.2755847801
25.11.2017 06:36:50 +00.04020E+00  0455 008460 1 00060979 00060951 000 379 43064.2755891667
25.11.2017 06:36:51 +00.04020E+00  0464 008460 1 00060980 00060951 000 345 43064.2755931597
25.11.2017 06:36:51 +00.04020E+00  0479 008460 1 00060981 00060951 000 343 43064.2755971296
25.11.2017 06:36:51 +00.04020E+00  0494 008460 1 00060982 00060951 000 343 43064.2756010995
25.11.2017 06:36:52 +00.04020E+00  0509 008460 1 00060983 00060951 000 374 43064.2756054282
25.11.2017 06:36:52 +00.04020E+00  0522 008460 1 00060984 00060951 000 344 43064.2756094097
25.11.2017 06:36:52 +00.04020E+00  0536 008460 1 00060985 00060951 000 343 43064.2756133796
25.11.2017 06:36:53 +00.04020E+00  0548 008460 1 00060986 00060951 000 343 43064.2756173495
25.11.2017 06:36:53 +00.04020E+00  0565 008460 1 00060987 00060951 000 375 43064.2756216898
25.11.2017 06:36:54 +00.04020E+00  0585 008460 1 00060988 00060951 000 342 43064.2756256482
25.11.2017 06:36:54 +00.04020E+00  0601 008460 1 00060989 00060951 000 342 43064.2756296181
25.11.2017 06:36:54 +00.04020E+00  0612 008460 1 00060990 00060951 000 343 43064.2756335995
25.11.2017 06:36:55 +00.04020E+00  0626 008460 1 00060991 00060951 000 376 43064.275637963
25.11.2017 06:36:55 +00.04020E+00  0638 008460 1 00060992 00060951 000 340 43064.2756418982
25.11.2017 06:36:55 +00.04020E+00  0645 008460 1 00060993 00060951 000 342 43064.2756458681
25.11.2017 06:36:56 +00.04020E+00  0661 008460 1 00060994 00060951 000 343 43064.275649838
25.11.2017 06:36:56 +00.04020E+00  0677 008460 1 00060995 00060951 000 377 43064.275654213
25.11.2017 06:36:56 +00.04020E+00  0701 008460 1 00060996 00060951 000 340 43064.2756581597
25.11.2017 06:36:57 +00.04020E+00  0716 008460 1 00060997 00060951 000 342 43064.2756621181
25.11.2017 06:36:57 +00.04020E+00  0736 008460 1 00060998 00060951 000 343 43064.275666088
25.11.2017 06:36:57 +00.04020E+00  0753 008460 1 00060999 00060951 000 379 43064.2756704745
25.11.2017 06:36:58 +00.04020E+00  0769 008460 1 00061000 00060951 000 344 43064.2756744676
25.11.2017 06:36:58 +00.04020E+00  0782 008460 1 00061001 00060951 000 342 43064.2756784375
25.11.2017 06:36:58 +00.04020E+00  0803 008460 1 00061002 00060951 000 342 43064.2756824074
25.11.2017 06:36:59 +00.04020E+00  0817 008460 1 00061003 00060951 000 374 43064.2756867361
25.11.2017 06:36:59 +00.04020E+00  0836 008460 1 00061004 00060951 000 343 43064.2756907176
25.11.2017 06:37:00 +00.04020E+00  0855 008460 1 00061005 00060951 000 343 43064.2756946875
25.11.2017 06:37:00 +00.04020E+00  0869 008460 1 00061006 00060951 000 343 43064.2756986574
25.11.2017 06:37:00 +00.04020E+00  0886 008460 1 00061007 00060951 000 375 43064.2757029977
25.11.2017 06:37:01 +00.04020E+00  0899 008460 1 00061008 00060951 000 343 43064.2757069676
25.11.2017 06:37:01 +00.04020E+00  0917 008460 1 00061009 00060951 000 343 43064.2757109375
25.11.2017 06:37:01 +00.04020E+00  0928 008460 1 00061010 00060951 000 343 43064.2757149074
25.11.2017 06:37:02 +00.04020E+00  0950 008460 1 00061011 00060951 000 377 43064.2757192708
25.11.2017 06:37:02 +00.04020E+00  0965 008460 1 00061012 00060951 000 340 43064.275723206
25.11.2017 06:37:02 +00.04020E+00  0984 008460 1 00061013 00060951 000 343 43064.2757271875
25.11.2017 06:37:03 +00.04020E+00  0991 008460 1 00061014 00060951 000 343 43064.2757311574
25.11.2017 06:37:03 +00.04020E+00  1006 008460 1 00061015 00060951 000 378 43064.2757355324
25.11.2017 06:37:03 +00.04020E+00  1021 008460 1 00061016 00060951 000 340 43064.2757394676
25.11.2017 06:37:04 +00.04020E+00  1037 008460 1 00061017 00060951 000 341 43064.2757434259
25.11.2017 06:37:04 +00.04020E+00  1049 008460 1 00061018 00060951 000 343 43064.2757473958
25.11.2017 06:37:04 +00.04020E+00  1063 008460 1 00061019 00060951 000 378 43064.2757517824
25.11.2017 06:37:05 +00.04020E+00  1079 008460 1 00061020 00060951 000 344 43064.2757557755
25.11.2017 06:37:05 +00.04020E+00  1092 008460 1 00061021 00060951 000 342 43064.2757597454
25.11.2017 06:37:05 +00.04020E+00  1108 008460 1 00061022 00060951 000 342 43064.2757637153
25.11.2017 06:37:06 +00.04020E+00  1121 008460 1 00061023 00060951 000 374 43064.2757680556
25.11.2017 06:37:06 +00.04020E+00  1134 008460 1 00061024 00060951 000 343 43064.2757720255
25.11.2017 06:37:07 +00.04020E+00  1148 008460 1 00061025 00060951 000 342 43064.2757759954
25.11.2017 06:37:07 +00.04020E+00  1164 008460 1 00061026 00060951 000 342 43064.2757799653
25.11.2017 06:37:07 +00.04020E+00  1176 008460 1 00061027 00060951 000 375 43064.2757843056
25.11.2017 06:37:08 +00.04020E+00  1190 008460 1 00061028 00060951 000 342 43064.2757882755
25.11.2017 06:37:08 +00.04020E+00  1200 008460 1 00061029 00060951 000 343 43064.2757922454
25.11.2017 06:37:08 +00.04020E+00  1208 008460 1 00061030 00060951 000 343 43064.2757962153
25.11.2017 06:37:09 +00.04020E+00  1224 008460 1 00061031 00060951 000 376 43064.2758005671
25.11.2017 06:37:09 +00.04020E+00  1240 008460 1 00061032 00060951 000 342 43064.2758045255
25.11.2017 06:37:09 +00.04020E+00  1257 008460 1 00061033 00060951 000 343 43064.2758084954
25.11.2017 06:37:10 +00.04020E+00  1268 008460 1 00061034 00060951 000 343 43064.2758124653
25.11.2017 06:37:10 +00.04020E+00  1278 008460 1 00061035 00060951 000 378 43064.2758168403
25.11.2017 06:37:10 +00.04020E+00  1297 008460 1 00061036 00060951 000 340 43064.2758207755
25.11.2017 06:37:11 +00.04020E+00  1311 008460 1 00061037 00060951 000 342 43064.2758247454
25.11.2017 06:37:16 +00.04030E+00  0014 008480 1 00061038 00061038 000 342 43064.2758893287
25.11.2017 06:37:17 +00.04029E+00  0023 008480 1 00061039 00061038 000 343 43064.2758933102
25.11.2017 06:37:17 +00.04030E+00  0044 008480 1 00061040 00061038 000 418 43064.2758981481
25.11.2017 06:37:17 +00.04030E+00  0058 008480 1 00061041 00061038 000 343 43064.2759021181
25.11.2017 06:37:18 +00.04030E+00  0072 008480 1 00061042 00061038 000 343 43064.2759060995
25.11.2017 06:37:18 +00.04029E+00  0092 008480 1 00061043 00061038 000 343 43064.2759100694
25.11.2017 06:37:19 +00.04030E+00  0102 008480 1 00061044 00061038 000 375 43064.2759144097
25.11.2017 06:37:19 +00.04030E+00  0117 008480 1 00061045 00061038 000 342 43064.2759183681
25.11.2017 06:37:19 +00.04030E+00  0130 008480 1 00061046 00061038 000 342 43064.275922338
25.11.2017 06:37:20 +00.04029E+00  0151 008480 1 00061047 00061038 000 342 43064.2759263079
25.11.2017 06:37:20 +00.04030E+00  0166 008480 1 00061048 00061038 000 375 43064.2759306597
25.11.2017 06:37:20 +00.04030E+00  0180 008480 1 00061049 00061038 000 341 43064.2759346181
25.11.2017 06:37:21 +00.04030E+00  0198 008480 1 00061050 00061038 000 343 43064.275938588
25.11.2017 06:37:21 +00.04030E+00  0208 008480 1 00061051 00061038 000 343 43064.2759425579
25.11.2017 06:37:21 +00.04030E+00  0225 008480 1 00061052 00061038 000 376 43064.2759469213
25.11.2017 06:37:22 +00.04029E+00  0236 008480 1 00061053 00061038 000 341 43064.2759508681
25.11.2017 06:37:22 +00.04029E+00  0254 008480 1 00061054 00061038 000 343 43064.275954838
25.11.2017 06:37:22 +00.04029E+00  0267 008480 1 00061055 00061038 000 343 43064.2759588079
25.11.2017 06:37:23 +00.04029E+00  0277 008480 1 00061056 00061038 000 379 43064.2759631944
25.11.2017 06:37:23 +00.04029E+00  0291 008480 1 00061057 00061038 000 340 43064.2759671296
25.11.2017 06:37:23 +00.04029E+00  0307 008480 1 00061058 00061038 000 341 43064.275971088
25.11.2017 06:37:24 +00.04030E+00  0325 008480 1 00061059 00061038 000 343 43064.2759750579
25.11.2017 06:37:24 +00.04030E+00  0337 008480 1 00061060 00061038 000 380 43064.275979456
25.11.2017 06:37:24 +00.04030E+00  0354 008480 1 00061061 00061038 000 344 43064.2759834375
25.11.2017 06:37:25 +00.04030E+00  0380 008480 1 00061062 00061038 000 343 43064.2759874074
25.11.2017 06:37:25 +00.04030E+00  0406 008480 1 00061063 00061038 000 343 43064.2759913773
25.11.2017 06:37:26 +00.04030E+00  0415 008480 1 00061064 00061038 000 375 43064.2759957176
25.11.2017 06:37:26 +00.04029E+00  0431 008480 1 00061065 00061038 000 343 43064.2759996875
25.11.2017 06:37:26 +00.04029E+00  0447 008480 1 00061066 00061038 000 343 43064.2760036574
25.11.2017 06:37:27 +00.04030E+00  0464 008482 1 00061067 00061038 000 343 43064.2760076273
25.11.2017 06:37:27 +00.04030E+00  0477 008482 1 00061068 00061038 000 376 43064.2760119792
25.11.2017 06:37:27 +00.04030E+00  0498 008482 1 00061069 00061038 000 341 43064.2760159259
25.11.2017 06:37:28 +00.04030E+00  0514 008482 1 00061070 00061038 000 343 43064.2760199074
25.11.2017 06:37:28 +00.04030E+00  0530 008482 1 00061071 00061038 000 342 43064.2760238657
25.11.2017 06:37:28 +00.04030E+00  0552 008482 1 00061072 00061038 000 376 43064.2760282292
25.11.2017 06:37:29 +00.04030E+00  0566 008482 1 00061073 00061038 000 340 43064.2760321759
25.11.2017 06:37:29 +00.04031E+00  0582 008482 1 00061074 00061038 000 343 43064.2760361458
25.11.2017 06:37:29 +00.04031E+00  0596 008482 1 00061075 00061038 000 342 43064.2760401157
25.11.2017 06:37:30 +00.04031E+00  0607 008482 1 00061076 00061038 000 378 43064.2760445023
25.11.2017 06:37:30 +00.04031E+00  0618 008482 1 00061077 00061038 000 344 43064.2760484954
25.11.2017 06:37:30 +00.04030E+00  0634 008482 1 00061078 00061038 000 342 43064.2760524653
25.11.2017 06:37:31 +00.04030E+00  0654 008482 1 00061079 00061038 000 342 43064.2760564352
25.11.2017 06:37:31 +00.04031E+00  0666 008482 1 00061080 00061038 000 372 43064.2760607523
25.11.2017 06:37:31 +00.04031E+00  0679 008482 1 00061081 00061038 000 344 43064.2760647454
25.11.2017 06:37:32 +00.04030E+00  0694 008480 1 00061082 00061038 000 343 43064.2760687153
25.11.2017 06:37:32 +00.04030E+00  0708 008480 1 00061083 00061038 000 343 43064.2760726852
25.11.2017 06:37:33 +00.04030E+00  0726 008480 1 00061084 00061038 000 375 43064.2760770255
25.11.2017 06:37:33 +00.04030E+00  0737 008480 1 00061085 00061038 000 342 43064.2760809954
25.11.2017 06:37:33 +00.04030E+00  0754 008480 1 00061086 00061038 000 343 43064.2760849653
25.11.2017 06:37:34 +00.04030E+00  0770 008480 1 00061087 00061038 000 344 43064.2760889468
25.11.2017 06:37:34 +00.04029E+00  0787 008480 1 00061088 00061038 000 375 43064.276093287
25.11.2017 06:37:34 +00.04030E+00  0804 008480 1 00061089 00061038 000 342 43064.2760972454
25.11.2017 06:37:35 +00.04029E+00  0822 008480 1 00061090 00061038 000 343 43064.2761012153
25.11.2017 06:37:35 +00.04029E+00  0836 008480 1 00061091 00061038 000 343 43064.2761051852
25.11.2017 06:37:35 +00.04029E+00  0847 008480 1 00061092 00061038 000 377 43064.2761095486
25.11.2017 06:37:36 +00.04029E+00  0855 008480 1 00061093 00061038 000 341 43064.2761134954
25.11.2017 06:37:36 +00.04030E+00  0873 008480 1 00061094 00061038 000 343 43064.2761174653
25.11.2017 06:37:36 +00.04030E+00  0888 008480 1 00061095 00061038 000 343 43064.2761214352
25.11.2017 06:37:37 +00.04030E+00  0904 008480 1 00061096 00061038 000 378 43064.2761258102
25.11.2017 06:37:37 +00.04030E+00  0914 008480 1 00061097 00061038 000 340 43064.2761297454
25.11.2017 06:37:37 +00.04029E+00  0928 008480 1 00061098 00061038 000 342 43064.2761337037
25.11.2017 06:37:38 +00.04029E+00  0940 008480 1 00061099 00061038 000 342 43064.2761376736
25.11.2017 06:37:38 +00.04030E+00  0954 008480 1 00061100 00061038 000 379 43064.2761420718
25.11.2017 06:37:39 +00.04030E+00  0971 008480 1 00061101 00061038 000 343 43064.2761460532
25.11.2017 06:37:39 +00.04029E+00  0991 008480 1 00061102 00061038 000 342 43064.2761500232
25.11.2017 06:37:39 +00.04030E+00  1009 008480 1 00061103 00061038 000 343 43064.2761540046
25.11.2017 06:37:40 +00.04029E+00  1022 008480 1 00061104 00061038 000 373 43064.2761583218
25.11.2017 06:37:40 +00.04030E+00  1037 008480 1 00061105 00061038 000 343 43064.2761623032
25.11.2017 06:37:40 +00.04030E+00  1053 008480 1 00061106 00061038 000 342 43064.2761662732
25.11.2017 06:37:41 +00.04029E+00  1071 008480 1 00061107 00061038 000 343 43064.2761702431
25.11.2017 06:37:41 +00.04029E+00  1088 008480 1 00061108 00061038 000 375 43064.2761745949
25.11.2017 06:37:41 +00.04029E+00  1108 008480 1 00061109 00061038 000 341 43064.2761785532
25.11.2017 06:37:42 +00.04030E+00  1117 008480 1 00061110 00061038 000 343 43064.2761825232
25.11.2017 06:37:42 +00.04029E+00  1129 008480 1 00061111 00061038 000 343 43064.2761864931
25.11.2017 06:37:42 +00.04030E+00  1143 008482 1 00061112 00061038 000 377 43064.2761908565
25.11.2017 06:37:43 +00.04030E+00  1152 008482 1 00061113 00061038 000 341 43064.2761948032
25.11.2017 06:37:43 +00.04030E+00  1168 008482 1 00061114 00061038 000 343 43064.2761987732
25.11.2017 06:37:43 +00.04030E+00  1189 008482 1 00061115 00061038 000 343 43064.2762027431
25.11.2017 06:37:44 +00.04030E+00  1204 008482 1 00061116 00061038 000 378 43064.2762071181
25.11.2017 06:37:44 +00.04030E+00  1221 008482 1 00061117 00061038 000 340 43064.2762110532
25.11.2017 06:37:44 +00.04030E+00  1234 008482 1 00061118 00061038 000 342 43064.2762150232
25.11.2017 06:37:45 +00.04030E+00  1245 008482 1 00061119 00061038 000 343 43064.2762189931
25.11.2017 06:37:45 +00.04031E+00  1260 008482 1 00061120 00061038 000 379 43064.2762233796
25.11.2017 06:37:46 +00.04030E+00  1271 008482 1 00061121 00061038 000 345 43064.2762273727
25.11.2017 06:37:46 +00.04030E+00  1281 008482 1 00061122 00061038 000 343 43064.2762313426
25.11.2017 06:37:46 +00.04030E+00  1291 008482 1 00061123 00061038 000 343 43064.2762353125
25.11.2017 06:37:52 +00.04040E+00  0017 008502 1 00061124 00061124 000 342 43064.2763000463
25.11.2017 06:37:52 +00.04040E+00  0033 008502 1 00061125 00061124 000 400 43064.2763046875
25.11.2017 06:37:53 +00.04040E+00  0056 008502 1 00061126 00061124 000 342 43064.2763086574
25.11.2017 06:37:53 +00.04040E+00  0081 008502 1 00061127 00061124 000 342 43064.2763126157
25.11.2017 06:37:53 +00.04040E+00  0090 008502 1 00061128 00061124 000 343 43064.2763165972
25.11.2017 06:37:54 +00.04040E+00  0108 008502 1 00061129 00061124 000 376 43064.2763209491
25.11.2017 06:37:54 +00.04040E+00  0131 008502 1 00061130 00061124 000 341 43064.2763248958
25.11.2017 06:37:54 +00.04040E+00  0148 008502 1 00061131 00061124 000 342 43064.2763288657
25.11.2017 06:37:55 +00.04040E+00  0163 008502 1 00061132 00061124 000 343 43064.2763328356
25.11.2017 06:37:55 +00.04040E+00  0175 008502 1 00061133 00061124 000 378 43064.2763372106
25.11.2017 06:37:55 +00.04040E+00  0187 008502 1 00061134 00061124 000 340 43064.2763411574
25.11.2017 06:37:56 +00.04040E+00  0203 008502 1 00061135 00061124 000 341 43064.2763451157
25.11.2017 06:37:56 +00.04040E+00  0221 008502 1 00061136 00061124 000 343 43064.2763490856
25.11.2017 06:37:56 +00.04040E+00  0226 008502 1 00061137 00061124 000 379 43064.2763534722
25.11.2017 06:37:57 +00.04040E+00  0245 008502 1 00061138 00061124 000 340 43064.2763574074
25.11.2017 06:37:57 +00.04040E+00  0259 008502 1 00061139 00061124 000 342 43064.2763613657
25.11.2017 06:37:57 +00.04040E+00  0280 008502 1 00061140 00061124 000 343 43064.2763653356
25.11.2017 06:37:58 +00.04040E+00  0302 008502 1 00061141 00061124 000 380 43064.2763697338
25.11.2017 06:37:58 +00.04040E+00  0318 008502 1 00061142 00061124 000 344 43064.2763737153
25.11.2017 06:37:59 +00.04040E+00  0334 008502 1 00061143 00061124 000 343 43064.2763776852
25.11.2017 06:37:59 +00.04040E+00  0346 008502 1 00061144 00061124 000 343 43064.2763816551
25.11.2017 06:37:59 +00.04040E+00  0363 008502 1 00061145 00061124 000 375 43064.2763859954
25.11.2017 06:38:00 +00.04040E+00  0384 008502 1 00061146 00061124 000 343 43064.2763899653
25.11.2017 06:38:00 +00.04040E+00  0398 008502 1 00061147 00061124 000 343 43064.2763939352
25.11.2017 06:38:00 +00.04040E+00  0412 008502 1 00061148 00061124 000 343 43064.2763979051
25.11.2017 06:38:01 +00.04040E+00  0424 008502 1 00061149 00061124 000 376 43064.2764022569
25.11.2017 06:38:01 +00.04040E+00  0435 008502 1 00061150 00061124 000 342 43064.2764062153
25.11.2017 06:38:01 +00.04040E+00  0453 008502 1 00061151 00061124 000 342 43064.2764101736
25.11.2017 06:38:02 +00.04040E+00  0472 008502 1 00061152 00061124 000 342 43064.2764141435
25.11.2017 06:38:02 +00.04040E+00  0489 008502 1 00061153 00061124 000 377 43064.2764185185
25.11.2017 06:38:02 +00.04040E+00  0497 008502 1 00061154 00061124 000 340 43064.2764224537
25.11.2017 06:38:03 +00.04040E+00  0509 008502 1 00061155 00061124 000 342 43064.2764264236
25.11.2017 06:38:03 +00.04040E+00  0519 008502 1 00061156 00061124 000 342 43064.2764303935
25.11.2017 06:38:03 +00.04040E+00  0532 008502 1 00061157 00061124 000 378 43064.2764347801
25.11.2017 06:38:04 +00.04040E+00  0551 008502 1 00061158 00061124 000 344 43064.2764387732
25.11.2017 06:38:04 +00.04040E+00  0560 008502 1 00061159 00061124 000 342 43064.2764427431
25.11.2017 06:38:04 +00.04040E+00  0575 008502 1 00061160 00061124 000 342 43064.276446713
25.11.2017 06:38:05 +00.04040E+00  0587 008502 1 00061161 00061124 000 373 43064.2764510417
25.11.2017 06:38:05 +00.04040E+00  0603 008502 1 00061162 00061124 000 344 43064.2764550232
25.11.2017 06:38:06 +00.04040E+00  0618 008502 1 00061163 00061124 000 343 43064.2764589931
25.11.2017 06:38:06 +00.04040E+00  0639 008502 1 00061164 00061124 000 342 43064.276462963
25.11.2017 06:38:06 +00.04040E+00  0654 008502 1 00061165 00061124 000 375 43064.2764673032
25.11.2017 06:38:07 +00.04040E+00  0667 008502 1 00061166 00061124 000 343 43064.2764712732
25.11.2017 06:38:07 +00.04040E+00  0681 008502 1 00061167 00061124 000 343 43064.2764752431
25.11.2017 06:38:07 +00.04040E+00  0691 008502 1 00061168 00061124 000 343 43064.276479213
25.11.2017 06:38:08 +00.04040E+00  0703 008502 1 00061169 00061124 000 376 43064.2764835648
25.11.2017 06:38:08 +00.04040E+00  0718 008502 1 00061170 00061124 000 342 43064.2764875232
25.11.2017 06:38:08 +00.04040E+00  0728 008502 1 00061171 00061124 000 343 43064.2764914931
25.11.2017 06:38:09 +00.04040E+00  0742 008502 1 00061172 00061124 000 343 43064.276495463
25.11.2017 06:38:09 +00.04040E+00  0756 008502 1 00061173 00061124 000 378 43064.276499838
25.11.2017 06:38:09 +00.04040E+00  0769 008502 1 00061174 00061124 000 340 43064.2765037732
25.11.2017 06:38:10 +00.04040E+00  0783 008502 1 00061175 00061124 000 341 43064.2765077315
25.11.2017 06:38:10 +00.04040E+00  0799 008502 1 00061176 00061124 000 342 43064.2765117014
25.11.2017 06:38:10 +00.04040E+00  0810 008502 1 00061177 00061124 000 378 43064.276516088
25.11.2017 06:38:11 +00.04040E+00  0826 008502 1 00061178 00061124 000 340 43064.2765200232
25.11.2017 06:38:11 +00.04040E+00  0849 008502 1 00061179 00061124 000 341 43064.2765239815
25.11.2017 06:38:12 +00.04040E+00  0874 008502 1 00061180 00061124 000 342 43064.2765279514
25.11.2017 06:38:12 +00.04040E+00  0897 008502 1 00061181 00061124 000 379 43064.2765323495
25.11.2017 06:38:12 +00.04040E+00  0911 008502 1 00061182 00061124 000 343 43064.276536331
25.11.2017 06:38:13 +00.04040E+00  0921 008502 1 00061183 00061124 000 342 43064.2765403009
25.11.2017 06:38:13 +00.04040E+00  0926 008502 1 00061184 00061124 000 342 43064.2765442708
25.11.2017 06:38:13 +00.04040E+00  0940 008502 1 00061185 00061124 000 374 43064.2765486111
25.11.2017 06:38:14 +00.04040E+00  0956 008502 1 00061186 00061124 000 342 43064.276552581
25.11.2017 06:38:14 +00.04040E+00  0974 008502 1 00061187 00061124 000 342 43064.2765565509
25.11.2017 06:38:14 +00.04040E+00  0981 008502 1 00061188 00061124 000 343 43064.2765605324
25.11.2017 06:38:15 +00.04040E+00  1003 008502 1 00061189 00061124 000 375 43064.2765648727
25.11.2017 06:38:15 +00.04040E+00  1014 008502 1 00061190 00061124 000 341 43064.276568831
25.11.2017 06:38:15 +00.04040E+00  1028 008502 1 00061191 00061124 000 343 43064.2765728009
25.11.2017 06:38:16 +00.04040E+00  1041 008502 1 00061192 00061124 000 343 43064.2765767708
25.11.2017 06:38:16 +00.04040E+00  1053 008502 1 00061193 00061124 000 377 43064.2765811343
25.11.2017 06:38:16 +00.04040E+00  1069 008502 1 00061194 00061124 000 341 43064.276585081
25.11.2017 06:38:17 +00.04040E+00  1078 008502 1 00061195 00061124 000 343 43064.2765890509
25.11.2017 06:38:17 +00.04040E+00  1091 008502 1 00061196 00061124 000 343 43064.2765930208
25.11.2017 06:38:18 +00.04040E+00  1108 008502 1 00061197 00061124 000 379 43064.2765974074
25.11.2017 06:38:18 +00.04040E+00  1123 008502 1 00061198 00061124 000 340 43064.2766013426
25.11.2017 06:38:18 +00.04040E+00  1137 008502 1 00061199 00061124 000 342 43064.2766053009
25.11.2017 06:38:19 +00.04040E+00  1144 008502 1 00061200 00061124 000 343 43064.2766092708
25.11.2017 06:38:19 +00.04040E+00  1163 008502 1 00061201 00061124 000 380 43064.276613669
25.11.2017 06:38:19 +00.04040E+00  1181 008502 1 00061202 00061124 000 344 43064.2766176505
25.11.2017 06:38:20 +00.04040E+00  1195 008502 1 00061203 00061124 000 343 43064.2766216204
25.11.2017 06:38:20 +00.04040E+00  1214 008502 1 00061204 00061124 000 343 43064.2766255903
25.11.2017 06:38:20 +00.04040E+00  1222 008502 1 00061205 00061124 000 375 43064.2766299306
25.11.2017 06:38:21 +00.04040E+00  1243 008502 1 00061206 00061124 000 342 43064.2766338889
25.11.2017 06:38:21 +00.04040E+00  1259 008502 1 00061207 00061124 000 342 43064.2766378588
25.11.2017 06:38:21 +00.04040E+00  1276 008502 1 00061208 00061124 000 342 43064.2766418287
25.11.2017 06:38:22 +00.04040E+00  1287 008502 1 00061209 00061124 000 376 43064.2766461921
25.11.2017 06:38:27 +00.04051E+00  0015 008524 1 00061210 00061210 000 342 43064.2767066319
25.11.2017 06:38:27 +00.04051E+00  0031 008524 1 00061211 00061210 000 397 43064.2767112268
25.11.2017 06:38:28 +00.04051E+00  0045 008524 1 00061212 00061210 000 340 43064.2767151736
25.11.2017 06:38:28 +00.04050E+00  0056 008524 1 00061213 00061210 000 341 43064.2767191319
25.11.2017 06:38:28 +00.04050E+00  0066 008524 1 00061214 00061210 000 343 43064.2767231019
25.11.2017 06:38:29 +00.04050E+00  0080 008524 1 00061215 00061210 000 380 43064.2767275
25.11.2017 06:38:29 +00.04051E+00  0102 008524 1 00061216 00061210 000 344 43064.2767314815
25.11.2017 06:38:29 +00.04050E+00  0115 008524 1 00061217 00061210 000 343 43064.2767354514
25.11.2017 06:38:30 +00.04050E+00  0133 008524 1 00061218 00061210 000 344 43064.2767394329
25.11.2017 06:38:30 +00.04050E+00  0147 008524 1 00061219 00061210 000 374 43064.2767437616
25.11.2017 06:38:31 +00.04050E+00  0162 008524 1 00061220 00061210 000 343 43064.2767477315
25.11.2017 06:38:31 +00.04050E+00  0178 008524 1 00061221 00061210 000 343 43064.2767517014
25.11.2017 06:38:31 +00.04050E+00  0192 008524 1 00061222 00061210 000 343 43064.2767556713
25.11.2017 06:38:32 +00.04050E+00  0203 008524 1 00061223 00061210 000 376 43064.2767600231
25.11.2017 06:38:32 +00.04050E+00  0214 008524 1 00061224 00061210 000 342 43064.2767639815
25.11.2017 06:38:32 +00.04050E+00  0225 008524 1 00061225 00061210 000 343 43064.2767679514
25.11.2017 06:38:33 +00.04050E+00  0238 008524 1 00061226 00061210 000 343 43064.2767719213
25.11.2017 06:38:33 +00.04050E+00  0255 008524 1 00061227 00061210 000 377 43064.2767762847
25.11.2017 06:38:33 +00.04050E+00  0263 008524 1 00061228 00061210 000 340 43064.2767802199
25.11.2017 06:38:34 +00.04050E+00  0276 008524 1 00061229 00061210 000 342 43064.2767841898
25.11.2017 06:38:34 +00.04050E+00  0292 008524 1 00061230 00061210 000 342 43064.2767881597
25.11.2017 06:38:34 +00.04050E+00  0308 008524 1 00061231 00061210 000 377 43064.2767925347
25.11.2017 06:38:35 +00.04051E+00  0327 008524 1 00061232 00061210 000 340 43064.2767964815
25.11.2017 06:38:35 +00.04050E+00  0344 008524 1 00061233 00061210 000 341 43064.2768004398
25.11.2017 06:38:35 +00.04050E+00  0360 008524 1 00061234 00061210 000 342 43064.2768044097
25.11.2017 06:38:36 +00.04050E+00  0381 008524 1 00061235 00061210 000 380 43064.2768088079
25.11.2017 06:38:36 +00.04051E+00  0400 008524 1 00061236 00061210 000 343 43064.2768127894
25.11.2017 06:38:36 +00.04051E+00  0411 008524 1 00061237 00061210 000 342 43064.2768167593
25.11.2017 06:38:37 +00.04051E+00  0427 008524 1 00061238 00061210 000 343 43064.2768207407
25.11.2017 06:38:37 +00.04050E+00  0442 008524 1 00061239 00061210 000 373 43064.2768250579
25.11.2017 06:38:38 +00.04050E+00  0453 008524 1 00061240 00061210 000 343 43064.2768290394
25.11.2017 06:38:38 +00.04050E+00  0459 008524 1 00061241 00061210 000 343 43064.2768330093
25.11.2017 06:38:38 +00.04050E+00  0476 008524 1 00061242 00061210 000 343 43064.2768369792
25.11.2017 06:38:39 +00.04050E+00  0488 008524 1 00061243 00061210 000 375 43064.276841331
25.11.2017 06:38:39 +00.04050E+00  0505 008524 1 00061244 00061210 000 342 43064.2768452894
25.11.2017 06:38:39 +00.04050E+00  0521 008524 1 00061245 00061210 000 343 43064.2768492593
25.11.2017 06:38:40 +00.04050E+00  0531 008524 1 00061246 00061210 000 343 43064.2768532292
25.11.2017 06:38:40 +00.04050E+00  0548 008524 1 00061247 00061210 000 377 43064.2768575926
25.11.2017 06:38:40 +00.04050E+00  0571 008524 1 00061248 00061210 000 341 43064.2768615394
25.11.2017 06:38:41 +00.04051E+00  0581 008524 1 00061249 00061210 000 343 43064.2768655093
25.11.2017 06:38:41 +00.04050E+00  0598 008524 1 00061250 00061210 000 343 43064.2768694792
25.11.2017 06:38:41 +00.04050E+00  0609 008524 1 00061251 00061210 000 378 43064.2768738542
25.11.2017 06:38:42 +00.04050E+00  0618 008524 1 00061252 00061210 000 340 43064.2768777894
25.11.2017 06:38:42 +00.04050E+00  0630 008524 1 00061253 00061210 000 341 43064.2768817477
25.11.2017 06:38:42 +00.04050E+00  0651 008524 1 00061254 00061210 000 342 43064.2768857176
25.11.2017 06:38:43 +00.04050E+00  0660 008524 1 00061255 00061210 000 379 43064.2768901157
25.11.2017 06:38:43 +00.04050E+00  0679 008524 1 00061256 00061210 000 345 43064.2768941088
25.11.2017 06:38:43 +00.04050E+00  0688 008524 1 00061257 00061210 000 343 43064.2768980787
25.11.2017 06:38:44 +00.04050E+00  0708 008524 1 00061258 00061210 000 343 43064.2769020486
25.11.2017 06:38:44 +00.04051E+00  0727 008524 1 00061259 00061210 000 374 43064.2769063773
25.11.2017 06:38:45 +00.04051E+00  0743 008524 1 00061260 00061210 000 343 43064.2769103472
25.11.2017 06:38:45 +00.04051E+00  0752 008524 1 00061261 00061210 000 342 43064.2769143171
25.11.2017 06:38:45 +00.04050E+00  0765 008524 1 00061262 00061210 000 342 43064.276918287
25.11.2017 06:38:46 +00.04050E+00  0773 008524 1 00061263 00061210 000 374 43064.2769226273
25.11.2017 06:38:46 +00.04051E+00  0792 008524 1 00061264 00061210 000 342 43064.2769265972
25.11.2017 06:38:46 +00.04050E+00  0812 008524 1 00061265 00061210 000 343 43064.2769305671
25.11.2017 06:38:47 +00.04051E+00  0823 008524 1 00061266 00061210 000 343 43064.276934537
25.11.2017 06:38:47 +00.04050E+00  0839 008524 1 00061267 00061210 000 376 43064.2769389005
25.11.2017 06:38:47 +00.04050E+00  0857 008524 1 00061268 00061210 000 341 43064.2769428472
25.11.2017 06:38:48 +00.04050E+00  0872 008524 1 00061269 00061210 000 344 43064.2769468287
25.11.2017 06:38:48 +00.04050E+00  0892 008524 1 00061270 00061210 000 342 43064.276950787
25.11.2017 06:38:48 +00.04050E+00  0906 008524 1 00061271 00061210 000 378 43064.276955162
25.11.2017 06:38:49 +00.04050E+00  0920 008524 1 00061272 00061210 000 340 43064.2769590972
25.11.2017 06:38:49 +00.04050E+00  0938 008524 1 00061273 00061210 000 342 43064.2769630671
25.11.2017 06:38:49 +00.04050E+00  0954 008524 1 00061274 00061210 000 343 43064.276967037
25.11.2017 06:38:50 +00.04050E+00  0970 008524 1 00061275 00061210 000 379 43064.2769714236
25.11.2017 06:38:50 +00.04050E+00  0987 008524 1 00061276 00061210 000 345 43064.2769754167
25.11.2017 06:38:51 +00.04050E+00  1002 008524 1 00061277 00061210 000 343 43064.2769793866
25.11.2017 06:38:51 +00.04051E+00  1010 008524 1 00061278 00061210 000 343 43064.2769833565
25.11.2017 06:38:51 +00.04050E+00  1027 008524 1 00061279 00061210 000 374 43064.2769876852
25.11.2017 06:38:52 +00.04050E+00  1042 008524 1 00061280 00061210 000 344 43064.2769916667
25.11.2017 06:38:52 +00.04050E+00  1065 008524 1 00061281 00061210 000 343 43064.2769956366
25.11.2017 06:38:52 +00.04050E+00  1081 008524 1 00061282 00061210 000 343 43064.2769996065
25.11.2017 06:38:53 +00.04051E+00  1094 008524 1 00061283 00061210 000 375 43064.2770039468
25.11.2017 06:38:53 +00.04051E+00  1109 008524 1 00061284 00061210 000 343 43064.2770079167
25.11.2017 06:38:53 +00.04050E+00  1119 008522 1 00061285 00061210 000 343 43064.2770118866
25.11.2017 06:38:54 +00.04050E+00  1133 008522 1 00061286 00061210 000 342 43064.2770158449
25.11.2017 06:38:54 +00.04050E+00  1141 008522 1 00061287 00061210 000 376 43064.2770202083
25.11.2017 06:38:54 +00.04050E+00  1158 008522 1 00061288 00061210 000 340 43064.2770241551
25.11.2017 06:38:55 +00.04050E+00  1174 008522 1 00061289 00061210 000 342 43064.277028125
25.11.2017 06:38:55 +00.04050E+00  1187 008522 1 00061290 00061210 000 343 43064.2770320949
25.11.2017 06:38:55 +00.04050E+00  1207 008522 1 00061291 00061210 000 377 43064.2770364699
25.11.2017 06:38:56 +00.04049E+00  1229 008522 1 00061292 00061210 000 340 43064.2770404051
25.11.2017 06:38:56 +00.04050E+00  1248 008522 1 00061293 00061210 000 342 43064.277044375
25.11.2017 06:38:56 +00.04050E+00  1259 008522 1 00061294 00061210 000 343 43064.2770483449
25.11.2017 06:38:57 +00.04049E+00  1277 008522 1 00061295 00061210 000 379 43064.2770527315
25.11.2017 06:38:57 +00.04050E+00  1298 008522 1 00061296 00061210 000 340 43064.2770566667