
25.11.2017 08:05:04 +00.03800E+00  0013 007998 1 00074962 00074962 000 341 43064.3368548611
25.11.2017 08:05:04 +00.03800E+00  0029 007998 1 00074963 00074962 000 343 43064.336858831
25.11.2017 08:05:04 +00.03800E+00  0049 007998 1 00074964 00074962 000 343 43064.3368628009
25.11.2017 08:05:05 +00.03800E+00  0063 007998 1 00074965 00074962 000 360 43064.3368669792
25.11.2017 08:05:05 +00.03800E+00  0078 007998 1 00074966 00074962 000 343 43064.3368709607
25.11.2017 08:05:05 +00.03800E+00  0093 007998 1 00074967 00074962 000 342 43064.3368749306
25.11.2017 08:05:06 +00.03800E+00  0108 007998 1 00074968 00074962 000 342 43064.3368789005
25.11.2017 08:05:06 +00.03800E+00  0121 007998 1 00074969 00074962 000 374 43064.3368832407
25.11.2017 08:05:07 +00.03800E+00  0139 007998 1 00074970 00074962 000 343 43064.3368872107
25.11.2017 08:05:07 +00.03800E+00  0156 007998 1 00074971 00074962 000 343 43064.3368911806
25.11.2017 08:05:07 +00.03800E+00  0168 007998 1 00074972 00074962 000 343 43064.3368951505
25.11.2017 08:05:08 +00.03800E+00  0184 007998 1 00074973 00074962 000 376 43064.3368995023
25.11.2017 08:05:08 +00.03800E+00  0209 007998 1 00074974 00074962 000 342 43064.3369034607
25.11.2017 08:05:08 +00.03800E+00  0219 007998 1 00074975 00074962 000 343 43064.3369074306
25.11.2017 08:05:09 +00.03800E+00  0237 007998 1 00074976 00074962 000 343 43064.3369114005
25.11.2017 08:05:09 +00.03800E+00  0252 007998 1 00074977 00074962 000 377 43064.3369157639
25.11.2017 08:05:09 +00.03800E+00  0265 007998 1 00074978 00074962 000 341 43064.3369197107
25.11.2017 08:05:10 +00.03800E+00  0287 007998 1 00074979 00074962 000 343 43064.3369236806
25.11.2017 08:05:10 +00.03800E+00  0299 007998 1 00074980 00074962 000 343 43064.3369276505
25.11.2017 08:05:10 +00.03800E+00  0312 007998 1 00074981 00074962 000 378 43064.3369320255
25.11.2017 08:05:11 +00.03800E+00  0323 007998 1 00074982 00074962 000 340 43064.3369359607
25.11.2017 08:05:11 +00.03800E+00  0336 007998 1 00074983 00074962 000 341 43064.336939919
25.11.2017 08:05:11 +00.03800E+00  0354 007998 1 00074984 00074962 000 342 43064.3369438889
25.11.2017 08:05:12 +00.03800E+00  0362 007998 1 00074985 00074962 000 379 43064.336948287
25.11.2017 08:05:12 +00.03800E+00  0376 007998 1 00074986 00074962 000 344 43064.3369522685
25.11.2017 08:05:13 +00.03800E+00  0391 007998 1 00074987 00074962 000 342 43064.3369562384
25.11.2017 08:05:13 +00.03800E+00  0403 007998 1 00074988 00074962 000 343 43064.3369602199
25.11.2017 08:05:13 +00.03800E+00  0415 007998 1 00074989 00074962 000 374 43064.3369645486
25.11.2017 08:05:14 +00.03800E+00  0433 007998 1 00074990 00074962 000 343 43064.3369685185
25.11.2017 08:05:14 +00.03800E+00  0443 007998 1 00074991 00074962 000 342 43064.3369724884
25.11.2017 08:05:14 +00.03800E+00  0457 007998 1 00074992 00074962 000 342 43064.3369764583
25.11.2017 08:05:15 +00.03800E+00  0480 007998 1 00074993 00074962 000 374 43064.3369807986
25.11.2017 08:05:15 +00.03800E+00  0499 007998 1 00074994 00074962 000 342 43064.3369847685
25.11.2017 08:05:15 +00.03800E+00  0509 007998 1 00074995 00074962 000 343 43064.3369887384
25.11.2017 08:05:16 +00.03800E+00  0525 007998 1 00074996 00074962 000 343 43064.3369927083
25.11.2017 08:05:16 +00.03800E+00  0538 007998 1 00074997 00074962 000 376 43064.3369970718
25.11.2017 08:05:16 +00.03800E+00  0554 007998 1 00074998 00074962 000 340 43064.3370010185
25.11.2017 08:05:17 +00.03800E+00  0565 007998 1 00074999 00074962 000 342 43064.3370049884
25.11.2017 08:05:17 +00.03800E+00  0581 007998 1 00075000 00074962 000 343 43064.3370089583
25.11.2017 08:05:17 +00.03800E+00  0603 007998 1 00075001 00074962 000 378 43064.3370133333
25.11.2017 08:05:18 +00.03800E+00  0615 007998 1 00075002 00074962 000 340 43064.3370172685
25.11.2017 08:05:18 +00.03800E+00  0627 007998 1 00075003 00074962 000 342 43064.3370212384
25.11.2017 08:05:18 +00.03800E+00  0641 007998 1 00075004 00074962 000 343 43064.3370252083
25.11.2017 08:05:19 +00.03800E+00  0648 007998 1 00075005 00074962 000 379 43064.3370295949
25.11.2017 08:05:19 +00.03800E+00  0664 007998 1 00075006 00074962 000 345 43064.337033588
25.11.2017 08:05:20 +00.03800E+00  0678 007998 1 00075007 00074962 000 343 43064.3370375579
25.11.2017 08:05:20 +00.03800E+00  0693 007998 1 00075008 00074962 000 343 43064.3370415278
25.11.2017 08:05:20 +00.03800E+00  0701 007998 1 00075009 00074962 000 374 43064.3370458565
25.11.2017 08:05:21 +00.03800E+00  0729 007998 1 00075010 00074962 000 344 43064.337049838
25.11.2017 08:05:21 +00.03800E+00  0741 007998 1 00075011 00074962 000 343 43064.3370538079
25.11.2017 08:05:21 +00.03800E+00  0753 007998 1 00075012 00074962 000 343 43064.3370577778
25.11.2017 08:05:22 +00.03800E+00  0763 007998 1 00075013 00074962 000 375 43064.3370621181
25.11.2017 08:05:22 +00.03800E+00  0780 007998 1 00075014 00074962 000 343 43064.337066088
25.11.2017 08:05:22 +00.03800E+00  0797 007998 1 00075015 00074962 000 342 43064.3370700463
25.11.2017 08:05:23 +00.03800E+00  0812 007998 1 00075016 00074962 000 343 43064.3370740278
25.11.2017 08:05:23 +00.03800E+00  0827 007998 1 00075017 00074962 000 376 43064.3370783796
25.11.2017 08:05:23 +00.03800E+00  0841 007998 1 00075018 00074962 000 340 43064.3370823264
25.11.2017 08:05:24 +00.03800E+00  0856 007998 1 00075019 00074962 000 342 43064.3370862963
25.11.2017 08:05:24 +00.03800E+00  0870 007998 1 00075020 00074962 000 342 43064.3370902662
25.11.2017 08:05:24 +00.03800E+00  0883 007998 1 00075021 00074962 000 377 43064.3370946412
25.11.2017 08:05:25 +00.03800E+00  0900 007998 1 00075022 00074962 000 340 43064.337098588
25.11.2017 08:05:25 +00.03800E+00  0911 007998 1 00075023 00074962 000 341 43064.3371025463
25.11.2017 08:05:26 +00.03800E+00  0926 007998 1 00075024 00074962 000 344 43064.3371065278
25.11.2017 08:05:26 +00.03800E+00  0942 007998 1 00075025 00074962 000 378 43064.3371109028
25.11.2017 08:05:26 +00.03800E+00  0948 007998 1 00075026 00074962 000 340 43064.337114838
25.11.2017 08:05:27 +00.03800E+00  0966 007998 1 00075027 00074962 000 341 43064.3371187963
25.11.2017 08:05:27 +00.03800E+00  0974 007998 1 00075028 00074962 000 343 43064.3371227662
25.11.2017 08:05:27 +00.03800E+00  0983 007998 1 00075029 00074962 000 380 43064.3371271644
25.11.2017 08:05:28 +00.03800E+00  1001 007998 1 00075030 00074962 000 344 43064.3371311458
25.11.2017 08:05:28 +00.03800E+00  1014 007998 1 00075031 00074962 000 343 43064.3371351157
25.11.2017 08:05:28 +00.03800E+00  1032 007998 1 00075032 00074962 000 343 43064.3371390856
25.11.2017 08:05:29 +00.03800E+00  1047 007998 1 00075033 00074962 000 375 43064.3371434259
25.11.2017 08:05:29 +00.03800E+00  1058 007998 1 00075034 00074962 000 342 43064.3371473843
25.11.2017 08:05:29 +00.03800E+00  1071 007998 1 00075035 00074962 000 343 43064.3371513657
25.11.2017 08:05:30 +00.03800E+00  1085 007998 1 00075036 00074962 000 343 43064.3371553356
25.11.2017 08:05:30 +00.03800E+00  1095 007998 1 00075037 00074962 000 376 43064.3371596875
25.11.2017 08:05:30 +00.03800E+00  1114 007998 1 00075038 00074962 000 341 43064.3371636343
25.11.2017 08:05:31 +00.03800E+00  1129 007998 1 00075039 00074962 000 342 43064.3371676042
25.11.2017 08:05:31 +00.03800E+00  1142 007998 1 00075040 00074962 000 342 43064.3371715741
25.11.2017 08:05:32 +00.03800E+00  1152 007998 1 00075041 00074962 000 377 43064.3371759491
25.11.2017 08:05:32 +00.03800E+00  1166 007998 1 00075042 00074962 000 340 43064.3371798958
25.11.2017 08:05:32 +00.03800E+00  1183 007998 1 00075043 00074962 000 341 43064.3371838542
25.11.2017 08:05:33 +00.03800E+00  1197 007998 1 00075044 00074962 000 343 43064.3371878241
25.11.2017 08:05:33 +00.03800E+00  1212 007998 1 00075045 00074962 000 378 43064.3371922106
25.11.2017 08:05:33 +00.03800E+00  1224 007998 1 00075046 00074962 000 345 43064.3371962153
25.11.2017 08:05:34 +00.03800E+00  1237 007998 1 00075047 00074962 000 342 43064.3372001736
25.11.2017 08:05:34 +00.03800E+00  1247 007998 1 00075048 00074962 000 342 43064.3372041435
25.11.2017 08:05:40 +00.03820E+00  0014 008039 1 00075049 00075049 000 342 43064.3372688889
25.11.2017 08:05:40 +00.03820E+00  0029 008039 1 00075050 00075049 000 400 43064.3372735185
25.11.2017 08:05:40 +00.03820E+00  0048 008039 1 00075051 00075049 000 343 43064.3372774884
25.11.2017 08:05:41 +00.03820E+00  0062 008039 1 00075052 00075049 000 343 43064.3372814583
25.11.2017 08:05:41 +00.03820E+00  0074 008039 1 00075053 00075049 000 343 43064.3372854282
25.11.2017 08:05:41 +00.03820E+00  0087 008039 1 00075054 00075049 000 376 43064.3372897801
25.11.2017 08:05:42 +00.03820E+00  0102 008039 1 00075055 00075049 000 342 43064.3372937384
25.11.2017 08:05:42 +00.03819E+00  0119 008039 1 00075056 00075049 000 343 43064.3372977083
25.11.2017 08:05:42 +00.03820E+00  0138 008039 1 00075057 00075049 000 343 43064.3373016782
25.11.2017 08:05:43 +00.03820E+00  0148 008039 1 00075058 00075049 000 377 43064.3373060417
25.11.2017 08:05:43 +00.03819E+00  0163 008039 1 00075059 00075049 000 340 43064.3373099769
25.11.2017 08:05:43 +00.03820E+00  0175 008039 1 00075060 00075049 000 343 43064.3373139583
25.11.2017 08:05:44 +00.03819E+00  0186 008039 1 00075061 00075049 000 343 43064.3373179282
25.11.2017 08:05:44 +00.03819E+00  0190 008039 1 00075062 00075049 000 379 43064.3373223148
25.11.2017 08:05:44 +00.03819E+00  0204 008039 1 00075063 00075049 000 345 43064.3373263079
25.11.2017 08:05:45 +00.03820E+00  0221 008041 1 00075064 00075049 000 343 43064.3373302778
25.11.2017 08:05:45 +00.03820E+00  0238 008041 1 00075065 00075049 000 343 43064.3373342477
25.11.2017 08:05:46 +00.03820E+00  0252 008041 1 00075066 00075049 000 374 43064.3373385764
25.11.2017 08:05:46 +00.03820E+00  0271 008041 1 00075067 00075049 000 343 43064.3373425463
25.11.2017 08:05:46 +00.03820E+00  0284 008041 1 00075068 00075049 000 343 43064.3373465278
25.11.2017 08:05:47 +00.03820E+00  0294 008041 1 00075069 00075049 000 343 43064.3373504977
25.11.2017 08:05:47 +00.03821E+00  0300 008041 1 00075070 00075049 000 375 43064.337354838
25.11.2017 08:05:47 +00.03820E+00  0320 008041 1 00075071 00075049 000 342 43064.3373587963
25.11.2017 08:05:48 +00.03820E+00  0330 008041 1 00075072 00075049 000 342 43064.3373627662
25.11.2017 08:05:48 +00.03820E+00  0344 008041 1 00075073 00075049 000 342 43064.3373667361
25.11.2017 08:05:48 +00.03820E+00  0362 008041 1 00075074 00075049 000 375 43064.337371088
25.11.2017 08:05:49 +00.03820E+00  0378 008041 1 00075075 00075049 000 341 43064.3373750463
25.11.2017 08:05:49 +00.03821E+00  0396 008041 1 00075076 00075049 000 343 43064.3373790162
25.11.2017 08:05:49 +00.03821E+00  0413 008041 1 00075077 00075049 000 343 43064.3373829861
25.11.2017 08:05:50 +00.03820E+00  0427 008041 1 00075078 00075049 000 376 43064.3373873495
25.11.2017 08:05:50 +00.03820E+00  0447 008041 1 00075079 00075049 000 340 43064.3373912963
25.11.2017 08:05:50 +00.03820E+00  0464 008041 1 00075080 00075049 000 342 43064.3373952662
25.11.2017 08:05:51 +00.03821E+00  0481 008041 1 00075081 00075049 000 343 43064.3373992361
25.11.2017 08:05:51 +00.03821E+00  0506 008041 1 00075082 00075049 000 378 43064.3374036111
25.11.2017 08:05:52 +00.03821E+00  0524 008041 1 00075083 00075049 000 340 43064.3374075463
25.11.2017 08:05:52 +00.03821E+00  0536 008041 1 00075084 00075049 000 342 43064.3374115162
25.11.2017 08:05:52 +00.03820E+00  0549 008041 1 00075085 00075049 000 343 43064.3374154861
25.11.2017 08:05:53 +00.03821E+00  0565 008041 1 00075086 00075049 000 381 43064.3374198958
25.11.2017 08:05:53 +00.03820E+00  0579 008041 1 00075087 00075049 000 343 43064.3374238657
25.11.2017 08:05:53 +00.03821E+00  0592 008041 1 00075088 00075049 000 343 43064.3374278356
25.11.2017 08:05:54 +00.03820E+00  0611 008041 1 00075089 00075049 000 343 43064.3374318056
25.11.2017 08:05:54 +00.03821E+00  0625 008041 1 00075090 00075049 000 375 43064.3374361458
25.11.2017 08:05:54 +00.03820E+00  0636 008041 1 00075091 00075049 000 343 43064.3374401157
25.11.2017 08:05:55 +00.03820E+00  0652 008041 1 00075092 00075049 000 342 43064.3374440741
25.11.2017 08:05:55 +00.03820E+00  0664 008041 1 00075093 00075049 000 343 43064.3374480556
25.11.2017 08:05:55 +00.03820E+00  0675 008041 1 00075094 00075049 000 376 43064.3374524074
25.11.2017 08:05:56 +00.03820E+00  0684 008041 1 00075095 00075049 000 341 43064.3374563542
25.11.2017 08:05:56 +00.03820E+00  0700 008041 1 00075096 00075049 000 342 43064.3374603241
25.11.2017 08:05:56 +00.03820E+00  0714 008041 1 00075097 00075049 000 342 43064.337464294
25.11.2017 08:05:57 +00.03820E+00  0731 008041 1 00075098 00075049 000 376 43064.3374686574
25.11.2017 08:05:57 +00.03820E+00  0743 008041 1 00075099 00075049 000 340 43064.3374726042
25.11.2017 08:05:57 +00.03820E+00  0755 008041 1 00075100 00075049 000 342 43064.3374765741
25.11.2017 08:05:58 +00.03821E+00  0765 008041 1 00075101 00075049 000 343 43064.337480544
25.11.2017 08:05:58 +00.03821E+00  0780 008041 1 00075102 00075049 000 377 43064.337484919
25.11.2017 08:05:59 +00.03820E+00  0797 008041 1 00075103 00075049 000 340 43064.3374888657
25.11.2017 08:05:59 +00.03821E+00  0811 008041 1 00075104 00075049 000 341 43064.3374928241
25.11.2017 08:05:59 +00.03821E+00  0824 008041 1 00075105 00075049 000 344 43064.3374968056
25.11.2017 08:06:00 +00.03820E+00  0839 008041 1 00075106 00075049 000 379 43064.3375011921
25.11.2017 08:06:00 +00.03820E+00  0857 008041 1 00075107 00075049 000 344 43064.3375051736
25.11.2017 08:06:00 +00.03820E+00  0865 008041 1 00075108 00075049 000 343 43064.3375091435
25.11.2017 08:06:01 +00.03821E+00  0879 008041 1 00075109 00075049 000 343 43064.3375131134
25.11.2017 08:06:01 +00.03820E+00  0895 008041 1 00075110 00075049 000 374 43064.3375174421
25.11.2017 08:06:01 +00.03820E+00  0917 008041 1 00075111 00075049 000 343 43064.3375214236
25.11.2017 08:06:02 +00.03820E+00  0931 008041 1 00075112 00075049 000 343 43064.3375253935
25.11.2017 08:06:02 +00.03820E+00  0951 008041 1 00075113 00075049 000 343 43064.3375293634
25.11.2017 08:06:02 +00.03820E+00  0968 008041 1 00075114 00075049 000 376 43064.3375337153
25.11.2017 08:06:03 +00.03820E+00  0981 008041 1 00075115 00075049 000 342 43064.3375376736
25.11.2017 08:06:03 +00.03820E+00  0993 008041 1 00075116 00075049 000 343 43064.3375416435
25.11.2017 08:06:03 +00.03820E+00  1011 008041 1 00075117 00075049 000 343 43064.3375456134
25.11.2017 08:06:04 +00.03820E+00  1018 008041 1 00075118 00075049 000 377 43064.3375499769
25.11.2017 08:06:04 +00.03821E+00  1037 008041 1 00075119 00075049 000 341 43064.3375539236
25.11.2017 08:06:05 +00.03820E+00  1050 008041 1 00075120 00075049 000 342 43064.3375578819
25.11.2017 08:06:05 +00.03820E+00  1061 008041 1 00075121 00075049 000 342 43064.3375618519
25.11.2017 08:06:05 +00.03820E+00  1075 008041 1 00075122 00075049 000 377 43064.3375662269
25.11.2017 08:06:06 +00.03820E+00  1095 008041 1 00075123 00075049 000 340 43064.3375701736
25.11.2017 08:06:06 +00.03820E+00  1109 008041 1 00075124 00075049 000 342 43064.3375741435
25.11.2017 08:06:06 +00.03820E+00  1116 008041 1 00075125 00075049 000 342 43064.3375781019
25.11.2017 08:06:07 +00.03821E+00  1129 008041 1 00075126 00075049 000 378 43064.3375824884
25.11.2017 08:06:07 +00.03821E+00  1141 008041 1 00075127 00075049 000 340 43064.3375864236
25.11.2017 08:06:07 +00.03821E+00  1155 008041 1 00075128 00075049 000 342 43064.3375903819
25.11.2017 08:06:08 +00.03820E+00  1175 008041 1 00075129 00075049 000 343 43064.3375943519
25.11.2017 08:06:08 +00.03820E+00  1186 008041 1 00075130 00075049 000 381 43064.3375987616
25.11.2017 08:06:08 +00.03820E+00  1212 008041 1 00075131 00075049 000 343 43064.3376027315
25.11.2017 08:06:09 +00.03821E+00  1227 008041 1 00075132 00075049 000 342 43064.3376067014
25.11.2017 08:06:09 +00.03820E+00  1240 008041 1 00075133 00075049 000 343 43064.3376106713
25.11.2017 08:06:09 +00.03820E+00  1250 008041 1 00075134 00075049 000 375 43064.3376150231
25.11.2017 08:06:10 +00.03820E+00  1260 008041 1 00075135 00075049 000 341 43064.3376189815
25.11.2017 08:06:15 +00.03839E+00  0011 008080 1 00075136 00075136 000 378 43064.3376800694
25.11.2017 08:06:15 +00.03839E+00  0027 008080 1 00075137 00075136 000 340 43064.3376840046
25.11.2017 08:06:16 +00.03839E+00  0046 008080 1 00075138 00075136 000 342 43064.3376879745
25.11.2017 08:06:16 +00.03839E+00  0065 008080 1 00075139 00075136 000 343 43064.3376919444
25.11.2017 08:06:16 +00.03839E+00  0076 008080 1 00075140 00075136 000 379 43064.337696331
25.11.2017 08:06:17 +00.03839E+00  0089 008080 1 00075141 00075136 000 345 43064.3377003241
25.11.2017 08:06:17 +00.03839E+00  0099 008080 1 00075142 00075136 000 343 43064.337704294
25.11.2017 08:06:17 +00.03839E+00  0111 008080 1 00075143 00075136 000 343 43064.3377082639
25.11.2017 08:06:18 +00.03839E+00  0128 008080 1 00075144 00075136 000 374 43064.3377125926
25.11.2017 08:06:18 +00.03839E+00  0142 008080 1 00075145 00075136 000 343 43064.3377165625
25.11.2017 08:06:19 +00.03839E+00  0153 008080 1 00075146 00075136 000 342 43064.3377205324
25.11.2017 08:06:19 +00.03839E+00  0164 008080 1 00075147 00075136 000 342 43064.3377245023
25.11.2017 08:06:19 +00.03839E+00  0179 008080 1 00075148 00075136 000 375 43064.3377288542
25.11.2017 08:06:20 +00.03839E+00  0196 008080 1 00075149 00075136 000 342 43064.3377328125
25.11.2017 08:06:20 +00.03839E+00  0214 008080 1 00075150 00075136 000 342 43064.3377367824
25.11.2017 08:06:20 +00.03839E+00  0234 008082 1 00075151 00075136 000 342 43064.3377407523
25.11.2017 08:06:21 +00.03839E+00  0249 008082 1 00075152 00075136 000 376 43064.3377451157
25.11.2017 08:06:21 +00.03840E+00  0260 008082 1 00075153 00075136 000 340 43064.3377490625
25.11.2017 08:06:21 +00.03840E+00  0269 008082 1 00075154 00075136 000 342 43064.3377530324
25.11.2017 08:06:22 +00.03840E+00  0284 008082 1 00075155 00075136 000 343 43064.3377570023
25.11.2017 08:06:22 +00.03840E+00  0301 008082 1 00075156 00075136 000 378 43064.3377613773
25.11.2017 08:06:22 +00.03840E+00  0320 008082 1 00075157 00075136 000 341 43064.3377653357
25.11.2017 08:06:23 +00.03840E+00  0338 008082 1 00075158 00075136 000 341 43064.3377692824
25.11.2017 08:06:23 +00.03840E+00  0351 008082 1 00075159 00075136 000 343 43064.3377732523
25.11.2017 08:06:23 +00.03840E+00  0362 008082 1 00075160 00075136 000 379 43064.3377776389
25.11.2017 08:06:24 +00.03840E+00  0373 008082 1 00075161 00075136 000 345 43064.3377816319
25.11.2017 08:06:24 +00.03840E+00  0392 008082 1 00075162 00075136 000 344 43064.3377856134
25.11.2017 08:06:25 +00.03840E+00  0405 008082 1 00075163 00075136 000 342 43064.3377895718
25.11.2017 08:06:25 +00.03840E+00  0424 008082 1 00075164 00075136 000 374 43064.3377939005
25.11.2017 08:06:25 +00.03840E+00  0436 008082 1 00075165 00075136 000 344 43064.3377978819
25.11.2017 08:06:26 +00.03840E+00  0453 008082 1 00075166 00075136 000 343 43064.3378018518
25.11.2017 08:06:26 +00.03840E+00  0468 008082 1 00075167 00075136 000 343 43064.3378058218
25.11.2017 08:06:26 +00.03840E+00  0479 008082 1 00075168 00075136 000 375 43064.337810162
25.11.2017 08:06:27 +00.03840E+00  0500 008082 1 00075169 00075136 000 342 43064.3378141204
25.11.2017 08:06:27 +00.03840E+00  0512 008082 1 00075170 00075136 000 342 43064.3378180903
25.11.2017 08:06:27 +00.03840E+00  0524 008082 1 00075171 00075136 000 342 43064.3378220602
25.11.2017 08:06:28 +00.03840E+00  0538 008082 1 00075172 00075136 000 375 43064.337826412
25.11.2017 08:06:28 +00.03840E+00  0553 008082 1 00075173 00075136 000 341 43064.3378303704
25.11.2017 08:06:28 +00.03840E+00  0566 008082 1 00075174 00075136 000 342 43064.3378343403
25.11.2017 08:06:29 +00.03840E+00  0576 008082 1 00075175 00075136 000 342 43064.3378383102
25.11.2017 08:06:29 +00.03840E+00  0588 008082 1 00075176 00075136 000 377 43064.3378426852
25.11.2017 08:06:29 +00.03840E+00  0615 008082 1 00075177 00075136 000 340 43064.3378466319
25.11.2017 08:06:30 +00.03840E+00  0625 008082 1 00075178 00075136 000 341 43064.3378505903
25.11.2017 08:06:30 +00.03840E+00  0637 008082 1 00075179 00075136 000 344 43064.3378545718
25.11.2017 08:06:31 +00.03840E+00  0657 008082 1 00075180 00075136 000 378 43064.3378589468
25.11.2017 08:06:31 +00.03840E+00  0670 008082 1 00075181 00075136 000 344 43064.3378629398
25.11.2017 08:06:31 +00.03840E+00  0693 008082 1 00075182 00075136 000 343 43064.3378669097
25.11.2017 08:06:32 +00.03840E+00  0704 008082 1 00075183 00075136 000 342 43064.3378708796
25.11.2017 08:06:32 +00.03840E+00  0722 008082 1 00075184 00075136 000 373 43064.3378752083
25.11.2017 08:06:32 +00.03840E+00  0731 008082 1 00075185 00075136 000 343 43064.3378791898
25.11.2017 08:06:33 +00.03840E+00  0743 008082 1 00075186 00075136 000 344 43064.3378831713
25.11.2017 08:06:33 +00.03840E+00  0756 008082 1 00075187 00075136 000 342 43064.3378871296
25.11.2017 08:06:33 +00.03840E+00  0773 008082 1 00075188 00075136 000 375 43064.3378914699
25.11.2017 08:06:34 +00.03840E+00  0794 008082 1 00075189 00075136 000 343 43064.3378954398
25.11.2017 08:06:34 +00.03840E+00  0805 008082 1 00075190 00075136 000 343 43064.3378994097
25.11.2017 08:06:34 +00.03840E+00  0823 008082 1 00075191 00075136 000 343 43064.3379033796
25.11.2017 08:06:35 +00.03840E+00  0838 008082 1 00075192 00075136 000 376 43064.3379077315
25.11.2017 08:06:35 +00.03840E+00  0852 008082 1 00075193 00075136 000 341 43064.3379116782
25.11.2017 08:06:35 +00.03840E+00  0863 008082 1 00075194 00075136 000 343 43064.3379156597
25.11.2017 08:06:36 +00.03840E+00  0880 008082 1 00075195 00075136 000 343 43064.3379196296
25.11.2017 08:06:36 +00.03840E+00  0892 008082 1 00075196 00075136 000 377 43064.3379239931
25.11.2017 08:06:36 +00.03840E+00  0914 008082 1 00075197 00075136 000 340 43064.3379279282
25.11.2017 08:06:37 +00.03840E+00  0928 008082 1 00075198 00075136 000 342 43064.3379318981
25.11.2017 08:06:37 +00.03840E+00  0947 008082 1 00075199 00075136 000 342 43064.3379358681
25.11.2017 08:06:38 +00.03840E+00  0965 008082 1 00075200 00075136 000 378 43064.3379402546
25.11.2017 08:06:38 +00.03840E+00  0985 008082 1 00075201 00075136 000 344 43064.3379442477
25.11.2017 08:06:38 +00.03840E+00  0996 008082 1 00075202 00075136 000 342 43064.3379482176
25.11.2017 08:06:39 +00.03840E+00  1011 008082 1 00075203 00075136 000 343 43064.3379521991
25.11.2017 08:06:39 +00.03840E+00  1025 008082 1 00075204 00075136 000 373 43064.3379565162
25.11.2017 08:06:39 +00.03840E+00  1040 008082 1 00075205 00075136 000 343 43064.3379604977
25.11.2017 08:06:40 +00.03840E+00  1051 008082 1 00075206 00075136 000 342 43064.3379644676
25.11.2017 08:06:40 +00.03840E+00  1061 008082 1 00075207 00075136 000 342 43064.3379684375
25.11.2017 08:06:40 +00.03840E+00  1072 008082 1 00075208 00075136 000 374 43064.3379727778
25.11.2017 08:06:41 +00.03840E+00  1089 008082 1 00075209 00075136 000 343 43064.3379767477
25.11.2017 08:06:41 +00.03840E+00  1102 008082 1 00075210 00075136 000 343 43064.3379807176
25.11.2017 08:06:41 +00.03840E+00  1123 008082 1 00075211 00075136 000 343 43064.3379846875
25.11.2017 08:06:42 +00.03840E+00  1135 008082 1 00075212 00075136 000 376 43064.3379890394
25.11.2017 08:06:42 +00.03840E+00  1148 008082 1 00075213 00075136 000 342 43064.3379929977
25.11.2017 08:06:42 +00.03840E+00  1165 008082 1 00075214 00075136 000 343 43064.3379969676
25.11.2017 08:06:43 +00.03840E+00  1180 008082 1 00075215 00075136 000 343 43064.3380009375
25.11.2017 08:06:43 +00.03840E+00  1197 008082 1 00075216 00075136 000 377 43064.3380053009
25.11.2017 08:06:43 +00.03840E+00  1211 008082 1 00075217 00075136 000 340 43064.3380092361
25.11.2017 08:06:44 +00.03840E+00  1220 008082 1 00075218 00075136 000 343 43064.3380132176
25.11.2017 08:06:44 +00.03840E+00  1230 008082 1 00075219 00075136 000 343 43064.3380171875
25.11.2017 08:06:45 +00.03840E+00  1241 008082 1 00075220 00075136 000 379 43064.3380215741
25.11.2017 08:06:45 +00.03840E+00  1255 008082 1 00075221 00075136 000 345 43064.3380255671
25.11.2017 08:06:45 +00.03840E+00  1269 008082 1 00075222 00075136 000 343 43064.338029537
25.11.2017 08:06:50 +00.03860E+00  0015 008123 1 00075223 00075223 000 381 43064.3380898611
25.11.2017 08:06:51 +00.03859E+00  0037 008123 1 00075224 00075223 000 342 43064.3380938194
25.11.2017 08:06:51 +00.03859E+00  0056 008123 1 00075225 00075223 000 342 43064.3380977894
25.11.2017 08:06:51 +00.03859E+00  0069 008123 1 00075226 00075223 000 343 43064.3381017593
25.11.2017 08:06:52 +00.03860E+00  0087 008123 1 00075227 00075223 000 377 43064.3381061227
25.11.2017 08:06:52 +00.03860E+00  0103 008123 1 00075228 00075223 000 340 43064.3381100694
25.11.2017 08:06:53 +00.03859E+00  0116 008123 1 00075229 00075223 000 342 43064.3381140394
25.11.2017 08:06:53 +00.03859E+00  0129 008123 1 00075230 00075223 000 343 43064.3381180093
25.11.2017 08:06:53 +00.03860E+00  0147 008123 1 00075231 00075223 000 378 43064.3381223843
25.11.2017 08:06:54 +00.03860E+00  0159 008123 1 00075232 00075223 000 340 43064.3381263194
25.11.2017 08:06:54 +00.03860E+00  0177 008123 1 00075233 00075223 000 342 43064.3381302894
25.11.2017 08:06:54 +00.03859E+00  0189 008123 1 00075234 00075223 000 343 43064.3381342593
25.11.2017 08:06:55 +00.03859E+00  0204 008123 1 00075235 00075223 000 380 43064.3381386574
25.11.2017 08:06:55 +00.03859E+00  0227 008123 1 00075236 00075223 000 344 43064.3381426389
25.11.2017 08:06:55 +00.03859E+00  0238 008123 1 00075237 00075223 000 343 43064.3381466088
25.11.2017 08:06:56 +00.03859E+00  0253 008123 1 00075238 00075223 000 343 43064.3381505787
25.11.2017 08:06:56 +00.03860E+00  0273 008125 1 00075239 00075223 000 375 43064.338154919
25.11.2017 08:06:56 +00.03860E+00  0296 008125 1 00075240 00075223 000 342 43064.3381588889
25.11.2017 08:06:57 +00.03860E+00  0314 008125 1 00075241 00075223 000 343 43064.3381628588
25.11.2017 08:06:57 +00.03860E+00  0329 008125 1 00075242 00075223 000 343 43064.3381668287
25.11.2017 08:06:57 +00.03860E+00  0346 008125 1 00075243 00075223 000 376 43064.3381711806
25.11.2017 08:06:58 +00.03860E+00  0355 008125 1 00075244 00075223 000 341 43064.3381751273
25.11.2017 08:06:58 +00.03860E+00  0369 008125 1 00075245 00075223 000 342 43064.3381790972
25.11.2017 08:06:59 +00.03860E+00  0383 008125 1 00075246 00075223 000 342 43064.3381830671
25.11.2017 08:06:59 +00.03860E+00  0401 008125 1 00075247 00075223 000 377 43064.3381874421
25.11.2017 08:06:59 +00.03860E+00  0411 008125 1 00075248 00075223 000 340 43064.3381913773
25.11.2017 08:07:00 +00.03861E+00  0423 008125 1 00075249 00075223 000 343 43064.3381953588
25.11.2017 08:07:00 +00.03860E+00  0434 008125 1 00075250 00075223 000 342 43064.3381993171
25.11.2017 08:07:00 +00.03860E+00  0457 008125 1 00075251 00075223 000 377 43064.3382036921
25.11.2017 08:07:01 +00.03860E+00  0470 008125 1 00075252 00075223 000 340 43064.3382076389
25.11.2017 08:07:01 +00.03860E+00  0486 008125 1 00075253 00075223 000 341 43064.3382115972
25.11.2017 08:07:01 +00.03860E+00  0498 008125 1 00075254 00075223 000 343 43064.3382155671
25.11.2017 08:07:02 +00.03860E+00  0512 008125 1 00075255 00075223 000 379 43064.3382199537
25.11.2017 08:07:02 +00.03860E+00  0530 008125 1 00075256 00075223 000 341 43064.3382239005
25.11.2017 08:07:02 +00.03860E+00  0546 008125 1 00075257 00075223 000 341 43064.3382278472
25.11.2017 08:07:03 +00.03860E+00  0557 008125 1 00075258 00075223 000 343 43064.3382318171
25.11.2017 08:07:03 +00.03860E+00  0570 008125 1 00075259 00075223 000 381 43064.3382362269
25.11.2017 08:07:03 +00.03860E+00  0589 008125 1 00075260 00075223 000 343 43064.3382401968
25.11.2017 08:07:04 +00.03860E+00  0606 008125 1 00075261 00075223 000 343 43064.3382441667
25.11.2017 08:07:04 +00.03860E+00  0616 008125 1 00075262 00075223 000 343 43064.3382481366
25.11.2017 08:07:05 +00.03860E+00  0631 008125 1 00075263 00075223 000 376 43064.3382524884
25.11.2017 08:07:05 +00.03860E+00  0644 008125 1 00075264 00075223 000 342 43064.3382564468
25.11.2017 08:07:05 +00.03860E+00  0659 008125 1 00075265 00075223 000 343 43064.3382604167
25.11.2017 08:07:06 +00.03860E+00  0677 008125 1 00075266 00075223 000 343 43064.3382643866
25.11.2017 08:07:06 +00.03860E+00  0694 008125 1 00075267 00075223 000 377 43064.33826875
25.11.2017 08:07:06 +00.03860E+00  0718 008125 1 00075268 00075223 000 341 43064.3382726968
25.11.2017 08:07:07 +00.03860E+00  0730 008125 1 00075269 00075223 000 343 43064.3382766667
25.11.2017 08:07:07 +00.03860E+00  0745 008125 1 00075270 00075223 000 342 43064.338280625
25.11.2017 08:07:07 +00.03860E+00  0762 008125 1 00075271 00075223 000 377 43064.338285
25.11.2017 08:07:08 +00.03860E+00  0776 008125 1 00075272 00075223 000 340 43064.3382889468
25.11.2017 08:07:08 +00.03860E+00  0786 008125 1 00075273 00075223 000 341 43064.3382929051
25.11.2017 08:07:08 +00.03860E+00  0801 008125 1 00075274 00075223 000 342 43064.338296875
25.11.2017 08:07:09 +00.03860E+00  0815 008125 1 00075275 00075223 000 379 43064.3383012616
25.11.2017 08:07:09 +00.03860E+00  0835 008125 1 00075276 00075223 000 344 43064.3383052546
25.11.2017 08:07:09 +00.03860E+00  0850 008125 1 00075277 00075223 000 342 43064.3383092245
25.11.2017 08:07:10 +00.03860E+00  0861 008125 1 00075278 00075223 000 343 43064.3383131944
25.11.2017 08:07:10 +00.03860E+00  0876 008125 1 00075279 00075223 000 373 43064.3383175232
25.11.2017 08:07:10 +00.03860E+00  0885 008125 1 00075280 00075223 000 343 43064.3383215046
25.11.2017 08:07:11 +00.03860E+00  0901 008125 1 00075281 00075223 000 343 43064.3383254745
25.11.2017 08:07:11 +00.03860E+00  0913 008125 1 00075282 00075223 000 342 43064.3383294444
25.11.2017 08:07:12 +00.03860E+00  0929 008125 1 00075283 00075223 000 375 43064.3383337963
25.11.2017 08:07:12 +00.03860E+00  0942 008125 1 00075284 00075223 000 342 43064.3383377546
25.11.2017 08:07:12 +00.03860E+00  0955 008125 1 00075285 00075223 000 343 43064.3383417245
25.11.2017 08:07:13 +00.03860E+00  0966 008125 1 00075286 00075223 000 343 43064.3383456944
25.11.2017 08:07:13 +00.03861E+00  0979 008125 1 00075287 00075223 000 377 43064.3383500579
25.11.2017 08:07:13 +00.03860E+00  1000 008125 1 00075288 00075223 000 341 43064.3383540046
25.11.2017 08:07:14 +00.03860E+00  1012 008125 1 00075289 00075223 000 343 43064.3383579745
25.11.2017 08:07:14 +00.03860E+00  1025 008125 1 00075290 00075223 000 343 43064.3383619444
25.11.2017 08:07:14 +00.03860E+00  1044 008125 1 00075291 00075223 000 378 43064.3383663194
25.11.2017 08:07:15 +00.03860E+00  1063 008125 1 00075292 00075223 000 340 43064.3383702546
25.11.2017 08:07:15 +00.03860E+00  1086 008125 1 00075293 00075223 000 342 43064.338374213
25.11.2017 08:07:15 +00.03860E+00  1105 008125 1 00075294 00075223 000 343 43064.3383781944
25.11.2017 08:07:16 +00.03861E+00  1116 008125 1 00075295 00075223 000 379 43064.338382581
25.11.2017 08:07:16 +00.03860E+00  1133 008125 1 00075296 00075223 000 345 43064.3383865741
25.11.2017 08:07:16 +00.03860E+00  1148 008125 1 00075297 00075223 000 343 43064.338390544
25.11.2017 08:07:17 +00.03860E+00  1166 008125 1 00075298 00075223 000 343 43064.3383945139
25.11.2017 08:07:17 +00.03860E+00  1179 008125 1 00075299 00075223 000 374 43064.3383988426
25.11.2017 08:07:18 +00.03860E+00  1197 008125 1 00075300 00075223 000 343 43064.3384028125
25.11.2017 08:07:18 +00.03861E+00  1214 008125 1 00075301 00075223 000 342 43064.3384067824
25.11.2017 08:07:18 +00.03861E+00  1221 008125 1 00075302 00075223 000 342 43064.3384107523
25.11.2017 08:07:19 +00.03860E+00  1241 008125 1 00075303 00075223 000 374 43064.3384150926
25.11.2017 08:07:19 +00.03860E+00  1259 008125 1 00075304 00075223 000 342 43064.3384190625
25.11.2017 08:07:19 +00.03860E+00  1270 008125 1 00075305 00075223 000 344 43064.338423044
25.11.2017 08:07:20 +00.03860E+00  1281 008125 1 00075306 00075223 000 342 43064.3384270023
25.11.2017 08:07:20 +00.03861E+00  1297 008125 1 00075307 00075223 000 376 43064.3384313657
25.11.2017 08:07:20 +00.03860E+00  1313 008125 1 00075308 00075223 000 341 43064.3384353125
25.11.2017 08:07:21 +00.03860E+00  1326 008125 1 00075309 00075223 000 343 43064.3384392824
25.11.2017 08:07:26 +00.03880E+00  0017 008166 1 00075310 00075310 000 341 43064.3385038079
25.11.2017 08:07:27 +00.03880E+00  0035 008166 1 00075311 00075310 000 343 43064.3385077778
25.11.2017 08:07:27 +00.03880E+00  0040 008166 1 00075312 00075310 000 343 43064.3385117477
25.11.2017 08:07:27 +00.03880E+00  0054 008166 1 00075313 00075310 000 361 43064.3385159259
25.11.2017 08:07:28 +00.03880E+00  0071 008166 1 00075314 00075310 000 344 43064.3385199074
25.11.2017 08:07:28 +00.03880E+00  0089 008166 1 00075315 00075310 000 343 43064.3385238773
25.11.2017 08:07:28 +00.03880E+00  0099 008166 1 00075316 00075310 000 343 43064.3385278472
25.11.2017 08:07:29 +00.03880E+00  0106 008166 1 00075317 00075310 000 375 43064.3385321875
25.11.2017 08:07:29 +00.03880E+00  0123 008166 1 00075318 00075310 000 343 43064.3385361574
25.11.2017 08:07:29 +00.03880E+00  0136 008166 1 00075319 00075310 000 343 43064.3385401273
25.11.2017 08:07:30 +00.03880E+00  0146 008166 1 00075320 00075310 000 343 43064.3385440972
25.11.2017 08:07:30 +00.03880E+00  0156 008166 1 00075321 00075310 000 376 43064.3385484491
25.11.2017 08:07:30 +00.03880E+00  0166 008166 1 00075322 00075310 000 341 43064.3385523958
25.11.2017 08:07:31 +00.03880E+00  0179 008166 1 00075323 00075310 000 342 43064.3385563657
25.11.2017 08:07:31 +00.03880E+00  0198 008166 1 00075324 00075310 000 342 43064.3385603357
25.11.2017 08:07:31 +00.03880E+00  0214 008166 1 00075325 00075310 000 376 43064.3385646991
25.11.2017 08:07:32 +00.03880E+00  0230 008166 1 00075326 00075310 000 340 43064.3385686458
25.11.2017 08:07:32 +00.03880E+00  0245 008166 1 00075327 00075310 000 343 43064.3385726157
25.11.2017 08:07:33 +00.03880E+00  0263 008166 1 00075328 00075310 000 343 43064.3385765857
25.11.2017 08:07:33 +00.03880E+00  0277 008166 1 00075329 00075310 000 379 43064.3385809722
25.11.2017 08:07:33 +00.03880E+00  0292 008166 1 00075330 00075310 000 344 43064.3385849653
25.11.2017 08:07:34 +00.03880E+00  0306 008166 1 00075331 00075310 000 342 43064.3385889352
25.11.2017 08:07:34 +00.03880E+00  0325 008166 1 00075332 00075310 000 342 43064.3385929051
25.11.2017 08:07:34 +00.03880E+00  0336 008166 1 00075333 00075310 000 373 43064.3385972338
25.11.2017 08:07:35 +00.03880E+00  0343 008166 1 00075334 00075310 000 343 43064.3386012153
25.11.2017 08:07:35 +00.03880E+00  0357 008166 1 00075335 00075310 000 343 43064.3386051852
25.11.2017 08:07:35 +00.03880E+00  0374 008166 1 00075336 00075310 000 343 43064.3386091551
25.11.2017 08:07:36 +00.03880E+00  0383 008166 1 00075337 00075310 000 375 43064.3386134954
25.11.2017 08:07:36 +00.03880E+00  0405 008166 1 00075338 00075310 000 342 43064.3386174653
25.11.2017 08:07:36 +00.03880E+00  0418 008166 1 00075339 00075310 000 343 43064.3386214352
25.11.2017 08:07:37 +00.03880E+00  0433 008166 1 00075340 00075310 000 343 43064.3386254051
25.11.2017 08:07:37 +00.03880E+00  0456 008166 1 00075341 00075310 000 376 43064.3386297569
25.11.2017 08:07:37 +00.03880E+00  0473 008166 1 00075342 00075310 000 341 43064.3386337153
25.11.2017 08:07:38 +00.03880E+00  0483 008166 1 00075343 00075310 000 343 43064.3386376852
25.11.2017 08:07:38 +00.03880E+00  0499 008166 1 00075344 00075310 000 343 43064.3386416551
25.11.2017 08:07:39 +00.03880E+00  0508 008166 1 00075345 00075310 000 377 43064.3386460185
25.11.2017 08:07:39 +00.03880E+00  0530 008166 1 00075346 00075310 000 340 43064.3386499537
25.11.2017 08:07:39 +00.03880E+00  0543 008166 1 00075347 00075310 000 342 43064.3386539236
25.11.2017 08:07:40 +00.03880E+00  0556 008166 1 00075348 00075310 000 342 43064.3386578935
25.11.2017 08:07:40 +00.03880E+00  0568 008166 1 00075349 00075310 000 378 43064.3386622801
25.11.2017 08:07:40 +00.03880E+00  0582 008166 1 00075350 00075310 000 344 43064.3386662732
25.11.2017 08:07:41 +00.03880E+00  0597 008166 1 00075351 00075310 000 343 43064.3386702546
25.11.2017 08:07:41 +00.03880E+00  0608 008166 1 00075352 00075310 000 343 43064.3386742245
25.11.2017 08:07:41 +00.03880E+00  0620 008166 1 00075353 00075310 000 373 43064.3386785417
25.11.2017 08:07:42 +00.03880E+00  0631 008166 1 00075354 00075310 000 344 43064.3386825232
25.11.2017 08:07:42 +00.03880E+00  0645 008166 1 00075355 00075310 000 342 43064.3386864931
25.11.2017 08:07:42 +00.03880E+00  0670 008166 1 00075356 00075310 000 342 43064.338690463
25.11.2017 08:07:43 +00.03880E+00  0687 008166 1 00075357 00075310 000 374 43064.3386948032
25.11.2017 08:07:43 +00.03880E+00  0708 008166 1 00075358 00075310 000 342 43064.3386987732
25.11.2017 08:07:43 +00.03880E+00  0723 008166 1 00075359 00075310 000 343 43064.3387027431
25.11.2017 08:07:44 +00.03880E+00  0736 008166 1 00075360 00075310 000 342 43064.338706713
25.11.2017 08:07:44 +00.03880E+00  0744 008166 1 00075361 00075310 000 376 43064.3387110648
25.11.2017 08:07:44 +00.03880E+00  0769 008166 1 00075362 00075310 000 341 43064.3387150232
25.11.2017 08:07:45 +00.03880E+00  0787 008166 1 00075363 00075310 000 343 43064.3387189931
25.11.2017 08:07:45 +00.03880E+00  0797 008166 1 00075364 00075310 000 343 43064.338722963
25.11.2017 08:07:46 +00.03880E+00  0812 008166 1 00075365 00075310 000 377 43064.3387273264
25.11.2017 08:07:46 +00.03880E+00  0828 008166 1 00075366 00075310 000 341 43064.3387312732
25.11.2017 08:07:46 +00.03880E+00  0849 008166 1 00075367 00075310 000 342 43064.3387352431
25.11.2017 08:07:47 +00.03880E+00  0861 008166 1 00075368 00075310 000 343 43064.338739213
25.11.2017 08:07:47 +00.03880E+00  0885 008166 1 00075369 00075310 000 378 43064.338743588
25.11.2017 08:07:47 +00.03880E+00  0908 008166 1 00075370 00075310 000 340 43064.3387475232
25.11.2017 08:07:48 +00.03880E+00  0929 008166 1 00075371 00075310 000 341 43064.3387514815
25.11.2017 08:07:48 +00.03880E+00  0951 008166 1 00075372 00075310 000 343 43064.338755463
25.11.2017 08:07:48 +00.03880E+00  0965 008166 1 00075373 00075310 000 380 43064.3387598611
25.11.2017 08:07:49 +00.03880E+00  0981 008166 1 00075374 00075310 000 344 43064.3387638426
25.11.2017 08:07:49 +00.03880E+00  0996 008166 1 00075375 00075310 000 343 43064.3387678125
25.11.2017 08:07:49 +00.03880E+00  1010 008166 1 00075376 00075310 000 343 43064.3387717824
25.11.2017 08:07:50 +00.03880E+00  1020 008166 1 00075377 00075310 000 374 43064.3387761111
25.11.2017 08:07:50 +00.03880E+00  1040 008166 1 00075378 00075310 000 343 43064.338780081
25.11.2017 08:07:50 +00.03880E+00  1058 008166 1 00075379 00075310 000 342 43064.3387840509
25.11.2017 08:07:51 +00.03880E+00  1073 008166 1 00075380 00075310 000 342 43064.3387880208
25.11.2017 08:07:51 +00.03880E+00  1086 008166 1 00075381 00075310 000 375 43064.3387923727
25.11.2017 08:07:52 +00.03880E+00  1103 008166 1 00075382 00075310 000 341 43064.338796331
25.11.2017 08:07:52 +00.03880E+00  1117 008166 1 00075383 00075310 000 343 43064.3388003009
25.11.2017 08:07:52 +00.03880E+00  1134 008166 1 00075384 00075310 000 342 43064.3388042708
25.11.2017 08:07:53 +00.03880E+00  1151 008166 1 00075385 00075310 000 376 43064.3388086343
25.11.2017 08:07:53 +00.03880E+00  1165 008166 1 00075386 00075310 000 340 43064.338812581
25.11.2017 08:07:53 +00.03880E+00  1183 008166 1 00075387 00075310 000 342 43064.3388165509
25.11.2017 08:07:54 +00.03880E+00  1194 008166 1 00075388 00075310 000 343 43064.3388205208
25.11.2017 08:07:54 +00.03880E+00  1205 008166 1 00075389 00075310 000 378 43064.3388248958
25.11.2017 08:07:54 +00.03880E+00  1231 008166 1 00075390 00075310 000 340 43064.338828831
25.11.2017 08:07:55 +00.03880E+00  1249 008166 1 00075391 00075310 000 342 43064.3388328009
25.11.2017 08:07:55 +00.03880E+00  1262 008166 1 00075392 00075310 000 343 43064.3388367708
25.11.2017 08:07:55 +00.03880E+00  1273 008166 1 00075393 00075310 000 379 43064.3388411574
25.11.2017 08:07:56 +00.03880E+00  1285 008166 1 00075394 00075310 000 340 43064.3388450926
25.11.2017 08:07:56 +00.03880E+00  1297 008166 1 00075395 00075310 000 340 43064.3388490509
25.11.2017 08:07:56 +00.03880E+00  1313 008166 1 00075396 00075310 000 343 43064.3388530208
25.11.2017 08:08:02 +00.03900E+00  0012 008207 1 00075397 00075397 000 342 43064.3389136227
25.11.2017 08:08:02 +00.03900E+00  0035 008207 1 00075398 00075397 000 343 43064.3389175926
25.11.2017 08:08:02 +00.03900E+00  0052 008207 1 00075399 00075397 000 420 43064.3389224653
25.11.2017 08:08:03 +00.03900E+00  0072 008207 1 00075400 00075397 000 340 43064.338926412
25.11.2017 08:08:03 +00.03900E+00  0081 008207 1 00075401 00075397 000 342 43064.3389303819
25.11.2017 08:08:03 +00.03900E+00  0092 008207 1 00075402 00075397 000 343 43064.3389343634
25.11.2017 08:08:04 +00.03900E+00  0107 008207 1 00075403 00075397 000 377 43064.3389387269
25.11.2017 08:08:04 +00.03900E+00  0131 008207 1 00075404 00075397 000 340 43064.3389426736
25.11.2017 08:08:04 +00.03900E+00  0142 008207 1 00075405 00075397 000 341 43064.3389466319
25.11.2017 08:08:05 +00.03900E+00  0157 008207 1 00075406 00075397 000 343 43064.3389506019
25.11.2017 08:08:05 +00.03900E+00  0173 008207 1 00075407 00075397 000 378 43064.3389549884
25.11.2017 08:08:06 +00.03900E+00  0189 008207 1 00075408 00075397 000 344 43064.3389589815
25.11.2017 08:08:06 +00.03900E+00  0210 008207 1 00075409 00075397 000 342 43064.3389629514
25.11.2017 08:08:06 +00.03900E+00  0223 008207 1 00075410 00075397 000 342 43064.3389669213
25.11.2017 08:08:07 +00.03900E+00  0241 008207 1 00075411 00075397 000 373 43064.33897125
25.11.2017 08:08:07 +00.03899E+00  0256 008207 1 00075412 00075397 000 343 43064.3389752315
25.11.2017 08:08:07 +00.03900E+00  0274 008207 1 00075413 00075397 000 343 43064.3389792014
25.11.2017 08:08:08 +00.03900E+00  0283 008207 1 00075414 00075397 000 343 43064.3389831713
25.11.2017 08:08:08 +00.03899E+00  0303 008207 1 00075415 00075397 000 375 43064.3389875116
25.11.2017 08:08:08 +00.03900E+00  0326 008207 1 00075416 00075397 000 343 43064.3389914815
25.11.2017 08:08:09 +00.03900E+00  0345 008207 1 00075417 00075397 000 343 43064.3389954514
25.11.2017 08:08:09 +00.03900E+00  0361 008207 1 00075418 00075397 000 343 43064.3389994213
25.11.2017 08:08:09 +00.03900E+00  0373 008207 1 00075419 00075397 000 377 43064.3390037847
25.11.2017 08:08:10 +00.03900E+00  0381 008207 1 00075420 00075397 000 340 43064.3390077199
25.11.2017 08:08:10 +00.03899E+00  0389 008207 1 00075421 00075397 000 343 43064.3390117014
25.11.2017 08:08:10 +00.03899E+00  0404 008207 1 00075422 00075397 000 343 43064.3390156713
25.11.2017 08:08:11 +00.03900E+00  0420 008207 1 00075423 00075397 000 378 43064.3390200463
25.11.2017 08:08:11 +00.03900E+00  0439 008207 1 00075424 00075397 000 340 43064.3390239815
25.11.2017 08:08:12 +00.03900E+00  0446 008207 1 00075425 00075397 000 341 43064.3390279398
25.11.2017 08:08:12 +00.03900E+00  0460 008207 1 00075426 00075397 000 342 43064.3390319097
25.11.2017 08:08:12 +00.03900E+00  0476 008207 1 00075427 00075397 000 378 43064.3390362963
25.11.2017 08:08:13 +00.03899E+00  0491 008207 1 00075428 00075397 000 344 43064.3390402893
25.11.2017 08:08:13 +00.03900E+00  0505 008207 1 00075429 00075397 000 342 43064.3390442593
25.11.2017 08:08:13 +00.03900E+00  0519 008207 1 00075430 00075397 000 342 43064.3390482292
25.11.2017 08:08:14 +00.03900E+00  0529 008207 1 00075431 00075397 000 373 43064.3390525579
25.11.2017 08:08:14 +00.03899E+00  0538 008207 1 00075432 00075397 000 343 43064.3390565393
25.11.2017 08:08:14 +00.03899E+00  0558 008207 1 00075433 00075397 000 343 43064.3390605093
25.11.2017 08:08:15 +00.03900E+00  0570 008207 1 00075434 00075397 000 342 43064.3390644792
25.11.2017 08:08:15 +00.03900E+00  0584 008207 1 00075435 00075397 000 374 43064.3390688194
25.11.2017 08:08:15 +00.03900E+00  0590 008207 1 00075436 00075397 000 342 43064.3390727893
25.11.2017 08:08:16 +00.03900E+00  0603 008207 1 00075437 00075397 000 343 43064.3390767593
25.11.2017 08:08:16 +00.03900E+00  0617 008207 1 00075438 00075397 000 343 43064.3390807292
25.11.2017 08:08:16 +00.03900E+00  0634 008207 1 00075439 00075397 000 377 43064.3390850926
25.11.2017 08:08:17 +00.03900E+00  0653 008207 1 00075440 00075397 000 341 43064.3390890393
25.11.2017 08:08:17 +00.03900E+00  0665 008207 1 00075441 00075397 000 343 43064.3390930093
25.11.2017 08:08:17 +00.03900E+00  0679 008207 1 00075442 00075397 000 343 43064.3390969792
25.11.2017 08:08:18 +00.03900E+00  0691 008207 1 00075443 00075397 000 378 43064.3391013542
25.11.2017 08:08:18 +00.03900E+00  0701 008207 1 00075444 00075397 000 340 43064.3391052893
25.11.2017 08:08:19 +00.03900E+00  0715 008207 1 00075445 00075397 000 342 43064.3391092593
25.11.2017 08:08:19 +00.03900E+00  0729 008207 1 00075446 00075397 000 343 43064.3391132292
25.11.2017 08:08:19 +00.03899E+00  0739 008207 1 00075447 00075397 000 379 43064.3391176157
25.11.2017 08:08:20 +00.03899E+00  0754 008207 1 00075448 00075397 000 345 43064.3391216088
25.11.2017 08:08:20 +00.03900E+00  0768 008207 1 00075449 00075397 000 343 43064.3391255787
25.11.2017 08:08:20 +00.03899E+00  0790 008207 1 00075450 00075397 000 343 43064.3391295486
25.11.2017 08:08:21 +00.03900E+00  0801 008207 1 00075451 00075397 000 374 43064.3391338773
25.11.2017 08:08:21 +00.03900E+00  0815 008207 1 00075452 00075397 000 344 43064.3391378588
25.11.2017 08:08:21 +00.03900E+00  0825 008207 1 00075453 00075397 000 342 43064.3391418171
25.11.2017 08:08:22 +00.03900E+00  0844 008207 1 00075454 00075397 000 342 43064.339145787
25.11.2017 08:08:22 +00.03900E+00  0852 008207 1 00075455 00075397 000 375 43064.3391501389
25.11.2017 08:08:22 +00.03900E+00  0864 008207 1 00075456 00075397 000 342 43064.3391540972
25.11.2017 08:08:23 +00.03900E+00  0877 008207 1 00075457 00075397 000 342 43064.3391580671
25.11.2017 08:08:23 +00.03900E+00  0887 008207 1 00075458 00075397 000 342 43064.339162037
25.11.2017 08:08:23 +00.03899E+00  0905 008207 1 00075459 00075397 000 375 43064.3391663889
25.11.2017 08:08:24 +00.03900E+00  0924 008207 1 00075460 00075397 000 341 43064.3391703472
25.11.2017 08:08:24 +00.03900E+00  0941 008207 1 00075461 00075397 000 343 43064.3391743171
25.11.2017 08:08:25 +00.03900E+00  0964 008207 1 00075462 00075397 000 342 43064.339178287
25.11.2017 08:08:25 +00.03900E+00  0981 008207 1 00075463 00075397 000 378 43064.339182662
25.11.2017 08:08:25 +00.03900E+00  0996 008207 1 00075464 00075397 000 340 43064.3391866088
25.11.2017 08:08:26 +00.03900E+00  1010 008207 1 00075465 00075397 000 342 43064.3391905787
25.11.2017 08:08:26 +00.03900E+00  1020 008207 1 00075466 00075397 000 342 43064.339194537
25.11.2017 08:08:26 +00.03900E+00  1033 008207 1 00075467 00075397 000 379 43064.3391989236
25.11.2017 08:08:27 +00.03899E+00  1047 008207 1 00075468 00075397 000 340 43064.3392028588
25.11.2017 08:08:27 +00.03899E+00  1059 008207 1 00075469 00075397 000 341 43064.3392068171
25.11.2017 08:08:27 +00.03900E+00  1069 008207 1 00075470 00075397 000 343 43064.339210787
25.11.2017 08:08:28 +00.03900E+00  1088 008207 1 00075471 00075397 000 380 43064.3392151852
25.11.2017 08:08:28 +00.03900E+00  1102 008207 1 00075472 00075397 000 344 43064.3392191667
25.11.2017 08:08:28 +00.03900E+00  1118 008207 1 00075473 00075397 000 343 43064.3392231366
25.11.2017 08:08:29 +00.03899E+00  1128 008207 1 00075474 00075397 000 343 43064.3392271065
25.11.2017 08:08:29 +00.03900E+00  1137 008207 1 00075475 00075397 000 375 43064.3392314468
25.11.2017 08:08:29 +00.03900E+00  1157 008207 1 00075476 00075397 000 342 43064.3392354051
25.11.2017 08:08:30 +00.03900E+00  1174 008207 1 00075477 00075397 000 343 43064.3392393866
25.11.2017 08:08:30 +00.03899E+00  1191 008207 1 00075478 00075397 000 343 43064.3392433565
25.11.2017 08:08:31 +00.03900E+00  1201 008207 1 00075479 00075397 000 376 43064.3392477083
25.11.2017 08:08:31 +00.03900E+00  1223 008207 1 00075480 00075397 000 341 43064.3392516551
25.11.2017 08:08:31 +00.03900E+00  1235 008207 1 00075481 00075397 000 342 43064.339255625
25.11.2017 08:08:32 +00.03899E+00  1254 008207 1 00075482 00075397 000 342 43064.3392595949
25.11.2017 08:08:32 +00.03900E+00  1265 008207 1 00075483 00075397 000 376 43064.3392639583
25.11.2017 08:08:37 +00.03920E+00  0016 008250 1 00075484 00075484 000 342 43064.3393243981
25.11.2017 08:08:38 +00.03920E+00  0027 008250 1 00075485 00075484 000 399 43064.3393290162
25.11.2017 08:08:38 +00.03920E+00  0043 008250 1 00075486 00075484 000 344 43064.3393329977
25.11.2017 08:08:38 +00.03920E+00  0055 008250 1 00075487 00075484 000 342 43064.3393369676
25.11.2017 08:08:39 +00.03920E+00  0065 008250 1 00075488 00075484 000 344 43064.3393409491
25.11.2017 08:08:39 +00.03920E+00  0078 008250 1 00075489 00075484 000 374 43064.3393452778
25.11.2017 08:08:39 +00.03920E+00  0089 008250 1 00075490 00075484 000 342 43064.3393492477
25.11.2017 08:08:40 +00.03920E+00  0102 008250 1 00075491 00075484 000 343 43064.3393532176
25.11.2017 08:08:40 +00.03920E+00  0117 008250 1 00075492 00075484 000 343 43064.3393571875
25.11.2017 08:08:40 +00.03920E+00  0137 008250 1 00075493 00075484 000 376 43064.3393615394
25.11.2017 08:08:41 +00.03920E+00  0156 008250 1 00075494 00075484 000 342 43064.3393654977
25.11.2017 08:08:41 +00.03920E+00  0175 008250 1 00075495 00075484 000 343 43064.3393694676
25.11.2017 08:08:41 +00.03920E+00  0189 008250 1 00075496 00075484 000 343 43064.3393734375
25.11.2017 08:08:42 +00.03920E+00  0197 008250 1 00075497 00075484 000 377 43064.3393778009
25.11.2017 08:08:42 +00.03920E+00  0210 008250 1 00075498 00075484 000 340 43064.3393817361
25.11.2017 08:08:42 +00.03920E+00  0235 008250 1 00075499 00075484 000 343 43064.3393857176
25.11.2017 08:08:43 +00.03920E+00  0249 008250 1 00075500 00075484 000 343 43064.3393896875
25.11.2017 08:08:43 +00.03920E+00  0272 008250 1 00075501 00075484 000 378 43064.3393940625
25.11.2017 08:08:43 +00.03920E+00  0285 008250 1 00075502 00075484 000 345 43064.3393980671
25.11.2017 08:08:44 +00.03920E+00  0300 008250 1 00075503 00075484 000 342 43064.3394020255
25.11.2017 08:08:44 +00.03920E+00  0314 008250 1 00075504 00075484 000 343 43064.3394060069
25.11.2017 08:08:45 +00.03920E+00  0334 008250 1 00075505 00075484 000 373 43064.3394103241
25.11.2017 08:08:45 +00.03920E+00  0357 008250 1 00075506 00075484 000 344 43064.3394143056
25.11.2017 08:08:45 +00.03920E+00  0373 008250 1 00075507 00075484 000 342 43064.3394182755
25.11.2017 08:08:46 +00.03920E+00  0388 008250 1 00075508 00075484 000 342 43064.3394222454
25.11.2017 08:08:46 +00.03920E+00  0394 008250 1 00075509 00075484 000 374 43064.3394265856
25.11.2017 08:08:46 +00.03920E+00  0407 008250 1 00075510 00075484 000 342 43064.3394305556
25.11.2017 08:08:47 +00.03920E+00  0421 008250 1 00075511 00075484 000 342 43064.3394345255
25.11.2017 08:08:47 +00.03920E+00  0432 008250 1 00075512 00075484 000 342 43064.3394384954
25.11.2017 08:08:47 +00.03920E+00  0440 008250 1 00075513 00075484 000 375 43064.3394428472
25.11.2017 08:08:48 +00.03920E+00  0457 008250 1 00075514 00075484 000 341 43064.3394468056
25.11.2017 08:08:48 +00.03920E+00  0473 008250 1 00075515 00075484 000 343 43064.3394507755
25.11.2017 08:08:48 +00.03920E+00  0491 008250 1 00075516 00075484 000 343 43064.3394547454
25.11.2017 08:08:49 +00.03920E+00  0510 008250 1 00075517 00075484 000 377 43064.3394591088
25.11.2017 08:08:49 +00.03920E+00  0527 008250 1 00075518 00075484 000 341 43064.3394630556
25.11.2017 08:08:49 +00.03920E+00  0548 008250 1 00075519 00075484 000 343 43064.3394670255
25.11.2017 08:08:50 +00.03920E+00  0558 008250 1 00075520 00075484 000 343 43064.3394709954
25.11.2017 08:08:50 +00.03920E+00  0571 008250 1 00075521 00075484 000 378 43064.3394753704
25.11.2017 08:08:51 +00.03920E+00  0592 008250 1 00075522 00075484 000 340 43064.3394793056
25.11.2017 08:08:51 +00.03920E+00  0606 008250 1 00075523 00075484 000 341 43064.3394832639
25.11.2017 08:08:51 +00.03920E+00  0632 008250 1 00075524 00075484 000 342 43064.3394872454
25.11.2017 08:08:52 +00.03920E+00  0644 008250 1 00075525 00075484 000 380 43064.3394916435
25.11.2017 08:08:52 +00.03920E+00  0657 008250 1 00075526 00075484 000 344 43064.339495625
25.11.2017 08:08:52 +00.03920E+00  0677 008250 1 00075527 00075484 000 343 43064.3394995949
25.11.2017 08:08:53 +00.03920E+00  0691 008250 1 00075528 00075484 000 343 43064.3395035648
25.11.2017 08:08:53 +00.03920E+00  0699 008250 1 00075529 00075484 000 374 43064.3395078935
25.11.2017 08:08:53 +00.03920E+00  0707 008250 1 00075530 00075484 000 343 43064.3395118634
25.11.2017 08:08:54 +00.03920E+00  0713 008250 1 00075531 00075484 000 342 43064.3395158333
25.11.2017 08:08:54 +00.03920E+00  0725 008250 1 00075532 00075484 000 342 43064.3395198032
25.11.2017 08:08:54 +00.03920E+00  0738 008250 1 00075533 00075484 000 376 43064.3395241667
25.11.2017 08:08:55 +00.03920E+00  0755 008250 1 00075534 00075484 000 341 43064.3395281134
25.11.2017 08:08:55 +00.03920E+00  0767 008250 1 00075535 00075484 000 342 43064.3395320833
25.11.2017 08:08:55 +00.03920E+00  0783 008250 1 00075536 00075484 000 342 43064.3395360532
25.11.2017 08:08:56 +00.03920E+00  0807 008250 1 00075537 00075484 000 376 43064.3395404167
25.11.2017 08:08:56 +00.03920E+00  0814 008250 1 00075538 00075484 000 340 43064.3395443634
25.11.2017 08:08:56 +00.03920E+00  0830 008250 1 00075539 00075484 000 342 43064.3395483333
25.11.2017 08:08:57 +00.03920E+00  0842 008250 1 00075540 00075484 000 343 43064.3395523032
25.11.2017 08:08:57 +00.03920E+00  0858 008250 1 00075541 00075484 000 378 43064.3395566782
25.11.2017 08:08:58 +00.03920E+00  0869 008250 1 00075542 00075484 000 340 43064.3395606134
25.11.2017 08:08:58 +00.03920E+00  0880 008250 1 00075543 00075484 000 342 43064.3395645833
25.11.2017 08:08:58 +00.03920E+00  0892 008250 1 00075544 00075484 000 343 43064.3395685532
25.11.2017 08:08:59 +00.03920E+00  0907 008250 1 00075545 00075484 000 379 43064.3395729398
25.11.2017 08:08:59 +00.03920E+00  0919 008250 1 00075546 00075484 000 340 43064.339576875
25.11.2017 08:08:59 +00.03920E+00  0932 008250 1 00075547 00075484 000 341 43064.3395808333
25.11.2017 08:09:00 +00.03920E+00  0942 008250 1 00075548 00075484 000 343 43064.3395848032
25.11.2017 08:09:00 +00.03920E+00  0955 008250 1 00075549 00075484 000 381 43064.339589213
25.11.2017 08:09:00 +00.03920E+00  0972 008250 1 00075550 00075484 000 343 43064.3395931829
25.11.2017 08:09:01 +00.03920E+00  0986 008250 1 00075551 00075484 000 343 43064.3395971528
25.11.2017 08:09:01 +00.03920E+00  1006 008250 1 00075552 00075484 000 343 43064.3396011227
25.11.2017 08:09:01 +00.03920E+00  1025 008250 1 00075553 00075484 000 376 43064.3396054745
25.11.2017 08:09:02 +00.03920E+00  1042 008250 1 00075554 00075484 000 341 43064.3396094213
25.11.2017 08:09:02 +00.03920E+00  1062 008250 1 00075555 00075484 000 343 43064.3396134028
25.11.2017 08:09:02 +00.03920E+00  1078 008250 1 00075556 00075484 000 343 43064.3396173727
25.11.2017 08:09:03 +00.03920E+00  1098 008250 1 00075557 00075484 000 377 43064.3396217361
25.11.2017 08:09:03 +00.03920E+00  1117 008250 1 00075558 00075484 000 340 43064.3396256713
25.11.2017 08:09:04 +00.03920E+00  1130 008250 1 00075559 00075484 000 342 43064.3396296412
25.11.2017 08:09:04 +00.03920E+00  1141 008250 1 00075560 00075484 000 342 43064.3396336111
25.11.2017 08:09:04 +00.03920E+00  1148 008250 1 00075561 00075484 000 377 43064.3396379861
25.11.2017 08:09:05 +00.03920E+00  1171 008250 1 00075562 00075484 000 341 43064.3396419444
25.11.2017 08:09:05 +00.03920E+00  1186 008250 1 00075563 00075484 000 341 43064.3396458912
25.11.2017 08:09:05 +00.03920E+00  1204 008250 1 00075564 00075484 000 343 43064.3396498611
25.11.2017 08:09:06 +00.03920E+00  1213 008250 1 00075565 00075484 000 378 43064.3396542477
25.11.2017 08:09:06 +00.03920E+00  1227 008250 1 00075566 00075484 000 344 43064.3396582407
25.11.2017 08:09:06 +00.03920E+00  1239 008250 1 00075567 00075484 000 342 43064.3396622106
25.11.2017 08:09:07 +00.03920E+00  1255 008250 1 00075568 00075484 000 342 43064.3396661806
25.11.2017 08:09:07 +00.03920E+00  1271 008250 1 00075569 00075484 000 374 43064.3396705208
25.11.2017 08:09:07 +00.03920E+00  1285 008250 1 00075570 00075484 000 343 43064.3396744907