
25.11.2017 08:09:12 +00.03980E+00  0014 008375 1 00075571 00075571 000 342 43064.3397267593
25.11.2017 08:09:12 +00.03980E+00  0031 008375 1 00075572 00075571 000 342 43064.3397307292
25.11.2017 08:09:13 +00.03980E+00  0046 008375 1 00075573 00075571 000 416 43064.3397355556
25.11.2017 08:09:13 +00.03979E+00  0060 008375 1 00075574 00075571 000 344 43064.3397395486
25.11.2017 08:09:13 +00.03980E+00  0077 008375 1 00075575 00075571 000 342 43064.3397435185
25.11.2017 08:09:14 +00.03980E+00  0092 008375 1 00075576 00075571 000 342 43064.3397474884
25.11.2017 08:09:14 +00.03980E+00  0111 008375 1 00075577 00075571 000 373 43064.3397518171
25.11.2017 08:09:14 +00.03980E+00  0126 008375 1 00075578 00075571 000 343 43064.3397557986
25.11.2017 08:09:15 +00.03980E+00  0141 008375 1 00075579 00075571 000 342 43064.3397597685
25.11.2017 08:09:15 +00.03980E+00  0153 008375 1 00075580 00075571 000 342 43064.3397637384
25.11.2017 08:09:15 +00.03980E+00  0175 008375 1 00075581 00075571 000 375 43064.3397680903
25.11.2017 08:09:16 +00.03979E+00  0188 008375 1 00075582 00075571 000 342 43064.3397720486
25.11.2017 08:09:16 +00.03979E+00  0197 008375 1 00075583 00075571 000 343 43064.3397760185
25.11.2017 08:09:16 +00.03979E+00  0208 008375 1 00075584 00075571 000 344 43064.33978
25.11.2017 08:09:17 +00.03980E+00  0222 008375 1 00075585 00075571 000 376 43064.3397843519
25.11.2017 08:09:17 +00.03979E+00  0235 008375 1 00075586 00075571 000 340 43064.3397882986
25.11.2017 08:09:18 +00.03980E+00  0257 008375 1 00075587 00075571 000 342 43064.3397922685
25.11.2017 08:09:18 +00.03980E+00  0272 008375 1 00075588 00075571 000 343 43064.3397962384
25.11.2017 08:09:18 +00.03980E+00  0282 008375 1 00075589 00075571 000 378 43064.3398006134
25.11.2017 08:09:19 +00.03980E+00  0296 008375 1 00075590 00075571 000 340 43064.3398045486
25.11.2017 08:09:19 +00.03980E+00  0307 008375 1 00075591 00075571 000 341 43064.3398085069
25.11.2017 08:09:19 +00.03980E+00  0325 008375 1 00075592 00075571 000 343 43064.3398124884
25.11.2017 08:09:20 +00.03980E+00  0335 008375 1 00075593 00075571 000 379 43064.339816875
25.11.2017 08:09:20 +00.03979E+00  0346 008375 1 00075594 00075571 000 345 43064.3398208681
25.11.2017 08:09:20 +00.03980E+00  0362 008375 1 00075595 00075571 000 343 43064.339824838
25.11.2017 08:09:21 +00.03980E+00  0377 008375 1 00075596 00075571 000 343 43064.3398288079
25.11.2017 08:09:21 +00.03980E+00  0392 008375 1 00075597 00075571 000 374 43064.3398331366
25.11.2017 08:09:21 +00.03979E+00  0413 008375 1 00075598 00075571 000 343 43064.3398371065
25.11.2017 08:09:22 +00.03980E+00  0430 008375 1 00075599 00075571 000 342 43064.3398410764
25.11.2017 08:09:22 +00.03980E+00  0446 008375 1 00075600 00075571 000 343 43064.3398450579
25.11.2017 08:09:22 +00.03980E+00  0463 008375 1 00075601 00075571 000 375 43064.3398493982
25.11.2017 08:09:23 +00.03979E+00  0476 008375 1 00075602 00075571 000 342 43064.3398533565
25.11.2017 08:09:23 +00.03979E+00  0495 008375 1 00075603 00075571 000 342 43064.3398573264
25.11.2017 08:09:24 +00.03979E+00  0516 008375 1 00075604 00075571 000 342 43064.3398612963
25.11.2017 08:09:24 +00.03980E+00  0529 008375 1 00075605 00075571 000 375 43064.3398656482
25.11.2017 08:09:24 +00.03980E+00  0549 008375 1 00075606 00075571 000 341 43064.3398696065
25.11.2017 08:09:25 +00.03980E+00  0567 008375 1 00075607 00075571 000 342 43064.3398735764
25.11.2017 08:09:25 +00.03979E+00  0580 008375 1 00075608 00075571 000 343 43064.3398775463
25.11.2017 08:09:25 +00.03980E+00  0593 008375 1 00075609 00075571 000 378 43064.3398819213
25.11.2017 08:09:26 +00.03979E+00  0613 008375 1 00075610 00075571 000 340 43064.3398858681
25.11.2017 08:09:26 +00.03980E+00  0625 008375 1 00075611 00075571 000 341 43064.3398898264
25.11.2017 08:09:26 +00.03980E+00  0638 008375 1 00075612 00075571 000 343 43064.3398937963
25.11.2017 08:09:27 +00.03980E+00  0651 008375 1 00075613 00075571 000 379 43064.3398981829
25.11.2017 08:09:27 +00.03979E+00  0670 008375 1 00075614 00075571 000 340 43064.3399021181
25.11.2017 08:09:27 +00.03979E+00  0685 008375 1 00075615 00075571 000 341 43064.3399060764
25.11.2017 08:09:28 +00.03980E+00  0697 008377 1 00075616 00075571 000 343 43064.3399100463
25.11.2017 08:09:28 +00.03980E+00  0721 008377 1 00075617 00075571 000 380 43064.3399144444
25.11.2017 08:09:28 +00.03980E+00  0737 008377 1 00075618 00075571 000 344 43064.3399184259
25.11.2017 08:09:29 +00.03980E+00  0752 008377 1 00075619 00075571 000 343 43064.3399223958
25.11.2017 08:09:29 +00.03980E+00  0769 008377 1 00075620 00075571 000 343 43064.3399263657
25.11.2017 08:09:30 +00.03980E+00  0788 008377 1 00075621 00075571 000 375 43064.339930706
25.11.2017 08:09:30 +00.03981E+00  0802 008377 1 00075622 00075571 000 343 43064.3399346759
25.11.2017 08:09:30 +00.03981E+00  0821 008377 1 00075623 00075571 000 342 43064.3399386343
25.11.2017 08:09:31 +00.03981E+00  0832 008377 1 00075624 00075571 000 343 43064.3399426157
25.11.2017 08:09:31 +00.03981E+00  0845 008377 1 00075625 00075571 000 376 43064.3399469676
25.11.2017 08:09:31 +00.03980E+00  0855 008377 1 00075626 00075571 000 342 43064.3399509259
25.11.2017 08:09:32 +00.03981E+00  0874 008377 1 00075627 00075571 000 342 43064.3399548843
25.11.2017 08:09:32 +00.03981E+00  0883 008377 1 00075628 00075571 000 342 43064.3399588542
25.11.2017 08:09:32 +00.03981E+00  0894 008377 1 00075629 00075571 000 376 43064.3399632176
25.11.2017 08:09:33 +00.03981E+00  0912 008375 1 00075630 00075571 000 340 43064.3399671643
25.11.2017 08:09:33 +00.03980E+00  0922 008375 1 00075631 00075571 000 343 43064.3399711343
25.11.2017 08:09:33 +00.03980E+00  0935 008375 1 00075632 00075571 000 343 43064.3399751042
25.11.2017 08:09:34 +00.03979E+00  0946 008375 1 00075633 00075571 000 379 43064.3399794907
25.11.2017 08:09:34 +00.03979E+00  0958 008375 1 00075634 00075571 000 340 43064.3399834259
25.11.2017 08:09:34 +00.03980E+00  0968 008375 1 00075635 00075571 000 341 43064.3399873843
25.11.2017 08:09:35 +00.03980E+00  0989 008375 1 00075636 00075571 000 343 43064.3399913542
25.11.2017 08:09:35 +00.03979E+00  1009 008375 1 00075637 00075571 000 380 43064.3399957523
25.11.2017 08:09:35 +00.03979E+00  1026 008375 1 00075638 00075571 000 344 43064.3399997338
25.11.2017 08:09:36 +00.03979E+00  1041 008375 1 00075639 00075571 000 343 43064.3400037037
25.11.2017 08:09:36 +00.03979E+00  1054 008375 1 00075640 00075571 000 343 43064.3400076736
25.11.2017 08:09:37 +00.03980E+00  1072 008375 1 00075641 00075571 000 375 43064.3400120139
25.11.2017 08:09:37 +00.03980E+00  1094 008375 1 00075642 00075571 000 343 43064.3400159838
25.11.2017 08:09:37 +00.03980E+00  1103 008375 1 00075643 00075571 000 343 43064.3400199537
25.11.2017 08:09:38 +00.03980E+00  1128 008375 1 00075644 00075571 000 343 43064.3400239236
25.11.2017 08:09:38 +00.03980E+00  1143 008375 1 00075645 00075571 000 376 43064.3400282755
25.11.2017 08:09:38 +00.03980E+00  1158 008375 1 00075646 00075571 000 341 43064.3400322222
25.11.2017 08:09:39 +00.03980E+00  1179 008375 1 00075647 00075571 000 343 43064.3400362037
25.11.2017 08:09:39 +00.03980E+00  1193 008375 1 00075648 00075571 000 343 43064.3400401736
25.11.2017 08:09:39 +00.03980E+00  1207 008375 1 00075649 00075571 000 377 43064.340044537
25.11.2017 08:09:40 +00.03980E+00  1225 008375 1 00075650 00075571 000 340 43064.3400484722
25.11.2017 08:09:40 +00.03980E+00  1233 008375 1 00075651 00075571 000 343 43064.3400524537
25.11.2017 08:09:40 +00.03980E+00  1244 008375 1 00075652 00075571 000 343 43064.3400564236
25.11.2017 08:09:41 +00.03980E+00  1264 008375 1 00075653 00075571 000 378 43064.3400607986
25.11.2017 08:09:41 +00.03980E+00  1284 008375 1 00075654 00075571 000 344 43064.3400647917
25.11.2017 08:09:41 +00.03979E+00  1299 008375 1 00075655 00075571 000 342 43064.3400687616
25.11.2017 08:09:42 +00.03979E+00  1317 008375 1 00075656 00075571 000 343 43064.3400727431
25.11.2017 08:09:47 +00.03990E+00  0013 008396 1 00075657 00075657 000 342 43064.3401374769
25.11.2017 08:09:48 +00.03990E+00  0026 008396 1 00075658 00075657 000 400 43064.3401421065
25.11.2017 08:09:48 +00.03990E+00  0042 008396 1 00075659 00075657 000 343 43064.3401460764
25.11.2017 08:09:48 +00.03990E+00  0061 008396 1 00075660 00075657 000 342 43064.3401500463
25.11.2017 08:09:49 +00.03989E+00  0074 008396 1 00075661 00075657 000 342 43064.3401540162
25.11.2017 08:09:49 +00.03990E+00  0091 008396 1 00075662 00075657 000 376 43064.3401583681
25.11.2017 08:09:50 +00.03990E+00  0106 008396 1 00075663 00075657 000 341 43064.3401623264
25.11.2017 08:09:50 +00.03989E+00  0122 008396 1 00075664 00075657 000 343 43064.3401662963
25.11.2017 08:09:50 +00.03990E+00  0139 008396 1 00075665 00075657 000 343 43064.3401702662
25.11.2017 08:09:51 +00.03989E+00  0153 008396 1 00075666 00075657 000 377 43064.3401746296
25.11.2017 08:09:51 +00.03989E+00  0170 008396 1 00075667 00075657 000 341 43064.3401785764
25.11.2017 08:09:51 +00.03989E+00  0181 008396 1 00075668 00075657 000 343 43064.3401825463
25.11.2017 08:09:52 +00.03989E+00  0192 008396 1 00075669 00075657 000 343 43064.3401865162
25.11.2017 08:09:52 +00.03990E+00  0210 008396 1 00075670 00075657 000 378 43064.3401908912
25.11.2017 08:09:52 +00.03990E+00  0222 008396 1 00075671 00075657 000 340 43064.3401948264
25.11.2017 08:09:53 +00.03989E+00  0235 008396 1 00075672 00075657 000 343 43064.3401987963
25.11.2017 08:09:53 +00.03989E+00  0254 008396 1 00075673 00075657 000 342 43064.3402027546
25.11.2017 08:09:53 +00.03990E+00  0263 008396 1 00075674 00075657 000 380 43064.3402071644
25.11.2017 08:09:54 +00.03990E+00  0281 008396 1 00075675 00075657 000 344 43064.3402111458
25.11.2017 08:09:54 +00.03990E+00  0300 008396 1 00075676 00075657 000 343 43064.3402151157
25.11.2017 08:09:54 +00.03990E+00  0314 008396 1 00075677 00075657 000 343 43064.3402190857
25.11.2017 08:09:55 +00.03989E+00  0330 008396 1 00075678 00075657 000 374 43064.3402234144
25.11.2017 08:09:55 +00.03990E+00  0340 008396 1 00075679 00075657 000 343 43064.3402273843
25.11.2017 08:09:55 +00.03989E+00  0354 008396 1 00075680 00075657 000 342 43064.3402313542
25.11.2017 08:09:56 +00.03989E+00  0365 008396 1 00075681 00075657 000 342 43064.3402353241
25.11.2017 08:09:56 +00.03989E+00  0381 008396 1 00075682 00075657 000 375 43064.3402396759
25.11.2017 08:09:57 +00.03990E+00  0400 008396 1 00075683 00075657 000 342 43064.3402436458
25.11.2017 08:09:57 +00.03990E+00  0412 008396 1 00075684 00075657 000 342 43064.3402476042
25.11.2017 08:09:57 +00.03989E+00  0426 008396 1 00075685 00075657 000 342 43064.3402515741
25.11.2017 08:09:58 +00.03990E+00  0443 008396 1 00075686 00075657 000 376 43064.3402559375
25.11.2017 08:09:58 +00.03990E+00  0454 008396 1 00075687 00075657 000 340 43064.3402598843
25.11.2017 08:09:58 +00.03989E+00  0473 008396 1 00075688 00075657 000 343 43064.3402638542
25.11.2017 08:09:59 +00.03990E+00  0492 008396 1 00075689 00075657 000 343 43064.3402678241
25.11.2017 08:09:59 +00.03990E+00  0508 008396 1 00075690 00075657 000 378 43064.3402721991
25.11.2017 08:09:59 +00.03990E+00  0525 008396 1 00075691 00075657 000 340 43064.3402761343
25.11.2017 08:10:00 +00.03990E+00  0539 008396 1 00075692 00075657 000 342 43064.3402801042
25.11.2017 08:10:00 +00.03990E+00  0553 008396 1 00075693 00075657 000 343 43064.3402840741
25.11.2017 08:10:00 +00.03990E+00  0574 008396 1 00075694 00075657 000 379 43064.3402884606
25.11.2017 08:10:01 +00.03990E+00  0589 008396 1 00075695 00075657 000 340 43064.3402923958
25.11.2017 08:10:01 +00.03990E+00  0599 008396 1 00075696 00075657 000 342 43064.3402963542
25.11.2017 08:10:01 +00.03989E+00  0611 008396 1 00075697 00075657 000 343 43064.3403003241
25.11.2017 08:10:02 +00.03990E+00  0624 008396 1 00075698 00075657 000 381 43064.3403047338
25.11.2017 08:10:02 +00.03990E+00  0639 008396 1 00075699 00075657 000 343 43064.3403087037
25.11.2017 08:10:03 +00.03990E+00  0651 008396 1 00075700 00075657 000 343 43064.3403126736
25.11.2017 08:10:03 +00.03990E+00  0662 008396 1 00075701 00075657 000 343 43064.3403166435
25.11.2017 08:10:03 +00.03989E+00  0679 008396 1 00075702 00075657 000 375 43064.3403209838
25.11.2017 08:10:04 +00.03989E+00  0693 008396 1 00075703 00075657 000 342 43064.3403249421
25.11.2017 08:10:04 +00.03989E+00  0708 008396 1 00075704 00075657 000 343 43064.3403289236
25.11.2017 08:10:04 +00.03989E+00  0724 008396 1 00075705 00075657 000 343 43064.3403328935
25.11.2017 08:10:05 +00.03990E+00  0735 008396 1 00075706 00075657 000 376 43064.3403372454
25.11.2017 08:10:05 +00.03989E+00  0748 008396 1 00075707 00075657 000 342 43064.3403412037
25.11.2017 08:10:05 +00.03990E+00  0767 008396 1 00075708 00075657 000 342 43064.340345162
25.11.2017 08:10:06 +00.03990E+00  0776 008396 1 00075709 00075657 000 343 43064.3403491319
25.11.2017 08:10:06 +00.03990E+00  0791 008396 1 00075710 00075657 000 377 43064.3403535069
25.11.2017 08:10:06 +00.03990E+00  0808 008396 1 00075711 00075657 000 340 43064.3403574537
25.11.2017 08:10:07 +00.03989E+00  0823 008396 1 00075712 00075657 000 341 43064.340361412
25.11.2017 08:10:07 +00.03990E+00  0842 008396 1 00075713 00075657 000 343 43064.3403653819
25.11.2017 08:10:07 +00.03990E+00  0857 008396 1 00075714 00075657 000 379 43064.3403697685
25.11.2017 08:10:08 +00.03990E+00  0878 008396 1 00075715 00075657 000 344 43064.3403737616
25.11.2017 08:10:08 +00.03989E+00  0891 008396 1 00075716 00075657 000 342 43064.3403777315
25.11.2017 08:10:08 +00.03990E+00  0900 008398 1 00075717 00075657 000 343 43064.3403817014
25.11.2017 08:10:09 +00.03990E+00  0917 008398 1 00075718 00075657 000 373 43064.3403860301
25.11.2017 08:10:09 +00.03990E+00  0931 008398 1 00075719 00075657 000 343 43064.3403900116
25.11.2017 08:10:10 +00.03991E+00  0945 008398 1 00075720 00075657 000 343 43064.3403939815
25.11.2017 08:10:10 +00.03991E+00  0957 008398 1 00075721 00075657 000 343 43064.3403979514
25.11.2017 08:10:10 +00.03991E+00  0973 008398 1 00075722 00075657 000 375 43064.3404022917
25.11.2017 08:10:11 +00.03991E+00  0983 008398 1 00075723 00075657 000 343 43064.3404062616
25.11.2017 08:10:11 +00.03991E+00  0997 008398 1 00075724 00075657 000 343 43064.3404102315
25.11.2017 08:10:11 +00.03991E+00  1010 008398 1 00075725 00075657 000 343 43064.3404142014
25.11.2017 08:10:12 +00.03991E+00  1024 008398 1 00075726 00075657 000 377 43064.3404185648
25.11.2017 08:10:12 +00.03990E+00  1043 008398 1 00075727 00075657 000 341 43064.3404225116
25.11.2017 08:10:12 +00.03990E+00  1063 008398 1 00075728 00075657 000 342 43064.3404264699
25.11.2017 08:10:13 +00.03991E+00  1072 008398 1 00075729 00075657 000 343 43064.3404304514
25.11.2017 08:10:13 +00.03991E+00  1087 008398 1 00075730 00075657 000 377 43064.3404348148
25.11.2017 08:10:13 +00.03991E+00  1095 008398 1 00075731 00075657 000 340 43064.34043875
25.11.2017 08:10:14 +00.03990E+00  1110 008396 1 00075732 00075657 000 342 43064.3404427199
25.11.2017 08:10:14 +00.03990E+00  1124 008396 1 00075733 00075657 000 342 43064.3404466898
25.11.2017 08:10:14 +00.03990E+00  1136 008396 1 00075734 00075657 000 378 43064.3404510764
25.11.2017 08:10:15 +00.03990E+00  1147 008396 1 00075735 00075657 000 344 43064.3404550694
25.11.2017 08:10:15 +00.03990E+00  1155 008396 1 00075736 00075657 000 343 43064.3404590509
25.11.2017 08:10:16 +00.03990E+00  1167 008396 1 00075737 00075657 000 342 43064.3404630093
25.11.2017 08:10:16 +00.03990E+00  1180 008396 1 00075738 00075657 000 374 43064.3404673495
25.11.2017 08:10:16 +00.03990E+00  1201 008396 1 00075739 00075657 000 343 43064.3404713194
25.11.2017 08:10:17 +00.03990E+00  1211 008396 1 00075740 00075657 000 342 43064.3404752894
25.11.2017 08:10:17 +00.03990E+00  1229 008396 1 00075741 00075657 000 343 43064.3404792593
25.11.2017 08:10:17 +00.03990E+00  1251 008396 1 00075742 00075657 000 374 43064.3404835995
25.11.2017 08:10:18 +00.03989E+00  1260 008396 1 00075743 00075657 000 342 43064.3404875694
25.11.2017 08:10:23 +00.04000E+00  0010 008417 1 00075744 00075744 000 378 43064.3405486574
25.11.2017 08:10:23 +00.04000E+00  0023 008417 1 00075745 00075744 000 340 43064.3405525926
25.11.2017 08:10:24 +00.04000E+00  0035 008417 1 00075746 00075744 000 342 43064.3405565625
25.11.2017 08:10:24 +00.03999E+00  0045 008417 1 00075747 00075744 000 343 43064.3405605324
25.11.2017 08:10:24 +00.03999E+00  0057 008417 1 00075748 00075744 000 379 43064.340564919
25.11.2017 08:10:25 +00.03999E+00  0084 008417 1 00075749 00075744 000 345 43064.340568912
25.11.2017 08:10:25 +00.03999E+00  0100 008417 1 00075750 00075744 000 343 43064.3405728819
25.11.2017 08:10:25 +00.03999E+00  0118 008417 1 00075751 00075744 000 343 43064.3405768518
25.11.2017 08:10:26 +00.04000E+00  0140 008417 1 00075752 00075744 000 374 43064.3405811806
25.11.2017 08:10:26 +00.04000E+00  0154 008417 1 00075753 00075744 000 343 43064.3405851505
25.11.2017 08:10:26 +00.04000E+00  0169 008417 1 00075754 00075744 000 342 43064.3405891204
25.11.2017 08:10:27 +00.04000E+00  0177 008417 1 00075755 00075744 000 342 43064.3405930903
25.11.2017 08:10:27 +00.04000E+00  0191 008417 1 00075756 00075744 000 375 43064.3405974421
25.11.2017 08:10:27 +00.04000E+00  0205 008417 1 00075757 00075744 000 342 43064.3406014005
25.11.2017 08:10:28 +00.04000E+00  0220 008417 1 00075758 00075744 000 342 43064.3406053704
25.11.2017 08:10:28 +00.04000E+00  0234 008417 1 00075759 00075744 000 343 43064.3406093518
25.11.2017 08:10:29 +00.04000E+00  0256 008417 1 00075760 00075744 000 375 43064.3406136921
25.11.2017 08:10:29 +00.03999E+00  0273 008417 1 00075761 00075744 000 341 43064.3406176505
25.11.2017 08:10:29 +00.04000E+00  0290 008417 1 00075762 00075744 000 343 43064.3406216204
25.11.2017 08:10:30 +00.03999E+00  0303 008417 1 00075763 00075744 000 343 43064.3406255903
25.11.2017 08:10:30 +00.03999E+00  0319 008417 1 00075764 00075744 000 378 43064.3406299653
25.11.2017 08:10:30 +00.04000E+00  0338 008417 1 00075765 00075744 000 340 43064.340633912
25.11.2017 08:10:31 +00.04000E+00  0353 008417 1 00075766 00075744 000 341 43064.3406378704
25.11.2017 08:10:31 +00.03999E+00  0369 008417 1 00075767 00075744 000 343 43064.3406418403
25.11.2017 08:10:31 +00.04000E+00  0387 008417 1 00075768 00075744 000 379 43064.3406462269
25.11.2017 08:10:32 +00.04000E+00  0390 008417 1 00075769 00075744 000 340 43064.340650162
25.11.2017 08:10:32 +00.03999E+00  0402 008417 1 00075770 00075744 000 341 43064.3406541204
25.11.2017 08:10:32 +00.04000E+00  0411 008417 1 00075771 00075744 000 343 43064.3406580903
25.11.2017 08:10:33 +00.04000E+00  0424 008417 1 00075772 00075744 000 380 43064.3406624884
25.11.2017 08:10:33 +00.04000E+00  0436 008417 1 00075773 00075744 000 344 43064.3406664699
25.11.2017 08:10:33 +00.04000E+00  0444 008417 1 00075774 00075744 000 343 43064.3406704398
25.11.2017 08:10:34 +00.04000E+00  0458 008417 1 00075775 00075744 000 343 43064.3406744097
25.11.2017 08:10:34 +00.04000E+00  0464 008417 1 00075776 00075744 000 375 43064.34067875
25.11.2017 08:10:34 +00.04000E+00  0479 008417 1 00075777 00075744 000 343 43064.3406827199
25.11.2017 08:10:35 +00.03999E+00  0494 008417 1 00075778 00075744 000 343 43064.3406866898
25.11.2017 08:10:35 +00.03999E+00  0502 008417 1 00075779 00075744 000 343 43064.3406906597
25.11.2017 08:10:36 +00.03999E+00  0512 008417 1 00075780 00075744 000 376 43064.3406950116
25.11.2017 08:10:36 +00.03999E+00  0528 008417 1 00075781 00075744 000 341 43064.3406989583
25.11.2017 08:10:36 +00.03999E+00  0533 008417 1 00075782 00075744 000 342 43064.3407029282
25.11.2017 08:10:37 +00.04000E+00  0551 008417 1 00075783 00075744 000 343 43064.3407069097
25.11.2017 08:10:37 +00.04000E+00  0562 008417 1 00075784 00075744 000 376 43064.3407112616
25.11.2017 08:10:37 +00.03999E+00  0571 008417 1 00075785 00075744 000 340 43064.3407152083
25.11.2017 08:10:38 +00.04000E+00  0581 008417 1 00075786 00075744 000 342 43064.3407191782
25.11.2017 08:10:38 +00.04000E+00  0605 008417 1 00075787 00075744 000 343 43064.3407231481
25.11.2017 08:10:38 +00.04000E+00  0617 008417 1 00075788 00075744 000 378 43064.3407275347
25.11.2017 08:10:39 +00.03999E+00  0634 008417 1 00075789 00075744 000 344 43064.3407315278
25.11.2017 08:10:39 +00.04000E+00  0642 008417 1 00075790 00075744 000 343 43064.3407354977
25.11.2017 08:10:39 +00.03999E+00  0663 008417 1 00075791 00075744 000 342 43064.3407394676
25.11.2017 08:10:40 +00.04000E+00  0681 008417 1 00075792 00075744 000 373 43064.3407437963
25.11.2017 08:10:40 +00.04000E+00  0698 008417 1 00075793 00075744 000 344 43064.3407477778
25.11.2017 08:10:40 +00.04000E+00  0714 008417 1 00075794 00075744 000 343 43064.3407517477
25.11.2017 08:10:41 +00.03999E+00  0734 008417 1 00075795 00075744 000 343 43064.3407557176
25.11.2017 08:10:41 +00.03999E+00  0752 008417 1 00075796 00075744 000 375 43064.3407600579
25.11.2017 08:10:42 +00.03999E+00  0772 008417 1 00075797 00075744 000 342 43064.3407640278
25.11.2017 08:10:42 +00.03999E+00  0789 008417 1 00075798 00075744 000 343 43064.3407679977
25.11.2017 08:10:42 +00.03999E+00  0799 008417 1 00075799 00075744 000 343 43064.3407719676
25.11.2017 08:10:43 +00.03999E+00  0810 008417 1 00075800 00075744 000 376 43064.3407763194
25.11.2017 08:10:43 +00.04000E+00  0829 008417 1 00075801 00075744 000 342 43064.3407802778
25.11.2017 08:10:43 +00.04000E+00  0843 008417 1 00075802 00075744 000 343 43064.3407842477
25.11.2017 08:10:44 +00.03999E+00  0856 008417 1 00075803 00075744 000 343 43064.3407882176
25.11.2017 08:10:44 +00.04000E+00  0877 008419 1 00075804 00075744 000 377 43064.340792581
25.11.2017 08:10:44 +00.04000E+00  0892 008419 1 00075805 00075744 000 341 43064.3407965278
25.11.2017 08:10:45 +00.04000E+00  0907 008419 1 00075806 00075744 000 342 43064.3408004861
25.11.2017 08:10:45 +00.04001E+00  0919 008419 1 00075807 00075744 000 343 43064.3408044676
25.11.2017 08:10:45 +00.04000E+00  0932 008419 1 00075808 00075744 000 378 43064.3408088426
25.11.2017 08:10:46 +00.04001E+00  0950 008419 1 00075809 00075744 000 340 43064.3408127778
25.11.2017 08:10:46 +00.04001E+00  0966 008419 1 00075810 00075744 000 342 43064.3408167477
25.11.2017 08:10:46 +00.04001E+00  0977 008419 1 00075811 00075744 000 342 43064.340820706
25.11.2017 08:10:47 +00.04001E+00  0991 008419 1 00075812 00075744 000 379 43064.3408251042
25.11.2017 08:10:47 +00.04001E+00  1008 008419 1 00075813 00075744 000 343 43064.3408290856
25.11.2017 08:10:47 +00.04001E+00  1018 008419 1 00075814 00075744 000 342 43064.3408330556
25.11.2017 08:10:48 +00.04000E+00  1034 008419 1 00075815 00075744 000 342 43064.3408370255
25.11.2017 08:10:48 +00.04000E+00  1045 008419 1 00075816 00075744 000 374 43064.3408413657
25.11.2017 08:10:49 +00.04000E+00  1062 008419 1 00075817 00075744 000 343 43064.3408453356
25.11.2017 08:10:49 +00.04000E+00  1075 008419 1 00075818 00075744 000 343 43064.3408493056
25.11.2017 08:10:49 +00.04000E+00  1090 008419 1 00075819 00075744 000 343 43064.3408532755
25.11.2017 08:10:50 +00.04000E+00  1108 008419 1 00075820 00075744 000 376 43064.3408576273
25.11.2017 08:10:50 +00.04001E+00  1129 008419 1 00075821 00075744 000 341 43064.3408615856
25.11.2017 08:10:50 +00.04001E+00  1143 008419 1 00075822 00075744 000 343 43064.3408655556
25.11.2017 08:10:51 +00.04001E+00  1163 008419 1 00075823 00075744 000 343 43064.3408695255
25.11.2017 08:10:51 +00.04001E+00  1169 008419 1 00075824 00075744 000 377 43064.3408738889
25.11.2017 08:10:51 +00.04001E+00  1187 008419 1 00075825 00075744 000 341 43064.3408778356
25.11.2017 08:10:52 +00.04000E+00  1202 008419 1 00075826 00075744 000 343 43064.3408818056
25.11.2017 08:10:52 +00.04001E+00  1215 008419 1 00075827 00075744 000 343 43064.3408857755
25.11.2017 08:10:52 +00.04000E+00  1228 008419 1 00075828 00075744 000 378 43064.3408901505
25.11.2017 08:10:53 +00.04000E+00  1243 008419 1 00075829 00075744 000 340 43064.3408940856
25.11.2017 08:10:53 +00.04000E+00  1251 008419 1 00075830 00075744 000 341 43064.340898044
25.11.2017 08:10:59 +00.04010E+00  0014 008439 1 00075831 00075831 000 343 43064.3409626505
25.11.2017 08:10:59 +00.04010E+00  0023 008439 1 00075832 00075831 000 342 43064.3409666088
25.11.2017 08:10:59 +00.04010E+00  0029 008439 1 00075833 00075831 000 418 43064.3409714583
25.11.2017 08:11:00 +00.04010E+00  0049 008439 1 00075834 00075831 000 342 43064.3409754282
25.11.2017 08:11:00 +00.04010E+00  0071 008439 1 00075835 00075831 000 342 43064.3409793981
25.11.2017 08:11:00 +00.04010E+00  0086 008439 1 00075836 00075831 000 343 43064.3409833796
25.11.2017 08:11:01 +00.04010E+00  0098 008439 1 00075837 00075831 000 376 43064.3409877315
25.11.2017 08:11:01 +00.04010E+00  0114 008439 1 00075838 00075831 000 341 43064.3409916782
25.11.2017 08:11:02 +00.04010E+00  0133 008439 1 00075839 00075831 000 342 43064.3409956481
25.11.2017 08:11:02 +00.04010E+00  0150 008439 1 00075840 00075831 000 342 43064.3409996181
25.11.2017 08:11:02 +00.04010E+00  0167 008439 1 00075841 00075831 000 376 43064.3410039815
25.11.2017 08:11:03 +00.04010E+00  0178 008439 1 00075842 00075831 000 341 43064.3410079398
25.11.2017 08:11:03 +00.04010E+00  0194 008439 1 00075843 00075831 000 342 43064.3410118981
25.11.2017 08:11:03 +00.04010E+00  0212 008439 1 00075844 00075831 000 343 43064.3410158681
25.11.2017 08:11:04 +00.04010E+00  0229 008439 1 00075845 00075831 000 377 43064.3410202431
25.11.2017 08:11:04 +00.04010E+00  0239 008439 1 00075846 00075831 000 340 43064.3410241898
25.11.2017 08:11:04 +00.04010E+00  0256 008439 1 00075847 00075831 000 341 43064.3410281481
25.11.2017 08:11:05 +00.04010E+00  0271 008439 1 00075848 00075831 000 343 43064.3410321181
25.11.2017 08:11:05 +00.04010E+00  0285 008439 1 00075849 00075831 000 379 43064.3410365046
25.11.2017 08:11:05 +00.04010E+00  0302 008439 1 00075850 00075831 000 340 43064.3410404398
25.11.2017 08:11:06 +00.04010E+00  0309 008439 1 00075851 00075831 000 341 43064.3410443981
25.11.2017 08:11:06 +00.04010E+00  0325 008439 1 00075852 00075831 000 343 43064.3410483681
25.11.2017 08:11:06 +00.04010E+00  0339 008439 1 00075853 00075831 000 381 43064.3410527778
25.11.2017 08:11:07 +00.04010E+00  0360 008439 1 00075854 00075831 000 343 43064.3410567477
25.11.2017 08:11:07 +00.04010E+00  0373 008439 1 00075855 00075831 000 343 43064.3410607176
25.11.2017 08:11:07 +00.04010E+00  0381 008439 1 00075856 00075831 000 343 43064.3410646875
25.11.2017 08:11:08 +00.04010E+00  0396 008439 1 00075857 00075831 000 375 43064.3410690278
25.11.2017 08:11:08 +00.04010E+00  0409 008439 1 00075858 00075831 000 342 43064.3410729977
25.11.2017 08:11:09 +00.04010E+00  0422 008439 1 00075859 00075831 000 343 43064.3410769676
25.11.2017 08:11:09 +00.04010E+00  0434 008439 1 00075860 00075831 000 343 43064.3410809375
25.11.2017 08:11:09 +00.04010E+00  0453 008439 1 00075861 00075831 000 377 43064.3410853009
25.11.2017 08:11:10 +00.04010E+00  0469 008439 1 00075862 00075831 000 340 43064.3410892361
25.11.2017 08:11:10 +00.04010E+00  0483 008439 1 00075863 00075831 000 342 43064.341093206
25.11.2017 08:11:10 +00.04010E+00  0495 008439 1 00075864 00075831 000 342 43064.3410971759
25.11.2017 08:11:11 +00.04010E+00  0507 008439 1 00075865 00075831 000 377 43064.3411015509
25.11.2017 08:11:11 +00.04010E+00  0519 008439 1 00075866 00075831 000 340 43064.3411054977
25.11.2017 08:11:11 +00.04010E+00  0532 008439 1 00075867 00075831 000 341 43064.341109456
25.11.2017 08:11:12 +00.04010E+00  0543 008439 1 00075868 00075831 000 343 43064.3411134259
25.11.2017 08:11:12 +00.04010E+00  0557 008439 1 00075869 00075831 000 379 43064.3411178125
25.11.2017 08:11:12 +00.04010E+00  0576 008439 1 00075870 00075831 000 344 43064.3411218056
25.11.2017 08:11:13 +00.04010E+00  0587 008439 1 00075871 00075831 000 342 43064.3411257755
25.11.2017 08:11:13 +00.04010E+00  0598 008439 1 00075872 00075831 000 343 43064.3411297569
25.11.2017 08:11:13 +00.04010E+00  0610 008439 1 00075873 00075831 000 373 43064.3411340741
25.11.2017 08:11:14 +00.04010E+00  0625 008439 1 00075874 00075831 000 343 43064.3411380556
25.11.2017 08:11:14 +00.04010E+00  0637 008439 1 00075875 00075831 000 343 43064.3411420255
25.11.2017 08:11:15 +00.04010E+00  0655 008439 1 00075876 00075831 000 344 43064.3411460069
25.11.2017 08:11:15 +00.04010E+00  0673 008439 1 00075877 00075831 000 374 43064.3411503356
25.11.2017 08:11:15 +00.04010E+00  0693 008439 1 00075878 00075831 000 343 43064.3411543056
25.11.2017 08:11:16 +00.04010E+00  0704 008439 1 00075879 00075831 000 343 43064.3411582755
25.11.2017 08:11:16 +00.04010E+00  0715 008439 1 00075880 00075831 000 343 43064.3411622454
25.11.2017 08:11:16 +00.04010E+00  0728 008439 1 00075881 00075831 000 376 43064.3411665972
25.11.2017 08:11:17 +00.04010E+00  0745 008439 1 00075882 00075831 000 342 43064.3411705556
25.11.2017 08:11:17 +00.04010E+00  0760 008439 1 00075883 00075831 000 343 43064.3411745255
25.11.2017 08:11:17 +00.04010E+00  0781 008439 1 00075884 00075831 000 343 43064.3411784954
25.11.2017 08:11:18 +00.04010E+00  0794 008439 1 00075885 00075831 000 378 43064.3411828704
25.11.2017 08:11:18 +00.04010E+00  0810 008439 1 00075886 00075831 000 340 43064.3411868056
25.11.2017 08:11:18 +00.04010E+00  0829 008439 1 00075887 00075831 000 341 43064.3411907639
25.11.2017 08:11:19 +00.04010E+00  0848 008439 1 00075888 00075831 000 342 43064.3411947338
25.11.2017 08:11:19 +00.04010E+00  0856 008439 1 00075889 00075831 000 378 43064.3411991204
25.11.2017 08:11:19 +00.04010E+00  0875 008439 1 00075890 00075831 000 344 43064.3412031134
25.11.2017 08:11:20 +00.04010E+00  0888 008439 1 00075891 00075831 000 343 43064.3412070949
25.11.2017 08:11:20 +00.04010E+00  0910 008439 1 00075892 00075831 000 343 43064.3412110648
25.11.2017 08:11:21 +00.04010E+00  0923 008439 1 00075893 00075831 000 374 43064.3412153935
25.11.2017 08:11:21 +00.04010E+00  0937 008439 1 00075894 00075831 000 343 43064.3412193634
25.11.2017 08:11:21 +00.04010E+00  0946 008439 1 00075895 00075831 000 342 43064.3412233333
25.11.2017 08:11:22 +00.04010E+00  0961 008439 1 00075896 00075831 000 342 43064.3412273032
25.11.2017 08:11:22 +00.04010E+00  0976 008439 1 00075897 00075831 000 375 43064.3412316551
25.11.2017 08:11:22 +00.04010E+00  0986 008439 1 00075898 00075831 000 343 43064.341235625
25.11.2017 08:11:23 +00.04010E+00  1001 008439 1 00075899 00075831 000 342 43064.3412395833
25.11.2017 08:11:23 +00.04010E+00  1014 008439 1 00075900 00075831 000 344 43064.3412435648
25.11.2017 08:11:23 +00.04010E+00  1027 008439 1 00075901 00075831 000 375 43064.3412479051
25.11.2017 08:11:24 +00.04010E+00  1042 008439 1 00075902 00075831 000 341 43064.3412518634
25.11.2017 08:11:24 +00.04010E+00  1058 008439 1 00075903 00075831 000 343 43064.3412558333
25.11.2017 08:11:24 +00.04010E+00  1074 008439 1 00075904 00075831 000 343 43064.3412598032
25.11.2017 08:11:25 +00.04010E+00  1092 008439 1 00075905 00075831 000 378 43064.3412641782
25.11.2017 08:11:25 +00.04010E+00  1112 008439 1 00075906 00075831 000 340 43064.3412681134
25.11.2017 08:11:25 +00.04010E+00  1127 008439 1 00075907 00075831 000 342 43064.3412720833
25.11.2017 08:11:26 +00.04010E+00  1138 008439 1 00075908 00075831 000 343 43064.3412760532
25.11.2017 08:11:26 +00.04010E+00  1156 008439 1 00075909 00075831 000 379 43064.3412804398
25.11.2017 08:11:26 +00.04010E+00  1173 008439 1 00075910 00075831 000 345 43064.3412844329
25.11.2017 08:11:27 +00.04010E+00  1185 008439 1 00075911 00075831 000 343 43064.3412884028
25.11.2017 08:11:27 +00.04010E+00  1201 008439 1 00075912 00075831 000 343 43064.3412923727
25.11.2017 08:11:28 +00.04010E+00  1219 008439 1 00075913 00075831 000 374 43064.3412967014
25.11.2017 08:11:28 +00.04010E+00  1237 008439 1 00075914 00075831 000 344 43064.3413006829
25.11.2017 08:11:28 +00.04010E+00  1249 008439 1 00075915 00075831 000 343 43064.3413046528
25.11.2017 08:11:29 +00.04010E+00  1263 008439 1 00075916 00075831 000 343 43064.3413086227
25.11.2017 08:11:34 +00.04020E+00  0017 008459 1 00075917 00075917 000 342 43064.3413733565
25.11.2017 08:11:35 +00.04020E+00  0034 008459 1 00075918 00075917 000 401 43064.3413779977
25.11.2017 08:11:35 +00.04019E+00  0053 008459 1 00075919 00075917 000 341 43064.341381956
25.11.2017 08:11:35 +00.04020E+00  0068 008459 1 00075920 00075917 000 342 43064.3413859259
25.11.2017 08:11:36 +00.04020E+00  0087 008459 1 00075921 00075917 000 342 43064.3413898958
25.11.2017 08:11:36 +00.04019E+00  0100 008459 1 00075922 00075917 000 376 43064.3413942593
25.11.2017 08:11:36 +00.04019E+00  0114 008459 1 00075923 00075917 000 341 43064.3413982176
25.11.2017 08:11:37 +00.04020E+00  0129 008459 1 00075924 00075917 000 342 43064.3414021759
25.11.2017 08:11:37 +00.04020E+00  0141 008459 1 00075925 00075917 000 343 43064.3414061458
25.11.2017 08:11:37 +00.04020E+00  0161 008459 1 00075926 00075917 000 379 43064.3414105324
25.11.2017 08:11:38 +00.04019E+00  0174 008459 1 00075927 00075917 000 340 43064.3414144676
25.11.2017 08:11:38 +00.04020E+00  0190 008459 1 00075928 00075917 000 342 43064.3414184375
25.11.2017 08:11:38 +00.04019E+00  0198 008459 1 00075929 00075917 000 342 43064.3414223958
25.11.2017 08:11:39 +00.04019E+00  0215 008459 1 00075930 00075917 000 380 43064.341426794
25.11.2017 08:11:39 +00.04019E+00  0236 008459 1 00075931 00075917 000 344 43064.3414307755
25.11.2017 08:11:39 +00.04019E+00  0255 008461 1 00075932 00075917 000 343 43064.3414347454
25.11.2017 08:11:40 +00.04020E+00  0266 008461 1 00075933 00075917 000 343 43064.3414387153
25.11.2017 08:11:40 +00.04020E+00  0277 008461 1 00075934 00075917 000 375 43064.3414430556
25.11.2017 08:11:41 +00.04020E+00  0300 008461 1 00075935 00075917 000 343 43064.3414470255
25.11.2017 08:11:41 +00.04020E+00  0311 008461 1 00075936 00075917 000 343 43064.3414509954
25.11.2017 08:11:41 +00.04021E+00  0332 008461 1 00075937 00075917 000 343 43064.3414549653
25.11.2017 08:11:42 +00.04021E+00  0343 008461 1 00075938 00075917 000 376 43064.3414593171
25.11.2017 08:11:42 +00.04021E+00  0363 008461 1 00075939 00075917 000 341 43064.3414632639
25.11.2017 08:11:42 +00.04021E+00  0375 008461 1 00075940 00075917 000 343 43064.3414672454
25.11.2017 08:11:43 +00.04021E+00  0394 008461 1 00075941 00075917 000 342 43064.3414712153
25.11.2017 08:11:43 +00.04020E+00  0410 008461 1 00075942 00075917 000 377 43064.3414755787
25.11.2017 08:11:43 +00.04021E+00  0422 008461 1 00075943 00075917 000 340 43064.3414795139
25.11.2017 08:11:44 +00.04020E+00  0432 008461 1 00075944 00075917 000 342 43064.3414834838
25.11.2017 08:11:44 +00.04020E+00  0446 008461 1 00075945 00075917 000 343 43064.3414874653
25.11.2017 08:11:44 +00.04021E+00  0457 008461 1 00075946 00075917 000 377 43064.3414918287
25.11.2017 08:11:45 +00.04020E+00  0469 008459 1 00075947 00075917 000 340 43064.3414957755
25.11.2017 08:11:45 +00.04020E+00  0489 008459 1 00075948 00075917 000 341 43064.3414997338
25.11.2017 08:11:45 +00.04020E+00  0505 008459 1 00075949 00075917 000 342 43064.3415037037
25.11.2017 08:11:46 +00.04019E+00  0526 008459 1 00075950 00075917 000 379 43064.3415081019
25.11.2017 08:11:46 +00.04019E+00  0535 008459 1 00075951 00075917 000 343 43064.3415120833
25.11.2017 08:11:46 +00.04019E+00  0550 008459 1 00075952 00075917 000 342 43064.3415160532
25.11.2017 08:11:47 +00.04019E+00  0563 008459 1 00075953 00075917 000 342 43064.3415200231
25.11.2017 08:11:47 +00.04020E+00  0578 008459 1 00075954 00075917 000 375 43064.341524375
25.11.2017 08:11:48 +00.04020E+00  0593 008459 1 00075955 00075917 000 342 43064.3415283449
25.11.2017 08:11:48 +00.04020E+00  0610 008459 1 00075956 00075917 000 342 43064.3415323032
25.11.2017 08:11:48 +00.04019E+00  0624 008459 1 00075957 00075917 000 343 43064.3415362731
25.11.2017 08:11:49 +00.04020E+00  0642 008459 1 00075958 00075917 000 375 43064.341540625
25.11.2017 08:11:49 +00.04020E+00  0656 008459 1 00075959 00075917 000 342 43064.3415445833
25.11.2017 08:11:49 +00.04019E+00  0669 008459 1 00075960 00075917 000 343 43064.3415485532
25.11.2017 08:11:50 +00.04019E+00  0688 008459 1 00075961 00075917 000 343 43064.3415525231
25.11.2017 08:11:50 +00.04020E+00  0707 008461 1 00075962 00075917 000 377 43064.3415568866
25.11.2017 08:11:50 +00.04020E+00  0718 008461 1 00075963 00075917 000 341 43064.3415608333
25.11.2017 08:11:51 +00.04020E+00  0736 008461 1 00075964 00075917 000 343 43064.3415648032
25.11.2017 08:11:51 +00.04020E+00  0751 008461 1 00075965 00075917 000 343 43064.3415687731
25.11.2017 08:11:51 +00.04020E+00  0769 008461 1 00075966 00075917 000 378 43064.3415731482
25.11.2017 08:11:52 +00.04020E+00  0788 008461 1 00075967 00075917 000 340 43064.3415770833
25.11.2017 08:11:52 +00.04021E+00  0812 008461 1 00075968 00075917 000 342 43064.3415810417
25.11.2017 08:11:52 +00.04021E+00  0824 008461 1 00075969 00075917 000 343 43064.3415850231
25.11.2017 08:11:53 +00.04020E+00  0833 008461 1 00075970 00075917 000 378 43064.3415893982
25.11.2017 08:11:53 +00.04021E+00  0851 008461 1 00075971 00075917 000 344 43064.3415933912
25.11.2017 08:11:54 +00.04020E+00  0859 008461 1 00075972 00075917 000 342 43064.3415973611
25.11.2017 08:11:54 +00.04021E+00  0868 008461 1 00075973 00075917 000 343 43064.3416013426
25.11.2017 08:11:54 +00.04020E+00  0882 008461 1 00075974 00075917 000 374 43064.3416056713
25.11.2017 08:11:55 +00.04020E+00  0901 008461 1 00075975 00075917 000 343 43064.3416096412
25.11.2017 08:11:55 +00.04020E+00  0917 008461 1 00075976 00075917 000 342 43064.3416136111
25.11.2017 08:11:55 +00.04020E+00  0932 008461 1 00075977 00075917 000 342 43064.341617581
25.11.2017 08:11:56 +00.04020E+00  0945 008461 1 00075978 00075917 000 375 43064.3416219329
25.11.2017 08:11:56 +00.04021E+00  0958 008461 1 00075979 00075917 000 341 43064.3416258912
25.11.2017 08:11:56 +00.04020E+00  0968 008461 1 00075980 00075917 000 343 43064.3416298611
25.11.2017 08:11:57 +00.04020E+00  0980 008461 1 00075981 00075917 000 344 43064.3416338426
25.11.2017 08:11:57 +00.04021E+00  0987 008461 1 00075982 00075917 000 376 43064.3416381944
25.11.2017 08:11:57 +00.04020E+00  1000 008461 1 00075983 00075917 000 341 43064.3416421528
25.11.2017 08:11:58 +00.04020E+00  1018 008461 1 00075984 00075917 000 342 43064.3416461111
25.11.2017 08:11:58 +00.04020E+00  1031 008461 1 00075985 00075917 000 343 43064.341650081
25.11.2017 08:11:58 +00.04021E+00  1043 008461 1 00075986 00075917 000 378 43064.341654456
25.11.2017 08:11:59 +00.04021E+00  1054 008461 1 00075987 00075917 000 340 43064.3416583912
25.11.2017 08:11:59 +00.04021E+00  1068 008461 1 00075988 00075917 000 342 43064.3416623611
25.11.2017 08:11:59 +00.04020E+00  1085 008461 1 00075989 00075917 000 343 43064.341666331
25.11.2017 08:12:00 +00.04020E+00  1102 008461 1 00075990 00075917 000 379 43064.3416707176
25.11.2017 08:12:00 +00.04020E+00  1124 008461 1 00075991 00075917 000 345 43064.3416747106
25.11.2017 08:12:01 +00.04020E+00  1134 008461 1 00075992 00075917 000 343 43064.3416786806
25.11.2017 08:12:01 +00.04020E+00  1149 008461 1 00075993 00075917 000 343 43064.3416826505
25.11.2017 08:12:01 +00.04021E+00  1163 008461 1 00075994 00075917 000 374 43064.3416869792
25.11.2017 08:12:02 +00.04021E+00  1185 008461 1 00075995 00075917 000 344 43064.3416909606
25.11.2017 08:12:02 +00.04021E+00  1205 008461 1 00075996 00075917 000 343 43064.3416949306
25.11.2017 08:12:02 +00.04021E+00  1222 008461 1 00075997 00075917 000 343 43064.3416989005
25.11.2017 08:12:03 +00.04021E+00  1241 008461 1 00075998 00075917 000 375 43064.3417032407
25.11.2017 08:12:03 +00.04021E+00  1258 008461 1 00075999 00075917 000 342 43064.3417071991
25.11.2017 08:12:03 +00.04020E+00  1274 008461 1 00076000 00075917 000 342 43064.341711169
25.11.2017 08:12:04 +00.04020E+00  1289 008461 1 00076001 00075917 000 342 43064.3417151389
25.11.2017 08:12:04 +00.04021E+00  1302 008461 1 00076002 00075917 000 376 43064.3417195023
25.11.2017 08:12:04 +00.04021E+00  1317 008461 1 00076003 00075917 000 340 43064.3417234491
25.11.2017 08:12:10 +00.04030E+00  0011 008481 1 00076004 00076004 000 378 43064.3417845486
25.11.2017 08:12:10 +00.04030E+00  0037 008481 1 00076005 00076004 000 340 43064.3417884838
25.11.2017 08:12:10 +00.04030E+00  0050 008481 1 00076006 00076004 000 342 43064.3417924421
25.11.2017 08:12:11 +00.04030E+00  0068 008481 1 00076007 00076004 000 343 43064.341796412
25.11.2017 08:12:11 +00.04030E+00  0087 008481 1 00076008 00076004 000 380 43064.3418008102
25.11.2017 08:12:11 +00.04030E+00  0100 008481 1 00076009 00076004 000 344 43064.3418047917
25.11.2017 08:12:12 +00.04030E+00  0120 008481 1 00076010 00076004 000 343 43064.3418087616
25.11.2017 08:12:12 +00.04030E+00  0137 008481 1 00076011 00076004 000 344 43064.3418127431
25.11.2017 08:12:12 +00.04030E+00  0149 008481 1 00076012 00076004 000 374 43064.3418170718
25.11.2017 08:12:13 +00.04030E+00  0164 008481 1 00076013 00076004 000 343 43064.3418210417
25.11.2017 08:12:13 +00.04030E+00  0186 008481 1 00076014 00076004 000 343 43064.3418250116
25.11.2017 08:12:14 +00.04030E+00  0201 008481 1 00076015 00076004 000 343 43064.3418289815
25.11.2017 08:12:14 +00.04030E+00  0216 008481 1 00076016 00076004 000 377 43064.3418333449
25.11.2017 08:12:14 +00.04030E+00  0235 008481 1 00076017 00076004 000 340 43064.3418372801
25.11.2017 08:12:15 +00.04030E+00  0247 008481 1 00076018 00076004 000 342 43064.34184125
25.11.2017 08:12:15 +00.04030E+00  0260 008481 1 00076019 00076004 000 342 43064.3418452199
25.11.2017 08:12:15 +00.04030E+00  0279 008481 1 00076020 00076004 000 377 43064.3418495949
25.11.2017 08:12:16 +00.04030E+00  0296 008481 1 00076021 00076004 000 340 43064.3418535301
25.11.2017 08:12:16 +00.04030E+00  0309 008481 1 00076022 00076004 000 342 43064.3418575
25.11.2017 08:12:16 +00.04030E+00  0329 008481 1 00076023 00076004 000 342 43064.3418614699
25.11.2017 08:12:17 +00.04030E+00  0347 008481 1 00076024 00076004 000 378 43064.3418658565
25.11.2017 08:12:17 +00.04030E+00  0360 008481 1 00076025 00076004 000 344 43064.3418698495
25.11.2017 08:12:17 +00.04030E+00  0366 008481 1 00076026 00076004 000 342 43064.3418738194
25.11.2017 08:12:18 +00.04030E+00  0379 008481 1 00076027 00076004 000 342 43064.3418777894
25.11.2017 08:12:18 +00.04030E+00  0397 008481 1 00076028 00076004 000 373 43064.3418821181
25.11.2017 08:12:18 +00.04030E+00  0410 008481 1 00076029 00076004 000 343 43064.3418860995
25.11.2017 08:12:19 +00.04030E+00  0425 008481 1 00076030 00076004 000 343 43064.3418900694
25.11.2017 08:12:19 +00.04030E+00  0441 008481 1 00076031 00076004 000 343 43064.3418940394
25.11.2017 08:12:20 +00.04030E+00  0456 008481 1 00076032 00076004 000 375 43064.3418983796
25.11.2017 08:12:20 +00.04030E+00  0473 008481 1 00076033 00076004 000 342 43064.3419023495
25.11.2017 08:12:20 +00.04030E+00  0486 008481 1 00076034 00076004 000 343 43064.3419063194
25.11.2017 08:12:21 +00.04030E+00  0500 008481 1 00076035 00076004 000 344 43064.3419103009
25.11.2017 08:12:21 +00.04030E+00  0518 008481 1 00076036 00076004 000 375 43064.3419146412
25.11.2017 08:12:21 +00.04030E+00  0523 008481 1 00076037 00076004 000 342 43064.3419185995
25.11.2017 08:12:22 +00.04030E+00  0542 008481 1 00076038 00076004 000 343 43064.3419225694
25.11.2017 08:12:22 +00.04030E+00  0555 008481 1 00076039 00076004 000 343 43064.3419265394
25.11.2017 08:12:22 +00.04030E+00  0561 008481 1 00076040 00076004 000 378 43064.3419309144
25.11.2017 08:12:23 +00.04030E+00  0581 008481 1 00076041 00076004 000 340 43064.3419348495
25.11.2017 08:12:23 +00.04030E+00  0593 008481 1 00076042 00076004 000 342 43064.3419388194
25.11.2017 08:12:23 +00.04030E+00  0608 008481 1 00076043 00076004 000 342 43064.3419427778
25.11.2017 08:12:24 +00.04030E+00  0622 008481 1 00076044 00076004 000 379 43064.3419471759
25.11.2017 08:12:24 +00.04030E+00  0638 008481 1 00076045 00076004 000 345 43064.341951169
25.11.2017 08:12:24 +00.04030E+00  0650 008481 1 00076046 00076004 000 343 43064.3419551389
25.11.2017 08:12:25 +00.04030E+00  0663 008481 1 00076047 00076004 000 343 43064.3419591088
25.11.2017 08:12:25 +00.04030E+00  0677 008481 1 00076048 00076004 000 374 43064.3419634375
25.11.2017 08:12:25 +00.04030E+00  0696 008481 1 00076049 00076004 000 343 43064.3419674074
25.11.2017 08:12:26 +00.04030E+00  0707 008481 1 00076050 00076004 000 342 43064.3419713773
25.11.2017 08:12:26 +00.04030E+00  0724 008481 1 00076051 00076004 000 343 43064.3419753588
25.11.2017 08:12:27 +00.04030E+00  0738 008481 1 00076052 00076004 000 375 43064.3419796991
25.11.2017 08:12:27 +00.04030E+00  0755 008481 1 00076053 00076004 000 342 43064.3419836574
25.11.2017 08:12:27 +00.04030E+00  0767 008481 1 00076054 00076004 000 342 43064.3419876273
25.11.2017 08:12:28 +00.04030E+00  0782 008481 1 00076055 00076004 000 342 43064.3419915972
25.11.2017 08:12:28 +00.04030E+00  0795 008481 1 00076056 00076004 000 375 43064.3419959491
25.11.2017 08:12:28 +00.04030E+00  0804 008481 1 00076057 00076004 000 341 43064.3419999074
25.11.2017 08:12:29 +00.04030E+00  0820 008481 1 00076058 00076004 000 343 43064.3420038773
25.11.2017 08:12:29 +00.04030E+00  0831 008481 1 00076059 00076004 000 343 43064.3420078472
25.11.2017 08:12:29 +00.04030E+00  0848 008481 1 00076060 00076004 000 377 43064.3420122106
25.11.2017 08:12:30 +00.04030E+00  0859 008481 1 00076061 00076004 000 340 43064.3420161574
25.11.2017 08:12:30 +00.04030E+00  0871 008481 1 00076062 00076004 000 342 43064.3420201273
25.11.2017 08:12:30 +00.04030E+00  0889 008481 1 00076063 00076004 000 343 43064.3420240972
25.11.2017 08:12:31 +00.04030E+00  0907 008481 1 00076064 00076004 000 379 43064.3420284838
25.11.2017 08:12:31 +00.04030E+00  0926 008481 1 00076065 00076004 000 341 43064.3420324306
25.11.2017 08:12:31 +00.04030E+00  0942 008481 1 00076066 00076004 000 341 43064.3420363773
25.11.2017 08:12:32 +00.04030E+00  0954 008481 1 00076067 00076004 000 343 43064.3420403472
25.11.2017 08:12:32 +00.04030E+00  0969 008481 1 00076068 00076004 000 380 43064.3420447454
25.11.2017 08:12:33 +00.04030E+00  0989 008481 1 00076069 00076004 000 344 43064.3420487269
25.11.2017 08:12:33 +00.04030E+00  1006 008481 1 00076070 00076004 000 343 43064.3420526968
25.11.2017 08:12:33 +00.04030E+00  1018 008481 1 00076071 00076004 000 343 43064.3420566667
25.11.2017 08:12:34 +00.04030E+00  1034 008481 1 00076072 00076004 000 375 43064.3420610069
25.11.2017 08:12:34 +00.04030E+00  1050 008481 1 00076073 00076004 000 342 43064.3420649653
25.11.2017 08:12:34 +00.04030E+00  1062 008481 1 00076074 00076004 000 342 43064.3420689352
25.11.2017 08:12:35 +00.04030E+00  1072 008481 1 00076075 00076004 000 343 43064.3420729167
25.11.2017 08:12:35 +00.04030E+00  1086 008481 1 00076076 00076004 000 376 43064.3420772685
25.11.2017 08:12:35 +00.04030E+00  1098 008481 1 00076077 00076004 000 341 43064.3420812153
25.11.2017 08:12:36 +00.04030E+00  1113 008481 1 00076078 00076004 000 342 43064.3420851852
25.11.2017 08:12:36 +00.04030E+00  1125 008481 1 00076079 00076004 000 342 43064.3420891551
25.11.2017 08:12:36 +00.04030E+00  1133 008481 1 00076080 00076004 000 376 43064.3420935185
25.11.2017 08:12:37 +00.04030E+00  1154 008481 1 00076081 00076004 000 340 43064.3420974653
25.11.2017 08:12:37 +00.04030E+00  1166 008481 1 00076082 00076004 000 342 43064.3421014352
25.11.2017 08:12:37 +00.04030E+00  1182 008481 1 00076083 00076004 000 343 43064.3421054051
25.11.2017 08:12:38 +00.04030E+00  1197 008481 1 00076084 00076004 000 378 43064.3421097801
25.11.2017 08:12:38 +00.04030E+00  1214 008481 1 00076085 00076004 000 340 43064.3421137269
25.11.2017 08:12:38 +00.04030E+00  1233 008481 1 00076086 00076004 000 342 43064.3421176852
25.11.2017 08:12:39 +00.04030E+00  1255 008481 1 00076087 00076004 000 343 43064.3421216551
25.11.2017 08:12:39 +00.04030E+00  1274 008481 1 00076088 00076004 000 380 43064.3421260532
25.11.2017 08:12:40 +00.04030E+00  1297 008481 1 00076089 00076004 000 344 43064.3421300347
25.11.2017 08:12:40 +00.04030E+00  1309 008481 1 00076090 00076004 000 343 43064.3421340046
25.11.2017 08:12:45 +00.04040E+00  0014 008501 1 00076091 00076091 000 377 43064.3421943519
25.11.2017 08:12:45 +00.04039E+00  0027 008501 1 00076092 00076091 000 340 43064.342198287
25.11.2017 08:12:46 +00.04040E+00  0041 008501 1 00076093 00076091 000 342 43064.3422022569
25.11.2017 08:12:46 +00.04040E+00  0054 008501 1 00076094 00076091 000 343 43064.3422062384
25.11.2017 08:12:46 +00.04040E+00  0069 008501 1 00076095 00076091 000 377 43064.3422106019
25.11.2017 08:12:47 +00.04040E+00  0087 008501 1 00076096 00076091 000 340 43064.3422145486
25.11.2017 08:12:47 +00.04040E+00  0099 008501 1 00076097 00076091 000 341 43064.3422185069
25.11.2017 08:12:48 +00.04040E+00  0111 008501 1 00076098 00076091 000 344 43064.3422224884
25.11.2017 08:12:48 +00.04040E+00  0120 008501 1 00076099 00076091 000 379 43064.342226875
25.11.2017 08:12:48 +00.04040E+00  0132 008501 1 00076100 00076091 000 343 43064.3422308565
25.11.2017 08:12:49 +00.04040E+00  0147 008501 1 00076101 00076091 000 343 43064.3422348264
25.11.2017 08:12:49 +00.04039E+00  0155 008501 1 00076102 00076091 000 342 43064.3422387963
25.11.2017 08:12:49 +00.04039E+00  0165 008501 1 00076103 00076091 000 375 43064.3422431366
25.11.2017 08:12:50 +00.04040E+00  0180 008501 1 00076104 00076091 000 342 43064.3422471065
25.11.2017 08:12:50 +00.04039E+00  0195 008501 1 00076105 00076091 000 343 43064.3422510764
25.11.2017 08:12:50 +00.04039E+00  0205 008503 1 00076106 00076091 000 343 43064.3422550463
25.11.2017 08:12:51 +00.04040E+00  0214 008503 1 00076107 00076091 000 376 43064.3422593981
25.11.2017 08:12:51 +00.04040E+00  0227 008503 1 00076108 00076091 000 341 43064.3422633565
25.11.2017 08:12:51 +00.04040E+00  0245 008503 1 00076109 00076091 000 343 43064.3422673264
25.11.2017 08:12:52 +00.04040E+00  0259 008503 1 00076110 00076091 000 343 43064.3422712963
25.11.2017 08:12:52 +00.04041E+00  0276 008503 1 00076111 00076091 000 377 43064.3422756597
25.11.2017 08:12:52 +00.04040E+00  0297 008503 1 00076112 00076091 000 341 43064.3422796065
25.11.2017 08:12:53 +00.04041E+00  0306 008503 1 00076113 00076091 000 343 43064.3422835764
25.11.2017 08:12:53 +00.04041E+00  0324 008503 1 00076114 00076091 000 343 43064.3422875463
25.11.2017 08:12:54 +00.04041E+00  0332 008503 1 00076115 00076091 000 378 43064.3422919213
25.11.2017 08:12:54 +00.04040E+00  0344 008503 1 00076116 00076091 000 340 43064.3422958565
25.11.2017 08:12:54 +00.04040E+00  0363 008503 1 00076117 00076091 000 341 43064.3422998148
25.11.2017 08:12:55 +00.04040E+00  0376 008503 1 00076118 00076091 000 343 43064.3423037963
25.11.2017 08:12:55 +00.04040E+00  0391 008503 1 00076119 00076091 000 378 43064.3423081713
25.11.2017 08:12:55 +00.04040E+00  0406 008503 1 00076120 00076091 000 344 43064.3423121644
25.11.2017 08:12:56 +00.04040E+00  0417 008503 1 00076121 00076091 000 342 43064.3423161343
25.11.2017 08:12:56 +00.04040E+00  0432 008503 1 00076122 00076091 000 343 43064.3423201157
25.11.2017 08:12:56 +00.04040E+00  0443 008503 1 00076123 00076091 000 374 43064.3423244444
25.11.2017 08:12:57 +00.04040E+00  0461 008503 1 00076124 00076091 000 343 43064.3423284144
25.11.2017 08:12:57 +00.04041E+00  0473 008503 1 00076125 00076091 000 343 43064.3423323843
25.11.2017 08:12:57 +00.04041E+00  0483 008503 1 00076126 00076091 000 342 43064.3423363542
25.11.2017 08:12:58 +00.04041E+00  0494 008503 1 00076127 00076091 000 376 43064.3423407176
25.11.2017 08:12:58 +00.04041E+00  0504 008503 1 00076128 00076091 000 340 43064.3423446644
25.11.2017 08:12:58 +00.04041E+00  0522 008503 1 00076129 00076091 000 342 43064.3423486343
25.11.2017 08:12:59 +00.04041E+00  0536 008503 1 00076130 00076091 000 342 43064.3423526042
25.11.2017 08:12:59 +00.04040E+00  0557 008503 1 00076131 00076091 000 377 43064.3423569676
25.11.2017 08:12:59 +00.04040E+00  0569 008503 1 00076132 00076091 000 340 43064.3423609144
25.11.2017 08:13:00 +00.04040E+00  0590 008503 1 00076133 00076091 000 343 43064.3423648843
25.11.2017 08:13:00 +00.04041E+00  0601 008503 1 00076134 00076091 000 343 43064.3423688542
25.11.2017 08:13:01 +00.04040E+00  0617 008503 1 00076135 00076091 000 378 43064.3423732292
25.11.2017 08:13:01 +00.04040E+00  0638 008503 1 00076136 00076091 000 340 43064.3423771644
25.11.2017 08:13:01 +00.04040E+00  0654 008503 1 00076137 00076091 000 343 43064.3423811343
25.11.2017 08:13:02 +00.04040E+00  0666 008503 1 00076138 00076091 000 343 43064.3423851042
25.11.2017 08:13:02 +00.04040E+00  0685 008503 1 00076139 00076091 000 379 43064.3423894907
25.11.2017 08:13:02 +00.04041E+00  0701 008503 1 00076140 00076091 000 345 43064.3423934838
25.11.2017 08:13:03 +00.04041E+00  0717 008503 1 00076141 00076091 000 343 43064.3423974537
25.11.2017 08:13:03 +00.04041E+00  0731 008503 1 00076142 00076091 000 343 43064.3424014236
25.11.2017 08:13:03 +00.04040E+00  0743 008503 1 00076143 00076091 000 374 43064.3424057523
25.11.2017 08:13:04 +00.04040E+00  0760 008503 1 00076144 00076091 000 344 43064.3424097338
25.11.2017 08:13:04 +00.04041E+00  0768 008503 1 00076145 00076091 000 343 43064.3424137037
25.11.2017 08:13:04 +00.04041E+00  0784 008503 1 00076146 00076091 000 343 43064.3424176736
25.11.2017 08:13:05 +00.04040E+00  0800 008503 1 00076147 00076091 000 375 43064.3424220139
25.11.2017 08:13:05 +00.04040E+00  0819 008503 1 00076148 00076091 000 342 43064.3424259722
25.11.2017 08:13:05 +00.04040E+00  0834 008503 1 00076149 00076091 000 344 43064.3424299537
25.11.2017 08:13:06 +00.04041E+00  0850 008503 1 00076150 00076091 000 343 43064.3424339236
25.11.2017 08:13:06 +00.04040E+00  0863 008501 1 00076151 00076091 000 376 43064.3424382755
25.11.2017 08:13:07 +00.04040E+00  0874 008501 1 00076152 00076091 000 340 43064.3424422222
25.11.2017 08:13:07 +00.04040E+00  0888 008501 1 00076153 00076091 000 342 43064.3424461921
25.11.2017 08:13:07 +00.04040E+00  0900 008501 1 00076154 00076091 000 342 43064.342450162
25.11.2017 08:13:08 +00.04040E+00  0914 008501 1 00076155 00076091 000 378 43064.342454537
25.11.2017 08:13:08 +00.04040E+00  0928 008501 1 00076156 00076091 000 340 43064.3424584838
25.11.2017 08:13:08 +00.04040E+00  0952 008501 1 00076157 00076091 000 341 43064.3424624421
25.11.2017 08:13:09 +00.04039E+00  0968 008501 1 00076158 00076091 000 343 43064.342466412
25.11.2017 08:13:09 +00.04040E+00  0983 008501 1 00076159 00076091 000 379 43064.3424707986
25.11.2017 08:13:09 +00.04040E+00  0999 008501 1 00076160 00076091 000 340 43064.3424747338
25.11.2017 08:13:10 +00.04040E+00  1014 008501 1 00076161 00076091 000 341 43064.3424786921
25.11.2017 08:13:10 +00.04040E+00  1028 008501 1 00076162 00076091 000 343 43064.342482662
25.11.2017 08:13:10 +00.04040E+00  1043 008501 1 00076163 00076091 000 380 43064.3424870602
25.11.2017 08:13:11 +00.04040E+00  1062 008501 1 00076164 00076091 000 344 43064.3424910417
25.11.2017 08:13:11 +00.04040E+00  1077 008501 1 00076165 00076091 000 343 43064.3424950116
25.11.2017 08:13:11 +00.04040E+00  1093 008501 1 00076166 00076091 000 343 43064.3424989815
25.11.2017 08:13:12 +00.04039E+00  1108 008501 1 00076167 00076091 000 375 43064.3425033218
25.11.2017 08:13:12 +00.04039E+00  1120 008501 1 00076168 00076091 000 343 43064.3425072917
25.11.2017 08:13:12 +00.04039E+00  1133 008501 1 00076169 00076091 000 343 43064.3425112616
25.11.2017 08:13:13 +00.04039E+00  1152 008501 1 00076170 00076091 000 343 43064.3425152315
25.11.2017 08:13:13 +00.04040E+00  1168 008501 1 00076171 00076091 000 376 43064.3425195833
25.11.2017 08:13:14 +00.04039E+00  1175 008501 1 00076172 00076091 000 341 43064.3425235301
25.11.2017 08:13:14 +00.04039E+00  1189 008501 1 00076173 00076091 000 342 43064.3425275
25.11.2017 08:13:14 +00.04040E+00  1208 008501 1 00076174 00076091 000 342 43064.3425314699
25.11.2017 08:13:15 +00.04040E+00  1222 008501 1 00076175 00076091 000 377 43064.3425358449
25.11.2017 08:13:15 +00.04040E+00  1234 008501 1 00076176 00076091 000 340 43064.3425397917
25.11.2017 08:13:15 +00.04039E+00  1250 008501 1 00076177 00076091 000 342 43064.34254375
25.11.2017 08:13:21 +00.04050E+00  0021 008522 1 00076178 00076178 000 342 43064.3426083449
25.11.2017 08:13:21 +00.04049E+00  0042 008522 1 00076179 00076178 000 342 43064.3426123148
25.11.2017 08:13:22 +00.04050E+00  0055 008522 1 00076180 00076178 000 417 43064.3426171528
25.11.2017 08:13:22 +00.04049E+00  0064 008522 1 00076181 00076178 000 343 43064.3426211343
25.11.2017 08:13:22 +00.04049E+00  0087 008522 1 00076182 00076178 000 342 43064.3426251042
25.11.2017 08:13:23 +00.04049E+00  0103 008522 1 00076183 00076178 000 342 43064.3426290741
25.11.2017 08:13:23 +00.04049E+00  0118 008522 1 00076184 00076178 000 374 43064.3426334144
25.11.2017 08:13:23 +00.04049E+00  0139 008522 1 00076185 00076178 000 342 43064.3426373843
25.11.2017 08:13:24 +00.04049E+00  0151 008522 1 00076186 00076178 000 343 43064.3426413542
25.11.2017 08:13:24 +00.04050E+00  0160 008522 1 00076187 00076178 000 343 43064.3426453241
25.11.2017 08:13:24 +00.04050E+00  0180 008522 1 00076188 00076178 000 376 43064.3426496759
25.11.2017 08:13:25 +00.04049E+00  0203 008522 1 00076189 00076178 000 341 43064.3426536343
25.11.2017 08:13:25 +00.04049E+00  0215 008522 1 00076190 00076178 000 343 43064.3426576042
25.11.2017 08:13:25 +00.04050E+00  0235 008522 1 00076191 00076178 000 343 43064.3426615741
25.11.2017 08:13:26 +00.04050E+00  0251 008522 1 00076192 00076178 000 378 43064.3426659491
25.11.2017 08:13:26 +00.04050E+00  0265 008522 1 00076193 00076178 000 340 43064.3426698843
25.11.2017 08:13:27 +00.04050E+00  0281 008522 1 00076194 00076178 000 342 43064.3426738542
25.11.2017 08:13:27 +00.04049E+00  0295 008522 1 00076195 00076178 000 343 43064.3426778241
25.11.2017 08:13:27 +00.04050E+00  0303 008522 1 00076196 00076178 000 379 43064.3426822106
25.11.2017 08:13:28 +00.04049E+00  0318 008522 1 00076197 00076178 000 345 43064.3426862037
25.11.2017 08:13:28 +00.04049E+00  0329 008522 1 00076198 00076178 000 343 43064.3426901736
25.11.2017 08:13:28 +00.04049E+00  0345 008522 1 00076199 00076178 000 343 43064.3426941435
25.11.2017 08:13:29 +00.04049E+00  0357 008522 1 00076200 00076178 000 374 43064.3426984722
25.11.2017 08:13:29 +00.04049E+00  0376 008522 1 00076201 00076178 000 343 43064.3427024421
25.11.2017 08:13:29 +00.04049E+00  0395 008522 1 00076202 00076178 000 343 43064.3427064236
25.11.2017 08:13:30 +00.04049E+00  0402 008522 1 00076203 00076178 000 343 43064.3427103935
25.11.2017 08:13:30 +00.04050E+00  0418 008522 1 00076204 00076178 000 375 43064.3427147338
25.11.2017 08:13:30 +00.04049E+00  0440 008522 1 00076205 00076178 000 342 43064.3427186921
25.11.2017 08:13:31 +00.04049E+00  0452 008522 1 00076206 00076178 000 343 43064.342722662
25.11.2017 08:13:31 +00.04050E+00  0468 008524 1 00076207 00076178 000 341 43064.3427266319
25.11.2017 08:13:31 +00.04050E+00  0483 008524 1 00076208 00076178 000 375 43064.3427309838
25.11.2017 08:13:32 +00.04050E+00  0498 008524 1 00076209 00076178 000 341 43064.3427349421
25.11.2017 08:13:32 +00.04050E+00  0515 008524 1 00076210 00076178 000 343 43064.342738912
25.11.2017 08:13:32 +00.04050E+00  0527 008524 1 00076211 00076178 000 343 43064.3427428819
25.11.2017 08:13:33 +00.04050E+00  0540 008524 1 00076212 00076178 000 376 43064.3427472454
25.11.2017 08:13:33 +00.04050E+00  0556 008524 1 00076213 00076178 000 340 43064.3427511921
25.11.2017 08:13:34 +00.04050E+00  0572 008524 1 00076214 00076178 000 343 43064.342755162
25.11.2017 08:13:34 +00.04051E+00  0585 008524 1 00076215 00076178 000 343 43064.3427591319
25.11.2017 08:13:34 +00.04050E+00  0606 008524 1 00076216 00076178 000 379 43064.3427635185
25.11.2017 08:13:35 +00.04051E+00  0620 008524 1 00076217 00076178 000 340 43064.3427674537
25.11.2017 08:13:35 +00.04051E+00  0637 008524 1 00076218 00076178 000 341 43064.342771412
25.11.2017 08:13:35 +00.04051E+00  0650 008524 1 00076219 00076178 000 343 43064.3427753819
25.11.2017 08:13:36 +00.04050E+00  0658 008524 1 00076220 00076178 000 380 43064.3427797801
25.11.2017 08:13:36 +00.04050E+00  0667 008524 1 00076221 00076178 000 344 43064.3427837616
25.11.2017 08:13:36 +00.04050E+00  0672 008524 1 00076222 00076178 000 343 43064.3427877315
25.11.2017 08:13:37 +00.04050E+00  0686 008524 1 00076223 00076178 000 343 43064.3427917014
25.11.2017 08:13:37 +00.04050E+00  0709 008524 1 00076224 00076178 000 375 43064.3427960417
25.11.2017 08:13:37 +00.04050E+00  0723 008524 1 00076225 00076178 000 342 43064.3428
25.11.2017 08:13:38 +00.04050E+00  0737 008524 1 00076226 00076178 000 343 43064.3428039815
25.11.2017 08:13:38 +00.04050E+00  0755 008524 1 00076227 00076178 000 343 43064.3428079514
25.11.2017 08:13:38 +00.04050E+00  0770 008524 1 00076228 00076178 000 376 43064.3428123032
25.11.2017 08:13:39 +00.04051E+00  0788 008524 1 00076229 00076178 000 341 43064.34281625
25.11.2017 08:13:39 +00.04050E+00  0797 008524 1 00076230 00076178 000 342 43064.3428202199
25.11.2017 08:13:40 +00.04050E+00  0809 008524 1 00076231 00076178 000 342 43064.3428241898
25.11.2017 08:13:40 +00.04050E+00  0819 008524 1 00076232 00076178 000 377 43064.3428285648
25.11.2017 08:13:40 +00.04050E+00  0836 008524 1 00076233 00076178 000 341 43064.3428325116
25.11.2017 08:13:41 +00.04050E+00  0856 008524 1 00076234 00076178 000 342 43064.3428364699
25.11.2017 08:13:41 +00.04050E+00  0874 008524 1 00076235 00076178 000 342 43064.3428404398
25.11.2017 08:13:41 +00.04050E+00  0895 008524 1 00076236 00076178 000 377 43064.3428448148
25.11.2017 08:13:42 +00.04050E+00  0915 008524 1 00076237 00076178 000 340 43064.3428487616
25.11.2017 08:13:42 +00.04051E+00  0933 008524 1 00076238 00076178 000 343 43064.3428527315
25.11.2017 08:13:42 +00.04050E+00  0949 008524 1 00076239 00076178 000 342 43064.3428566898
25.11.2017 08:13:43 +00.04051E+00  0964 008524 1 00076240 00076178 000 380 43064.342861088
25.11.2017 08:13:43 +00.04051E+00  0986 008524 1 00076241 00076178 000 344 43064.3428650694
25.11.2017 08:13:43 +00.04051E+00  1002 008524 1 00076242 00076178 000 343 43064.3428690393
25.11.2017 08:13:44 +00.04050E+00  1018 008524 1 00076243 00076178 000 343 43064.3428730093
25.11.2017 08:13:44 +00.04050E+00  1026 008524 1 00076244 00076178 000 374 43064.342877338
25.11.2017 08:13:44 +00.04050E+00  1042 008524 1 00076245 00076178 000 343 43064.3428813194
25.11.2017 08:13:45 +00.04050E+00  1056 008524 1 00076246 00076178 000 343 43064.3428852893
25.11.2017 08:13:45 +00.04051E+00  1072 008524 1 00076247 00076178 000 343 43064.3428892593
25.11.2017 08:13:46 +00.04050E+00  1088 008524 1 00076248 00076178 000 376 43064.3428936111
25.11.2017 08:13:46 +00.04051E+00  1101 008524 1 00076249 00076178 000 342 43064.3428975694
25.11.2017 08:13:46 +00.04050E+00  1115 008524 1 00076250 00076178 000 343 43064.3429015393
25.11.2017 08:13:47 +00.04051E+00  1128 008524 1 00076251 00076178 000 343 43064.3429055093
25.11.2017 08:13:47 +00.04050E+00  1142 008522 1 00076252 00076178 000 377 43064.3429098727
25.11.2017 08:13:47 +00.04050E+00  1160 008522 1 00076253 00076178 000 340 43064.3429138079
25.11.2017 08:13:48 +00.04050E+00  1179 008522 1 00076254 00076178 000 342 43064.3429177778
25.11.2017 08:13:48 +00.04050E+00  1192 008522 1 00076255 00076178 000 342 43064.3429217477
25.11.2017 08:13:48 +00.04049E+00  1204 008522 1 00076256 00076178 000 377 43064.3429261227
25.11.2017 08:13:49 +00.04049E+00  1219 008522 1 00076257 00076178 000 340 43064.3429300694
25.11.2017 08:13:49 +00.04050E+00  1229 008522 1 00076258 00076178 000 341 43064.3429340278
25.11.2017 08:13:49 +00.04050E+00  1248 008522 1 00076259 00076178 000 342 43064.3429379977
25.11.2017 08:13:50 +00.04050E+00  1266 008522 1 00076260 00076178 000 379 43064.3429423958
25.11.2017 08:13:50 +00.04050E+00  1278 008522 1 00076261 00076178 000 343 43064.3429463773
25.11.2017 08:13:50 +00.04049E+00  1293 008522 1 00076262 00076178 000 343 43064.3429503472
25.11.2017 08:13:51 +00.04050E+00  1305 008522 1 00076263 00076178 000 342 43064.3429543171