
25.11.2017 01:40:41 +00.03920E+00  0015 008250 -1 00014368 00014368 000 380 43064.0699258681
25.11.2017 01:40:41 +00.03920E+00  0031 008250 -1 00014369 00014368 000 342 43064.069929838
25.11.2017 01:40:42 +00.03920E+00  0047 008250 -1 00014370 00014368 000 343 43064.0699338194
25.11.2017 01:40:42 +00.03920E+00  0061 008250 -1 00014371 00014368 000 343 43064.0699377894
25.11.2017 01:40:43 +00.03920E+00  0072 008250 -1 00014372 00014368 000 376 43064.0699421412
25.11.2017 01:40:43 +00.03920E+00  0087 008250 -1 00014373 00014368 000 341 43064.069946088
25.11.2017 01:40:43 +00.03920E+00  0107 008250 -1 00014374 00014368 000 342 43064.0699500579
25.11.2017 01:40:44 +00.03920E+00  0122 008250 -1 00014375 00014368 000 342 43064.0699540278
25.11.2017 01:40:44 +00.03920E+00  0137 008250 -1 00014376 00014368 000 377 43064.0699584028
25.11.2017 01:40:44 +00.03920E+00  0155 008250 -1 00014377 00014368 000 340 43064.069962338
25.11.2017 01:40:45 +00.03920E+00  0171 008250 -1 00014378 00014368 000 342 43064.0699663079
25.11.2017 01:40:45 +00.03920E+00  0183 008250 -1 00014379 00014368 000 344 43064.0699702894
25.11.2017 01:40:45 +00.03920E+00  0202 008250 -1 00014380 00014368 000 378 43064.0699746644
25.11.2017 01:40:46 +00.03920E+00  0215 008250 -1 00014381 00014368 000 344 43064.0699786574
25.11.2017 01:40:46 +00.03920E+00  0230 008250 -1 00014382 00014368 000 342 43064.0699826273
25.11.2017 01:40:46 +00.03920E+00  0244 008250 -1 00014383 00014368 000 342 43064.0699865972
25.11.2017 01:40:47 +00.03920E+00  0259 008250 -1 00014384 00014368 000 373 43064.0699909259
25.11.2017 01:40:47 +00.03920E+00  0274 008250 -1 00014385 00014368 000 343 43064.0699949074
25.11.2017 01:40:47 +00.03920E+00  0289 008250 -1 00014386 00014368 000 343 43064.0699988773
25.11.2017 01:40:48 +00.03920E+00  0306 008250 -1 00014387 00014368 000 343 43064.0700028472
25.11.2017 01:40:48 +00.03920E+00  0324 008250 -1 00014388 00014368 000 375 43064.0700071875
25.11.2017 01:40:48 +00.03920E+00  0334 008250 -1 00014389 00014368 000 343 43064.0700111574
25.11.2017 01:40:49 +00.03920E+00  0349 008250 -1 00014390 00014368 000 343 43064.0700151273
25.11.2017 01:40:49 +00.03920E+00  0357 008250 -1 00014391 00014368 000 343 43064.0700190972
25.11.2017 01:40:50 +00.03920E+00  0373 008250 -1 00014392 00014368 000 376 43064.0700234491
25.11.2017 01:40:50 +00.03920E+00  0389 008250 -1 00014393 00014368 000 342 43064.0700274074
25.11.2017 01:40:50 +00.03920E+00  0402 008250 -1 00014394 00014368 000 342 43064.0700313657
25.11.2017 01:40:51 +00.03920E+00  0414 008250 -1 00014395 00014368 000 343 43064.0700353472
25.11.2017 01:40:51 +00.03920E+00  0435 008250 -1 00014396 00014368 000 377 43064.0700397106
25.11.2017 01:40:51 +00.03920E+00  0457 008250 -1 00014397 00014368 000 340 43064.0700436458
25.11.2017 01:40:52 +00.03920E+00  0475 008250 -1 00014398 00014368 000 342 43064.0700476157
25.11.2017 01:40:52 +00.03920E+00  0492 008250 -1 00014399 00014368 000 342 43064.0700515857
25.11.2017 01:40:52 +00.03920E+00  0511 008250 -1 00014400 00014368 000 379 43064.0700559838
25.11.2017 01:40:53 +00.03920E+00  0526 008250 -1 00014401 00014368 000 344 43064.0700599653
25.11.2017 01:40:53 +00.03920E+00  0543 008250 -1 00014402 00014368 000 343 43064.0700639468
25.11.2017 01:40:53 +00.03920E+00  0553 008250 -1 00014403 00014368 000 343 43064.0700679167
25.11.2017 01:40:54 +00.03920E+00  0564 008250 -1 00014404 00014368 000 373 43064.0700722338
25.11.2017 01:40:54 +00.03920E+00  0580 008250 -1 00014405 00014368 000 344 43064.0700762153
25.11.2017 01:40:54 +00.03920E+00  0598 008250 -1 00014406 00014368 000 343 43064.0700801968
25.11.2017 01:40:55 +00.03920E+00  0608 008250 -1 00014407 00014368 000 342 43064.0700841551
25.11.2017 01:40:55 +00.03920E+00  0628 008250 -1 00014408 00014368 000 374 43064.0700884954
25.11.2017 01:40:55 +00.03920E+00  0643 008250 -1 00014409 00014368 000 342 43064.0700924653
25.11.2017 01:40:56 +00.03920E+00  0650 008250 -1 00014410 00014368 000 343 43064.0700964352
25.11.2017 01:40:56 +00.03920E+00  0665 008250 -1 00014411 00014368 000 342 43064.0701004051
25.11.2017 01:40:57 +00.03920E+00  0684 008250 -1 00014412 00014368 000 375 43064.0701047569
25.11.2017 01:40:57 +00.03920E+00  0698 008250 -1 00014413 00014368 000 342 43064.0701087153
25.11.2017 01:40:57 +00.03920E+00  0717 008250 -1 00014414 00014368 000 343 43064.0701126852
25.11.2017 01:40:58 +00.03920E+00  0735 008250 -1 00014415 00014368 000 343 43064.0701166551
25.11.2017 01:40:58 +00.03920E+00  0750 008250 -1 00014416 00014368 000 377 43064.0701210185
25.11.2017 01:40:58 +00.03920E+00  0769 008250 -1 00014417 00014368 000 341 43064.0701249653
25.11.2017 01:40:59 +00.03920E+00  0789 008250 -1 00014418 00014368 000 343 43064.0701289352
25.11.2017 01:40:59 +00.03920E+00  0801 008250 -1 00014419 00014368 000 343 43064.0701329051
25.11.2017 01:40:59 +00.03920E+00  0822 008250 -1 00014420 00014368 000 378 43064.0701372801
25.11.2017 01:41:00 +00.03920E+00  0845 008250 -1 00014421 00014368 000 340 43064.0701412153
25.11.2017 01:41:00 +00.03920E+00  0860 008250 -1 00014422 00014368 000 343 43064.0701451852
25.11.2017 01:41:00 +00.03920E+00  0872 008250 -1 00014423 00014368 000 342 43064.0701491435
25.11.2017 01:41:01 +00.03920E+00  0886 008250 -1 00014424 00014368 000 379 43064.0701535417
25.11.2017 01:41:01 +00.03920E+00  0905 008250 -1 00014425 00014368 000 345 43064.0701575347
25.11.2017 01:41:01 +00.03920E+00  0918 008250 -1 00014426 00014368 000 343 43064.0701615046
25.11.2017 01:41:02 +00.03920E+00  0930 008250 -1 00014427 00014368 000 343 43064.0701654745
25.11.2017 01:41:02 +00.03920E+00  0943 008250 -1 00014428 00014368 000 374 43064.0701698032
25.11.2017 01:41:03 +00.03920E+00  0962 008250 -1 00014429 00014368 000 343 43064.0701737732
25.11.2017 01:41:03 +00.03920E+00  0977 008250 -1 00014430 00014368 000 342 43064.0701777431
25.11.2017 01:41:03 +00.03920E+00  0992 008250 -1 00014431 00014368 000 342 43064.070181713
25.11.2017 01:41:04 +00.03920E+00  1007 008250 -1 00014432 00014368 000 375 43064.0701860648
25.11.2017 01:41:04 +00.03920E+00  1023 008250 -1 00014433 00014368 000 341 43064.0701900232
25.11.2017 01:41:04 +00.03920E+00  1039 008250 -1 00014434 00014368 000 343 43064.0701939931
25.11.2017 01:41:05 +00.03920E+00  1057 008250 -1 00014435 00014368 000 342 43064.070197963
25.11.2017 01:41:05 +00.03920E+00  1070 008250 -1 00014436 00014368 000 376 43064.0702023264
25.11.2017 01:41:05 +00.03920E+00  1091 008250 -1 00014437 00014368 000 340 43064.0702062732
25.11.2017 01:41:06 +00.03920E+00  1105 008250 -1 00014438 00014368 000 343 43064.0702102546
25.11.2017 01:41:06 +00.03920E+00  1115 008250 -1 00014439 00014368 000 342 43064.070214213
25.11.2017 01:41:06 +00.03920E+00  1131 008250 -1 00014440 00014368 000 378 43064.070218588
25.11.2017 01:41:07 +00.03920E+00  1149 008250 -1 00014441 00014368 000 340 43064.0702225232
25.11.2017 01:41:07 +00.03920E+00  1163 008250 -1 00014442 00014368 000 342 43064.0702264931
25.11.2017 01:41:07 +00.03920E+00  1176 008250 -1 00014443 00014368 000 343 43064.070230463
25.11.2017 01:41:08 +00.03920E+00  1196 008250 -1 00014444 00014368 000 379 43064.0702348495
25.11.2017 01:41:08 +00.03920E+00  1211 008250 -1 00014445 00014368 000 345 43064.0702388426
25.11.2017 01:41:08 +00.03920E+00  1222 008250 -1 00014446 00014368 000 343 43064.0702428125
25.11.2017 01:41:09 +00.03920E+00  1236 008250 -1 00014447 00014368 000 344 43064.070246794
25.11.2017 01:41:09 +00.03920E+00  1246 008250 -1 00014448 00014368 000 373 43064.0702511111
25.11.2017 01:41:10 +00.03920E+00  1271 008250 -1 00014449 00014368 000 344 43064.0702550926
25.11.2017 01:41:10 +00.03920E+00  1296 008250 -1 00014450 00014368 000 343 43064.0702590625
25.11.2017 01:41:10 +00.03920E+00  1310 008250 -1 00014451 00014368 000 343 43064.0702630324
25.11.2017 01:41:11 +00.03920E+00  1327 008250 -1 00014452 00014368 000 376 43064.0702673843
25.11.2017 01:41:11 +00.03920E+00  1340 008250 -1 00014453 00014368 000 341 43064.070271331
25.11.2017 01:41:16 +00.03901E+00  0015 008209 -1 00014454 00014454 000 378 43064.0703324306
25.11.2017 01:41:17 +00.03901E+00  0027 008209 -1 00014455 00014454 000 340 43064.0703363657
25.11.2017 01:41:17 +00.03901E+00  0042 008209 -1 00014456 00014454 000 341 43064.0703403241
25.11.2017 01:41:17 +00.03901E+00  0059 008209 -1 00014457 00014454 000 343 43064.070344294
25.11.2017 01:41:18 +00.03901E+00  0075 008209 -1 00014458 00014454 000 378 43064.0703486806
25.11.2017 01:41:18 +00.03901E+00  0094 008209 -1 00014459 00014454 000 345 43064.0703526736
25.11.2017 01:41:18 +00.03901E+00  0111 008209 -1 00014460 00014454 000 343 43064.0703566435
25.11.2017 01:41:19 +00.03901E+00  0130 008209 -1 00014461 00014454 000 343 43064.070360625
25.11.2017 01:41:19 +00.03901E+00  0137 008209 -1 00014462 00014454 000 373 43064.0703649421
25.11.2017 01:41:19 +00.03901E+00  0155 008209 -1 00014463 00014454 000 343 43064.0703689236
25.11.2017 01:41:20 +00.03901E+00  0171 008209 -1 00014464 00014454 000 343 43064.0703728935
25.11.2017 01:41:20 +00.03901E+00  0187 008209 -1 00014465 00014454 000 343 43064.0703768634
25.11.2017 01:41:20 +00.03901E+00  0203 008209 -1 00014466 00014454 000 375 43064.0703812037
25.11.2017 01:41:21 +00.03901E+00  0220 008209 -1 00014467 00014454 000 342 43064.0703851736
25.11.2017 01:41:21 +00.03901E+00  0240 008209 -1 00014468 00014454 000 343 43064.0703891435
25.11.2017 01:41:21 +00.03901E+00  0252 008209 -1 00014469 00014454 000 343 43064.0703931134
25.11.2017 01:41:22 +00.03900E+00  0270 008207 -1 00014470 00014454 000 377 43064.0703974769
25.11.2017 01:41:22 +00.03900E+00  0287 008207 -1 00014471 00014454 000 341 43064.0704014236
25.11.2017 01:41:23 +00.03900E+00  0305 008207 -1 00014472 00014454 000 343 43064.0704053935
25.11.2017 01:41:23 +00.03899E+00  0316 008207 -1 00014473 00014454 000 343 43064.0704093634
25.11.2017 01:41:23 +00.03899E+00  0326 008207 -1 00014474 00014454 000 378 43064.0704137384
25.11.2017 01:41:24 +00.03899E+00  0341 008207 -1 00014475 00014454 000 340 43064.0704176736
25.11.2017 01:41:24 +00.03899E+00  0355 008207 -1 00014476 00014454 000 341 43064.0704216319
25.11.2017 01:41:24 +00.03900E+00  0370 008207 -1 00014477 00014454 000 342 43064.0704256019
25.11.2017 01:41:25 +00.03899E+00  0385 008207 -1 00014478 00014454 000 378 43064.0704299884
25.11.2017 01:41:25 +00.03900E+00  0404 008207 -1 00014479 00014454 000 344 43064.0704339815
25.11.2017 01:41:25 +00.03900E+00  0414 008207 -1 00014480 00014454 000 342 43064.0704379514
25.11.2017 01:41:26 +00.03900E+00  0432 008207 -1 00014481 00014454 000 342 43064.0704419213
25.11.2017 01:41:26 +00.03900E+00  0449 008207 -1 00014482 00014454 000 374 43064.0704462616
25.11.2017 01:41:26 +00.03900E+00  0461 008207 -1 00014483 00014454 000 343 43064.0704502315
25.11.2017 01:41:27 +00.03900E+00  0482 008207 -1 00014484 00014454 000 343 43064.070454213
25.11.2017 01:41:27 +00.03900E+00  0500 008207 -1 00014485 00014454 000 342 43064.0704581713
25.11.2017 01:41:27 +00.03900E+00  0515 008207 -1 00014486 00014454 000 374 43064.0704625116
25.11.2017 01:41:28 +00.03899E+00  0535 008207 -1 00014487 00014454 000 342 43064.0704664815
25.11.2017 01:41:28 +00.03899E+00  0546 008207 -1 00014488 00014454 000 343 43064.0704704514
25.11.2017 01:41:28 +00.03899E+00  0564 008207 -1 00014489 00014454 000 343 43064.0704744213
25.11.2017 01:41:29 +00.03899E+00  0580 008207 -1 00014490 00014454 000 375 43064.0704787731
25.11.2017 01:41:29 +00.03900E+00  0593 008207 -1 00014491 00014454 000 341 43064.0704827315
25.11.2017 01:41:30 +00.03899E+00  0609 008207 -1 00014492 00014454 000 343 43064.0704867014
25.11.2017 01:41:30 +00.03899E+00  0623 008207 -1 00014493 00014454 000 343 43064.0704906713
25.11.2017 01:41:30 +00.03900E+00  0639 008207 -1 00014494 00014454 000 378 43064.0704950463
25.11.2017 01:41:31 +00.03900E+00  0657 008207 -1 00014495 00014454 000 341 43064.0704989931
25.11.2017 01:41:31 +00.03900E+00  0669 008207 -1 00014496 00014454 000 342 43064.0705029514
25.11.2017 01:41:31 +00.03900E+00  0682 008207 -1 00014497 00014454 000 343 43064.0705069213
25.11.2017 01:41:32 +00.03900E+00  0701 008207 -1 00014498 00014454 000 379 43064.0705113079
25.11.2017 01:41:32 +00.03900E+00  0710 008207 -1 00014499 00014454 000 345 43064.0705153009
25.11.2017 01:41:32 +00.03900E+00  0730 008207 -1 00014500 00014454 000 343 43064.0705192708
25.11.2017 01:41:33 +00.03899E+00  0744 008207 -1 00014501 00014454 000 343 43064.0705232407
25.11.2017 01:41:33 +00.03900E+00  0757 008207 -1 00014502 00014454 000 374 43064.0705275694
25.11.2017 01:41:33 +00.03900E+00  0771 008207 -1 00014503 00014454 000 344 43064.0705315509
25.11.2017 01:41:34 +00.03899E+00  0784 008207 -1 00014504 00014454 000 342 43064.0705355208
25.11.2017 01:41:34 +00.03900E+00  0794 008207 -1 00014505 00014454 000 343 43064.0705394907
25.11.2017 01:41:34 +00.03900E+00  0797 008207 -1 00014506 00014454 000 375 43064.070543831
25.11.2017 01:41:35 +00.03900E+00  0813 008207 -1 00014507 00014454 000 342 43064.0705477893
25.11.2017 01:41:35 +00.03900E+00  0826 008207 -1 00014508 00014454 000 342 43064.0705517593
25.11.2017 01:41:36 +00.03900E+00  0838 008207 -1 00014509 00014454 000 342 43064.0705557292
25.11.2017 01:41:36 +00.03899E+00  0863 008207 -1 00014510 00014454 000 375 43064.070560081
25.11.2017 01:41:36 +00.03900E+00  0874 008207 -1 00014511 00014454 000 341 43064.0705640393
25.11.2017 01:41:37 +00.03900E+00  0888 008207 -1 00014512 00014454 000 343 43064.0705680093
25.11.2017 01:41:37 +00.03899E+00  0909 008207 -1 00014513 00014454 000 342 43064.0705719792
25.11.2017 01:41:37 +00.03900E+00  0918 008209 -1 00014514 00014454 000 378 43064.0705763542
25.11.2017 01:41:38 +00.03900E+00  0931 008209 -1 00014515 00014454 000 340 43064.0705803009
25.11.2017 01:41:38 +00.03900E+00  0938 008209 -1 00014516 00014454 000 342 43064.0705842708
25.11.2017 01:41:38 +00.03900E+00  0949 008209 -1 00014517 00014454 000 342 43064.0705882292
25.11.2017 01:41:39 +00.03900E+00  0959 008209 -1 00014518 00014454 000 379 43064.0705926157
25.11.2017 01:41:39 +00.03900E+00  0975 008209 -1 00014519 00014454 000 340 43064.0705965509
25.11.2017 01:41:39 +00.03900E+00  0991 008209 -1 00014520 00014454 000 341 43064.0706005093
25.11.2017 01:41:40 +00.03900E+00  1000 008209 -1 00014521 00014454 000 343 43064.0706044792
25.11.2017 01:41:40 +00.03900E+00  1011 008209 -1 00014522 00014454 000 380 43064.0706088773
25.11.2017 01:41:40 +00.03901E+00  1028 008209 -1 00014523 00014454 000 344 43064.0706128588
25.11.2017 01:41:41 +00.03901E+00  1045 008209 -1 00014524 00014454 000 343 43064.0706168287
25.11.2017 01:41:41 +00.03901E+00  1061 008209 -1 00014525 00014454 000 343 43064.0706207986
25.11.2017 01:41:42 +00.03900E+00  1072 008209 -1 00014526 00014454 000 375 43064.0706251389
25.11.2017 01:41:42 +00.03900E+00  1089 008209 -1 00014527 00014454 000 343 43064.0706291088
25.11.2017 01:41:42 +00.03900E+00  1107 008209 -1 00014528 00014454 000 343 43064.0706330787
25.11.2017 01:41:43 +00.03900E+00  1120 008209 -1 00014529 00014454 000 343 43064.0706370486
25.11.2017 01:41:43 +00.03900E+00  1131 008209 -1 00014530 00014454 000 376 43064.0706414005
25.11.2017 01:41:43 +00.03900E+00  1146 008209 -1 00014531 00014454 000 341 43064.0706453472
25.11.2017 01:41:44 +00.03901E+00  1164 008209 -1 00014532 00014454 000 342 43064.0706493171
25.11.2017 01:41:44 +00.03901E+00  1181 008209 -1 00014533 00014454 000 343 43064.0706532986
25.11.2017 01:41:44 +00.03901E+00  1196 008209 -1 00014534 00014454 000 376 43064.0706576505
25.11.2017 01:41:45 +00.03900E+00  1216 008209 -1 00014535 00014454 000 340 43064.0706615972
25.11.2017 01:41:45 +00.03900E+00  1228 008209 -1 00014536 00014454 000 343 43064.0706655671
25.11.2017 01:41:45 +00.03900E+00  1241 008209 -1 00014537 00014454 000 342 43064.070669537
25.11.2017 01:41:46 +00.03901E+00  1251 008209 -1 00014538 00014454 000 379 43064.0706739352
25.11.2017 01:41:46 +00.03901E+00  1267 008209 -1 00014539 00014454 000 343 43064.0706779167
25.11.2017 01:41:46 +00.03901E+00  1278 008209 -1 00014540 00014454 000 342 43064.0706818866
25.11.2017 01:41:52 +00.03880E+00  0011 008167 -1 00014541 00014541 000 342 43064.070746412
25.11.2017 01:41:52 +00.03880E+00  0022 008167 -1 00014542 00014541 000 343 43064.0707503819
25.11.2017 01:41:53 +00.03880E+00  0030 008167 -1 00014543 00014541 000 419 43064.0707552315
25.11.2017 01:41:53 +00.03880E+00  0045 008167 -1 00014544 00014541 000 343 43064.0707592014
25.11.2017 01:41:53 +00.03880E+00  0058 008167 -1 00014545 00014541 000 343 43064.0707631713
25.11.2017 01:41:54 +00.03880E+00  0078 008167 -1 00014546 00014541 000 344 43064.0707671528
25.11.2017 01:41:54 +00.03880E+00  0102 008167 -1 00014547 00014541 000 375 43064.0707714931
25.11.2017 01:41:54 +00.03880E+00  0115 008167 -1 00014548 00014541 000 341 43064.0707754514
25.11.2017 01:41:55 +00.03880E+00  0125 008167 -1 00014549 00014541 000 343 43064.0707794213
25.11.2017 01:41:55 +00.03880E+00  0143 008167 -1 00014550 00014541 000 343 43064.0707833912
25.11.2017 01:41:56 +00.03880E+00  0165 008167 -1 00014551 00014541 000 377 43064.0707877546
25.11.2017 01:41:56 +00.03880E+00  0178 008167 -1 00014552 00014541 000 341 43064.0707917014
25.11.2017 01:41:56 +00.03880E+00  0195 008167 -1 00014553 00014541 000 343 43064.0707956713
25.11.2017 01:41:57 +00.03881E+00  0214 008167 -1 00014554 00014541 000 343 43064.0707996412
25.11.2017 01:41:57 +00.03881E+00  0230 008167 -1 00014555 00014541 000 378 43064.0708040162
25.11.2017 01:41:57 +00.03880E+00  0251 008165 -1 00014556 00014541 000 340 43064.0708079514
25.11.2017 01:41:58 +00.03880E+00  0260 008165 -1 00014557 00014541 000 341 43064.0708119097
25.11.2017 01:41:58 +00.03880E+00  0267 008165 -1 00014558 00014541 000 342 43064.0708158796
25.11.2017 01:41:58 +00.03879E+00  0281 008165 -1 00014559 00014541 000 380 43064.0708202894
25.11.2017 01:41:59 +00.03879E+00  0303 008165 -1 00014560 00014541 000 343 43064.0708242593
25.11.2017 01:41:59 +00.03880E+00  0315 008165 -1 00014561 00014541 000 342 43064.0708282292
25.11.2017 01:41:59 +00.03879E+00  0331 008165 -1 00014562 00014541 000 343 43064.0708322107
25.11.2017 01:42:00 +00.03879E+00  0344 008165 -1 00014563 00014541 000 374 43064.0708365394
25.11.2017 01:42:00 +00.03879E+00  0355 008165 -1 00014564 00014541 000 343 43064.0708405093
25.11.2017 01:42:00 +00.03879E+00  0365 008165 -1 00014565 00014541 000 343 43064.0708444907
25.11.2017 01:42:01 +00.03879E+00  0389 008165 -1 00014566 00014541 000 342 43064.0708484491
25.11.2017 01:42:01 +00.03879E+00  0405 008165 -1 00014567 00014541 000 375 43064.0708528009
25.11.2017 01:42:02 +00.03879E+00  0416 008165 -1 00014568 00014541 000 341 43064.0708567593
25.11.2017 01:42:02 +00.03879E+00  0426 008165 -1 00014569 00014541 000 343 43064.0708607292
25.11.2017 01:42:02 +00.03880E+00  0437 008165 -1 00014570 00014541 000 343 43064.0708646991
25.11.2017 01:42:03 +00.03879E+00  0452 008165 -1 00014571 00014541 000 377 43064.0708690625
25.11.2017 01:42:03 +00.03879E+00  0467 008165 -1 00014572 00014541 000 341 43064.0708730208
25.11.2017 01:42:03 +00.03879E+00  0488 008165 -1 00014573 00014541 000 342 43064.0708769792
25.11.2017 01:42:04 +00.03879E+00  0501 008165 -1 00014574 00014541 000 343 43064.0708809491
25.11.2017 01:42:04 +00.03880E+00  0512 008165 -1 00014575 00014541 000 378 43064.0708853241
25.11.2017 01:42:04 +00.03879E+00  0537 008165 -1 00014576 00014541 000 340 43064.0708892593
25.11.2017 01:42:05 +00.03879E+00  0553 008165 -1 00014577 00014541 000 342 43064.0708932292
25.11.2017 01:42:05 +00.03879E+00  0571 008165 -1 00014578 00014541 000 343 43064.0708971991
25.11.2017 01:42:05 +00.03879E+00  0586 008165 -1 00014579 00014541 000 379 43064.0709015856
25.11.2017 01:42:06 +00.03880E+00  0602 008165 -1 00014580 00014541 000 345 43064.0709055787
25.11.2017 01:42:06 +00.03880E+00  0616 008165 -1 00014581 00014541 000 343 43064.0709095486
25.11.2017 01:42:06 +00.03879E+00  0637 008165 -1 00014582 00014541 000 343 43064.0709135185
25.11.2017 01:42:07 +00.03879E+00  0653 008165 -1 00014583 00014541 000 374 43064.0709178472
25.11.2017 01:42:07 +00.03879E+00  0669 008165 -1 00014584 00014541 000 344 43064.0709218287
25.11.2017 01:42:07 +00.03879E+00  0687 008165 -1 00014585 00014541 000 343 43064.0709257986
25.11.2017 01:42:08 +00.03879E+00  0707 008167 -1 00014586 00014541 000 343 43064.0709297685
25.11.2017 01:42:08 +00.03880E+00  0720 008167 -1 00014587 00014541 000 376 43064.0709341204
25.11.2017 01:42:09 +00.03880E+00  0744 008167 -1 00014588 00014541 000 341 43064.0709380671
25.11.2017 01:42:09 +00.03880E+00  0751 008167 -1 00014589 00014541 000 342 43064.070942037
25.11.2017 01:42:09 +00.03880E+00  0769 008167 -1 00014590 00014541 000 343 43064.0709460185
25.11.2017 01:42:10 +00.03881E+00  0779 008167 -1 00014591 00014541 000 376 43064.0709503704
25.11.2017 01:42:10 +00.03880E+00  0798 008167 -1 00014592 00014541 000 341 43064.0709543171
25.11.2017 01:42:10 +00.03880E+00  0815 008167 -1 00014593 00014541 000 343 43064.070958287
25.11.2017 01:42:11 +00.03881E+00  0832 008167 -1 00014594 00014541 000 343 43064.0709622569
25.11.2017 01:42:11 +00.03881E+00  0845 008167 -1 00014595 00014541 000 377 43064.0709666319
25.11.2017 01:42:11 +00.03880E+00  0866 008167 -1 00014596 00014541 000 340 43064.0709705787
25.11.2017 01:42:12 +00.03880E+00  0876 008167 -1 00014597 00014541 000 341 43064.070974537
25.11.2017 01:42:12 +00.03880E+00  0891 008167 -1 00014598 00014541 000 343 43064.0709785069
25.11.2017 01:42:12 +00.03880E+00  0902 008167 -1 00014599 00014541 000 379 43064.0709828935
25.11.2017 01:42:13 +00.03880E+00  0915 008167 -1 00014600 00014541 000 340 43064.0709868287
25.11.2017 01:42:13 +00.03880E+00  0926 008167 -1 00014601 00014541 000 341 43064.070990787
25.11.2017 01:42:13 +00.03880E+00  0933 008167 -1 00014602 00014541 000 343 43064.0709947569
25.11.2017 01:42:14 +00.03880E+00  0943 008167 -1 00014603 00014541 000 380 43064.0709991551
25.11.2017 01:42:14 +00.03880E+00  0966 008167 -1 00014604 00014541 000 344 43064.0710031366
25.11.2017 01:42:15 +00.03880E+00  0988 008167 -1 00014605 00014541 000 343 43064.0710071065
25.11.2017 01:42:15 +00.03880E+00  1007 008167 -1 00014606 00014541 000 343 43064.0710110764
25.11.2017 01:42:15 +00.03880E+00  1023 008167 -1 00014607 00014541 000 375 43064.0710154167
25.11.2017 01:42:16 +00.03880E+00  1038 008167 -1 00014608 00014541 000 343 43064.0710193866
25.11.2017 01:42:16 +00.03881E+00  1052 008167 -1 00014609 00014541 000 342 43064.0710233449
25.11.2017 01:42:16 +00.03880E+00  1066 008167 -1 00014610 00014541 000 343 43064.0710273264
25.11.2017 01:42:17 +00.03880E+00  1086 008167 -1 00014611 00014541 000 377 43064.0710316898
25.11.2017 01:42:17 +00.03880E+00  1102 008167 -1 00014612 00014541 000 340 43064.071035625
25.11.2017 01:42:17 +00.03880E+00  1111 008167 -1 00014613 00014541 000 342 43064.0710395949
25.11.2017 01:42:18 +00.03880E+00  1123 008167 -1 00014614 00014541 000 342 43064.0710435648
25.11.2017 01:42:18 +00.03880E+00  1135 008167 -1 00014615 00014541 000 377 43064.0710479398
25.11.2017 01:42:18 +00.03880E+00  1159 008167 -1 00014616 00014541 000 340 43064.0710518866
25.11.2017 01:42:19 +00.03881E+00  1174 008167 -1 00014617 00014541 000 341 43064.0710558449
25.11.2017 01:42:19 +00.03880E+00  1190 008167 -1 00014618 00014541 000 342 43064.0710598148
25.11.2017 01:42:19 +00.03880E+00  1201 008167 -1 00014619 00014541 000 378 43064.0710642014
25.11.2017 01:42:20 +00.03880E+00  1220 008167 -1 00014620 00014541 000 344 43064.0710681944
25.11.2017 01:42:20 +00.03880E+00  1235 008167 -1 00014621 00014541 000 342 43064.0710721644
25.11.2017 01:42:20 +00.03880E+00  1249 008167 -1 00014622 00014541 000 342 43064.0710761343
25.11.2017 01:42:21 +00.03880E+00  1268 008167 -1 00014623 00014541 000 374 43064.0710804745
25.11.2017 01:42:21 +00.03880E+00  1281 008167 -1 00014624 00014541 000 343 43064.0710844444
25.11.2017 01:42:22 +00.03880E+00  1295 008167 -1 00014625 00014541 000 343 43064.0710884144
25.11.2017 01:42:22 +00.03880E+00  1321 008167 -1 00014626 00014541 000 343 43064.0710923843
25.11.2017 01:42:22 +00.03880E+00  1338 008167 -1 00014627 00014541 000 375 43064.0710967245
25.11.2017 01:42:27 +00.03861E+00  0018 008126 -1 00014628 00014628 000 343 43064.0711571875
25.11.2017 01:42:28 +00.03861E+00  0038 008126 -1 00014629 00014628 000 397 43064.0711617824
25.11.2017 01:42:28 +00.03861E+00  0054 008126 -1 00014630 00014628 000 340 43064.0711657176
25.11.2017 01:42:29 +00.03861E+00  0073 008126 -1 00014631 00014628 000 341 43064.0711696759
25.11.2017 01:42:29 +00.03861E+00  0091 008126 -1 00014632 00014628 000 343 43064.0711736574
25.11.2017 01:42:29 +00.03861E+00  0102 008126 -1 00014633 00014628 000 379 43064.071178044
25.11.2017 01:42:30 +00.03861E+00  0124 008126 -1 00014634 00014628 000 345 43064.071182037
25.11.2017 01:42:30 +00.03861E+00  0137 008126 -1 00014635 00014628 000 343 43064.0711860069
25.11.2017 01:42:30 +00.03861E+00  0149 008126 -1 00014636 00014628 000 343 43064.0711899769
25.11.2017 01:42:31 +00.03861E+00  0162 008126 -1 00014637 00014628 000 374 43064.0711943056
25.11.2017 01:42:31 +00.03861E+00  0189 008126 -1 00014638 00014628 000 343 43064.0711982755
25.11.2017 01:42:31 +00.03861E+00  0205 008126 -1 00014639 00014628 000 342 43064.0712022454
25.11.2017 01:42:32 +00.03861E+00  0220 008126 -1 00014640 00014628 000 342 43064.0712062153
25.11.2017 01:42:32 +00.03861E+00  0232 008126 -1 00014641 00014628 000 374 43064.0712105556
25.11.2017 01:42:32 +00.03861E+00  0240 008126 -1 00014642 00014628 000 343 43064.071214537
25.11.2017 01:42:33 +00.03861E+00  0257 008124 -1 00014643 00014628 000 343 43064.0712185069
25.11.2017 01:42:33 +00.03860E+00  0277 008124 -1 00014644 00014628 000 342 43064.0712224653
25.11.2017 01:42:33 +00.03860E+00  0288 008124 -1 00014645 00014628 000 375 43064.0712268171
25.11.2017 01:42:34 +00.03860E+00  0301 008124 -1 00014646 00014628 000 341 43064.0712307755
25.11.2017 01:42:34 +00.03860E+00  0319 008124 -1 00014647 00014628 000 343 43064.0712347454
25.11.2017 01:42:35 +00.03860E+00  0343 008124 -1 00014648 00014628 000 343 43064.0712387153
25.11.2017 01:42:35 +00.03860E+00  0360 008124 -1 00014649 00014628 000 378 43064.0712430903
25.11.2017 01:42:35 +00.03860E+00  0370 008124 -1 00014650 00014628 000 340 43064.0712470255
25.11.2017 01:42:36 +00.03860E+00  0387 008124 -1 00014651 00014628 000 342 43064.0712509954
25.11.2017 01:42:36 +00.03860E+00  0396 008124 -1 00014652 00014628 000 343 43064.0712549653
25.11.2017 01:42:36 +00.03860E+00  0408 008124 -1 00014653 00014628 000 379 43064.0712593519
25.11.2017 01:42:37 +00.03860E+00  0423 008124 -1 00014654 00014628 000 340 43064.071263287
25.11.2017 01:42:37 +00.03860E+00  0431 008124 -1 00014655 00014628 000 340 43064.0712672338
25.11.2017 01:42:37 +00.03860E+00  0444 008124 -1 00014656 00014628 000 343 43064.0712712153
25.11.2017 01:42:38 +00.03860E+00  0461 008124 -1 00014657 00014628 000 380 43064.0712756134
25.11.2017 01:42:38 +00.03860E+00  0485 008124 -1 00014658 00014628 000 344 43064.0712795949
25.11.2017 01:42:38 +00.03860E+00  0505 008124 -1 00014659 00014628 000 343 43064.0712835648
25.11.2017 01:42:39 +00.03860E+00  0518 008124 -1 00014660 00014628 000 343 43064.0712875347
25.11.2017 01:42:39 +00.03860E+00  0536 008124 -1 00014661 00014628 000 375 43064.071291875
25.11.2017 01:42:39 +00.03860E+00  0558 008124 -1 00014662 00014628 000 342 43064.0712958333
25.11.2017 01:42:40 +00.03860E+00  0578 008124 -1 00014663 00014628 000 343 43064.0712998148
25.11.2017 01:42:40 +00.03860E+00  0598 008124 -1 00014664 00014628 000 342 43064.0713037731
25.11.2017 01:42:41 +00.03860E+00  0612 008124 -1 00014665 00014628 000 375 43064.071308125
25.11.2017 01:42:41 +00.03860E+00  0629 008124 -1 00014666 00014628 000 342 43064.0713120949
25.11.2017 01:42:41 +00.03860E+00  0648 008124 -1 00014667 00014628 000 342 43064.0713160532
25.11.2017 01:42:42 +00.03860E+00  0664 008124 -1 00014668 00014628 000 342 43064.0713200231
25.11.2017 01:42:42 +00.03860E+00  0683 008124 -1 00014669 00014628 000 377 43064.0713243982
25.11.2017 01:42:42 +00.03860E+00  0705 008124 -1 00014670 00014628 000 341 43064.0713283449
25.11.2017 01:42:43 +00.03860E+00  0720 008124 -1 00014671 00014628 000 342 43064.0713323032
25.11.2017 01:42:43 +00.03860E+00  0732 008124 -1 00014672 00014628 000 343 43064.0713362731
25.11.2017 01:42:43 +00.03860E+00  0741 008124 -1 00014673 00014628 000 378 43064.0713406597
25.11.2017 01:42:44 +00.03860E+00  0753 008124 -1 00014674 00014628 000 344 43064.0713446528
25.11.2017 01:42:44 +00.03860E+00  0768 008124 -1 00014675 00014628 000 343 43064.0713486227
25.11.2017 01:42:44 +00.03860E+00  0779 008124 -1 00014676 00014628 000 343 43064.0713525926
25.11.2017 01:42:45 +00.03860E+00  0796 008124 -1 00014677 00014628 000 374 43064.0713569329
25.11.2017 01:42:45 +00.03860E+00  0812 008124 -1 00014678 00014628 000 342 43064.0713609028
25.11.2017 01:42:45 +00.03860E+00  0827 008124 -1 00014679 00014628 000 343 43064.0713648727
25.11.2017 01:42:46 +00.03860E+00  0841 008124 -1 00014680 00014628 000 342 43064.0713688426
25.11.2017 01:42:46 +00.03860E+00  0854 008124 -1 00014681 00014628 000 375 43064.0713731829
25.11.2017 01:42:46 +00.03860E+00  0869 008124 -1 00014682 00014628 000 343 43064.0713771528
25.11.2017 01:42:47 +00.03860E+00  0882 008124 -1 00014683 00014628 000 343 43064.0713811227
25.11.2017 01:42:47 +00.03860E+00  0893 008124 -1 00014684 00014628 000 343 43064.0713850926
25.11.2017 01:42:48 +00.03860E+00  0908 008124 -1 00014685 00014628 000 376 43064.0713894444
25.11.2017 01:42:48 +00.03860E+00  0929 008124 -1 00014686 00014628 000 341 43064.0713933912
25.11.2017 01:42:48 +00.03860E+00  0940 008124 -1 00014687 00014628 000 342 43064.0713973611
25.11.2017 01:42:49 +00.03860E+00  0949 008124 -1 00014688 00014628 000 343 43064.0714013426
25.11.2017 01:42:49 +00.03860E+00  0962 008124 -1 00014689 00014628 000 376 43064.071405706
25.11.2017 01:42:49 +00.03860E+00  0978 008124 -1 00014690 00014628 000 340 43064.0714096412
25.11.2017 01:42:50 +00.03860E+00  0995 008124 -1 00014691 00014628 000 342 43064.0714136111
25.11.2017 01:42:50 +00.03860E+00  1012 008124 -1 00014692 00014628 000 342 43064.071417581
25.11.2017 01:42:50 +00.03860E+00  1027 008124 -1 00014693 00014628 000 377 43064.071421956
25.11.2017 01:42:51 +00.03860E+00  1045 008124 -1 00014694 00014628 000 340 43064.0714259028
25.11.2017 01:42:51 +00.03860E+00  1055 008124 -1 00014695 00014628 000 341 43064.0714298611
25.11.2017 01:42:51 +00.03860E+00  1074 008124 -1 00014696 00014628 000 343 43064.071433831
25.11.2017 01:42:52 +00.03860E+00  1089 008124 -1 00014697 00014628 000 379 43064.0714382292
25.11.2017 01:42:52 +00.03860E+00  1099 008124 -1 00014698 00014628 000 343 43064.0714422106
25.11.2017 01:42:52 +00.03860E+00  1117 008124 -1 00014699 00014628 000 343 43064.0714461806
25.11.2017 01:42:53 +00.03860E+00  1129 008124 -1 00014700 00014628 000 342 43064.0714501505
25.11.2017 01:42:53 +00.03860E+00  1151 008124 -1 00014701 00014628 000 374 43064.0714544907
25.11.2017 01:42:54 +00.03860E+00  1171 008124 -1 00014702 00014628 000 342 43064.0714584606
25.11.2017 01:42:54 +00.03860E+00  1183 008124 -1 00014703 00014628 000 343 43064.0714624306
25.11.2017 01:42:54 +00.03860E+00  1196 008124 -1 00014704 00014628 000 343 43064.0714664005
25.11.2017 01:42:55 +00.03860E+00  1210 008124 -1 00014705 00014628 000 376 43064.0714707523
25.11.2017 01:42:55 +00.03860E+00  1222 008124 -1 00014706 00014628 000 342 43064.0714747106
25.11.2017 01:42:55 +00.03860E+00  1235 008124 -1 00014707 00014628 000 343 43064.0714786806
25.11.2017 01:42:56 +00.03860E+00  1252 008124 -1 00014708 00014628 000 343 43064.0714826505
25.11.2017 01:42:56 +00.03860E+00  1277 008124 -1 00014709 00014628 000 377 43064.0714870139
25.11.2017 01:42:56 +00.03860E+00  1292 008124 -1 00014710 00014628 000 341 43064.0714909606
25.11.2017 01:42:57 +00.03860E+00  1305 008124 -1 00014711 00014628 000 343 43064.0714949306
25.11.2017 01:42:57 +00.03860E+00  1321 008124 -1 00014712 00014628 000 343 43064.0714989005
25.11.2017 01:42:57 +00.03860E+00  1339 008124 -1 00014713 00014628 000 378 43064.0715032755
25.11.2017 01:42:58 +00.03860E+00  1357 008124 -1 00014714 00014628 000 340 43064.0715072106
25.11.2017 01:43:03 +00.03840E+00  0016 008083 -1 00014715 00014715 000 380 43064.0715683218
25.11.2017 01:43:03 +00.03840E+00  0027 008083 -1 00014716 00014715 000 343 43064.0715722917
25.11.2017 01:43:04 +00.03840E+00  0048 008083 -1 00014717 00014715 000 342 43064.0715762616
25.11.2017 01:43:04 +00.03840E+00  0066 008083 -1 00014718 00014715 000 342 43064.0715802315
25.11.2017 01:43:04 +00.03841E+00  0090 008083 -1 00014719 00014715 000 375 43064.0715845833
25.11.2017 01:43:05 +00.03840E+00  0109 008083 -1 00014720 00014715 000 343 43064.0715885532
25.11.2017 01:43:05 +00.03840E+00  0130 008083 -1 00014721 00014715 000 342 43064.0715925116
25.11.2017 01:43:05 +00.03840E+00  0145 008083 -1 00014722 00014715 000 342 43064.0715964815
25.11.2017 01:43:06 +00.03840E+00  0166 008083 -1 00014723 00014715 000 377 43064.0716008449
25.11.2017 01:43:06 +00.03840E+00  0188 008083 -1 00014724 00014715 000 340 43064.0716047917
25.11.2017 01:43:06 +00.03840E+00  0199 008083 -1 00014725 00014715 000 342 43064.0716087616
25.11.2017 01:43:07 +00.03840E+00  0222 008083 -1 00014726 00014715 000 343 43064.0716127315
25.11.2017 01:43:07 +00.03840E+00  0239 008083 -1 00014727 00014715 000 378 43064.0716171065
25.11.2017 01:43:08 +00.03840E+00  0261 008083 -1 00014728 00014715 000 340 43064.0716210417
25.11.2017 01:43:08 +00.03840E+00  0275 008083 -1 00014729 00014715 000 342 43064.0716250116
25.11.2017 01:43:08 +00.03840E+00  0291 008083 -1 00014730 00014715 000 343 43064.0716289815
25.11.2017 01:43:09 +00.03840E+00  0305 008083 -1 00014731 00014715 000 379 43064.0716333681
25.11.2017 01:43:09 +00.03840E+00  0319 008083 -1 00014732 00014715 000 345 43064.0716373611
25.11.2017 01:43:09 +00.03840E+00  0334 008083 -1 00014733 00014715 000 344 43064.0716413426
25.11.2017 01:43:10 +00.03840E+00  0352 008083 -1 00014734 00014715 000 342 43064.0716453009
25.11.2017 01:43:10 +00.03841E+00  0371 008083 -1 00014735 00014715 000 374 43064.0716496296
25.11.2017 01:43:10 +00.03840E+00  0386 008083 -1 00014736 00014715 000 343 43064.0716535995
25.11.2017 01:43:11 +00.03840E+00  0399 008083 -1 00014737 00014715 000 343 43064.071657581
25.11.2017 01:43:11 +00.03840E+00  0413 008083 -1 00014738 00014715 000 343 43064.0716615509
25.11.2017 01:43:11 +00.03841E+00  0425 008083 -1 00014739 00014715 000 375 43064.0716658912
25.11.2017 01:43:12 +00.03840E+00  0435 008083 -1 00014740 00014715 000 342 43064.0716698495
25.11.2017 01:43:12 +00.03841E+00  0450 008083 -1 00014741 00014715 000 342 43064.0716738194
25.11.2017 01:43:12 +00.03840E+00  0462 008083 -1 00014742 00014715 000 342 43064.0716777894
25.11.2017 01:43:13 +00.03841E+00  0473 008083 -1 00014743 00014715 000 376 43064.0716821528
25.11.2017 01:43:13 +00.03840E+00  0480 008083 -1 00014744 00014715 000 340 43064.0716860995
25.11.2017 01:43:14 +00.03840E+00  0490 008083 -1 00014745 00014715 000 342 43064.0716900694
25.11.2017 01:43:14 +00.03840E+00  0505 008083 -1 00014746 00014715 000 343 43064.0716940394
25.11.2017 01:43:14 +00.03840E+00  0520 008083 -1 00014747 00014715 000 377 43064.0716984144
25.11.2017 01:43:15 +00.03840E+00  0530 008083 -1 00014748 00014715 000 340 43064.0717023611
25.11.2017 01:43:15 +00.03840E+00  0543 008083 -1 00014749 00014715 000 342 43064.0717063194
25.11.2017 01:43:15 +00.03840E+00  0556 008083 -1 00014750 00014715 000 343 43064.0717102894
25.11.2017 01:43:16 +00.03840E+00  0571 008083 -1 00014751 00014715 000 379 43064.0717146759
25.11.2017 01:43:16 +00.03840E+00  0586 008083 -1 00014752 00014715 000 340 43064.0717186111
25.11.2017 01:43:16 +00.03840E+00  0598 008083 -1 00014753 00014715 000 342 43064.071722581
25.11.2017 01:43:17 +00.03840E+00  0611 008083 -1 00014754 00014715 000 342 43064.0717265394
25.11.2017 01:43:17 +00.03840E+00  0631 008083 -1 00014755 00014715 000 380 43064.0717309375
25.11.2017 01:43:17 +00.03840E+00  0646 008083 -1 00014756 00014715 000 344 43064.071734919
25.11.2017 01:43:18 +00.03840E+00  0664 008083 -1 00014757 00014715 000 343 43064.0717388889
25.11.2017 01:43:18 +00.03840E+00  0673 008083 -1 00014758 00014715 000 343 43064.0717428588
25.11.2017 01:43:18 +00.03840E+00  0690 008083 -1 00014759 00014715 000 375 43064.0717471991
25.11.2017 01:43:19 +00.03840E+00  0703 008083 -1 00014760 00014715 000 343 43064.071751169
25.11.2017 01:43:19 +00.03840E+00  0714 008083 -1 00014761 00014715 000 343 43064.0717551389
25.11.2017 01:43:19 +00.03841E+00  0731 008083 -1 00014762 00014715 000 343 43064.0717591088
25.11.2017 01:43:20 +00.03840E+00  0747 008083 -1 00014763 00014715 000 376 43064.0717634606
25.11.2017 01:43:20 +00.03840E+00  0759 008083 -1 00014764 00014715 000 341 43064.0717674074
25.11.2017 01:43:21 +00.03840E+00  0773 008083 -1 00014765 00014715 000 342 43064.0717713773
25.11.2017 01:43:21 +00.03841E+00  0788 008083 -1 00014766 00014715 000 343 43064.0717753588
25.11.2017 01:43:21 +00.03841E+00  0807 008083 -1 00014767 00014715 000 378 43064.0717797338
25.11.2017 01:43:22 +00.03841E+00  0823 008083 -1 00014768 00014715 000 340 43064.071783669
25.11.2017 01:43:22 +00.03840E+00  0838 008083 -1 00014769 00014715 000 341 43064.0717876273
25.11.2017 01:43:22 +00.03840E+00  0848 008083 -1 00014770 00014715 000 343 43064.0717915972
25.11.2017 01:43:23 +00.03840E+00  0861 008083 -1 00014771 00014715 000 378 43064.0717959838
25.11.2017 01:43:23 +00.03841E+00  0877 008083 -1 00014772 00014715 000 344 43064.0717999769
25.11.2017 01:43:23 +00.03840E+00  0896 008083 -1 00014773 00014715 000 343 43064.0718039468
25.11.2017 01:43:24 +00.03840E+00  0913 008083 -1 00014774 00014715 000 342 43064.0718079167
25.11.2017 01:43:24 +00.03841E+00  0931 008083 -1 00014775 00014715 000 374 43064.0718122569
25.11.2017 01:43:24 +00.03840E+00  0949 008083 -1 00014776 00014715 000 343 43064.0718162269
25.11.2017 01:43:25 +00.03840E+00  0961 008083 -1 00014777 00014715 000 343 43064.0718201968
25.11.2017 01:43:25 +00.03840E+00  0976 008083 -1 00014778 00014715 000 343 43064.0718241667
25.11.2017 01:43:25 +00.03841E+00  0995 008083 -1 00014779 00014715 000 375 43064.0718285069
25.11.2017 01:43:26 +00.03840E+00  1025 008083 -1 00014780 00014715 000 343 43064.0718324769
25.11.2017 01:43:26 +00.03840E+00  1040 008083 -1 00014781 00014715 000 343 43064.0718364468
25.11.2017 01:43:27 +00.03841E+00  1064 008083 -1 00014782 00014715 000 343 43064.0718404167
25.11.2017 01:43:27 +00.03840E+00  1079 008083 -1 00014783 00014715 000 377 43064.0718447801
25.11.2017 01:43:27 +00.03840E+00  1104 008083 -1 00014784 00014715 000 341 43064.0718487269
25.11.2017 01:43:28 +00.03841E+00  1120 008083 -1 00014785 00014715 000 343 43064.0718526968
25.11.2017 01:43:28 +00.03840E+00  1134 008083 -1 00014786 00014715 000 343 43064.0718566667
25.11.2017 01:43:28 +00.03840E+00  1144 008083 -1 00014787 00014715 000 378 43064.0718610417
25.11.2017 01:43:29 +00.03840E+00  1157 008083 -1 00014788 00014715 000 340 43064.0718649769
25.11.2017 01:43:29 +00.03840E+00  1168 008083 -1 00014789 00014715 000 342 43064.0718689468
25.11.2017 01:43:29 +00.03840E+00  1183 008083 -1 00014790 00014715 000 343 43064.0718729167
25.11.2017 01:43:30 +00.03841E+00  1200 008083 -1 00014791 00014715 000 379 43064.0718773032
25.11.2017 01:43:30 +00.03841E+00  1216 008083 -1 00014792 00014715 000 345 43064.0718812963
25.11.2017 01:43:30 +00.03840E+00  1232 008083 -1 00014793 00014715 000 343 43064.0718852662
25.11.2017 01:43:31 +00.03841E+00  1243 008083 -1 00014794 00014715 000 343 43064.0718892361
25.11.2017 01:43:31 +00.03840E+00  1260 008083 -1 00014795 00014715 000 374 43064.0718935648
25.11.2017 01:43:31 +00.03840E+00  1274 008083 -1 00014796 00014715 000 344 43064.0718975463
25.11.2017 01:43:32 +00.03840E+00  1294 008083 -1 00014797 00014715 000 342 43064.0719015046
25.11.2017 01:43:32 +00.03840E+00  1308 008083 -1 00014798 00014715 000 342 43064.0719054745
25.11.2017 01:43:33 +00.03840E+00  1321 008083 -1 00014799 00014715 000 375 43064.0719098264
25.11.2017 01:43:33 +00.03840E+00  1338 008083 -1 00014800 00014715 000 342 43064.0719137847
25.11.2017 01:43:33 +00.03841E+00  1352 008083 -1 00014801 00014715 000 342 43064.0719177546
25.11.2017 01:43:39 +00.03821E+00  0016 008041 -1 00014802 00014802 000 342 43064.0719822801
25.11.2017 01:43:39 +00.03821E+00  0027 008041 -1 00014803 00014802 000 343 43064.07198625
25.11.2017 01:43:40 +00.03821E+00  0039 008041 -1 00014804 00014802 000 422 43064.0719911343
25.11.2017 01:43:40 +00.03820E+00  0058 008041 -1 00014805 00014802 000 340 43064.0719950694
25.11.2017 01:43:40 +00.03821E+00  0069 008041 -1 00014806 00014802 000 342 43064.0719990394
25.11.2017 01:43:41 +00.03821E+00  0081 008041 -1 00014807 00014802 000 343 43064.0720030093
25.11.2017 01:43:41 +00.03820E+00  0099 008041 -1 00014808 00014802 000 379 43064.0720073958
25.11.2017 01:43:41 +00.03820E+00  0114 008041 -1 00014809 00014802 000 340 43064.072011331
25.11.2017 01:43:42 +00.03820E+00  0130 008041 -1 00014810 00014802 000 341 43064.0720152894
25.11.2017 01:43:42 +00.03820E+00  0146 008041 -1 00014811 00014802 000 343 43064.0720192593
25.11.2017 01:43:42 +00.03821E+00  0158 008041 -1 00014812 00014802 000 380 43064.0720236574
25.11.2017 01:43:43 +00.03820E+00  0173 008041 -1 00014813 00014802 000 344 43064.0720276389
25.11.2017 01:43:43 +00.03820E+00  0183 008041 -1 00014814 00014802 000 343 43064.0720316088
25.11.2017 01:43:43 +00.03820E+00  0201 008041 -1 00014815 00014802 000 343 43064.0720355787
25.11.2017 01:43:44 +00.03821E+00  0215 008041 -1 00014816 00014802 000 375 43064.072039919
25.11.2017 01:43:44 +00.03821E+00  0233 008041 -1 00014817 00014802 000 343 43064.0720438889
25.11.2017 01:43:44 +00.03820E+00  0250 008041 -1 00014818 00014802 000 343 43064.0720478588
25.11.2017 01:43:45 +00.03820E+00  0257 008041 -1 00014819 00014802 000 343 43064.0720518287
25.11.2017 01:43:45 +00.03821E+00  0273 008041 -1 00014820 00014802 000 376 43064.0720561806
25.11.2017 01:43:45 +00.03820E+00  0285 008041 -1 00014821 00014802 000 342 43064.0720601389
25.11.2017 01:43:46 +00.03820E+00  0301 008041 -1 00014822 00014802 000 342 43064.0720640972
25.11.2017 01:43:46 +00.03820E+00  0316 008041 -1 00014823 00014802 000 343 43064.0720680671
25.11.2017 01:43:47 +00.03821E+00  0328 008041 -1 00014824 00014802 000 376 43064.0720724306
25.11.2017 01:43:47 +00.03820E+00  0344 008041 -1 00014825 00014802 000 340 43064.0720763773
25.11.2017 01:43:47 +00.03821E+00  0358 008041 -1 00014826 00014802 000 342 43064.0720803472
25.11.2017 01:43:48 +00.03821E+00  0376 008041 -1 00014827 00014802 000 342 43064.0720843171
25.11.2017 01:43:48 +00.03821E+00  0395 008041 -1 00014828 00014802 000 378 43064.0720887037
25.11.2017 01:43:48 +00.03820E+00  0408 008041 -1 00014829 00014802 000 340 43064.0720926389
25.11.2017 01:43:49 +00.03820E+00  0420 008041 -1 00014830 00014802 000 341 43064.0720965972
25.11.2017 01:43:49 +00.03821E+00  0440 008041 -1 00014831 00014802 000 343 43064.0721005671
25.11.2017 01:43:49 +00.03820E+00  0457 008041 -1 00014832 00014802 000 380 43064.0721049653
25.11.2017 01:43:50 +00.03820E+00  0475 008041 -1 00014833 00014802 000 344 43064.0721089468
25.11.2017 01:43:50 +00.03820E+00  0490 008041 -1 00014834 00014802 000 343 43064.0721129167
25.11.2017 01:43:50 +00.03820E+00  0496 008041 -1 00014835 00014802 000 343 43064.0721168866
25.11.2017 01:43:51 +00.03821E+00  0509 008041 -1 00014836 00014802 000 375 43064.0721212269
25.11.2017 01:43:51 +00.03820E+00  0521 008041 -1 00014837 00014802 000 342 43064.0721251968
25.11.2017 01:43:51 +00.03821E+00  0533 008041 -1 00014838 00014802 000 343 43064.0721291667
25.11.2017 01:43:52 +00.03820E+00  0553 008041 -1 00014839 00014802 000 343 43064.0721331366
25.11.2017 01:43:52 +00.03820E+00  0568 008041 -1 00014840 00014802 000 376 43064.0721374884
25.11.2017 01:43:53 +00.03821E+00  0591 008041 -1 00014841 00014802 000 342 43064.0721414468
25.11.2017 01:43:53 +00.03820E+00  0605 008041 -1 00014842 00014802 000 343 43064.0721454167
25.11.2017 01:43:53 +00.03820E+00  0612 008041 -1 00014843 00014802 000 343 43064.0721493866
25.11.2017 01:43:54 +00.03821E+00  0630 008041 -1 00014844 00014802 000 377 43064.07215375
25.11.2017 01:43:54 +00.03821E+00  0640 008041 -1 00014845 00014802 000 340 43064.0721576852
25.11.2017 01:43:54 +00.03821E+00  0654 008039 -1 00014846 00014802 000 342 43064.0721616551
25.11.2017 01:43:55 +00.03820E+00  0670 008039 -1 00014847 00014802 000 342 43064.072165625
25.11.2017 01:43:55 +00.03820E+00  0689 008039 -1 00014848 00014802 000 377 43064.07217
25.11.2017 01:43:55 +00.03819E+00  0702 008039 -1 00014849 00014802 000 341 43064.0721739583
25.11.2017 01:43:56 +00.03819E+00  0713 008039 -1 00014850 00014802 000 341 43064.0721779051
25.11.2017 01:43:56 +00.03819E+00  0727 008039 -1 00014851 00014802 000 342 43064.072181875
25.11.2017 01:43:56 +00.03819E+00  0745 008039 -1 00014852 00014802 000 379 43064.0721862732
25.11.2017 01:43:57 +00.03820E+00  0755 008039 -1 00014853 00014802 000 344 43064.0721902546
25.11.2017 01:43:57 +00.03820E+00  0770 008039 -1 00014854 00014802 000 342 43064.0721942245
25.11.2017 01:43:57 +00.03819E+00  0785 008039 -1 00014855 00014802 000 343 43064.072198206
25.11.2017 01:43:58 +00.03820E+00  0806 008039 -1 00014856 00014802 000 374 43064.0722025347
25.11.2017 01:43:58 +00.03819E+00  0818 008039 -1 00014857 00014802 000 342 43064.0722065046
25.11.2017 01:43:58 +00.03819E+00  0832 008039 -1 00014858 00014802 000 343 43064.0722104745
25.11.2017 01:43:59 +00.03819E+00  0846 008039 -1 00014859 00014802 000 343 43064.0722144444
25.11.2017 01:43:59 +00.03820E+00  0861 008039 -1 00014860 00014802 000 376 43064.0722187963
25.11.2017 01:44:00 +00.03819E+00  0875 008039 -1 00014861 00014802 000 341 43064.0722227546
25.11.2017 01:44:00 +00.03820E+00  0891 008039 -1 00014862 00014802 000 343 43064.0722267245
25.11.2017 01:44:00 +00.03820E+00  0906 008039 -1 00014863 00014802 000 343 43064.0722306944
25.11.2017 01:44:01 +00.03819E+00  0918 008039 -1 00014864 00014802 000 377 43064.0722350579
25.11.2017 01:44:01 +00.03819E+00  0928 008039 -1 00014865 00014802 000 341 43064.0722390046
25.11.2017 01:44:01 +00.03819E+00  0944 008039 -1 00014866 00014802 000 343 43064.0722429745
25.11.2017 01:44:02 +00.03819E+00  0964 008039 -1 00014867 00014802 000 343 43064.0722469444
25.11.2017 01:44:02 +00.03820E+00  0975 008039 -1 00014868 00014802 000 378 43064.0722513194
25.11.2017 01:44:02 +00.03819E+00  0998 008039 -1 00014869 00014802 000 340 43064.0722552546
25.11.2017 01:44:03 +00.03820E+00  1013 008039 -1 00014870 00014802 000 343 43064.0722592245
25.11.2017 01:44:03 +00.03820E+00  1028 008039 -1 00014871 00014802 000 342 43064.0722631829
25.11.2017 01:44:03 +00.03820E+00  1046 008039 -1 00014872 00014802 000 379 43064.072267581
25.11.2017 01:44:04 +00.03820E+00  1062 008039 -1 00014873 00014802 000 345 43064.0722715741
25.11.2017 01:44:04 +00.03820E+00  1069 008039 -1 00014874 00014802 000 343 43064.072275544
25.11.2017 01:44:04 +00.03820E+00  1087 008039 -1 00014875 00014802 000 343 43064.0722795139
25.11.2017 01:44:05 +00.03820E+00  1098 008039 -1 00014876 00014802 000 374 43064.0722838426
25.11.2017 01:44:05 +00.03819E+00  1125 008039 -1 00014877 00014802 000 343 43064.0722878125
25.11.2017 01:44:06 +00.03820E+00  1139 008039 -1 00014878 00014802 000 342 43064.0722917824
25.11.2017 01:44:06 +00.03820E+00  1156 008039 -1 00014879 00014802 000 342 43064.0722957523
25.11.2017 01:44:06 +00.03819E+00  1169 008039 -1 00014880 00014802 000 375 43064.0723001042
25.11.2017 01:44:07 +00.03820E+00  1189 008039 -1 00014881 00014802 000 341 43064.0723040625
25.11.2017 01:44:07 +00.03819E+00  1203 008039 -1 00014882 00014802 000 343 43064.0723080324
25.11.2017 01:44:07 +00.03820E+00  1220 008039 -1 00014883 00014802 000 343 43064.0723120023
25.11.2017 01:44:08 +00.03819E+00  1238 008039 -1 00014884 00014802 000 376 43064.0723163657
25.11.2017 01:44:08 +00.03820E+00  1249 008039 -1 00014885 00014802 000 341 43064.0723203241
25.11.2017 01:44:08 +00.03820E+00  1262 008039 -1 00014886 00014802 000 342 43064.0723242824
25.11.2017 01:44:09 +00.03820E+00  1275 008039 -1 00014887 00014802 000 343 43064.0723282523
25.11.2017 01:44:14 +00.03800E+00  0013 007998 -1 00014888 00014888 000 342 43064.0723930671
25.11.2017 01:44:15 +00.03800E+00  0026 007998 -1 00014889 00014888 000 398 43064.0723976736
25.11.2017 01:44:15 +00.03800E+00  0045 007998 -1 00014890 00014888 000 340 43064.0724016088
25.11.2017 01:44:15 +00.03800E+00  0066 007998 -1 00014891 00014888 000 341 43064.0724055671
25.11.2017 01:44:16 +00.03800E+00  0081 007998 -1 00014892 00014888 000 343 43064.072409537
25.11.2017 01:44:16 +00.03800E+00  0099 007998 -1 00014893 00014888 000 380 43064.0724139352
25.11.2017 01:44:16 +00.03800E+00  0120 007998 -1 00014894 00014888 000 344 43064.0724179167
25.11.2017 01:44:17 +00.03800E+00  0133 007998 -1 00014895 00014888 000 343 43064.0724218866
25.11.2017 01:44:17 +00.03800E+00  0142 007998 -1 00014896 00014888 000 343 43064.0724258565
25.11.2017 01:44:17 +00.03800E+00  0161 007998 -1 00014897 00014888 000 375 43064.0724301968
25.11.2017 01:44:18 +00.03800E+00  0177 007998 -1 00014898 00014888 000 342 43064.0724341551
25.11.2017 01:44:18 +00.03800E+00  0189 007998 -1 00014899 00014888 000 342 43064.072438125
25.11.2017 01:44:18 +00.03800E+00  0201 007998 -1 00014900 00014888 000 343 43064.0724421065
25.11.2017 01:44:19 +00.03800E+00  0211 007998 -1 00014901 00014888 000 377 43064.0724464699
25.11.2017 01:44:19 +00.03800E+00  0229 007998 -1 00014902 00014888 000 340 43064.0724504051
25.11.2017 01:44:20 +00.03800E+00  0238 007998 -1 00014903 00014888 000 342 43064.072454375
25.11.2017 01:44:20 +00.03800E+00  0250 007998 -1 00014904 00014888 000 343 43064.0724583565
25.11.2017 01:44:20 +00.03800E+00  0264 007998 -1 00014905 00014888 000 377 43064.0724627199
25.11.2017 01:44:21 +00.03800E+00  0281 007998 -1 00014906 00014888 000 340 43064.0724666667
25.11.2017 01:44:21 +00.03800E+00  0298 007998 -1 00014907 00014888 000 342 43064.0724706366
25.11.2017 01:44:21 +00.03800E+00  0315 007998 -1 00014908 00014888 000 342 43064.0724745949
25.11.2017 01:44:22 +00.03800E+00  0331 007998 -1 00014909 00014888 000 379 43064.0724789815
25.11.2017 01:44:22 +00.03800E+00  0347 007998 -1 00014910 00014888 000 344 43064.0724829745
25.11.2017 01:44:22 +00.03800E+00  0362 007998 -1 00014911 00014888 000 342 43064.0724869444
25.11.2017 01:44:23 +00.03800E+00  0373 007998 -1 00014912 00014888 000 342 43064.0724909144
25.11.2017 01:44:23 +00.03800E+00  0385 007998 -1 00014913 00014888 000 373 43064.0724952431
25.11.2017 01:44:23 +00.03800E+00  0399 007998 -1 00014914 00014888 000 343 43064.0724992245
25.11.2017 01:44:24 +00.03800E+00  0417 007998 -1 00014915 00014888 000 343 43064.0725031944
25.11.2017 01:44:24 +00.03800E+00  0431 007998 -1 00014916 00014888 000 343 43064.0725071644
25.11.2017 01:44:24 +00.03800E+00  0439 007998 -1 00014917 00014888 000 375 43064.0725115046
25.11.2017 01:44:25 +00.03800E+00  0454 007998 -1 00014918 00014888 000 343 43064.0725154745
25.11.2017 01:44:25 +00.03800E+00  0463 007998 -1 00014919 00014888 000 343 43064.0725194444
25.11.2017 01:44:26 +00.03800E+00  0470 007998 -1 00014920 00014888 000 343 43064.0725234144
25.11.2017 01:44:26 +00.03800E+00  0486 007998 -1 00014921 00014888 000 376 43064.0725277662
25.11.2017 01:44:26 +00.03800E+00  0502 007998 -1 00014922 00014888 000 342 43064.0725317245
25.11.2017 01:44:27 +00.03800E+00  0517 007998 -1 00014923 00014888 000 343 43064.0725356944
25.11.2017 01:44:27 +00.03800E+00  0534 007998 -1 00014924 00014888 000 343 43064.0725396644
25.11.2017 01:44:27 +00.03800E+00  0548 007998 -1 00014925 00014888 000 378 43064.0725440394
25.11.2017 01:44:28 +00.03800E+00  0561 007998 -1 00014926 00014888 000 340 43064.0725479745
25.11.2017 01:44:28 +00.03800E+00  0578 007998 -1 00014927 00014888 000 342 43064.0725519444
25.11.2017 01:44:28 +00.03800E+00  0588 007998 -1 00014928 00014888 000 343 43064.0725559144
25.11.2017 01:44:29 +00.03800E+00  0604 007998 -1 00014929 00014888 000 379 43064.0725603009
25.11.2017 01:44:29 +00.03800E+00  0622 007998 -1 00014930 00014888 000 344 43064.0725642824
25.11.2017 01:44:29 +00.03800E+00  0632 007998 -1 00014931 00014888 000 342 43064.0725682523
25.11.2017 01:44:30 +00.03800E+00  0640 007998 -1 00014932 00014888 000 342 43064.0725722222
25.11.2017 01:44:30 +00.03800E+00  0654 007998 -1 00014933 00014888 000 374 43064.0725765625
25.11.2017 01:44:30 +00.03800E+00  0667 007998 -1 00014934 00014888 000 343 43064.0725805324
25.11.2017 01:44:31 +00.03800E+00  0680 007998 -1 00014935 00014888 000 342 43064.0725845023
25.11.2017 01:44:31 +00.03800E+00  0689 007998 -1 00014936 00014888 000 342 43064.0725884722
25.11.2017 01:44:32 +00.03800E+00  0705 007998 -1 00014937 00014888 000 374 43064.0725928125
25.11.2017 01:44:32 +00.03800E+00  0727 007998 -1 00014938 00014888 000 342 43064.0725967824
25.11.2017 01:44:32 +00.03800E+00  0735 007998 -1 00014939 00014888 000 343 43064.0726007523
25.11.2017 01:44:33 +00.03800E+00  0754 007998 -1 00014940 00014888 000 343 43064.0726047222
25.11.2017 01:44:33 +00.03800E+00  0767 007998 -1 00014941 00014888 000 375 43064.0726090741
25.11.2017 01:44:33 +00.03800E+00  0784 007998 -1 00014942 00014888 000 342 43064.0726130324
25.11.2017 01:44:34 +00.03800E+00  0795 007998 -1 00014943 00014888 000 343 43064.0726170023
25.11.2017 01:44:34 +00.03800E+00  0807 007998 -1 00014944 00014888 000 343 43064.0726209722
25.11.2017 01:44:34 +00.03800E+00  0820 007998 -1 00014945 00014888 000 378 43064.0726253472
25.11.2017 01:44:35 +00.03800E+00  0838 007998 -1 00014946 00014888 000 340 43064.0726292824
25.11.2017 01:44:35 +00.03800E+00  0856 007998 -1 00014947 00014888 000 343 43064.0726332523
25.11.2017 01:44:35 +00.03800E+00  0869 007998 -1 00014948 00014888 000 343 43064.0726372222
25.11.2017 01:44:36 +00.03800E+00  0875 007998 -1 00014949 00014888 000 379 43064.0726416088
25.11.2017 01:44:36 +00.03800E+00  0891 007998 -1 00014950 00014888 000 345 43064.0726456019
25.11.2017 01:44:36 +00.03800E+00  0900 007998 -1 00014951 00014888 000 343 43064.0726495718
25.11.2017 01:44:37 +00.03800E+00  0917 007998 -1 00014952 00014888 000 343 43064.0726535417
25.11.2017 01:44:37 +00.03800E+00  0933 007998 -1 00014953 00014888 000 374 43064.0726578704
25.11.2017 01:44:37 +00.03800E+00  0952 007998 -1 00014954 00014888 000 343 43064.0726618403
25.11.2017 01:44:38 +00.03800E+00  0971 007998 -1 00014955 00014888 000 343 43064.0726658218
25.11.2017 01:44:38 +00.03800E+00  0986 007998 -1 00014956 00014888 000 343 43064.0726697917
25.11.2017 01:44:39 +00.03800E+00  1006 007998 -1 00014957 00014888 000 375 43064.0726741319
25.11.2017 01:44:39 +00.03800E+00  1019 007998 -1 00014958 00014888 000 342 43064.0726780903
25.11.2017 01:44:39 +00.03800E+00  1037 007998 -1 00014959 00014888 000 343 43064.0726820718
25.11.2017 01:44:40 +00.03800E+00  1051 007998 -1 00014960 00014888 000 342 43064.0726860301
25.11.2017 01:44:40 +00.03800E+00  1071 007998 -1 00014961 00014888 000 375 43064.0726903819
25.11.2017 01:44:40 +00.03800E+00  1086 007998 -1 00014962 00014888 000 341 43064.0726943403
25.11.2017 01:44:41 +00.03800E+00  1100 007998 -1 00014963 00014888 000 342 43064.0726983102
25.11.2017 01:44:41 +00.03800E+00  1122 007998 -1 00014964 00014888 000 342 43064.0727022801
25.11.2017 01:44:41 +00.03800E+00  1135 007998 -1 00014965 00014888 000 376 43064.0727066435
25.11.2017 01:44:42 +00.03800E+00  1150 007998 -1 00014966 00014888 000 340 43064.0727105903
25.11.2017 01:44:42 +00.03800E+00  1165 007998 -1 00014967 00014888 000 342 43064.0727145602
25.11.2017 01:44:42 +00.03800E+00  1177 007998 -1 00014968 00014888 000 343 43064.0727185301
25.11.2017 01:44:43 +00.03800E+00  1196 007998 -1 00014969 00014888 000 380 43064.0727229282
25.11.2017 01:44:43 +00.03800E+00  1215 007998 -1 00014970 00014888 000 344 43064.0727269097
25.11.2017 01:44:43 +00.03800E+00  1232 007998 -1 00014971 00014888 000 343 43064.0727308796
25.11.2017 01:44:44 +00.03800E+00  1245 007998 -1 00014972 00014888 000 343 43064.0727348495
25.11.2017 01:44:44 +00.03800E+00  1260 007998 -1 00014973 00014888 000 374 43064.0727391782