
15.11.2017 13:05:15 +00.03001E+00  0000 006327 1 00000002 00000004 000 222 43054.5453127546
15.11.2017 13:05:15 +00.03001E+00  0000 006327 1 00000003 00000004 000 515 43054.5453187153
15.11.2017 13:05:16 +00.03001E+00  0000 006327 1 00000004 00000004 000 552 43054.5453251042
15.11.2017 13:05:16 +00.03001E+00  0000 006327 1 00000005 00000004 000 561 43054.5453316088
15.11.2017 13:05:17 +00.03001E+00  0000 006327 1 00000006 00000004 000 561 43054.5453381134
15.11.2017 13:05:17 +00.03001E+00  0000 006327 1 00000007 00000004 000 561 43054.5453446181
15.11.2017 13:05:18 +00.03001E+00  0000 006327 1 00000008 00000004 000 561 43054.5453511227
15.11.2017 13:05:18 +00.03001E+00  0000 006327 1 00000009 00000004 000 561 43054.5453576273
15.11.2017 13:05:19 +00.03001E+00  0000 006327 1 00000010 00000004 000 561 43054.5453641319
15.11.2017 13:05:20 +00.03001E+00  0000 006327 1 00000011 00000004 000 561 43054.5453706366
15.11.2017 13:05:20 +00.03001E+00  0000 006325 1 00000012 00000004 000 561 43054.5453771412
15.11.2017 13:05:23 +00.03000E+00  0000 006325 1 00000013 00000013 000 518 43054.5454084491
15.11.2017 13:05:23 +00.03001E+00  0000 006325 1 00000014 00000013 000 515 43054.5454144097
15.11.2017 13:05:24 +00.03001E+00  0000 006325 1 00000015 00000013 000 515 43054.5454203704
15.11.2017 13:05:24 +00.03001E+00  0000 006325 1 00000016 00000013 000 515 43054.545426331
15.11.2017 13:05:25 +00.03000E+00  0000 006325 1 00000017 00000013 000 527 43054.5454324306
15.11.2017 13:05:25 +00.03000E+00  0000 006325 1 00000018 00000013 000 562 43054.5454389352
15.11.2017 13:05:26 +00.03000E+00  0000 006325 1 00000019 00000013 000 561 43054.5454454398
15.11.2017 13:05:27 +00.03001E+00  0000 006325 1 00000020 00000013 000 562 43054.5454519444
15.11.2017 13:05:27 +00.03000E+00  0000 006325 1 00000021 00000013 000 561 43054.5454584491
15.11.2017 13:05:28 +00.03000E+00  0000 006325 1 00000022 00000013 000 561 43054.5454649537
15.11.2017 13:05:28 +00.03000E+00  0000 006326 1 00000023 00000013 000 561 43054.5454714583
15.11.2017 13:05:31 +00.03003E+00  0000 006330 1 00000024 00000024 000 518 43054.5455028819
15.11.2017 13:05:31 +00.03003E+00  0000 006330 1 00000025 00000024 000 515 43054.5455088426
15.11.2017 13:05:32 +00.03003E+00  0000 006330 1 00000026 00000024 000 515 43054.5455148032
15.11.2017 13:05:32 +00.03003E+00  0000 006330 1 00000027 00000024 000 514 43054.5455207523
15.11.2017 13:05:33 +00.03002E+00  0000 006330 1 00000028 00000024 000 518 43054.5455267477
15.11.2017 13:05:34 +00.03003E+00  0000 006330 1 00000029 00000024 000 562 43054.5455332523
15.11.2017 13:05:34 +00.03003E+00  0000 006330 1 00000030 00000024 000 561 43054.5455397569
15.11.2017 13:05:35 +00.03003E+00  0000 006330 1 00000031 00000024 000 561 43054.5455462616
15.11.2017 13:05:35 +00.03003E+00  0000 006330 1 00000032 00000024 000 561 43054.5455527662
15.11.2017 13:05:36 +00.03003E+00  0000 006329 1 00000033 00000024 000 561 43054.5455592708
15.11.2017 13:05:36 +00.03002E+00  0000 006329 1 00000034 00000024 000 561 43054.5455657755
15.11.2017 13:05:39 +00.03003E+00  0000 006331 1 00000035 00000035 000 518 43054.5455971296
15.11.2017 13:05:40 +00.03003E+00  0000 006331 1 00000036 00000035 000 514 43054.5456030903
15.11.2017 13:05:40 +00.03003E+00  0000 006331 1 00000037 00000035 000 515 43054.5456090509
15.11.2017 13:05:41 +00.03003E+00  0000 006331 1 00000038 00000035 000 515 43054.5456150116
15.11.2017 13:05:41 +00.03004E+00  0000 006331 1 00000039 00000035 000 523 43054.5456210648
15.11.2017 13:05:42 +00.03003E+00  0000 006331 1 00000040 00000035 000 561 43054.5456275694
15.11.2017 13:05:42 +00.03003E+00  0000 006331 1 00000041 00000035 000 561 43054.5456340741
15.11.2017 13:05:43 +00.03003E+00  0000 006331 1 00000042 00000035 000 561 43054.5456405787
15.11.2017 13:05:43 +00.03003E+00  0000 006331 1 00000043 00000035 000 561 43054.5456470833
15.11.2017 13:05:44 +00.03003E+00  0000 006331 1 00000044 00000035 000 561 43054.545653588
15.11.2017 13:05:45 +00.03003E+00  0000 006331 1 00000045 00000035 000 561 43054.5456600926
15.11.2017 13:05:47 +00.03005E+00  0000 006333 1 00000046 00000046 000 519 43054.5456913889
15.11.2017 13:05:48 +00.03004E+00  0000 006333 1 00000047 00000046 000 514 43054.545697338
15.11.2017 13:05:48 +00.03004E+00  0000 006333 1 00000048 00000046 000 515 43054.5457032986
15.11.2017 13:05:49 +00.03004E+00  0000 006333 1 00000049 00000046 000 515 43054.5457092593
15.11.2017 13:05:49 +00.03004E+00  0000 006333 1 00000050 00000046 000 529 43054.5457153819
15.11.2017 13:05:50 +00.03004E+00  0000 006333 1 00000051 00000046 000 562 43054.5457218866
15.11.2017 13:05:50 +00.03004E+00  0000 006333 1 00000052 00000046 000 561 43054.5457283912
15.11.2017 13:05:51 +00.03004E+00  0000 006333 1 00000053 00000046 000 561 43054.5457348958
15.11.2017 13:05:52 +00.03004E+00  0000 006333 1 00000054 00000046 000 563 43054.545741412
15.11.2017 13:05:52 +00.03004E+00  0000 006333 1 00000055 00000046 000 560 43054.5457479051
15.11.2017 13:05:53 +00.03004E+00  0000 006333 1 00000056 00000046 000 562 43054.5457544213
15.11.2017 13:05:55 +00.03005E+00  0000 006335 1 00000057 00000057 000 518 43054.5457858102
15.11.2017 13:05:56 +00.03005E+00  0000 006335 1 00000058 00000057 000 514 43054.5457917708
15.11.2017 13:05:56 +00.03005E+00  0000 006335 1 00000059 00000057 000 515 43054.5457977315
15.11.2017 13:05:57 +00.03005E+00  0000 006335 1 00000060 00000057 000 515 43054.5458036921
15.11.2017 13:05:57 +00.03005E+00  0000 006335 1 00000061 00000057 000 520 43054.5458097106
15.11.2017 13:05:58 +00.03005E+00  0000 006335 1 00000062 00000057 000 562 43054.5458162153
15.11.2017 13:05:59 +00.03005E+00  0000 006335 1 00000063 00000057 000 562 43054.5458227199
15.11.2017 13:05:59 +00.03005E+00  0000 006335 1 00000064 00000057 000 561 43054.5458292245
15.11.2017 13:06:00 +00.03005E+00  0000 006335 1 00000065 00000057 000 562 43054.5458357292
15.11.2017 13:06:00 +00.03005E+00  0000 006335 1 00000066 00000057 000 561 43054.5458422338
15.11.2017 13:06:01 +00.03005E+00  0000 006335 1 00000067 00000057 000 561 43054.5458487384
15.11.2017 13:06:04 +00.03006E+00  0000 006337 1 00000068 00000068 000 519 43054.5458800694
15.11.2017 13:06:04 +00.03006E+00  0000 006337 1 00000069 00000068 000 514 43054.5458860185
15.11.2017 13:06:05 +00.03006E+00  0000 006337 1 00000070 00000068 000 515 43054.5458919792
15.11.2017 13:06:05 +00.03006E+00  0000 006337 1 00000071 00000068 000 515 43054.5458979398
15.11.2017 13:06:06 +00.03006E+00  0000 006337 1 00000072 00000068 000 526 43054.5459040278
15.11.2017 13:06:06 +00.03006E+00  0000 006337 1 00000073 00000068 000 561 43054.5459105324
15.11.2017 13:06:07 +00.03006E+00  0000 006337 1 00000074 00000068 000 562 43054.545917037
15.11.2017 13:06:07 +00.03006E+00  0000 006337 1 00000075 00000068 000 561 43054.5459235417
15.11.2017 13:06:08 +00.03006E+00  0000 006337 1 00000076 00000068 000 561 43054.5459300463
15.11.2017 13:06:08 +00.03006E+00  0000 006337 1 00000077 00000068 000 561 43054.5459365509
15.11.2017 13:06:11 +00.03007E+00  0000 006339 1 00000078 00000078 000 518 43054.5459679977
15.11.2017 13:06:12 +00.03007E+00  0000 006339 1 00000079 00000078 000 515 43054.5459739583
15.11.2017 13:06:12 +00.03007E+00  0000 006339 1 00000080 00000078 000 514 43054.5459799074
15.11.2017 13:06:13 +00.03007E+00  0000 006339 1 00000081 00000078 000 515 43054.5459858681
15.11.2017 13:06:13 +00.03007E+00  0000 006339 1 00000082 00000078 000 516 43054.5459918403
15.11.2017 13:06:14 +00.03007E+00  0000 006339 1 00000083 00000078 000 562 43054.5459983449
15.11.2017 13:06:14 +00.03007E+00  0000 006339 1 00000084 00000078 000 561 43054.5460048495
15.11.2017 13:06:15 +00.03007E+00  0000 006339 1 00000085 00000078 000 561 43054.5460113542
15.11.2017 13:06:15 +00.03007E+00  0000 006339 1 00000086 00000078 000 561 43054.5460178588
15.11.2017 13:06:16 +00.03007E+00  0000 006339 1 00000087 00000078 000 561 43054.5460243634
15.11.2017 13:06:17 +00.03007E+00  0000 006339 1 00000088 00000078 000 561 43054.5460308681
15.11.2017 13:06:19 +00.03008E+00  0000 006341 1 00000089 00000089 000 518 43054.5460622454
15.11.2017 13:06:20 +00.03008E+00  0000 006341 1 00000090 00000089 000 515 43054.546068206
15.11.2017 13:06:20 +00.03008E+00  0000 006341 1 00000091 00000089 000 515 43054.5460741667
15.11.2017 13:06:21 +00.03008E+00  0000 006341 1 00000092 00000089 000 515 43054.5460801273
15.11.2017 13:06:21 +00.03008E+00  0000 006341 1 00000093 00000089 000 521 43054.5460861574
15.11.2017 13:06:22 +00.03008E+00  0000 006341 1 00000094 00000089 000 562 43054.546092662
15.11.2017 13:06:22 +00.03008E+00  0000 006341 1 00000095 00000089 000 561 43054.5460991667
15.11.2017 13:06:23 +00.03008E+00  0000 006341 1 00000096 00000089 000 561 43054.5461056713
15.11.2017 13:06:24 +00.03008E+00  0000 006341 1 00000097 00000089 000 561 43054.5461121759
15.11.2017 13:06:24 +00.03008E+00  0000 006341 1 00000098 00000089 000 561 43054.5461186806
15.11.2017 13:06:25 +00.03008E+00  0000 006341 1 00000099 00000089 000 561 43054.5461251852
15.11.2017 13:06:27 +00.03009E+00  0000 006343 1 00000100 00000100 000 518 43054.5461564931
15.11.2017 13:06:28 +00.03009E+00  0000 006343 1 00000101 00000100 000 514 43054.5461624537
15.11.2017 13:06:28 +00.03009E+00  0000 006343 1 00000102 00000100 000 515 43054.5461684144
15.11.2017 13:06:29 +00.03009E+00  0000 006343 1 00000103 00000100 000 515 43054.546174375
15.11.2017 13:06:29 +00.03009E+00  0000 006343 1 00000104 00000100 000 527 43054.5461804745
15.11.2017 13:06:30 +00.03009E+00  0000 006343 1 00000105 00000100 000 561 43054.5461869792
15.11.2017 13:06:31 +00.03009E+00  0000 006343 1 00000106 00000100 000 561 43054.5461934838
15.11.2017 13:06:31 +00.03009E+00  0000 006343 1 00000107 00000100 000 561 43054.5461999884
15.11.2017 13:06:32 +00.03009E+00  0000 006343 1 00000108 00000100 000 561 43054.5462064931
15.11.2017 13:06:32 +00.03009E+00  0000 006343 1 00000109 00000100 000 562 43054.5462129977
15.11.2017 13:06:33 +00.03009E+00  0000 006343 1 00000110 00000100 000 561 43054.5462195023
15.11.2017 13:06:33 +00.03009E+00  0000 006343 1 00000111 00000100 000 561 43054.5462260069
15.11.2017 13:06:36 +00.03010E+00  0000 006345 1 00000112 00000112 000 518 43054.5462574306
15.11.2017 13:06:37 +00.03010E+00  0000 006345 1 00000113 00000112 000 515 43054.5462633912
15.11.2017 13:06:37 +00.03010E+00  0000 006345 1 00000114 00000112 000 513 43054.5462693403
15.11.2017 13:06:38 +00.03010E+00  0000 006345 1 00000115 00000112 000 514 43054.5462753009
15.11.2017 13:06:38 +00.03010E+00  0000 006345 1 00000116 00000112 000 518 43054.5462812963
15.11.2017 13:06:39 +00.03010E+00  0000 006345 1 00000117 00000112 000 562 43054.5462878009
15.11.2017 13:06:39 +00.03010E+00  0000 006345 1 00000118 00000112 000 561 43054.5462943056
15.11.2017 13:06:40 +00.03010E+00  0000 006345 1 00000119 00000112 000 561 43054.5463008102
15.11.2017 13:06:40 +00.03010E+00  0000 006345 1 00000120 00000112 000 562 43054.5463073148
15.11.2017 13:06:41 +00.03010E+00  0000 006345 1 00000121 00000112 000 561 43054.5463138194
15.11.2017 13:06:42 +00.03010E+00  0000 006345 1 00000122 00000112 000 561 43054.5463203241
15.11.2017 13:06:44 +00.03011E+00  0000 006347 1 00000123 00000123 000 518 43054.5463516782
15.11.2017 13:06:45 +00.03011E+00  0000 006347 1 00000124 00000123 000 174 43054.5463576389