
24.11.2017 18:52:40 +00.03980E+00  0013 008374 1 00005813 00005813 000 382 43063.7865798611
24.11.2017 18:52:40 +00.03980E+00  0029 008374 1 00005814 00005813 000 341 43063.7865838194
24.11.2017 18:52:41 +00.03980E+00  0043 008374 1 00005815 00005813 000 342 43063.7865877778
24.11.2017 18:52:41 +00.03979E+00  0050 008374 1 00005816 00005813 000 343 43063.7865917593
24.11.2017 18:52:41 +00.03979E+00  0060 008374 1 00005817 00005813 000 377 43063.7865961227
24.11.2017 18:52:42 +00.03979E+00  0075 008374 1 00005818 00005813 000 340 43063.7866000579
24.11.2017 18:52:42 +00.03979E+00  0084 008374 1 00005819 00005813 000 344 43063.7866040393
24.11.2017 18:52:42 +00.03979E+00  0107 008374 1 00005820 00005813 000 343 43063.7866080093
24.11.2017 18:52:43 +00.03979E+00  0123 008374 1 00005821 00005813 000 378 43063.7866123843
24.11.2017 18:52:43 +00.03979E+00  0139 008374 1 00005822 00005813 000 345 43063.7866163889
24.11.2017 18:52:43 +00.03979E+00  0150 008374 1 00005823 00005813 000 343 43063.7866203588
24.11.2017 18:52:44 +00.03979E+00  0167 008374 1 00005824 00005813 000 343 43063.7866243287
24.11.2017 18:52:44 +00.03980E+00  0188 008374 1 00005825 00005813 000 373 43063.7866286458
24.11.2017 18:52:45 +00.03979E+00  0206 008374 1 00005826 00005813 000 344 43063.7866326273
24.11.2017 18:52:45 +00.03979E+00  0220 008374 1 00005827 00005813 000 343 43063.7866365972
24.11.2017 18:52:45 +00.03979E+00  0233 008376 1 00005828 00005813 000 343 43063.7866405671
24.11.2017 18:52:46 +00.03980E+00  0246 008376 1 00005829 00005813 000 375 43063.7866449074
24.11.2017 18:52:46 +00.03980E+00  0264 008376 1 00005830 00005813 000 343 43063.7866488773
24.11.2017 18:52:46 +00.03980E+00  0280 008376 1 00005831 00005813 000 343 43063.7866528472
24.11.2017 18:52:47 +00.03980E+00  0299 008376 1 00005832 00005813 000 343 43063.7866568171
24.11.2017 18:52:47 +00.03980E+00  0308 008376 1 00005833 00005813 000 376 43063.786661169
24.11.2017 18:52:47 +00.03980E+00  0323 008376 1 00005834 00005813 000 342 43063.7866651273
24.11.2017 18:52:48 +00.03980E+00  0341 008376 1 00005835 00005813 000 343 43063.7866690972
24.11.2017 18:52:48 +00.03980E+00  0352 008376 1 00005836 00005813 000 343 43063.7866730671
24.11.2017 18:52:48 +00.03980E+00  0367 008376 1 00005837 00005813 000 377 43063.7866774306
24.11.2017 18:52:49 +00.03980E+00  0380 008376 1 00005838 00005813 000 341 43063.7866813773
24.11.2017 18:52:49 +00.03980E+00  0395 008376 1 00005839 00005813 000 343 43063.7866853472
24.11.2017 18:52:49 +00.03980E+00  0414 008376 1 00005840 00005813 000 343 43063.7866893171
24.11.2017 18:52:50 +00.03980E+00  0427 008376 1 00005841 00005813 000 378 43063.7866936921
24.11.2017 18:52:50 +00.03980E+00  0441 008376 1 00005842 00005813 000 340 43063.7866976273
24.11.2017 18:52:51 +00.03980E+00  0462 008376 1 00005843 00005813 000 342 43063.7867015856
24.11.2017 18:52:51 +00.03980E+00  0470 008376 1 00005844 00005813 000 345 43063.7867055787
24.11.2017 18:52:51 +00.03980E+00  0487 008376 1 00005845 00005813 000 378 43063.7867099537
24.11.2017 18:52:52 +00.03980E+00  0499 008376 1 00005846 00005813 000 344 43063.7867139468
24.11.2017 18:52:52 +00.03980E+00  0518 008376 1 00005847 00005813 000 343 43063.7867179167
24.11.2017 18:52:52 +00.03980E+00  0532 008376 1 00005848 00005813 000 343 43063.7867218866
24.11.2017 18:52:53 +00.03980E+00  0541 008376 1 00005849 00005813 000 375 43063.7867262268
24.11.2017 18:52:53 +00.03980E+00  0555 008376 1 00005850 00005813 000 342 43063.7867301852
24.11.2017 18:52:53 +00.03980E+00  0578 008376 1 00005851 00005813 000 342 43063.7867341551
24.11.2017 18:52:54 +00.03980E+00  0595 008376 1 00005852 00005813 000 343 43063.786738125
24.11.2017 18:52:54 +00.03980E+00  0614 008376 1 00005853 00005813 000 375 43063.7867424768
24.11.2017 18:52:54 +00.03980E+00  0628 008376 1 00005854 00005813 000 342 43063.7867464352
24.11.2017 18:52:55 +00.03980E+00  0646 008376 1 00005855 00005813 000 343 43063.7867504051
24.11.2017 18:52:55 +00.03980E+00  0657 008376 1 00005856 00005813 000 343 43063.786754375
24.11.2017 18:52:55 +00.03980E+00  0675 008376 1 00005857 00005813 000 377 43063.7867587384
24.11.2017 18:52:56 +00.03980E+00  0684 008376 1 00005858 00005813 000 341 43063.7867626852
24.11.2017 18:52:56 +00.03980E+00  0702 008376 1 00005859 00005813 000 343 43063.7867666551
24.11.2017 18:52:56 +00.03980E+00  0717 008376 1 00005860 00005813 000 343 43063.786770625
24.11.2017 18:52:57 +00.03980E+00  0734 008376 1 00005861 00005813 000 379 43063.7867750116
24.11.2017 18:52:57 +00.03980E+00  0748 008376 1 00005862 00005813 000 340 43063.7867789468
24.11.2017 18:52:58 +00.03980E+00  0767 008376 1 00005863 00005813 000 342 43063.7867829051
24.11.2017 18:52:58 +00.03980E+00  0784 008376 1 00005864 00005813 000 343 43063.786786875
24.11.2017 18:52:58 +00.03980E+00  0799 008376 1 00005865 00005813 000 380 43063.7867912731
24.11.2017 18:52:59 +00.03980E+00  0815 008376 1 00005866 00005813 000 344 43063.7867952546
24.11.2017 18:52:59 +00.03980E+00  0832 008376 1 00005867 00005813 000 343 43063.7867992245
24.11.2017 18:52:59 +00.03980E+00  0850 008376 1 00005868 00005813 000 343 43063.7868031944
24.11.2017 18:53:00 +00.03980E+00  0863 008376 1 00005869 00005813 000 375 43063.7868075347
24.11.2017 18:53:00 +00.03980E+00  0878 008376 1 00005870 00005813 000 343 43063.7868115046
24.11.2017 18:53:00 +00.03980E+00  0894 008376 1 00005871 00005813 000 343 43063.7868154745
24.11.2017 18:53:01 +00.03980E+00  0913 008376 1 00005872 00005813 000 343 43063.7868194444
24.11.2017 18:53:01 +00.03980E+00  0927 008376 1 00005873 00005813 000 376 43063.7868237963
24.11.2017 18:53:01 +00.03980E+00  0945 008376 1 00005874 00005813 000 342 43063.7868277546
24.11.2017 18:53:02 +00.03980E+00  0961 008376 1 00005875 00005813 000 342 43063.786831713
24.11.2017 18:53:02 +00.03980E+00  0983 008376 1 00005876 00005813 000 342 43063.7868356829
24.11.2017 18:53:02 +00.03980E+00  1002 008376 1 00005877 00005813 000 377 43063.7868400579
24.11.2017 18:53:03 +00.03980E+00  1013 008376 1 00005878 00005813 000 340 43063.7868439931
24.11.2017 18:53:03 +00.03980E+00  1023 008376 1 00005879 00005813 000 342 43063.786847963
24.11.2017 18:53:04 +00.03980E+00  1034 008376 1 00005880 00005813 000 343 43063.7868519329
24.11.2017 18:53:04 +00.03980E+00  1053 008376 1 00005881 00005813 000 378 43063.7868563079
24.11.2017 18:53:04 +00.03980E+00  1070 008376 1 00005882 00005813 000 341 43063.7868602546
24.11.2017 18:53:05 +00.03980E+00  1088 008376 1 00005883 00005813 000 342 43063.786864213
24.11.2017 18:53:05 +00.03980E+00  1100 008376 1 00005884 00005813 000 343 43063.7868681829
24.11.2017 18:53:05 +00.03980E+00  1111 008376 1 00005885 00005813 000 380 43063.786872581
24.11.2017 18:53:06 +00.03980E+00  1123 008376 1 00005886 00005813 000 344 43063.7868765625
24.11.2017 18:53:06 +00.03980E+00  1142 008376 1 00005887 00005813 000 343 43063.7868805324
24.11.2017 18:53:06 +00.03980E+00  1161 008376 1 00005888 00005813 000 343 43063.7868845023
24.11.2017 18:53:07 +00.03980E+00  1176 008376 1 00005889 00005813 000 376 43063.7868888542
24.11.2017 18:53:07 +00.03980E+00  1186 008376 1 00005890 00005813 000 342 43063.7868928125
24.11.2017 18:53:07 +00.03980E+00  1199 008376 1 00005891 00005813 000 343 43063.7868967824
24.11.2017 18:53:08 +00.03980E+00  1206 008376 1 00005892 00005813 000 343 43063.7869007523
24.11.2017 18:53:08 +00.03980E+00  1218 008376 1 00005893 00005813 000 376 43063.7869051042
24.11.2017 18:53:08 +00.03980E+00  1234 008376 1 00005894 00005813 000 342 43063.7869090625
24.11.2017 18:53:09 +00.03980E+00  1247 008376 1 00005895 00005813 000 343 43063.7869130324
24.11.2017 18:53:09 +00.03980E+00  1261 008376 1 00005896 00005813 000 343 43063.7869170023
24.11.2017 18:53:10 +00.03980E+00  1275 008376 1 00005897 00005813 000 377 43063.7869213657
24.11.2017 18:53:10 +00.03980E+00  1298 008376 1 00005898 00005813 000 341 43063.7869253125
24.11.2017 18:53:15 +00.03990E+00  0020 008396 1 00005899 00005899 000 342 43063.7869905556
24.11.2017 18:53:16 +00.03990E+00  0038 008396 1 00005900 00005899 000 343 43063.7869945255
24.11.2017 18:53:16 +00.03990E+00  0058 008396 1 00005901 00005899 000 343 43063.7869984954
24.11.2017 18:53:17 +00.03990E+00  0073 008396 1 00005902 00005899 000 361 43063.7870026736
24.11.2017 18:53:17 +00.03990E+00  0096 008396 1 00005903 00005899 000 344 43063.7870066551
24.11.2017 18:53:17 +00.03989E+00  0112 008396 1 00005904 00005899 000 344 43063.7870106366
24.11.2017 18:53:18 +00.03989E+00  0130 008396 1 00005905 00005899 000 342 43063.7870145949
24.11.2017 18:53:18 +00.03990E+00  0145 008396 1 00005906 00005899 000 374 43063.7870189352
24.11.2017 18:53:18 +00.03990E+00  0160 008396 1 00005907 00005899 000 343 43063.7870229051
24.11.2017 18:53:19 +00.03990E+00  0174 008396 1 00005908 00005899 000 343 43063.787026875
24.11.2017 18:53:19 +00.03990E+00  0189 008396 1 00005909 00005899 000 343 43063.7870308449
24.11.2017 18:53:19 +00.03989E+00  0204 008396 1 00005910 00005899 000 377 43063.7870352083
24.11.2017 18:53:20 +00.03989E+00  0217 008396 1 00005911 00005899 000 341 43063.7870391551
24.11.2017 18:53:20 +00.03990E+00  0232 008396 1 00005912 00005899 000 343 43063.787043125
24.11.2017 18:53:20 +00.03990E+00  0244 008396 1 00005913 00005899 000 343 43063.7870470949
24.11.2017 18:53:21 +00.03990E+00  0261 008396 1 00005914 00005899 000 377 43063.7870514583
24.11.2017 18:53:21 +00.03990E+00  0269 008396 1 00005915 00005899 000 341 43063.7870554051
24.11.2017 18:53:21 +00.03990E+00  0281 008396 1 00005916 00005899 000 343 43063.787059375
24.11.2017 18:53:22 +00.03989E+00  0293 008396 1 00005917 00005899 000 343 43063.7870633449
24.11.2017 18:53:22 +00.03990E+00  0321 008396 1 00005918 00005899 000 378 43063.7870677199
24.11.2017 18:53:22 +00.03990E+00  0337 008396 1 00005919 00005899 000 340 43063.7870716551
24.11.2017 18:53:23 +00.03990E+00  0361 008396 1 00005920 00005899 000 343 43063.787075625
24.11.2017 18:53:23 +00.03990E+00  0374 008396 1 00005921 00005899 000 343 43063.7870795949
24.11.2017 18:53:24 +00.03990E+00  0387 008396 1 00005922 00005899 000 379 43063.7870839815
24.11.2017 18:53:24 +00.03990E+00  0396 008396 1 00005923 00005899 000 345 43063.7870879745
24.11.2017 18:53:24 +00.03990E+00  0410 008396 1 00005924 00005899 000 343 43063.7870919444
24.11.2017 18:53:25 +00.03990E+00  0426 008396 1 00005925 00005899 000 343 43063.7870959144
24.11.2017 18:53:25 +00.03989E+00  0441 008396 1 00005926 00005899 000 374 43063.7871002431
24.11.2017 18:53:25 +00.03989E+00  0459 008396 1 00005927 00005899 000 344 43063.7871042245
24.11.2017 18:53:26 +00.03990E+00  0475 008398 1 00005928 00005899 000 343 43063.7871081944
24.11.2017 18:53:26 +00.03990E+00  0487 008398 1 00005929 00005899 000 342 43063.7871121528
24.11.2017 18:53:26 +00.03990E+00  0502 008398 1 00005930 00005899 000 374 43063.7871164931
24.11.2017 18:53:27 +00.03990E+00  0514 008398 1 00005931 00005899 000 342 43063.787120463
24.11.2017 18:53:27 +00.03990E+00  0532 008398 1 00005932 00005899 000 343 43063.7871244329
24.11.2017 18:53:27 +00.03991E+00  0550 008398 1 00005933 00005899 000 343 43063.7871284028
24.11.2017 18:53:28 +00.03991E+00  0567 008398 1 00005934 00005899 000 377 43063.7871327662
24.11.2017 18:53:28 +00.03991E+00  0585 008398 1 00005935 00005899 000 341 43063.787136713
24.11.2017 18:53:28 +00.03991E+00  0601 008398 1 00005936 00005899 000 343 43063.7871406829
24.11.2017 18:53:29 +00.03991E+00  0613 008398 1 00005937 00005899 000 343 43063.7871446528
24.11.2017 18:53:29 +00.03991E+00  0633 008398 1 00005938 00005899 000 378 43063.7871490278
24.11.2017 18:53:30 +00.03991E+00  0655 008398 1 00005939 00005899 000 340 43063.787152963
24.11.2017 18:53:30 +00.03991E+00  0671 008398 1 00005940 00005899 000 343 43063.7871569329
24.11.2017 18:53:30 +00.03991E+00  0684 008398 1 00005941 00005899 000 343 43063.7871609028
24.11.2017 18:53:31 +00.03991E+00  0700 008398 1 00005942 00005899 000 379 43063.7871652894
24.11.2017 18:53:31 +00.03991E+00  0717 008396 1 00005943 00005899 000 340 43063.7871692245
24.11.2017 18:53:31 +00.03990E+00  0726 008396 1 00005944 00005899 000 342 43063.7871731829
24.11.2017 18:53:32 +00.03990E+00  0744 008396 1 00005945 00005899 000 343 43063.7871771528
24.11.2017 18:53:32 +00.03990E+00  0754 008396 1 00005946 00005899 000 380 43063.7871815509
24.11.2017 18:53:32 +00.03990E+00  0769 008396 1 00005947 00005899 000 344 43063.7871855324
24.11.2017 18:53:33 +00.03990E+00  0778 008396 1 00005948 00005899 000 343 43063.7871895023
24.11.2017 18:53:33 +00.03990E+00  0792 008396 1 00005949 00005899 000 343 43063.7871934722
24.11.2017 18:53:33 +00.03990E+00  0811 008396 1 00005950 00005899 000 375 43063.7871978125
24.11.2017 18:53:34 +00.03990E+00  0829 008396 1 00005951 00005899 000 343 43063.7872017824
24.11.2017 18:53:34 +00.03990E+00  0843 008396 1 00005952 00005899 000 343 43063.7872057523
24.11.2017 18:53:34 +00.03990E+00  0857 008396 1 00005953 00005899 000 343 43063.7872097222
24.11.2017 18:53:35 +00.03990E+00  0873 008396 1 00005954 00005899 000 376 43063.7872140741
24.11.2017 18:53:35 +00.03989E+00  0892 008396 1 00005955 00005899 000 341 43063.7872180208
24.11.2017 18:53:35 +00.03990E+00  0910 008396 1 00005956 00005899 000 343 43063.7872219907
24.11.2017 18:53:36 +00.03990E+00  0934 008396 1 00005957 00005899 000 343 43063.7872259606
24.11.2017 18:53:36 +00.03989E+00  0949 008396 1 00005958 00005899 000 377 43063.7872303356
24.11.2017 18:53:37 +00.03990E+00  0959 008396 1 00005959 00005899 000 340 43063.7872342824
24.11.2017 18:53:37 +00.03990E+00  0970 008396 1 00005960 00005899 000 342 43063.7872382407
24.11.2017 18:53:37 +00.03989E+00  0990 008396 1 00005961 00005899 000 343 43063.7872422106
24.11.2017 18:53:38 +00.03990E+00  1007 008396 1 00005962 00005899 000 379 43063.7872465972
24.11.2017 18:53:38 +00.03990E+00  1024 008396 1 00005963 00005899 000 340 43063.7872505324
24.11.2017 18:53:38 +00.03990E+00  1037 008396 1 00005964 00005899 000 342 43063.7872544907
24.11.2017 18:53:39 +00.03990E+00  1051 008396 1 00005965 00005899 000 344 43063.7872584722
24.11.2017 18:53:39 +00.03989E+00  1068 008396 1 00005966 00005899 000 378 43063.7872628588
24.11.2017 18:53:39 +00.03989E+00  1084 008396 1 00005967 00005899 000 344 43063.7872668403
24.11.2017 18:53:40 +00.03990E+00  1099 008396 1 00005968 00005899 000 343 43063.7872708102
24.11.2017 18:53:40 +00.03990E+00  1118 008396 1 00005969 00005899 000 343 43063.7872747801
24.11.2017 18:53:40 +00.03990E+00  1141 008396 1 00005970 00005899 000 375 43063.7872791204
24.11.2017 18:53:41 +00.03989E+00  1156 008396 1 00005971 00005899 000 343 43063.7872830903
24.11.2017 18:53:41 +00.03989E+00  1166 008396 1 00005972 00005899 000 343 43063.7872870602
24.11.2017 18:53:41 +00.03989E+00  1183 008398 1 00005973 00005899 000 343 43063.7872910301
24.11.2017 18:53:42 +00.03990E+00  1195 008398 1 00005974 00005899 000 376 43063.7872953819
24.11.2017 18:53:42 +00.03991E+00  1216 008398 1 00005975 00005899 000 342 43063.7872993403
24.11.2017 18:53:43 +00.03991E+00  1229 008398 1 00005976 00005899 000 343 43063.7873033102
24.11.2017 18:53:43 +00.03991E+00  1246 008398 1 00005977 00005899 000 343 43063.7873072801
24.11.2017 18:53:43 +00.03991E+00  1254 008398 1 00005978 00005899 000 377 43063.7873116435
24.11.2017 18:53:44 +00.03991E+00  1271 008398 1 00005979 00005899 000 340 43063.7873155787
24.11.2017 18:53:44 +00.03991E+00  1282 008398 1 00005980 00005899 000 343 43063.7873195486
24.11.2017 18:53:44 +00.03991E+00  1291 008398 1 00005981 00005899 000 342 43063.7873235185
24.11.2017 18:53:45 +00.03991E+00  1301 008398 1 00005982 00005899 000 378 43063.7873279051
24.11.2017 18:53:45 +00.03990E+00  1316 008398 1 00005983 00005899 000 340 43063.7873318403
24.11.2017 18:53:45 +00.03991E+00  1331 008398 1 00005984 00005899 000 342 43063.7873357986
24.11.2017 18:53:51 +00.04000E+00  0014 008418 1 00005985 00005985 000 382 43063.7873962037
24.11.2017 18:53:51 +00.04000E+00  0034 008418 1 00005986 00005985 000 342 43063.787400162
24.11.2017 18:53:51 +00.04000E+00  0049 008418 1 00005987 00005985 000 343 43063.7874041319
24.11.2017 18:53:52 +00.04000E+00  0061 008418 1 00005988 00005985 000 343 43063.7874081019
24.11.2017 18:53:52 +00.04000E+00  0075 008418 1 00005989 00005985 000 377 43063.7874124653
24.11.2017 18:53:52 +00.04000E+00  0091 008418 1 00005990 00005985 000 341 43063.787416412
24.11.2017 18:53:53 +00.04000E+00  0106 008418 1 00005991 00005985 000 343 43063.7874203819
24.11.2017 18:53:53 +00.04000E+00  0124 008418 1 00005992 00005985 000 343 43063.7874243519
24.11.2017 18:53:53 +00.04000E+00  0140 008418 1 00005993 00005985 000 378 43063.7874287268
24.11.2017 18:53:54 +00.04000E+00  0160 008418 1 00005994 00005985 000 340 43063.787432662
24.11.2017 18:53:54 +00.04000E+00  0173 008418 1 00005995 00005985 000 341 43063.7874366204
24.11.2017 18:53:54 +00.04000E+00  0188 008418 1 00005996 00005985 000 342 43063.7874405903
24.11.2017 18:53:55 +00.04000E+00  0205 008418 1 00005997 00005985 000 379 43063.7874449884
24.11.2017 18:53:55 +00.04000E+00  0221 008418 1 00005998 00005985 000 344 43063.7874489699
24.11.2017 18:53:55 +00.04000E+00  0241 008418 1 00005999 00005985 000 343 43063.7874529514
24.11.2017 18:53:56 +00.04000E+00  0258 008418 1 00006000 00005985 000 344 43063.7874569329
24.11.2017 18:53:56 +00.04000E+00  0273 008418 1 00006001 00005985 000 373 43063.78746125
24.11.2017 18:53:56 +00.04000E+00  0295 008418 1 00006002 00005985 000 343 43063.7874652199
24.11.2017 18:53:57 +00.04000E+00  0310 008418 1 00006003 00005985 000 343 43063.7874691898
24.11.2017 18:53:57 +00.04000E+00  0318 008418 1 00006004 00005985 000 344 43063.7874731713
24.11.2017 18:53:58 +00.04000E+00  0333 008418 1 00006005 00005985 000 375 43063.7874775116
24.11.2017 18:53:58 +00.04000E+00  0350 008418 1 00006006 00005985 000 341 43063.7874814699
24.11.2017 18:53:58 +00.04000E+00  0359 008418 1 00006007 00005985 000 343 43063.7874854398
24.11.2017 18:53:59 +00.04000E+00  0369 008418 1 00006008 00005985 000 343 43063.7874894097
24.11.2017 18:53:59 +00.04000E+00  0386 008418 1 00006009 00005985 000 377 43063.7874937731
24.11.2017 18:53:59 +00.04000E+00  0403 008418 1 00006010 00005985 000 341 43063.7874977199
24.11.2017 18:54:00 +00.04000E+00  0422 008418 1 00006011 00005985 000 343 43063.7875016898
24.11.2017 18:54:00 +00.04000E+00  0443 008418 1 00006012 00005985 000 343 43063.7875056597
24.11.2017 18:54:00 +00.04000E+00  0462 008418 1 00006013 00005985 000 378 43063.7875100347
24.11.2017 18:54:01 +00.04000E+00  0484 008418 1 00006014 00005985 000 341 43063.7875139815
24.11.2017 18:54:01 +00.04000E+00  0503 008418 1 00006015 00005985 000 342 43063.7875179398
24.11.2017 18:54:01 +00.04000E+00  0511 008418 1 00006016 00005985 000 343 43063.7875219097
24.11.2017 18:54:02 +00.04000E+00  0530 008418 1 00006017 00005985 000 379 43063.7875262963
24.11.2017 18:54:02 +00.04000E+00  0550 008418 1 00006018 00005985 000 340 43063.7875302315
24.11.2017 18:54:02 +00.04000E+00  0562 008418 1 00006019 00005985 000 342 43063.7875341898
24.11.2017 18:54:03 +00.04000E+00  0581 008418 1 00006020 00005985 000 343 43063.7875381597
24.11.2017 18:54:03 +00.04000E+00  0590 008418 1 00006021 00005985 000 381 43063.7875425694
24.11.2017 18:54:04 +00.04000E+00  0602 008418 1 00006022 00005985 000 343 43063.7875465394
24.11.2017 18:54:04 +00.04000E+00  0622 008418 1 00006023 00005985 000 343 43063.7875505093
24.11.2017 18:54:04 +00.04000E+00  0631 008418 1 00006024 00005985 000 343 43063.7875544792
24.11.2017 18:54:05 +00.04000E+00  0646 008418 1 00006025 00005985 000 376 43063.787558831
24.11.2017 18:54:05 +00.04000E+00  0658 008418 1 00006026 00005985 000 341 43063.7875627778
24.11.2017 18:54:05 +00.04000E+00  0675 008418 1 00006027 00005985 000 343 43063.7875667593
24.11.2017 18:54:06 +00.04000E+00  0692 008418 1 00006028 00005985 000 342 43063.7875707176
24.11.2017 18:54:06 +00.04000E+00  0708 008418 1 00006029 00005985 000 376 43063.787575081
24.11.2017 18:54:06 +00.04000E+00  0722 008418 1 00006030 00005985 000 340 43063.7875790278
24.11.2017 18:54:07 +00.04000E+00  0748 008418 1 00006031 00005985 000 343 43063.7875829977
24.11.2017 18:54:07 +00.04000E+00  0766 008418 1 00006032 00005985 000 343 43063.7875869676
24.11.2017 18:54:07 +00.04000E+00  0781 008418 1 00006033 00005985 000 379 43063.7875913542
24.11.2017 18:54:08 +00.04000E+00  0795 008418 1 00006034 00005985 000 340 43063.7875952894
24.11.2017 18:54:08 +00.04000E+00  0811 008418 1 00006035 00005985 000 341 43063.7875992477
24.11.2017 18:54:08 +00.04000E+00  0832 008418 1 00006036 00005985 000 343 43063.7876032176
24.11.2017 18:54:09 +00.04000E+00  0846 008418 1 00006037 00005985 000 381 43063.7876076273
24.11.2017 18:54:09 +00.04000E+00  0860 008418 1 00006038 00005985 000 343 43063.7876115972
24.11.2017 18:54:09 +00.04000E+00  0878 008418 1 00006039 00005985 000 343 43063.7876155671
24.11.2017 18:54:10 +00.04000E+00  0889 008418 1 00006040 00005985 000 343 43063.787619537
24.11.2017 18:54:10 +00.04000E+00  0908 008418 1 00006041 00005985 000 374 43063.7876238657
24.11.2017 18:54:11 +00.04000E+00  0921 008418 1 00006042 00005985 000 343 43063.7876278472
24.11.2017 18:54:11 +00.04000E+00  0935 008418 1 00006043 00005985 000 343 43063.7876318171
24.11.2017 18:54:11 +00.04000E+00  0950 008418 1 00006044 00005985 000 343 43063.787635787
24.11.2017 18:54:12 +00.04000E+00  0967 008418 1 00006045 00005985 000 376 43063.7876401389
24.11.2017 18:54:12 +00.04000E+00  0981 008418 1 00006046 00005985 000 342 43063.7876440972
24.11.2017 18:54:12 +00.04000E+00  0991 008418 1 00006047 00005985 000 343 43063.7876480671
24.11.2017 18:54:13 +00.04000E+00  1010 008418 1 00006048 00005985 000 343 43063.787652037
24.11.2017 18:54:13 +00.04000E+00  1022 008418 1 00006049 00005985 000 377 43063.7876564005
24.11.2017 18:54:13 +00.04000E+00  1035 008418 1 00006050 00005985 000 340 43063.7876603356
24.11.2017 18:54:14 +00.04000E+00  1044 008418 1 00006051 00005985 000 342 43063.7876643056
24.11.2017 18:54:14 +00.04000E+00  1056 008418 1 00006052 00005985 000 343 43063.787668287
24.11.2017 18:54:14 +00.04000E+00  1070 008418 1 00006053 00005985 000 378 43063.787672662
24.11.2017 18:54:15 +00.04000E+00  1088 008418 1 00006054 00005985 000 340 43063.7876765972
24.11.2017 18:54:15 +00.04000E+00  1106 008418 1 00006055 00005985 000 342 43063.7876805556
24.11.2017 18:54:15 +00.04000E+00  1117 008418 1 00006056 00005985 000 343 43063.7876845255
24.11.2017 18:54:16 +00.04000E+00  1129 008418 1 00006057 00005985 000 380 43063.7876889236
24.11.2017 18:54:16 +00.04000E+00  1152 008418 1 00006058 00005985 000 344 43063.7876929051
24.11.2017 18:54:17 +00.04000E+00  1168 008418 1 00006059 00005985 000 342 43063.787696875
24.11.2017 18:54:17 +00.04000E+00  1183 008418 1 00006060 00005985 000 343 43063.7877008565
24.11.2017 18:54:17 +00.04000E+00  1198 008418 1 00006061 00005985 000 373 43063.7877051736
24.11.2017 18:54:18 +00.04000E+00  1219 008418 1 00006062 00005985 000 343 43063.7877091551
24.11.2017 18:54:18 +00.04000E+00  1231 008418 1 00006063 00005985 000 343 43063.787713125
24.11.2017 18:54:18 +00.04000E+00  1242 008418 1 00006064 00005985 000 343 43063.7877170949
24.11.2017 18:54:19 +00.04000E+00  1258 008418 1 00006065 00005985 000 376 43063.7877214468
24.11.2017 18:54:19 +00.04000E+00  1281 008418 1 00006066 00005985 000 342 43063.7877254051
24.11.2017 18:54:19 +00.04000E+00  1295 008418 1 00006067 00005985 000 343 43063.787729375
24.11.2017 18:54:20 +00.04000E+00  1303 008418 1 00006068 00005985 000 343 43063.7877333449
24.11.2017 18:54:20 +00.04000E+00  1315 008418 1 00006069 00005985 000 377 43063.7877377083
24.11.2017 18:54:20 +00.04000E+00  1338 008418 1 00006070 00005985 000 341 43063.7877416551
24.11.2017 18:54:21 +00.04000E+00  1355 008418 1 00006071 00005985 000 343 43063.787745625
24.11.2017 18:54:26 +00.04010E+00  0009 008438 1 00006072 00006072 000 380 43063.7878060069
24.11.2017 18:54:26 +00.04009E+00  0020 008438 1 00006073 00006072 000 343 43063.7878099884
24.11.2017 18:54:27 +00.04010E+00  0035 008438 1 00006074 00006072 000 343 43063.7878139583
24.11.2017 18:54:27 +00.04010E+00  0048 008438 1 00006075 00006072 000 343 43063.7878179282
24.11.2017 18:54:27 +00.04010E+00  0060 008438 1 00006076 00006072 000 375 43063.7878222685
24.11.2017 18:54:28 +00.04010E+00  0071 008438 1 00006077 00006072 000 342 43063.7878262268
24.11.2017 18:54:28 +00.04010E+00  0087 008438 1 00006078 00006072 000 343 43063.7878301968
24.11.2017 18:54:28 +00.04010E+00  0103 008438 1 00006079 00006072 000 343 43063.7878341667
24.11.2017 18:54:29 +00.04010E+00  0116 008438 1 00006080 00006072 000 377 43063.7878385301
24.11.2017 18:54:29 +00.04010E+00  0134 008438 1 00006081 00006072 000 341 43063.7878424768
24.11.2017 18:54:29 +00.04010E+00  0143 008438 1 00006082 00006072 000 343 43063.7878464468
24.11.2017 18:54:30 +00.04010E+00  0160 008438 1 00006083 00006072 000 343 43063.7878504167
24.11.2017 18:54:30 +00.04010E+00  0173 008438 1 00006084 00006072 000 378 43063.7878547917
24.11.2017 18:54:30 +00.04010E+00  0192 008438 1 00006085 00006072 000 340 43063.7878587268
24.11.2017 18:54:31 +00.04009E+00  0213 008438 1 00006086 00006072 000 343 43063.7878626968
24.11.2017 18:54:31 +00.04009E+00  0229 008440 1 00006087 00006072 000 343 43063.7878666667
24.11.2017 18:54:32 +00.04010E+00  0246 008440 1 00006088 00006072 000 379 43063.7878710532
24.11.2017 18:54:32 +00.04011E+00  0265 008440 1 00006089 00006072 000 340 43063.7878749884
24.11.2017 18:54:32 +00.04010E+00  0276 008440 1 00006090 00006072 000 342 43063.7878789468
24.11.2017 18:54:33 +00.04011E+00  0291 008440 1 00006091 00006072 000 343 43063.7878829167
24.11.2017 18:54:33 +00.04011E+00  0306 008440 1 00006092 00006072 000 380 43063.7878873148
24.11.2017 18:54:33 +00.04011E+00  0324 008440 1 00006093 00006072 000 344 43063.7878912963
24.11.2017 18:54:34 +00.04011E+00  0337 008440 1 00006094 00006072 000 343 43063.7878952662
24.11.2017 18:54:34 +00.04010E+00  0347 008440 1 00006095 00006072 000 343 43063.7878992361
24.11.2017 18:54:34 +00.04011E+00  0358 008440 1 00006096 00006072 000 375 43063.7879035764
24.11.2017 18:54:35 +00.04011E+00  0372 008440 1 00006097 00006072 000 343 43063.7879075463
24.11.2017 18:54:35 +00.04011E+00  0384 008440 1 00006098 00006072 000 343 43063.7879115162
24.11.2017 18:54:35 +00.04010E+00  0404 008440 1 00006099 00006072 000 343 43063.7879154861
24.11.2017 18:54:36 +00.04011E+00  0416 008440 1 00006100 00006072 000 376 43063.787919838
24.11.2017 18:54:36 +00.04011E+00  0431 008440 1 00006101 00006072 000 341 43063.7879237847
24.11.2017 18:54:36 +00.04010E+00  0448 008438 1 00006102 00006072 000 343 43063.7879277546
24.11.2017 18:54:37 +00.04010E+00  0465 008438 1 00006103 00006072 000 343 43063.7879317245
24.11.2017 18:54:37 +00.04010E+00  0477 008438 1 00006104 00006072 000 378 43063.7879360995
24.11.2017 18:54:38 +00.04010E+00  0492 008438 1 00006105 00006072 000 340 43063.7879400463
24.11.2017 18:54:38 +00.04010E+00  0507 008438 1 00006106 00006072 000 342 43063.7879440046
24.11.2017 18:54:38 +00.04010E+00  0517 008438 1 00006107 00006072 000 343 43063.7879479745
24.11.2017 18:54:39 +00.04010E+00  0530 008438 1 00006108 00006072 000 379 43063.7879523611
24.11.2017 18:54:39 +00.04009E+00  0549 008438 1 00006109 00006072 000 340 43063.7879562963
24.11.2017 18:54:39 +00.04009E+00  0557 008438 1 00006110 00006072 000 342 43063.7879602546
24.11.2017 18:54:40 +00.04010E+00  0579 008438 1 00006111 00006072 000 343 43063.7879642245
24.11.2017 18:54:40 +00.04010E+00  0594 008438 1 00006112 00006072 000 380 43063.7879686227
24.11.2017 18:54:40 +00.04010E+00  0609 008438 1 00006113 00006072 000 344 43063.7879726042
24.11.2017 18:54:41 +00.04010E+00  0622 008438 1 00006114 00006072 000 343 43063.7879765741
24.11.2017 18:54:41 +00.04009E+00  0634 008438 1 00006115 00006072 000 343 43063.787980544
24.11.2017 18:54:41 +00.04010E+00  0645 008438 1 00006116 00006072 000 375 43063.7879848843
24.11.2017 18:54:42 +00.04010E+00  0658 008438 1 00006117 00006072 000 343 43063.7879888542
24.11.2017 18:54:42 +00.04010E+00  0669 008438 1 00006118 00006072 000 343 43063.7879928241
24.11.2017 18:54:42 +00.04010E+00  0690 008438 1 00006119 00006072 000 343 43063.787996794
24.11.2017 18:54:43 +00.04010E+00  0709 008438 1 00006120 00006072 000 376 43063.7880011458
24.11.2017 18:54:43 +00.04010E+00  0727 008438 1 00006121 00006072 000 341 43063.7880050926
24.11.2017 18:54:43 +00.04010E+00  0746 008438 1 00006122 00006072 000 343 43063.7880090741
24.11.2017 18:54:44 +00.04010E+00  0759 008438 1 00006123 00006072 000 343 43063.788013044
24.11.2017 18:54:44 +00.04010E+00  0776 008438 1 00006124 00006072 000 377 43063.7880174074
24.11.2017 18:54:45 +00.04009E+00  0799 008438 1 00006125 00006072 000 340 43063.7880213426
24.11.2017 18:54:45 +00.04010E+00  0813 008438 1 00006126 00006072 000 344 43063.7880253241
24.11.2017 18:54:45 +00.04009E+00  0823 008438 1 00006127 00006072 000 342 43063.7880292824
24.11.2017 18:54:46 +00.04010E+00  0840 008438 1 00006128 00006072 000 378 43063.788033669
24.11.2017 18:54:46 +00.04010E+00  0851 008438 1 00006129 00006072 000 345 43063.7880376736
24.11.2017 18:54:46 +00.04010E+00  0871 008438 1 00006130 00006072 000 343 43063.7880416435
24.11.2017 18:54:47 +00.04010E+00  0882 008438 1 00006131 00006072 000 343 43063.7880456134
24.11.2017 18:54:47 +00.04010E+00  0902 008438 1 00006132 00006072 000 373 43063.7880499306
24.11.2017 18:54:47 +00.04010E+00  0919 008438 1 00006133 00006072 000 344 43063.788053912
24.11.2017 18:54:48 +00.04009E+00  0943 008438 1 00006134 00006072 000 343 43063.7880578819
24.11.2017 18:54:48 +00.04009E+00  0961 008438 1 00006135 00006072 000 343 43063.7880618519
24.11.2017 18:54:48 +00.04010E+00  0972 008438 1 00006136 00006072 000 375 43063.7880661921
24.11.2017 18:54:49 +00.04010E+00  0998 008438 1 00006137 00006072 000 342 43063.788070162
24.11.2017 18:54:49 +00.04010E+00  1006 008438 1 00006138 00006072 000 343 43063.7880741319
24.11.2017 18:54:49 +00.04010E+00  1017 008438 1 00006139 00006072 000 343 43063.7880781019
24.11.2017 18:54:50 +00.04010E+00  1028 008438 1 00006140 00006072 000 376 43063.7880824537
24.11.2017 18:54:50 +00.04010E+00  1040 008438 1 00006141 00006072 000 342 43063.788086412
24.11.2017 18:54:51 +00.04010E+00  1053 008438 1 00006142 00006072 000 343 43063.7880903819
24.11.2017 18:54:51 +00.04010E+00  1073 008438 1 00006143 00006072 000 343 43063.7880943519
24.11.2017 18:54:51 +00.04009E+00  1087 008438 1 00006144 00006072 000 377 43063.7880987153
24.11.2017 18:54:52 +00.04009E+00  1107 008438 1 00006145 00006072 000 341 43063.788102662
24.11.2017 18:54:52 +00.04010E+00  1117 008440 1 00006146 00006072 000 343 43063.7881066319
24.11.2017 18:54:52 +00.04010E+00  1134 008440 1 00006147 00006072 000 343 43063.7881106019
24.11.2017 18:54:53 +00.04010E+00  1145 008440 1 00006148 00006072 000 379 43063.7881149884
24.11.2017 18:54:53 +00.04010E+00  1166 008440 1 00006149 00006072 000 345 43063.7881189815
24.11.2017 18:54:53 +00.04010E+00  1177 008440 1 00006150 00006072 000 343 43063.7881229514
24.11.2017 18:54:54 +00.04011E+00  1185 008440 1 00006151 00006072 000 343 43063.7881269213
24.11.2017 18:54:54 +00.04011E+00  1198 008440 1 00006152 00006072 000 373 43063.7881312384
24.11.2017 18:54:54 +00.04011E+00  1216 008440 1 00006153 00006072 000 345 43063.7881352315
24.11.2017 18:54:55 +00.04011E+00  1224 008440 1 00006154 00006072 000 343 43063.7881392014
24.11.2017 18:54:55 +00.04011E+00  1238 008440 1 00006155 00006072 000 343 43063.7881431713
24.11.2017 18:54:55 +00.04011E+00  1248 008440 1 00006156 00006072 000 375 43063.7881475116
24.11.2017 18:54:56 +00.04011E+00  1263 008440 1 00006157 00006072 000 342 43063.7881514699
24.11.2017 18:55:01 +00.04020E+00  0016 008460 1 00006158 00006158 000 342 43063.7882167245
24.11.2017 18:55:02 +00.04020E+00  0030 008460 1 00006159 00006158 000 343 43063.7882206944
24.11.2017 18:55:02 +00.04020E+00  0050 008460 1 00006160 00006158 000 421 43063.7882255671
24.11.2017 18:55:03 +00.04020E+00  0080 008460 1 00006161 00006158 000 341 43063.7882295139
24.11.2017 18:55:03 +00.04020E+00  0092 008460 1 00006162 00006158 000 342 43063.7882334838
24.11.2017 18:55:03 +00.04020E+00  0106 008460 1 00006163 00006158 000 344 43063.7882374653
24.11.2017 18:55:04 +00.04020E+00  0127 008460 1 00006164 00006158 000 376 43063.7882418171
24.11.2017 18:55:04 +00.04020E+00  0138 008460 1 00006165 00006158 000 340 43063.7882457639
24.11.2017 18:55:04 +00.04020E+00  0149 008460 1 00006166 00006158 000 343 43063.7882497338
24.11.2017 18:55:05 +00.04020E+00  0166 008460 1 00006167 00006158 000 343 43063.7882537037
24.11.2017 18:55:05 +00.04020E+00  0173 008460 1 00006168 00006158 000 378 43063.7882580787
24.11.2017 18:55:05 +00.04020E+00  0190 008460 1 00006169 00006158 000 340 43063.7882620139
24.11.2017 18:55:06 +00.04020E+00  0199 008460 1 00006170 00006158 000 343 43063.7882659838
24.11.2017 18:55:06 +00.04020E+00  0213 008460 1 00006171 00006158 000 343 43063.7882699537
24.11.2017 18:55:06 +00.04020E+00  0232 008460 1 00006172 00006158 000 380 43063.7882743518
24.11.2017 18:55:07 +00.04020E+00  0249 008460 1 00006173 00006158 000 344 43063.7882783333
24.11.2017 18:55:07 +00.04020E+00  0263 008460 1 00006174 00006158 000 343 43063.7882823032
24.11.2017 18:55:07 +00.04020E+00  0273 008460 1 00006175 00006158 000 343 43063.7882862731
24.11.2017 18:55:08 +00.04020E+00  0291 008460 1 00006176 00006158 000 375 43063.7882906134
24.11.2017 18:55:08 +00.04020E+00  0306 008460 1 00006177 00006158 000 343 43063.7882945833
24.11.2017 18:55:08 +00.04020E+00  0324 008460 1 00006178 00006158 000 343 43063.7882985532
24.11.2017 18:55:09 +00.04020E+00  0339 008460 1 00006179 00006158 000 343 43063.7883025231
24.11.2017 18:55:09 +00.04020E+00  0352 008460 1 00006180 00006158 000 376 43063.788306875
24.11.2017 18:55:10 +00.04020E+00  0367 008460 1 00006181 00006158 000 342 43063.7883108333
24.11.2017 18:55:10 +00.04020E+00  0382 008460 1 00006182 00006158 000 342 43063.7883147917
24.11.2017 18:55:10 +00.04020E+00  0398 008460 1 00006183 00006158 000 342 43063.7883187616
24.11.2017 18:55:11 +00.04020E+00  0410 008460 1 00006184 00006158 000 377 43063.7883231366
24.11.2017 18:55:11 +00.04020E+00  0426 008460 1 00006185 00006158 000 341 43063.7883270949
24.11.2017 18:55:11 +00.04020E+00  0441 008460 1 00006186 00006158 000 342 43063.7883310532
24.11.2017 18:55:12 +00.04020E+00  0453 008460 1 00006187 00006158 000 344 43063.7883350347
24.11.2017 18:55:12 +00.04020E+00  0468 008460 1 00006188 00006158 000 377 43063.7883393981
24.11.2017 18:55:12 +00.04020E+00  0481 008460 1 00006189 00006158 000 340 43063.7883433333
24.11.2017 18:55:13 +00.04020E+00  0494 008460 1 00006190 00006158 000 342 43063.7883472917
24.11.2017 18:55:13 +00.04020E+00  0514 008460 1 00006191 00006158 000 343 43063.7883512616
24.11.2017 18:55:13 +00.04020E+00  0524 008460 1 00006192 00006158 000 379 43063.7883556481
24.11.2017 18:55:14 +00.04020E+00  0537 008460 1 00006193 00006158 000 341 43063.7883595949
24.11.2017 18:55:14 +00.04020E+00  0554 008460 1 00006194 00006158 000 341 43063.7883635417
24.11.2017 18:55:14 +00.04020E+00  0565 008460 1 00006195 00006158 000 343 43063.7883675116
24.11.2017 18:55:15 +00.04020E+00  0580 008460 1 00006196 00006158 000 381 43063.7883719213
24.11.2017 18:55:15 +00.04020E+00  0602 008460 1 00006197 00006158 000 343 43063.7883758912
24.11.2017 18:55:16 +00.04020E+00  0621 008460 1 00006198 00006158 000 343 43063.7883798611
24.11.2017 18:55:16 +00.04020E+00  0633 008460 1 00006199 00006158 000 343 43063.788383831
24.11.2017 18:55:16 +00.04020E+00  0651 008460 1 00006200 00006158 000 376 43063.7883881829
24.11.2017 18:55:17 +00.04020E+00  0668 008460 1 00006201 00006158 000 342 43063.7883921412
24.11.2017 18:55:17 +00.04020E+00  0687 008460 1 00006202 00006158 000 343 43063.7883961111
24.11.2017 18:55:17 +00.04021E+00  0702 008460 1 00006203 00006158 000 343 43063.788400081
24.11.2017 18:55:18 +00.04020E+00  0714 008460 1 00006204 00006158 000 377 43063.7884044444
24.11.2017 18:55:18 +00.04020E+00  0726 008460 1 00006205 00006158 000 341 43063.7884083912
24.11.2017 18:55:18 +00.04020E+00  0740 008460 1 00006206 00006158 000 343 43063.7884123611
24.11.2017 18:55:19 +00.04020E+00  0751 008460 1 00006207 00006158 000 343 43063.788416331
24.11.2017 18:55:19 +00.04020E+00  0764 008460 1 00006208 00006158 000 378 43063.788420706
24.11.2017 18:55:19 +00.04020E+00  0781 008460 1 00006209 00006158 000 341 43063.7884246528
24.11.2017 18:55:20 +00.04020E+00  0794 008460 1 00006210 00006158 000 341 43063.7884285995
24.11.2017 18:55:20 +00.04020E+00  0807 008460 1 00006211 00006158 000 344 43063.788432581
24.11.2017 18:55:20 +00.04020E+00  0824 008460 1 00006212 00006158 000 378 43063.788436956
24.11.2017 18:55:21 +00.04020E+00  0839 008460 1 00006213 00006158 000 345 43063.7884409606
24.11.2017 18:55:21 +00.04020E+00  0853 008460 1 00006214 00006158 000 343 43063.7884449306
24.11.2017 18:55:21 +00.04020E+00  0865 008460 1 00006215 00006158 000 343 43063.7884489005
24.11.2017 18:55:22 +00.04020E+00  0887 008460 1 00006216 00006158 000 374 43063.7884532292
24.11.2017 18:55:22 +00.04020E+00  0901 008460 1 00006217 00006158 000 343 43063.7884571991
24.11.2017 18:55:23 +00.04020E+00  0923 008460 1 00006218 00006158 000 343 43063.788461169
24.11.2017 18:55:23 +00.04020E+00  0934 008460 1 00006219 00006158 000 343 43063.7884651389
24.11.2017 18:55:23 +00.04020E+00  0949 008460 1 00006220 00006158 000 375 43063.7884694907
24.11.2017 18:55:24 +00.04020E+00  0965 008460 1 00006221 00006158 000 342 43063.7884734491
24.11.2017 18:55:24 +00.04020E+00  0985 008460 1 00006222 00006158 000 343 43063.788477419
24.11.2017 18:55:24 +00.04020E+00  1000 008460 1 00006223 00006158 000 343 43063.7884813889
24.11.2017 18:55:25 +00.04020E+00  1013 008460 1 00006224 00006158 000 377 43063.7884857523
24.11.2017 18:55:25 +00.04020E+00  1028 008460 1 00006225 00006158 000 341 43063.7884896991
24.11.2017 18:55:25 +00.04020E+00  1043 008460 1 00006226 00006158 000 343 43063.788493669
24.11.2017 18:55:26 +00.04020E+00  1067 008460 1 00006227 00006158 000 343 43063.7884976389
24.11.2017 18:55:26 +00.04020E+00  1080 008460 1 00006228 00006158 000 378 43063.7885020139
24.11.2017 18:55:26 +00.04020E+00  1092 008460 1 00006229 00006158 000 341 43063.7885059606
24.11.2017 18:55:27 +00.04020E+00  1101 008460 1 00006230 00006158 000 342 43063.788509919
24.11.2017 18:55:27 +00.04020E+00  1108 008460 1 00006231 00006158 000 343 43063.7885138889
24.11.2017 18:55:27 +00.04020E+00  1124 008460 1 00006232 00006158 000 379 43063.7885182755
24.11.2017 18:55:28 +00.04020E+00  1138 008460 1 00006233 00006158 000 345 43063.7885222685
24.11.2017 18:55:28 +00.04020E+00  1162 008460 1 00006234 00006158 000 343 43063.7885262384
24.11.2017 18:55:29 +00.04020E+00  1177 008460 1 00006235 00006158 000 343 43063.7885302083
24.11.2017 18:55:29 +00.04020E+00  1194 008460 1 00006236 00006158 000 374 43063.788534537
24.11.2017 18:55:29 +00.04020E+00  1210 008460 1 00006237 00006158 000 344 43063.7885385185
24.11.2017 18:55:30 +00.04020E+00  1224 008460 1 00006238 00006158 000 343 43063.7885424884
24.11.2017 18:55:30 +00.04020E+00  1245 008460 1 00006239 00006158 000 343 43063.7885464583
24.11.2017 18:55:30 +00.04020E+00  1264 008460 1 00006240 00006158 000 375 43063.7885507986
24.11.2017 18:55:31 +00.04020E+00  1282 008460 1 00006241 00006158 000 342 43063.7885547569
24.11.2017 18:55:31 +00.04020E+00  1299 008460 1 00006242 00006158 000 343 43063.7885587384
24.11.2017 18:55:37 +00.04029E+00  0015 008480 1 00006243 00006243 000 342 43063.7886232523
24.11.2017 18:55:37 +00.04030E+00  0031 008480 1 00006244 00006243 000 343 43063.7886272222
24.11.2017 18:55:37 +00.04029E+00  0041 008480 1 00006245 00006243 000 343 43063.7886311921
24.11.2017 18:55:38 +00.04030E+00  0049 008480 1 00006246 00006243 000 360 43063.7886353588
24.11.2017 18:55:38 +00.04030E+00  0061 008480 1 00006247 00006243 000 340 43063.788639294
24.11.2017 18:55:38 +00.04030E+00  0078 008480 1 00006248 00006243 000 342 43063.7886432523
24.11.2017 18:55:39 +00.04030E+00  0083 008480 1 00006249 00006243 000 343 43063.7886472222
24.11.2017 18:55:39 +00.04030E+00  0100 008480 1 00006250 00006243 000 380 43063.7886516204
24.11.2017 18:55:39 +00.04030E+00  0118 008480 1 00006251 00006243 000 344 43063.7886556018
24.11.2017 18:55:40 +00.04030E+00  0134 008480 1 00006252 00006243 000 343 43063.7886595718
24.11.2017 18:55:40 +00.04030E+00  0149 008480 1 00006253 00006243 000 343 43063.7886635417
24.11.2017 18:55:40 +00.04030E+00  0165 008480 1 00006254 00006243 000 375 43063.7886678819
24.11.2017 18:55:41 +00.04030E+00  0186 008480 1 00006255 00006243 000 343 43063.7886718518
24.11.2017 18:55:41 +00.04030E+00  0195 008480 1 00006256 00006243 000 343 43063.7886758218
24.11.2017 18:55:41 +00.04029E+00  0203 008480 1 00006257 00006243 000 343 43063.7886797917
24.11.2017 18:55:42 +00.04030E+00  0218 008482 1 00006258 00006243 000 376 43063.7886841435
24.11.2017 18:55:42 +00.04030E+00  0235 008482 1 00006259 00006243 000 341 43063.7886880903
24.11.2017 18:55:42 +00.04030E+00  0255 008482 1 00006260 00006243 000 342 43063.7886920602
24.11.2017 18:55:43 +00.04031E+00  0271 008482 1 00006261 00006243 000 343 43063.7886960417
24.11.2017 18:55:43 +00.04031E+00  0290 008482 1 00006262 00006243 000 377 43063.7887004051
24.11.2017 18:55:44 +00.04031E+00  0299 008482 1 00006263 00006243 000 340 43063.7887043403
24.11.2017 18:55:44 +00.04031E+00  0306 008482 1 00006264 00006243 000 343 43063.7887083102
24.11.2017 18:55:44 +00.04030E+00  0316 008482 1 00006265 00006243 000 343 43063.7887122801
24.11.2017 18:55:45 +00.04031E+00  0321 008482 1 00006266 00006243 000 379 43063.7887166667
24.11.2017 18:55:45 +00.04031E+00  0332 008482 1 00006267 00006243 000 345 43063.7887206713
24.11.2017 18:55:45 +00.04031E+00  0349 008482 1 00006268 00006243 000 342 43063.7887246296
24.11.2017 18:55:46 +00.04031E+00  0367 008482 1 00006269 00006243 000 342 43063.7887285995
24.11.2017 18:55:46 +00.04031E+00  0380 008482 1 00006270 00006243 000 373 43063.7887329282
24.11.2017 18:55:46 +00.04031E+00  0396 008482 1 00006271 00006243 000 344 43063.7887369097
24.11.2017 18:55:47 +00.04030E+00  0410 008482 1 00006272 00006243 000 343 43063.7887408796
24.11.2017 18:55:47 +00.04031E+00  0426 008482 1 00006273 00006243 000 343 43063.7887448495
24.11.2017 18:55:47 +00.04030E+00  0437 008482 1 00006274 00006243 000 375 43063.7887491898
24.11.2017 18:55:48 +00.04030E+00  0451 008482 1 00006275 00006243 000 342 43063.7887531597
24.11.2017 18:55:48 +00.04031E+00  0463 008482 1 00006276 00006243 000 343 43063.7887571296
24.11.2017 18:55:48 +00.04031E+00  0473 008482 1 00006277 00006243 000 343 43063.7887610995
24.11.2017 18:55:49 +00.04030E+00  0493 008482 1 00006278 00006243 000 376 43063.7887654514
24.11.2017 18:55:49 +00.04031E+00  0511 008482 1 00006279 00006243 000 342 43063.7887694097
24.11.2017 18:55:50 +00.04031E+00  0522 008482 1 00006280 00006243 000 343 43063.7887733796
24.11.2017 18:55:50 +00.04030E+00  0532 008482 1 00006281 00006243 000 343 43063.7887773495
24.11.2017 18:55:50 +00.04030E+00  0547 008482 1 00006282 00006243 000 377 43063.788781713
24.11.2017 18:55:51 +00.04031E+00  0568 008482 1 00006283 00006243 000 341 43063.7887856597
24.11.2017 18:55:51 +00.04030E+00  0581 008482 1 00006284 00006243 000 343 43063.7887896296
24.11.2017 18:55:51 +00.04030E+00  0600 008482 1 00006285 00006243 000 343 43063.7887935995
24.11.2017 18:55:52 +00.04031E+00  0611 008482 1 00006286 00006243 000 378 43063.7887979745
24.11.2017 18:55:52 +00.04031E+00  0625 008480 1 00006287 00006243 000 341 43063.7888019213
24.11.2017 18:55:52 +00.04030E+00  0638 008480 1 00006288 00006243 000 342 43063.7888058796
24.11.2017 18:55:53 +00.04030E+00  0653 008480 1 00006289 00006243 000 342 43063.788809838
24.11.2017 18:55:53 +00.04030E+00  0671 008480 1 00006290 00006243 000 379 43063.7888142361
24.11.2017 18:55:53 +00.04030E+00  0692 008480 1 00006291 00006243 000 345 43063.7888182292
24.11.2017 18:55:54 +00.04030E+00  0703 008480 1 00006292 00006243 000 342 43063.7888221875
24.11.2017 18:55:54 +00.04030E+00  0714 008480 1 00006293 00006243 000 343 43063.788826169
24.11.2017 18:55:54 +00.04029E+00  0731 008480 1 00006294 00006243 000 374 43063.7888304977
24.11.2017 18:55:55 +00.04030E+00  0748 008480 1 00006295 00006243 000 343 43063.7888344676
24.11.2017 18:55:55 +00.04030E+00  0761 008480 1 00006296 00006243 000 343 43063.7888384375
24.11.2017 18:55:55 +00.04030E+00  0776 008480 1 00006297 00006243 000 343 43063.7888424074
24.11.2017 18:55:56 +00.04030E+00  0784 008480 1 00006298 00006243 000 376 43063.7888467593
24.11.2017 18:55:56 +00.04030E+00  0804 008480 1 00006299 00006243 000 342 43063.7888507176
24.11.2017 18:55:57 +00.04029E+00  0822 008480 1 00006300 00006243 000 343 43063.7888546875
24.11.2017 18:55:57 +00.04030E+00  0841 008480 1 00006301 00006243 000 343 43063.7888586574
24.11.2017 18:55:57 +00.04029E+00  0851 008480 1 00006302 00006243 000 377 43063.7888630208
24.11.2017 18:55:58 +00.04030E+00  0870 008480 1 00006303 00006243 000 341 43063.7888669676
24.11.2017 18:55:58 +00.04030E+00  0881 008480 1 00006304 00006243 000 343 43063.7888709375
24.11.2017 18:55:58 +00.04030E+00  0898 008480 1 00006305 00006243 000 343 43063.7888749074
24.11.2017 18:55:59 +00.04030E+00  0914 008480 1 00006306 00006243 000 378 43063.7888792824
24.11.2017 18:55:59 +00.04030E+00  0933 008480 1 00006307 00006243 000 340 43063.7888832176
24.11.2017 18:55:59 +00.04029E+00  0944 008480 1 00006308 00006243 000 343 43063.7888871875
24.11.2017 18:56:00 +00.04030E+00  0963 008480 1 00006309 00006243 000 343 43063.7888911574
24.11.2017 18:56:00 +00.04030E+00  0973 008480 1 00006310 00006243 000 379 43063.788895544
24.11.2017 18:56:00 +00.04030E+00  0990 008480 1 00006311 00006243 000 345 43063.788899537
24.11.2017 18:56:01 +00.04030E+00  1008 008480 1 00006312 00006243 000 343 43063.7889035069
24.11.2017 18:56:01 +00.04030E+00  1023 008480 1 00006313 00006243 000 343 43063.7889074769
24.11.2017 18:56:01 +00.04029E+00  1039 008480 1 00006314 00006243 000 374 43063.7889118056
24.11.2017 18:56:02 +00.04029E+00  1052 008480 1 00006315 00006243 000 344 43063.788915787
24.11.2017 18:56:02 +00.04030E+00  1067 008480 1 00006316 00006243 000 343 43063.7889197569
24.11.2017 18:56:03 +00.04030E+00  1084 008480 1 00006317 00006243 000 343 43063.7889237269
24.11.2017 18:56:03 +00.04029E+00  1094 008480 1 00006318 00006243 000 376 43063.7889280787
24.11.2017 18:56:03 +00.04030E+00  1104 008480 1 00006319 00006243 000 341 43063.7889320255
24.11.2017 18:56:04 +00.04030E+00  1120 008480 1 00006320 00006243 000 343 43063.7889359954
24.11.2017 18:56:04 +00.04030E+00  1135 008480 1 00006321 00006243 000 343 43063.7889399653
24.11.2017 18:56:04 +00.04030E+00  1151 008480 1 00006322 00006243 000 378 43063.7889443403
24.11.2017 18:56:05 +00.04030E+00  1168 008480 1 00006323 00006243 000 341 43063.788948287
24.11.2017 18:56:05 +00.04030E+00  1177 008480 1 00006324 00006243 000 342 43063.7889522454
24.11.2017 18:56:05 +00.04029E+00  1189 008480 1 00006325 00006243 000 343 43063.7889562153
24.11.2017 18:56:06 +00.04030E+00  1202 008480 1 00006326 00006243 000 378 43063.7889605903
24.11.2017 18:56:06 +00.04030E+00  1212 008480 1 00006327 00006243 000 340 43063.7889645255
24.11.2017 18:56:06 +00.04030E+00  1231 008480 1 00006328 00006243 000 343 43063.7889684954
24.11.2017 18:56:12 +00.04040E+00  0009 008502 1 00006329 00006329 000 382 43063.7890289005
24.11.2017 18:56:12 +00.04040E+00  0028 008502 1 00006330 00006329 000 341 43063.7890328472
24.11.2017 18:56:12 +00.04040E+00  0037 008502 1 00006331 00006329 000 343 43063.7890368287
24.11.2017 18:56:13 +00.04040E+00  0049 008502 1 00006332 00006329 000 343 43063.7890407986
24.11.2017 18:56:13 +00.04040E+00  0061 008502 1 00006333 00006329 000 378 43063.7890451736
24.11.2017 18:56:13 +00.04040E+00  0075 008502 1 00006334 00006329 000 340 43063.7890491088
24.11.2017 18:56:14 +00.04040E+00  0088 008502 1 00006335 00006329 000 342 43063.7890530671
24.11.2017 18:56:14 +00.04040E+00  0102 008502 1 00006336 00006329 000 343 43063.789057037
24.11.2017 18:56:14 +00.04040E+00  0113 008502 1 00006337 00006329 000 377 43063.789061412
24.11.2017 18:56:15 +00.04040E+00  0132 008502 1 00006338 00006329 000 341 43063.7890653704
24.11.2017 18:56:15 +00.04040E+00  0146 008502 1 00006339 00006329 000 341 43063.7890693171
24.11.2017 18:56:15 +00.04040E+00  0162 008502 1 00006340 00006329 000 343 43063.789073287
24.11.2017 18:56:16 +00.04040E+00  0179 008502 1 00006341 00006329 000 379 43063.7890776736
24.11.2017 18:56:16 +00.04040E+00  0197 008502 1 00006342 00006329 000 344 43063.7890816667
24.11.2017 18:56:17 +00.04040E+00  0220 008502 1 00006343 00006329 000 344 43063.7890856481
24.11.2017 18:56:17 +00.04040E+00  0238 008502 1 00006344 00006329 000 342 43063.7890896065
24.11.2017 18:56:17 +00.04040E+00  0248 008502 1 00006345 00006329 000 374 43063.7890939352
24.11.2017 18:56:18 +00.04040E+00  0270 008502 1 00006346 00006329 000 343 43063.7890979167
24.11.2017 18:56:18 +00.04040E+00  0289 008502 1 00006347 00006329 000 343 43063.7891018866
24.11.2017 18:56:18 +00.04040E+00  0297 008502 1 00006348 00006329 000 343 43063.7891058565
24.11.2017 18:56:19 +00.04040E+00  0309 008502 1 00006349 00006329 000 375 43063.7891101968
24.11.2017 18:56:19 +00.04040E+00  0327 008502 1 00006350 00006329 000 343 43063.7891141667
24.11.2017 18:56:19 +00.04040E+00  0342 008502 1 00006351 00006329 000 343 43063.7891181366
24.11.2017 18:56:20 +00.04040E+00  0353 008502 1 00006352 00006329 000 343 43063.7891221065
24.11.2017 18:56:20 +00.04040E+00  0366 008502 1 00006353 00006329 000 377 43063.7891264699
24.11.2017 18:56:20 +00.04040E+00  0385 008502 1 00006354 00006329 000 341 43063.7891304167
24.11.2017 18:56:21 +00.04040E+00  0399 008502 1 00006355 00006329 000 343 43063.7891343866
24.11.2017 18:56:21 +00.04040E+00  0416 008502 1 00006356 00006329 000 343 43063.7891383565
24.11.2017 18:56:21 +00.04040E+00  0430 008502 1 00006357 00006329 000 378 43063.7891427315
24.11.2017 18:56:22 +00.04040E+00  0444 008502 1 00006358 00006329 000 340 43063.7891466667
24.11.2017 18:56:22 +00.04040E+00  0451 008502 1 00006359 00006329 000 342 43063.789150625
24.11.2017 18:56:22 +00.04040E+00  0463 008502 1 00006360 00006329 000 343 43063.7891546065
24.11.2017 18:56:23 +00.04040E+00  0476 008502 1 00006361 00006329 000 378 43063.7891589815
24.11.2017 18:56:23 +00.04040E+00  0495 008502 1 00006362 00006329 000 345 43063.7891629861
24.11.2017 18:56:24 +00.04040E+00  0504 008502 1 00006363 00006329 000 343 43063.789166956
24.11.2017 18:56:24 +00.04040E+00  0520 008502 1 00006364 00006329 000 343 43063.7891709259
24.11.2017 18:56:24 +00.04040E+00  0535 008502 1 00006365 00006329 000 374 43063.7891752546
24.11.2017 18:56:25 +00.04040E+00  0552 008502 1 00006366 00006329 000 343 43063.7891792245
24.11.2017 18:56:25 +00.04040E+00  0573 008502 1 00006367 00006329 000 343 43063.7891831944
24.11.2017 18:56:25 +00.04040E+00  0591 008502 1 00006368 00006329 000 343 43063.7891871759
24.11.2017 18:56:26 +00.04040E+00  0604 008502 1 00006369 00006329 000 375 43063.7891915162
24.11.2017 18:56:26 +00.04040E+00  0620 008502 1 00006370 00006329 000 342 43063.7891954745
24.11.2017 18:56:26 +00.04040E+00  0632 008502 1 00006371 00006329 000 343 43063.7891994444
24.11.2017 18:56:27 +00.04040E+00  0647 008502 1 00006372 00006329 000 343 43063.7892034144
24.11.2017 18:56:27 +00.04040E+00  0660 008502 1 00006373 00006329 000 377 43063.7892077778
24.11.2017 18:56:27 +00.04040E+00  0676 008502 1 00006374 00006329 000 341 43063.7892117245
24.11.2017 18:56:28 +00.04040E+00  0692 008502 1 00006375 00006329 000 343 43063.7892156944
24.11.2017 18:56:28 +00.04040E+00  0712 008502 1 00006376 00006329 000 343 43063.7892196644
24.11.2017 18:56:28 +00.04040E+00  0729 008502 1 00006377 00006329 000 378 43063.7892240393
24.11.2017 18:56:29 +00.04040E+00  0748 008502 1 00006378 00006329 000 340 43063.7892279745
24.11.2017 18:56:29 +00.04040E+00  0760 008502 1 00006379 00006329 000 342 43063.7892319444
24.11.2017 18:56:29 +00.04040E+00  0774 008502 1 00006380 00006329 000 343 43063.7892359144
24.11.2017 18:56:30 +00.04040E+00  0785 008502 1 00006381 00006329 000 379 43063.7892403009
24.11.2017 18:56:30 +00.04040E+00  0804 008502 1 00006382 00006329 000 345 43063.789244294
24.11.2017 18:56:31 +00.04040E+00  0817 008502 1 00006383 00006329 000 343 43063.7892482639
24.11.2017 18:56:31 +00.04040E+00  0834 008502 1 00006384 00006329 000 343 43063.7892522338
24.11.2017 18:56:31 +00.04040E+00  0850 008502 1 00006385 00006329 000 374 43063.7892565625
24.11.2017 18:56:32 +00.04040E+00  0869 008502 1 00006386 00006329 000 344 43063.789260544
24.11.2017 18:56:32 +00.04040E+00  0883 008502 1 00006387 00006329 000 343 43063.7892645139
24.11.2017 18:56:32 +00.04040E+00  0896 008502 1 00006388 00006329 000 343 43063.7892684838
24.11.2017 18:56:33 +00.04040E+00  0911 008502 1 00006389 00006329 000 375 43063.7892728241
24.11.2017 18:56:33 +00.04040E+00  0927 008502 1 00006390 00006329 000 343 43063.789276794
24.11.2017 18:56:33 +00.04040E+00  0941 008502 1 00006391 00006329 000 342 43063.7892807523
24.11.2017 18:56:34 +00.04040E+00  0958 008502 1 00006392 00006329 000 343 43063.7892847338
24.11.2017 18:56:34 +00.04040E+00  0973 008502 1 00006393 00006329 000 376 43063.7892890856
24.11.2017 18:56:34 +00.04040E+00  0989 008502 1 00006394 00006329 000 341 43063.7892930324
24.11.2017 18:56:35 +00.04040E+00  1007 008502 1 00006395 00006329 000 343 43063.7892970023
24.11.2017 18:56:35 +00.04040E+00  1023 008502 1 00006396 00006329 000 343 43063.7893009722
24.11.2017 18:56:35 +00.04040E+00  1045 008502 1 00006397 00006329 000 378 43063.7893053472
24.11.2017 18:56:36 +00.04040E+00  1061 008502 1 00006398 00006329 000 341 43063.789309294
24.11.2017 18:56:36 +00.04040E+00  1072 008502 1 00006399 00006329 000 341 43063.7893132523
24.11.2017 18:56:37 +00.04040E+00  1089 008502 1 00006400 00006329 000 343 43063.7893172222
24.11.2017 18:56:37 +00.04040E+00  1103 008502 1 00006401 00006329 000 379 43063.7893216088
24.11.2017 18:56:37 +00.04040E+00  1134 008502 1 00006402 00006329 000 340 43063.789325544
24.11.2017 18:56:38 +00.04040E+00  1150 008502 1 00006403 00006329 000 342 43063.7893295023
24.11.2017 18:56:38 +00.04040E+00  1164 008502 1 00006404 00006329 000 343 43063.7893334722
24.11.2017 18:56:38 +00.04040E+00  1176 008502 1 00006405 00006329 000 380 43063.7893378704
24.11.2017 18:56:39 +00.04040E+00  1192 008502 1 00006406 00006329 000 344 43063.7893418519
24.11.2017 18:56:39 +00.04040E+00  1203 008502 1 00006407 00006329 000 343 43063.7893458218
24.11.2017 18:56:39 +00.04040E+00  1220 008502 1 00006408 00006329 000 343 43063.7893497917
24.11.2017 18:56:40 +00.04040E+00  1234 008502 1 00006409 00006329 000 375 43063.7893541319
24.11.2017 18:56:40 +00.04040E+00  1250 008502 1 00006410 00006329 000 343 43063.7893581019
24.11.2017 18:56:40 +00.04040E+00  1263 008502 1 00006411 00006329 000 343 43063.7893620718
24.11.2017 18:56:41 +00.04040E+00  1274 008502 1 00006412 00006329 000 343 43063.7893660417
24.11.2017 18:56:41 +00.04040E+00  1285 008502 1 00006413 00006329 000 376 43063.7893703935
24.11.2017 18:56:41 +00.04040E+00  1300 008502 1 00006414 00006329 000 341 43063.7893743403
24.11.2017 18:56:47 +00.04049E+00  0014 008522 1 00006415 00006415 000 342 43063.7894395949
24.11.2017 18:56:47 +00.04050E+00  0026 008522 1 00006416 00006415 000 343 43063.7894435648
24.11.2017 18:56:48 +00.04050E+00  0042 008522 1 00006417 00006415 000 422 43063.7894484491
24.11.2017 18:56:48 +00.04050E+00  0059 008522 1 00006418 00006415 000 341 43063.7894524074
24.11.2017 18:56:49 +00.04050E+00  0069 008522 1 00006419 00006415 000 342 43063.7894563657
24.11.2017 18:56:49 +00.04050E+00  0085 008522 1 00006420 00006415 000 342 43063.7894603241
24.11.2017 18:56:49 +00.04050E+00  0103 008522 1 00006421 00006415 000 378 43063.7894647107
24.11.2017 18:56:50 +00.04050E+00  0123 008522 1 00006422 00006415 000 340 43063.7894686458
24.11.2017 18:56:50 +00.04049E+00  0135 008522 1 00006423 00006415 000 342 43063.7894726042
24.11.2017 18:56:50 +00.04050E+00  0150 008522 1 00006424 00006415 000 343 43063.7894765741
24.11.2017 18:56:51 +00.04050E+00  0166 008522 1 00006425 00006415 000 380 43063.7894809722
24.11.2017 18:56:51 +00.04049E+00  0184 008522 1 00006426 00006415 000 344 43063.7894849537
24.11.2017 18:56:51 +00.04050E+00  0194 008522 1 00006427 00006415 000 344 43063.7894889352
24.11.2017 18:56:52 +00.04050E+00  0213 008522 1 00006428 00006415 000 342 43063.7894928935
24.11.2017 18:56:52 +00.04050E+00  0224 008522 1 00006429 00006415 000 375 43063.7894972338
24.11.2017 18:56:52 +00.04050E+00  0235 008522 1 00006430 00006415 000 343 43063.7895012037
24.11.2017 18:56:53 +00.04050E+00  0249 008522 1 00006431 00006415 000 343 43063.7895051736
24.11.2017 18:56:53 +00.04050E+00  0263 008522 1 00006432 00006415 000 343 43063.7895091435
24.11.2017 18:56:53 +00.04050E+00  0280 008522 1 00006433 00006415 000 376 43063.7895134954
24.11.2017 18:56:54 +00.04050E+00  0295 008522 1 00006434 00006415 000 342 43063.7895174537
24.11.2017 18:56:54 +00.04050E+00  0310 008522 1 00006435 00006415 000 343 43063.7895214236
24.11.2017 18:56:54 +00.04050E+00  0326 008522 1 00006436 00006415 000 343 43063.7895253935
24.11.2017 18:56:55 +00.04050E+00  0345 008522 1 00006437 00006415 000 377 43063.7895297569
24.11.2017 18:56:55 +00.04049E+00  0364 008522 1 00006438 00006415 000 341 43063.7895337037
24.11.2017 18:56:56 +00.04049E+00  0387 008522 1 00006439 00006415 000 343 43063.7895376736
24.11.2017 18:56:56 +00.04050E+00  0403 008522 1 00006440 00006415 000 343 43063.7895416435
24.11.2017 18:56:56 +00.04050E+00  0421 008522 1 00006441 00006415 000 378 43063.7895460185
24.11.2017 18:56:57 +00.04050E+00  0435 008522 1 00006442 00006415 000 340 43063.7895499537
24.11.2017 18:56:57 +00.04050E+00  0443 008522 1 00006443 00006415 000 342 43063.789553912
24.11.2017 18:56:57 +00.04050E+00  0456 008522 1 00006444 00006415 000 342 43063.7895578819
24.11.2017 18:56:58 +00.04050E+00  0468 008522 1 00006445 00006415 000 379 43063.7895622801
24.11.2017 18:56:58 +00.04049E+00  0486 008522 1 00006446 00006415 000 344 43063.7895662616
24.11.2017 18:56:58 +00.04050E+00  0495 008522 1 00006447 00006415 000 343 43063.7895702431
24.11.2017 18:56:59 +00.04050E+00  0508 008522 1 00006448 00006415 000 343 43063.789574213
24.11.2017 18:56:59 +00.04050E+00  0522 008522 1 00006449 00006415 000 375 43063.7895785532
24.11.2017 18:56:59 +00.04050E+00  0532 008522 1 00006450 00006415 000 342 43063.7895825116
24.11.2017 18:57:00 +00.04050E+00  0558 008522 1 00006451 00006415 000 342 43063.7895864815
24.11.2017 18:57:00 +00.04049E+00  0567 008522 1 00006452 00006415 000 342 43063.7895904514
24.11.2017 18:57:00 +00.04049E+00  0576 008522 1 00006453 00006415 000 376 43063.7895948032
24.11.2017 18:57:01 +00.04049E+00  0592 008522 1 00006454 00006415 000 341 43063.7895987616
24.11.2017 18:57:01 +00.04050E+00  0606 008522 1 00006455 00006415 000 343 43063.7896027315
24.11.2017 18:57:02 +00.04050E+00  0628 008522 1 00006456 00006415 000 343 43063.7896067014
24.11.2017 18:57:02 +00.04049E+00  0642 008522 1 00006457 00006415 000 377 43063.7896110648
24.11.2017 18:57:02 +00.04049E+00  0659 008522 1 00006458 00006415 000 341 43063.7896150116
24.11.2017 18:57:03 +00.04050E+00  0673 008524 1 00006459 00006415 000 343 43063.7896189815
24.11.2017 18:57:03 +00.04050E+00  0689 008524 1 00006460 00006415 000 343 43063.7896229514
24.11.2017 18:57:03 +00.04050E+00  0706 008524 1 00006461 00006415 000 378 43063.7896273264
24.11.2017 18:57:04 +00.04051E+00  0718 008524 1 00006462 00006415 000 340 43063.7896312616
24.11.2017 18:57:04 +00.04051E+00  0724 008524 1 00006463 00006415 000 343 43063.7896352315
24.11.2017 18:57:04 +00.04051E+00  0744 008524 1 00006464 00006415 000 343 43063.7896392014
24.11.2017 18:57:05 +00.04051E+00  0764 008524 1 00006465 00006415 000 379 43063.789643588
24.11.2017 18:57:05 +00.04050E+00  0782 008524 1 00006466 00006415 000 345 43063.789647581
24.11.2017 18:57:05 +00.04050E+00  0799 008524 1 00006467 00006415 000 343 43063.7896515509
24.11.2017 18:57:06 +00.04050E+00  0804 008524 1 00006468 00006415 000 343 43063.7896555208
24.11.2017 18:57:06 +00.04050E+00  0811 008524 1 00006469 00006415 000 374 43063.7896598495
24.11.2017 18:57:06 +00.04050E+00  0825 008524 1 00006470 00006415 000 344 43063.789663831
24.11.2017 18:57:07 +00.04050E+00  0836 008524 1 00006471 00006415 000 343 43063.7896678009
24.11.2017 18:57:07 +00.04051E+00  0849 008524 1 00006472 00006415 000 343 43063.7896717708
24.11.2017 18:57:08 +00.04051E+00  0862 008524 1 00006473 00006415 000 376 43063.7896761227
24.11.2017 18:57:08 +00.04050E+00  0877 008522 1 00006474 00006415 000 342 43063.789680081
24.11.2017 18:57:08 +00.04050E+00  0894 008522 1 00006475 00006415 000 343 43063.7896840509
24.11.2017 18:57:09 +00.04050E+00  0907 008522 1 00006476 00006415 000 342 43063.7896880093
24.11.2017 18:57:09 +00.04050E+00  0920 008522 1 00006477 00006415 000 378 43063.7896923958
24.11.2017 18:57:09 +00.04049E+00  0940 008522 1 00006478 00006415 000 341 43063.7896963426
24.11.2017 18:57:10 +00.04049E+00  0962 008522 1 00006479 00006415 000 341 43063.7897002894
24.11.2017 18:57:10 +00.04050E+00  0976 008522 1 00006480 00006415 000 343 43063.7897042593
24.11.2017 18:57:10 +00.04050E+00  0995 008522 1 00006481 00006415 000 378 43063.7897086343
24.11.2017 18:57:11 +00.04050E+00  1016 008522 1 00006482 00006415 000 340 43063.7897125694
24.11.2017 18:57:11 +00.04050E+00  1032 008522 1 00006483 00006415 000 342 43063.7897165394
24.11.2017 18:57:11 +00.04050E+00  1049 008522 1 00006484 00006415 000 343 43063.7897205093
24.11.2017 18:57:12 +00.04050E+00  1064 008522 1 00006485 00006415 000 381 43063.789724919
24.11.2017 18:57:12 +00.04050E+00  1087 008522 1 00006486 00006415 000 343 43063.7897288889
24.11.2017 18:57:12 +00.04050E+00  1103 008522 1 00006487 00006415 000 343 43063.7897328588
24.11.2017 18:57:13 +00.04050E+00  1120 008522 1 00006488 00006415 000 343 43063.7897368287
24.11.2017 18:57:13 +00.04050E+00  1135 008522 1 00006489 00006415 000 374 43063.7897411574
24.11.2017 18:57:13 +00.04050E+00  1158 008522 1 00006490 00006415 000 344 43063.7897451389
24.11.2017 18:57:14 +00.04049E+00  1173 008522 1 00006491 00006415 000 343 43063.7897491088
24.11.2017 18:57:14 +00.04049E+00  1182 008522 1 00006492 00006415 000 343 43063.7897530787
24.11.2017 18:57:15 +00.04049E+00  1201 008522 1 00006493 00006415 000 376 43063.7897574306
24.11.2017 18:57:15 +00.04049E+00  1221 008522 1 00006494 00006415 000 342 43063.7897613889
24.11.2017 18:57:15 +00.04049E+00  1230 008522 1 00006495 00006415 000 343 43063.7897653588
24.11.2017 18:57:16 +00.04050E+00  1239 008522 1 00006496 00006415 000 343 43063.7897693287
24.11.2017 18:57:16 +00.04050E+00  1256 008522 1 00006497 00006415 000 377 43063.7897736921
24.11.2017 18:57:16 +00.04050E+00  1266 008522 1 00006498 00006415 000 341 43063.7897776389
24.11.2017 18:57:17 +00.04050E+00  1276 008522 1 00006499 00006415 000 342 43063.7897815972
24.11.2017 18:57:17 +00.04049E+00  1297 008522 1 00006500 00006415 000 342 43063.7897855671