
24.11.2017 18:57:18 +00.04050E+00  0012 008524 -1 00006501 00006501 000 380 43063.789802963
24.11.2017 18:57:19 +00.04051E+00  0026 008524 -1 00006502 00006501 000 343 43063.7898069329
24.11.2017 18:57:19 +00.04050E+00  0040 008524 -1 00006503 00006501 000 343 43063.7898109028
24.11.2017 18:57:20 +00.04051E+00  0055 008524 -1 00006504 00006501 000 343 43063.7898148727
24.11.2017 18:57:20 +00.04051E+00  0066 008524 -1 00006505 00006501 000 375 43063.789819213
24.11.2017 18:57:20 +00.04050E+00  0080 008524 -1 00006506 00006501 000 343 43063.7898231829
24.11.2017 18:57:21 +00.04050E+00  0092 008524 -1 00006507 00006501 000 343 43063.7898271528
24.11.2017 18:57:21 +00.04051E+00  0106 008524 -1 00006508 00006501 000 343 43063.7898311227
24.11.2017 18:57:21 +00.04050E+00  0116 008524 -1 00006509 00006501 000 377 43063.7898354861
24.11.2017 18:57:22 +00.04050E+00  0135 008524 -1 00006510 00006501 000 342 43063.7898394444
24.11.2017 18:57:22 +00.04050E+00  0151 008524 -1 00006511 00006501 000 342 43063.7898434028
24.11.2017 18:57:22 +00.04050E+00  0165 008524 -1 00006512 00006501 000 343 43063.7898473727
24.11.2017 18:57:23 +00.04050E+00  0186 008524 -1 00006513 00006501 000 378 43063.7898517477
24.11.2017 18:57:23 +00.04050E+00  0202 008524 -1 00006514 00006501 000 340 43063.7898556829
24.11.2017 18:57:23 +00.04050E+00  0213 008524 -1 00006515 00006501 000 342 43063.7898596412
24.11.2017 18:57:24 +00.04051E+00  0226 008524 -1 00006516 00006501 000 343 43063.7898636227
24.11.2017 18:57:24 +00.04051E+00  0242 008524 -1 00006517 00006501 000 379 43063.7898680093
24.11.2017 18:57:24 +00.04051E+00  0258 008524 -1 00006518 00006501 000 344 43063.7898719907
24.11.2017 18:57:25 +00.04051E+00  0276 008524 -1 00006519 00006501 000 343 43063.7898759722
24.11.2017 18:57:25 +00.04050E+00  0294 008524 -1 00006520 00006501 000 343 43063.7898799421
24.11.2017 18:57:26 +00.04051E+00  0303 008524 -1 00006521 00006501 000 374 43063.7898842708
24.11.2017 18:57:26 +00.04050E+00  0322 008524 -1 00006522 00006501 000 343 43063.7898882407
24.11.2017 18:57:26 +00.04050E+00  0334 008524 -1 00006523 00006501 000 343 43063.7898922106
24.11.2017 18:57:27 +00.04051E+00  0351 008524 -1 00006524 00006501 000 343 43063.7898961806
24.11.2017 18:57:27 +00.04050E+00  0368 008524 -1 00006525 00006501 000 375 43063.7899005324
24.11.2017 18:57:27 +00.04050E+00  0380 008524 -1 00006526 00006501 000 342 43063.7899044907
24.11.2017 18:57:28 +00.04051E+00  0392 008524 -1 00006527 00006501 000 343 43063.7899084606
24.11.2017 18:57:28 +00.04050E+00  0406 008524 -1 00006528 00006501 000 343 43063.7899124306
24.11.2017 18:57:28 +00.04051E+00  0420 008524 -1 00006529 00006501 000 376 43063.7899167824
24.11.2017 18:57:29 +00.04050E+00  0441 008522 -1 00006530 00006501 000 342 43063.7899207407
24.11.2017 18:57:29 +00.04050E+00  0458 008522 -1 00006531 00006501 000 343 43063.7899247106
24.11.2017 18:57:29 +00.04050E+00  0469 008522 -1 00006532 00006501 000 343 43063.7899286806
24.11.2017 18:57:30 +00.04050E+00  0485 008522 -1 00006533 00006501 000 378 43063.7899330556
24.11.2017 18:57:30 +00.04050E+00  0498 008522 -1 00006534 00006501 000 340 43063.7899369907
24.11.2017 18:57:30 +00.04049E+00  0511 008522 -1 00006535 00006501 000 343 43063.7899409606
24.11.2017 18:57:31 +00.04050E+00  0526 008522 -1 00006536 00006501 000 343 43063.7899449306
24.11.2017 18:57:31 +00.04050E+00  0542 008522 -1 00006537 00006501 000 379 43063.7899493171
24.11.2017 18:57:31 +00.04050E+00  0555 008522 -1 00006538 00006501 000 345 43063.7899533102
24.11.2017 18:57:32 +00.04050E+00  0571 008522 -1 00006539 00006501 000 343 43063.7899572801
24.11.2017 18:57:32 +00.04050E+00  0578 008522 -1 00006540 00006501 000 343 43063.78996125
24.11.2017 18:57:33 +00.04050E+00  0591 008522 -1 00006541 00006501 000 374 43063.7899655787
24.11.2017 18:57:33 +00.04050E+00  0599 008522 -1 00006542 00006501 000 344 43063.7899695602
24.11.2017 18:57:33 +00.04050E+00  0619 008522 -1 00006543 00006501 000 343 43063.7899735301
24.11.2017 18:57:34 +00.04050E+00  0630 008522 -1 00006544 00006501 000 343 43063.7899775
24.11.2017 18:57:34 +00.04050E+00  0645 008522 -1 00006545 00006501 000 375 43063.7899818403
24.11.2017 18:57:34 +00.04050E+00  0667 008522 -1 00006546 00006501 000 343 43063.7899858102
24.11.2017 18:57:35 +00.04050E+00  0684 008522 -1 00006547 00006501 000 342 43063.7899897685
24.11.2017 18:57:35 +00.04050E+00  0699 008522 -1 00006548 00006501 000 343 43063.78999375
24.11.2017 18:57:35 +00.04049E+00  0713 008522 -1 00006549 00006501 000 376 43063.7899981018
24.11.2017 18:57:36 +00.04050E+00  0728 008522 -1 00006550 00006501 000 340 43063.7900020486
24.11.2017 18:57:36 +00.04050E+00  0745 008522 -1 00006551 00006501 000 343 43063.7900060185
24.11.2017 18:57:36 +00.04050E+00  0754 008522 -1 00006552 00006501 000 343 43063.7900099884
24.11.2017 18:57:37 +00.04050E+00  0772 008522 -1 00006553 00006501 000 377 43063.7900143634
24.11.2017 18:57:37 +00.04050E+00  0786 008522 -1 00006554 00006501 000 340 43063.7900182986
24.11.2017 18:57:37 +00.04050E+00  0802 008522 -1 00006555 00006501 000 343 43063.7900222685
24.11.2017 18:57:38 +00.04050E+00  0819 008522 -1 00006556 00006501 000 343 43063.7900262384
24.11.2017 18:57:38 +00.04050E+00  0842 008522 -1 00006557 00006501 000 379 43063.790030625
24.11.2017 18:57:38 +00.04049E+00  0856 008522 -1 00006558 00006501 000 340 43063.7900345602
24.11.2017 18:57:39 +00.04050E+00  0869 008522 -1 00006559 00006501 000 342 43063.7900385185
24.11.2017 18:57:39 +00.04050E+00  0885 008522 -1 00006560 00006501 000 343 43063.7900424884
24.11.2017 18:57:40 +00.04050E+00  0900 008522 -1 00006561 00006501 000 380 43063.7900468866
24.11.2017 18:57:40 +00.04050E+00  0908 008522 -1 00006562 00006501 000 344 43063.7900508681
24.11.2017 18:57:40 +00.04049E+00  0922 008522 -1 00006563 00006501 000 343 43063.790054838
24.11.2017 18:57:41 +00.04049E+00  0931 008522 -1 00006564 00006501 000 343 43063.7900588079
24.11.2017 18:57:41 +00.04050E+00  0944 008522 -1 00006565 00006501 000 375 43063.7900631481
24.11.2017 18:57:41 +00.04050E+00  0961 008522 -1 00006566 00006501 000 343 43063.7900671181
24.11.2017 18:57:42 +00.04050E+00  0970 008522 -1 00006567 00006501 000 343 43063.790071088
24.11.2017 18:57:42 +00.04049E+00  0987 008522 -1 00006568 00006501 000 343 43063.7900750579
24.11.2017 18:57:42 +00.04050E+00  1007 008522 -1 00006569 00006501 000 376 43063.7900794097
24.11.2017 18:57:43 +00.04049E+00  1018 008522 -1 00006570 00006501 000 342 43063.7900833681
24.11.2017 18:57:43 +00.04050E+00  1034 008522 -1 00006571 00006501 000 343 43063.790087338
24.11.2017 18:57:43 +00.04050E+00  1054 008522 -1 00006572 00006501 000 343 43063.7900913079
24.11.2017 18:57:44 +00.04050E+00  1070 008522 -1 00006573 00006501 000 377 43063.7900956713
24.11.2017 18:57:44 +00.04050E+00  1090 008522 -1 00006574 00006501 000 340 43063.7900996065
24.11.2017 18:57:44 +00.04050E+00  1109 008522 -1 00006575 00006501 000 343 43063.7901035764
24.11.2017 18:57:45 +00.04050E+00  1121 008522 -1 00006576 00006501 000 343 43063.7901075463
24.11.2017 18:57:45 +00.04050E+00  1131 008522 -1 00006577 00006501 000 378 43063.7901119329
24.11.2017 18:57:46 +00.04049E+00  1144 008522 -1 00006578 00006501 000 345 43063.7901159259
24.11.2017 18:57:46 +00.04050E+00  1154 008522 -1 00006579 00006501 000 343 43063.7901198958
24.11.2017 18:57:46 +00.04050E+00  1165 008522 -1 00006580 00006501 000 343 43063.7901238773
24.11.2017 18:57:47 +00.04050E+00  1177 008522 -1 00006581 00006501 000 373 43063.7901281944
24.11.2017 18:57:47 +00.04050E+00  1193 008522 -1 00006582 00006501 000 344 43063.7901321759
24.11.2017 18:57:47 +00.04050E+00  1212 008522 -1 00006583 00006501 000 343 43063.7901361458
24.11.2017 18:57:48 +00.04049E+00  1222 008522 -1 00006584 00006501 000 343 43063.7901401157
24.11.2017 18:57:48 +00.04049E+00  1239 008522 -1 00006585 00006501 000 375 43063.790144456
24.11.2017 18:57:54 +00.04040E+00  0009 008502 -1 00006586 00006586 000 382 43063.7902095023
24.11.2017 18:57:54 +00.04040E+00  0021 008502 -1 00006587 00006586 000 342 43063.7902134606
24.11.2017 18:57:54 +00.04040E+00  0037 008502 -1 00006588 00006586 000 343 43063.7902174306
24.11.2017 18:57:55 +00.04040E+00  0052 008502 -1 00006589 00006586 000 343 43063.7902214005
24.11.2017 18:57:55 +00.04040E+00  0069 008502 -1 00006590 00006586 000 377 43063.7902257639
24.11.2017 18:57:55 +00.04040E+00  0081 008502 -1 00006591 00006586 000 341 43063.7902297106
24.11.2017 18:57:56 +00.04040E+00  0097 008502 -1 00006592 00006586 000 343 43063.7902336806
24.11.2017 18:57:56 +00.04040E+00  0110 008502 -1 00006593 00006586 000 343 43063.7902376505
24.11.2017 18:57:56 +00.04040E+00  0129 008502 -1 00006594 00006586 000 378 43063.7902420255
24.11.2017 18:57:57 +00.04040E+00  0146 008502 -1 00006595 00006586 000 341 43063.7902459722
24.11.2017 18:57:57 +00.04040E+00  0160 008502 -1 00006596 00006586 000 341 43063.790249919
24.11.2017 18:57:57 +00.04040E+00  0175 008502 -1 00006597 00006586 000 343 43063.7902538889
24.11.2017 18:57:58 +00.04040E+00  0188 008502 -1 00006598 00006586 000 379 43063.790258287
24.11.2017 18:57:58 +00.04040E+00  0206 008502 -1 00006599 00006586 000 344 43063.7902622685
24.11.2017 18:57:59 +00.04040E+00  0218 008502 -1 00006600 00006586 000 343 43063.79026625
24.11.2017 18:57:59 +00.04040E+00  0241 008502 -1 00006601 00006586 000 342 43063.7902702083
24.11.2017 18:57:59 +00.04040E+00  0251 008502 -1 00006602 00006586 000 375 43063.7902745602
24.11.2017 18:58:00 +00.04040E+00  0267 008502 -1 00006603 00006586 000 342 43063.7902785185
24.11.2017 18:58:00 +00.04040E+00  0280 008502 -1 00006604 00006586 000 343 43063.7902824884
24.11.2017 18:58:00 +00.04040E+00  0297 008502 -1 00006605 00006586 000 343 43063.7902864583
24.11.2017 18:58:01 +00.04040E+00  0306 008502 -1 00006606 00006586 000 376 43063.7902908102
24.11.2017 18:58:01 +00.04040E+00  0321 008502 -1 00006607 00006586 000 342 43063.7902947685
24.11.2017 18:58:01 +00.04040E+00  0343 008502 -1 00006608 00006586 000 343 43063.7902987384
24.11.2017 18:58:02 +00.04040E+00  0357 008502 -1 00006609 00006586 000 343 43063.7903027083
24.11.2017 18:58:02 +00.04040E+00  0368 008502 -1 00006610 00006586 000 376 43063.7903070718
24.11.2017 18:58:02 +00.04040E+00  0386 008502 -1 00006611 00006586 000 341 43063.7903110185
24.11.2017 18:58:03 +00.04040E+00  0399 008502 -1 00006612 00006586 000 343 43063.7903149884
24.11.2017 18:58:03 +00.04040E+00  0410 008502 -1 00006613 00006586 000 343 43063.7903189583
24.11.2017 18:58:03 +00.04040E+00  0433 008502 -1 00006614 00006586 000 378 43063.7903233333
24.11.2017 18:58:04 +00.04040E+00  0442 008502 -1 00006615 00006586 000 340 43063.7903272685
24.11.2017 18:58:04 +00.04040E+00  0461 008502 -1 00006616 00006586 000 342 43063.7903312384
24.11.2017 18:58:04 +00.04040E+00  0481 008502 -1 00006617 00006586 000 343 43063.7903352083
24.11.2017 18:58:05 +00.04040E+00  0501 008502 -1 00006618 00006586 000 379 43063.7903395949
24.11.2017 18:58:05 +00.04040E+00  0513 008502 -1 00006619 00006586 000 345 43063.790343588
24.11.2017 18:58:06 +00.04040E+00  0525 008502 -1 00006620 00006586 000 343 43063.7903475579
24.11.2017 18:58:06 +00.04040E+00  0537 008502 -1 00006621 00006586 000 343 43063.7903515278
24.11.2017 18:58:06 +00.04040E+00  0559 008502 -1 00006622 00006586 000 374 43063.7903558565
24.11.2017 18:58:07 +00.04040E+00  0576 008502 -1 00006623 00006586 000 343 43063.7903598264
24.11.2017 18:58:07 +00.04040E+00  0596 008502 -1 00006624 00006586 000 343 43063.7903638079
24.11.2017 18:58:07 +00.04040E+00  0608 008502 -1 00006625 00006586 000 343 43063.7903677778
24.11.2017 18:58:08 +00.04040E+00  0618 008502 -1 00006626 00006586 000 375 43063.7903721181
24.11.2017 18:58:08 +00.04040E+00  0635 008502 -1 00006627 00006586 000 342 43063.7903760764
24.11.2017 18:58:08 +00.04040E+00  0651 008502 -1 00006628 00006586 000 343 43063.7903800463
24.11.2017 18:58:09 +00.04040E+00  0664 008502 -1 00006629 00006586 000 342 43063.7903840162
24.11.2017 18:58:09 +00.04040E+00  0672 008502 -1 00006630 00006586 000 378 43063.7903884028
24.11.2017 18:58:09 +00.04040E+00  0693 008502 -1 00006631 00006586 000 340 43063.790392338
24.11.2017 18:58:10 +00.04040E+00  0704 008502 -1 00006632 00006586 000 342 43063.7903962963
24.11.2017 18:58:10 +00.04040E+00  0723 008502 -1 00006633 00006586 000 343 43063.7904002662
24.11.2017 18:58:10 +00.04040E+00  0737 008502 -1 00006634 00006586 000 378 43063.7904046412
24.11.2017 18:58:11 +00.04040E+00  0752 008502 -1 00006635 00006586 000 340 43063.7904085764
24.11.2017 18:58:11 +00.04040E+00  0766 008502 -1 00006636 00006586 000 342 43063.7904125463
24.11.2017 18:58:11 +00.04040E+00  0780 008502 -1 00006637 00006586 000 343 43063.7904165162
24.11.2017 18:58:12 +00.04040E+00  0794 008502 -1 00006638 00006586 000 379 43063.7904209028
24.11.2017 18:58:12 +00.04040E+00  0809 008502 -1 00006639 00006586 000 341 43063.7904248495
24.11.2017 18:58:13 +00.04040E+00  0826 008502 -1 00006640 00006586 000 341 43063.7904287963
24.11.2017 18:58:13 +00.04040E+00  0836 008502 -1 00006641 00006586 000 343 43063.7904327662
24.11.2017 18:58:13 +00.04040E+00  0850 008502 -1 00006642 00006586 000 380 43063.7904371644
24.11.2017 18:58:14 +00.04040E+00  0870 008502 -1 00006643 00006586 000 344 43063.7904411458
24.11.2017 18:58:14 +00.04040E+00  0888 008502 -1 00006644 00006586 000 343 43063.7904451157
24.11.2017 18:58:14 +00.04040E+00  0901 008502 -1 00006645 00006586 000 343 43063.7904490856
24.11.2017 18:58:15 +00.04040E+00  0916 008502 -1 00006646 00006586 000 375 43063.7904534259
24.11.2017 18:58:15 +00.04040E+00  0934 008502 -1 00006647 00006586 000 343 43063.7904573958
24.11.2017 18:58:15 +00.04040E+00  0946 008502 -1 00006648 00006586 000 342 43063.7904613542
24.11.2017 18:58:16 +00.04040E+00  0964 008502 -1 00006649 00006586 000 343 43063.7904653356
24.11.2017 18:58:16 +00.04040E+00  0977 008502 -1 00006650 00006586 000 376 43063.7904696875
24.11.2017 18:58:16 +00.04040E+00  0991 008502 -1 00006651 00006586 000 342 43063.7904736458
24.11.2017 18:58:17 +00.04040E+00  1006 008502 -1 00006652 00006586 000 342 43063.7904776042
24.11.2017 18:58:17 +00.04040E+00  1016 008502 -1 00006653 00006586 000 343 43063.7904815856
24.11.2017 18:58:17 +00.04040E+00  1030 008502 -1 00006654 00006586 000 377 43063.7904859491
24.11.2017 18:58:18 +00.04040E+00  1051 008502 -1 00006655 00006586 000 340 43063.7904898843
24.11.2017 18:58:18 +00.04040E+00  1062 008502 -1 00006656 00006586 000 343 43063.7904938542
24.11.2017 18:58:19 +00.04040E+00  1079 008502 -1 00006657 00006586 000 344 43063.7904978356
24.11.2017 18:58:19 +00.04040E+00  1092 008502 -1 00006658 00006586 000 378 43063.7905022106
24.11.2017 18:58:19 +00.04040E+00  1111 008502 -1 00006659 00006586 000 340 43063.7905061458
24.11.2017 18:58:20 +00.04040E+00  1129 008502 -1 00006660 00006586 000 341 43063.7905101042
24.11.2017 18:58:20 +00.04040E+00  1144 008502 -1 00006661 00006586 000 343 43063.7905140741
24.11.2017 18:58:20 +00.04040E+00  1159 008502 -1 00006662 00006586 000 382 43063.7905184954
24.11.2017 18:58:21 +00.04040E+00  1174 008502 -1 00006663 00006586 000 342 43063.7905224537
24.11.2017 18:58:21 +00.04040E+00  1190 008502 -1 00006664 00006586 000 343 43063.7905264236
24.11.2017 18:58:21 +00.04040E+00  1199 008502 -1 00006665 00006586 000 343 43063.7905303935
24.11.2017 18:58:22 +00.04040E+00  1205 008502 -1 00006666 00006586 000 375 43063.7905347338
24.11.2017 18:58:22 +00.04040E+00  1222 008502 -1 00006667 00006586 000 343 43063.7905387037
24.11.2017 18:58:22 +00.04040E+00  1235 008502 -1 00006668 00006586 000 343 43063.7905426736
24.11.2017 18:58:23 +00.04040E+00  1241 008502 -1 00006669 00006586 000 343 43063.7905466435
24.11.2017 18:58:23 +00.04040E+00  1252 008502 -1 00006670 00006586 000 377 43063.7905510069
24.11.2017 18:58:23 +00.04040E+00  1266 008502 -1 00006671 00006586 000 341 43063.7905549537
24.11.2017 18:58:29 +00.04030E+00  0009 008482 -1 00006672 00006672 000 379 43063.7906160532
24.11.2017 18:58:29 +00.04031E+00  0027 008482 -1 00006673 00006672 000 345 43063.7906200463
24.11.2017 18:58:29 +00.04031E+00  0041 008482 -1 00006674 00006672 000 343 43063.7906240162
24.11.2017 18:58:30 +00.04031E+00  0054 008482 -1 00006675 00006672 000 343 43063.7906279861
24.11.2017 18:58:30 +00.04031E+00  0071 008482 -1 00006676 00006672 000 374 43063.7906323148
24.11.2017 18:58:30 +00.04031E+00  0084 008482 -1 00006677 00006672 000 343 43063.7906362847
24.11.2017 18:58:31 +00.04030E+00  0102 008482 -1 00006678 00006672 000 343 43063.7906402662
24.11.2017 18:58:31 +00.04030E+00  0116 008482 -1 00006679 00006672 000 343 43063.7906442361
24.11.2017 18:58:32 +00.04030E+00  0128 008482 -1 00006680 00006672 000 375 43063.7906485764
24.11.2017 18:58:32 +00.04030E+00  0151 008482 -1 00006681 00006672 000 342 43063.7906525347
24.11.2017 18:58:32 +00.04030E+00  0170 008482 -1 00006682 00006672 000 343 43063.7906565046
24.11.2017 18:58:33 +00.04030E+00  0189 008482 -1 00006683 00006672 000 343 43063.7906604745
24.11.2017 18:58:33 +00.04031E+00  0202 008482 -1 00006684 00006672 000 376 43063.7906648264
24.11.2017 18:58:33 +00.04030E+00  0216 008482 -1 00006685 00006672 000 342 43063.7906687847
24.11.2017 18:58:34 +00.04030E+00  0226 008482 -1 00006686 00006672 000 343 43063.7906727546
24.11.2017 18:58:34 +00.04031E+00  0241 008482 -1 00006687 00006672 000 343 43063.7906767245
24.11.2017 18:58:34 +00.04030E+00  0260 008482 -1 00006688 00006672 000 378 43063.7906810995
24.11.2017 18:58:35 +00.04030E+00  0280 008482 -1 00006689 00006672 000 340 43063.7906850347
24.11.2017 18:58:35 +00.04031E+00  0289 008482 -1 00006690 00006672 000 343 43063.7906890046
24.11.2017 18:58:35 +00.04031E+00  0301 008482 -1 00006691 00006672 000 343 43063.7906929745
24.11.2017 18:58:36 +00.04031E+00  0315 008482 -1 00006692 00006672 000 379 43063.7906973611
24.11.2017 18:58:36 +00.04030E+00  0337 008482 -1 00006693 00006672 000 340 43063.7907012963
24.11.2017 18:58:36 +00.04031E+00  0349 008482 -1 00006694 00006672 000 342 43063.7907052546
24.11.2017 18:58:37 +00.04031E+00  0363 008482 -1 00006695 00006672 000 343 43063.7907092245
24.11.2017 18:58:37 +00.04030E+00  0374 008482 -1 00006696 00006672 000 380 43063.7907136227
24.11.2017 18:58:38 +00.04031E+00  0390 008482 -1 00006697 00006672 000 344 43063.7907176042
24.11.2017 18:58:38 +00.04031E+00  0407 008482 -1 00006698 00006672 000 343 43063.7907215741
24.11.2017 18:58:38 +00.04031E+00  0428 008482 -1 00006699 00006672 000 343 43063.790725544
24.11.2017 18:58:39 +00.04031E+00  0450 008482 -1 00006700 00006672 000 375 43063.7907298843
24.11.2017 18:58:39 +00.04031E+00  0473 008482 -1 00006701 00006672 000 342 43063.7907338426
24.11.2017 18:58:39 +00.04030E+00  0488 008480 -1 00006702 00006672 000 343 43063.7907378241
24.11.2017 18:58:40 +00.04030E+00  0511 008480 -1 00006703 00006672 000 343 43063.790741794
24.11.2017 18:58:40 +00.04030E+00  0534 008480 -1 00006704 00006672 000 375 43063.7907461343
24.11.2017 18:58:40 +00.04030E+00  0548 008480 -1 00006705 00006672 000 341 43063.7907500926
24.11.2017 18:58:41 +00.04030E+00  0563 008480 -1 00006706 00006672 000 343 43063.7907540625
24.11.2017 18:58:41 +00.04029E+00  0574 008480 -1 00006707 00006672 000 345 43063.7907580556
24.11.2017 18:58:41 +00.04030E+00  0592 008480 -1 00006708 00006672 000 375 43063.7907623958
24.11.2017 18:58:42 +00.04030E+00  0610 008480 -1 00006709 00006672 000 340 43063.7907663426
24.11.2017 18:58:42 +00.04030E+00  0631 008480 -1 00006710 00006672 000 343 43063.7907703125
24.11.2017 18:58:42 +00.04030E+00  0644 008480 -1 00006711 00006672 000 343 43063.7907742824
24.11.2017 18:58:43 +00.04030E+00  0658 008480 -1 00006712 00006672 000 379 43063.790778669
24.11.2017 18:58:43 +00.04030E+00  0676 008480 -1 00006713 00006672 000 340 43063.7907826042
24.11.2017 18:58:43 +00.04030E+00  0687 008480 -1 00006714 00006672 000 342 43063.7907865625
24.11.2017 18:58:44 +00.04030E+00  0708 008480 -1 00006715 00006672 000 343 43063.7907905324
24.11.2017 18:58:44 +00.04030E+00  0722 008480 -1 00006716 00006672 000 380 43063.7907949306
24.11.2017 18:58:45 +00.04030E+00  0740 008480 -1 00006717 00006672 000 345 43063.7907989236
24.11.2017 18:58:45 +00.04030E+00  0750 008480 -1 00006718 00006672 000 342 43063.7908028819
24.11.2017 18:58:45 +00.04030E+00  0766 008480 -1 00006719 00006672 000 343 43063.7908068519
24.11.2017 18:58:46 +00.04029E+00  0779 008480 -1 00006720 00006672 000 375 43063.7908111921
24.11.2017 18:58:46 +00.04030E+00  0796 008480 -1 00006721 00006672 000 343 43063.790815162
24.11.2017 18:58:46 +00.04030E+00  0810 008480 -1 00006722 00006672 000 343 43063.7908191319
24.11.2017 18:58:47 +00.04029E+00  0829 008480 -1 00006723 00006672 000 343 43063.7908231019
24.11.2017 18:58:47 +00.04030E+00  0838 008480 -1 00006724 00006672 000 376 43063.7908274537
24.11.2017 18:58:47 +00.04030E+00  0863 008480 -1 00006725 00006672 000 342 43063.790831412
24.11.2017 18:58:48 +00.04030E+00  0876 008480 -1 00006726 00006672 000 343 43063.7908353819
24.11.2017 18:58:48 +00.04029E+00  0896 008480 -1 00006727 00006672 000 343 43063.7908393519
24.11.2017 18:58:48 +00.04029E+00  0910 008480 -1 00006728 00006672 000 377 43063.7908437153
24.11.2017 18:58:49 +00.04029E+00  0928 008480 -1 00006729 00006672 000 340 43063.7908476505
24.11.2017 18:58:49 +00.04030E+00  0945 008480 -1 00006730 00006672 000 344 43063.7908516319
24.11.2017 18:58:49 +00.04030E+00  0959 008480 -1 00006731 00006672 000 342 43063.7908555903
24.11.2017 18:58:50 +00.04030E+00  0970 008480 -1 00006732 00006672 000 378 43063.7908599768
24.11.2017 18:58:50 +00.04029E+00  0982 008480 -1 00006733 00006672 000 340 43063.790863912
24.11.2017 18:58:50 +00.04029E+00  1001 008480 -1 00006734 00006672 000 342 43063.7908678704
24.11.2017 18:58:51 +00.04030E+00  1016 008480 -1 00006735 00006672 000 343 43063.7908718403
24.11.2017 18:58:51 +00.04029E+00  1027 008480 -1 00006736 00006672 000 380 43063.7908762384
24.11.2017 18:58:52 +00.04030E+00  1045 008480 -1 00006737 00006672 000 343 43063.7908802199
24.11.2017 18:58:52 +00.04030E+00  1058 008480 -1 00006738 00006672 000 342 43063.7908841898
24.11.2017 18:58:52 +00.04029E+00  1068 008480 -1 00006739 00006672 000 343 43063.7908881597
24.11.2017 18:58:53 +00.04030E+00  1085 008480 -1 00006740 00006672 000 375 43063.7908925
24.11.2017 18:58:53 +00.04030E+00  1102 008480 -1 00006741 00006672 000 342 43063.7908964699
24.11.2017 18:58:53 +00.04029E+00  1119 008480 -1 00006742 00006672 000 343 43063.7909004398
24.11.2017 18:58:54 +00.04030E+00  1131 008480 -1 00006743 00006672 000 343 43063.7909044097
24.11.2017 18:58:54 +00.04030E+00  1144 008480 -1 00006744 00006672 000 376 43063.7909087616
24.11.2017 18:58:54 +00.04030E+00  1152 008480 -1 00006745 00006672 000 342 43063.7909127199
24.11.2017 18:58:55 +00.04029E+00  1169 008480 -1 00006746 00006672 000 343 43063.7909166898
24.11.2017 18:58:55 +00.04030E+00  1186 008482 -1 00006747 00006672 000 343 43063.7909206597
24.11.2017 18:58:55 +00.04030E+00  1196 008482 -1 00006748 00006672 000 377 43063.7909250231
24.11.2017 18:58:56 +00.04030E+00  1211 008482 -1 00006749 00006672 000 341 43063.7909289699
24.11.2017 18:58:56 +00.04031E+00  1225 008482 -1 00006750 00006672 000 343 43063.7909329398
24.11.2017 18:58:56 +00.04031E+00  1248 008482 -1 00006751 00006672 000 343 43063.7909369097
24.11.2017 18:58:57 +00.04031E+00  1275 008482 -1 00006752 00006672 000 378 43063.7909412847
24.11.2017 18:58:57 +00.04030E+00  1289 008482 -1 00006753 00006672 000 340 43063.7909452199
24.11.2017 18:58:58 +00.04030E+00  1301 008482 -1 00006754 00006672 000 341 43063.7909491782
24.11.2017 18:58:58 +00.04031E+00  1320 008482 -1 00006755 00006672 000 342 43063.7909531481
24.11.2017 18:58:58 +00.04031E+00  1331 008482 -1 00006756 00006672 000 379 43063.7909575463
24.11.2017 18:58:59 +00.04031E+00  1346 008482 -1 00006757 00006672 000 345 43063.7909615394
24.11.2017 18:58:59 +00.04031E+00  1358 008482 -1 00006758 00006672 000 343 43063.7909655093
24.11.2017 18:59:04 +00.04021E+00  0009 008461 -1 00006759 00006759 000 382 43063.7910258449
24.11.2017 18:59:04 +00.04020E+00  0034 008461 -1 00006760 00006759 000 341 43063.7910297917
24.11.2017 18:59:05 +00.04020E+00  0046 008461 -1 00006761 00006759 000 343 43063.7910337616
24.11.2017 18:59:05 +00.04021E+00  0062 008461 -1 00006762 00006759 000 343 43063.7910377315
24.11.2017 18:59:06 +00.04021E+00  0082 008461 -1 00006763 00006759 000 378 43063.7910421065
24.11.2017 18:59:06 +00.04021E+00  0095 008461 -1 00006764 00006759 000 340 43063.7910460417
24.11.2017 18:59:06 +00.04021E+00  0107 008461 -1 00006765 00006759 000 342 43063.7910500116
24.11.2017 18:59:07 +00.04021E+00  0123 008461 -1 00006766 00006759 000 343 43063.7910539815
24.11.2017 18:59:07 +00.04021E+00  0141 008461 -1 00006767 00006759 000 379 43063.7910583681
24.11.2017 18:59:07 +00.04020E+00  0160 008461 -1 00006768 00006759 000 345 43063.7910623611
24.11.2017 18:59:08 +00.04020E+00  0178 008461 -1 00006769 00006759 000 343 43063.791066331
24.11.2017 18:59:08 +00.04021E+00  0192 008461 -1 00006770 00006759 000 343 43063.7910703009
24.11.2017 18:59:08 +00.04021E+00  0205 008461 -1 00006771 00006759 000 374 43063.7910746296
24.11.2017 18:59:09 +00.04021E+00  0225 008461 -1 00006772 00006759 000 344 43063.7910786111
24.11.2017 18:59:09 +00.04021E+00  0240 008461 -1 00006773 00006759 000 343 43063.791082581
24.11.2017 18:59:09 +00.04020E+00  0253 008459 -1 00006774 00006759 000 343 43063.7910865509
24.11.2017 18:59:10 +00.04020E+00  0263 008459 -1 00006775 00006759 000 375 43063.7910908912
24.11.2017 18:59:10 +00.04020E+00  0271 008459 -1 00006776 00006759 000 342 43063.7910948495
24.11.2017 18:59:10 +00.04020E+00  0288 008459 -1 00006777 00006759 000 342 43063.7910988194
24.11.2017 18:59:11 +00.04020E+00  0297 008459 -1 00006778 00006759 000 344 43063.7911028009
24.11.2017 18:59:11 +00.04020E+00  0314 008459 -1 00006779 00006759 000 376 43063.7911071528
24.11.2017 18:59:12 +00.04020E+00  0332 008459 -1 00006780 00006759 000 341 43063.7911111111
24.11.2017 18:59:12 +00.04020E+00  0351 008459 -1 00006781 00006759 000 342 43063.7911150694
24.11.2017 18:59:12 +00.04019E+00  0370 008459 -1 00006782 00006759 000 343 43063.7911190393
24.11.2017 18:59:13 +00.04020E+00  0387 008459 -1 00006783 00006759 000 378 43063.7911234144
24.11.2017 18:59:13 +00.04019E+00  0406 008459 -1 00006784 00006759 000 340 43063.7911273495
24.11.2017 18:59:13 +00.04020E+00  0425 008459 -1 00006785 00006759 000 343 43063.7911313194
24.11.2017 18:59:14 +00.04020E+00  0442 008459 -1 00006786 00006759 000 343 43063.7911352893
24.11.2017 18:59:14 +00.04020E+00  0456 008459 -1 00006787 00006759 000 379 43063.7911396759
24.11.2017 18:59:14 +00.04020E+00  0470 008459 -1 00006788 00006759 000 340 43063.7911436111
24.11.2017 18:59:15 +00.04020E+00  0486 008459 -1 00006789 00006759 000 341 43063.7911475694
24.11.2017 18:59:15 +00.04019E+00  0504 008459 -1 00006790 00006759 000 343 43063.7911515393
24.11.2017 18:59:15 +00.04020E+00  0513 008459 -1 00006791 00006759 000 380 43063.7911559375
24.11.2017 18:59:16 +00.04020E+00  0525 008459 -1 00006792 00006759 000 344 43063.791159919
24.11.2017 18:59:16 +00.04020E+00  0548 008459 -1 00006793 00006759 000 343 43063.7911638889
24.11.2017 18:59:16 +00.04019E+00  0564 008459 -1 00006794 00006759 000 343 43063.7911678588
24.11.2017 18:59:17 +00.04019E+00  0577 008459 -1 00006795 00006759 000 375 43063.7911721991
24.11.2017 18:59:17 +00.04020E+00  0593 008459 -1 00006796 00006759 000 343 43063.791176169
24.11.2017 18:59:17 +00.04020E+00  0612 008459 -1 00006797 00006759 000 343 43063.7911801389
24.11.2017 18:59:18 +00.04020E+00  0622 008459 -1 00006798 00006759 000 343 43063.7911841088
24.11.2017 18:59:18 +00.04020E+00  0634 008459 -1 00006799 00006759 000 376 43063.7911884607
24.11.2017 18:59:19 +00.04019E+00  0652 008459 -1 00006800 00006759 000 342 43063.791192419
24.11.2017 18:59:19 +00.04019E+00  0668 008459 -1 00006801 00006759 000 343 43063.7911963889
24.11.2017 18:59:19 +00.04020E+00  0685 008459 -1 00006802 00006759 000 343 43063.7912003588
24.11.2017 18:59:20 +00.04019E+00  0706 008459 -1 00006803 00006759 000 377 43063.7912047222
24.11.2017 18:59:20 +00.04020E+00  0727 008461 -1 00006804 00006759 000 340 43063.7912086574
24.11.2017 18:59:20 +00.04020E+00  0743 008461 -1 00006805 00006759 000 343 43063.7912126273
24.11.2017 18:59:21 +00.04021E+00  0762 008461 -1 00006806 00006759 000 342 43063.7912165972
24.11.2017 18:59:21 +00.04021E+00  0781 008461 -1 00006807 00006759 000 379 43063.7912209838
24.11.2017 18:59:21 +00.04021E+00  0801 008461 -1 00006808 00006759 000 340 43063.791224919
24.11.2017 18:59:22 +00.04021E+00  0814 008461 -1 00006809 00006759 000 342 43063.7912288773
24.11.2017 18:59:22 +00.04021E+00  0825 008461 -1 00006810 00006759 000 343 43063.7912328472
24.11.2017 18:59:22 +00.04020E+00  0842 008461 -1 00006811 00006759 000 380 43063.7912372454
24.11.2017 18:59:23 +00.04021E+00  0857 008461 -1 00006812 00006759 000 345 43063.7912412384
24.11.2017 18:59:23 +00.04021E+00  0869 008461 -1 00006813 00006759 000 342 43063.7912451968
24.11.2017 18:59:23 +00.04021E+00  0881 008461 -1 00006814 00006759 000 343 43063.7912491667
24.11.2017 18:59:24 +00.04021E+00  0888 008461 -1 00006815 00006759 000 375 43063.7912535069
24.11.2017 18:59:24 +00.04021E+00  0899 008461 -1 00006816 00006759 000 343 43063.7912574768
24.11.2017 18:59:24 +00.04020E+00  0918 008461 -1 00006817 00006759 000 344 43063.7912614583
24.11.2017 18:59:25 +00.04020E+00  0935 008461 -1 00006818 00006759 000 342 43063.7912654167
24.11.2017 18:59:25 +00.04021E+00  0953 008461 -1 00006819 00006759 000 378 43063.7912697917
24.11.2017 18:59:26 +00.04020E+00  0974 008461 -1 00006820 00006759 000 340 43063.7912737268
24.11.2017 18:59:26 +00.04020E+00  0989 008461 -1 00006821 00006759 000 343 43063.7912776968
24.11.2017 18:59:26 +00.04021E+00  1008 008461 -1 00006822 00006759 000 343 43063.7912816667
24.11.2017 18:59:27 +00.04020E+00  1023 008461 -1 00006823 00006759 000 378 43063.7912860417
24.11.2017 18:59:27 +00.04021E+00  1036 008461 -1 00006824 00006759 000 340 43063.7912899768
24.11.2017 18:59:27 +00.04020E+00  1047 008461 -1 00006825 00006759 000 343 43063.7912939468
24.11.2017 18:59:28 +00.04021E+00  1067 008461 -1 00006826 00006759 000 343 43063.7912979167
24.11.2017 18:59:28 +00.04021E+00  1086 008461 -1 00006827 00006759 000 379 43063.7913023032
24.11.2017 18:59:28 +00.04021E+00  1095 008461 -1 00006828 00006759 000 345 43063.7913062963
24.11.2017 18:59:29 +00.04020E+00  1112 008461 -1 00006829 00006759 000 343 43063.7913102662
24.11.2017 18:59:29 +00.04021E+00  1125 008461 -1 00006830 00006759 000 343 43063.7913142361
24.11.2017 18:59:29 +00.04020E+00  1140 008461 -1 00006831 00006759 000 374 43063.7913185648
24.11.2017 18:59:30 +00.04021E+00  1154 008461 -1 00006832 00006759 000 343 43063.7913225347
24.11.2017 18:59:30 +00.04020E+00  1170 008459 -1 00006833 00006759 000 343 43063.7913265162
24.11.2017 18:59:30 +00.04020E+00  1185 008459 -1 00006834 00006759 000 342 43063.7913304745
24.11.2017 18:59:31 +00.04020E+00  1199 008459 -1 00006835 00006759 000 375 43063.7913348264
24.11.2017 18:59:31 +00.04020E+00  1213 008459 -1 00006836 00006759 000 342 43063.7913387847
24.11.2017 18:59:32 +00.04020E+00  1227 008459 -1 00006837 00006759 000 343 43063.7913427546
24.11.2017 18:59:32 +00.04020E+00  1243 008459 -1 00006838 00006759 000 343 43063.7913467245
24.11.2017 18:59:32 +00.04020E+00  1257 008459 -1 00006839 00006759 000 377 43063.791351088
24.11.2017 18:59:33 +00.04020E+00  1273 008459 -1 00006840 00006759 000 341 43063.7913550347
24.11.2017 18:59:33 +00.04019E+00  1288 008459 -1 00006841 00006759 000 343 43063.7913590046
24.11.2017 18:59:33 +00.04019E+00  1302 008459 -1 00006842 00006759 000 343 43063.7913629745
24.11.2017 18:59:34 +00.04020E+00  1312 008459 -1 00006843 00006759 000 378 43063.7913673495
24.11.2017 18:59:34 +00.04020E+00  1324 008459 -1 00006844 00006759 000 340 43063.7913712847
24.11.2017 18:59:39 +00.04010E+00  0017 008439 -1 00006845 00006845 000 380 43063.7914323958
24.11.2017 18:59:40 +00.04010E+00  0036 008439 -1 00006846 00006845 000 344 43063.7914363773
24.11.2017 18:59:40 +00.04010E+00  0057 008439 -1 00006847 00006845 000 343 43063.7914403472
24.11.2017 18:59:40 +00.04010E+00  0078 008439 -1 00006848 00006845 000 343 43063.7914443171
24.11.2017 18:59:41 +00.04010E+00  0094 008439 -1 00006849 00006845 000 375 43063.7914486574
24.11.2017 18:59:41 +00.04010E+00  0108 008439 -1 00006850 00006845 000 343 43063.7914526273
24.11.2017 18:59:41 +00.04010E+00  0120 008439 -1 00006851 00006845 000 343 43063.7914565972
24.11.2017 18:59:42 +00.04010E+00  0129 008439 -1 00006852 00006845 000 343 43063.7914605671
24.11.2017 18:59:42 +00.04010E+00  0147 008439 -1 00006853 00006845 000 376 43063.791464919
24.11.2017 18:59:42 +00.04010E+00  0158 008439 -1 00006854 00006845 000 341 43063.7914688657
24.11.2017 18:59:43 +00.04010E+00  0169 008439 -1 00006855 00006845 000 344 43063.7914728472
24.11.2017 18:59:43 +00.04010E+00  0181 008439 -1 00006856 00006845 000 342 43063.7914768056
24.11.2017 18:59:43 +00.04010E+00  0193 008439 -1 00006857 00006845 000 378 43063.7914811806
24.11.2017 18:59:44 +00.04010E+00  0214 008439 -1 00006858 00006845 000 341 43063.7914851273
24.11.2017 18:59:44 +00.04010E+00  0224 008439 -1 00006859 00006845 000 342 43063.7914890856
24.11.2017 18:59:45 +00.04010E+00  0237 008439 -1 00006860 00006845 000 343 43063.7914930556
24.11.2017 18:59:45 +00.04010E+00  0253 008439 -1 00006861 00006845 000 379 43063.7914974421
24.11.2017 18:59:45 +00.04010E+00  0273 008439 -1 00006862 00006845 000 340 43063.7915013773
24.11.2017 18:59:46 +00.04010E+00  0284 008439 -1 00006863 00006845 000 342 43063.7915053356
24.11.2017 18:59:46 +00.04010E+00  0290 008439 -1 00006864 00006845 000 343 43063.7915093056
24.11.2017 18:59:46 +00.04010E+00  0304 008439 -1 00006865 00006845 000 380 43063.7915137037
24.11.2017 18:59:47 +00.04010E+00  0320 008439 -1 00006866 00006845 000 344 43063.7915176852
24.11.2017 18:59:47 +00.04010E+00  0331 008439 -1 00006867 00006845 000 343 43063.7915216551
24.11.2017 18:59:47 +00.04010E+00  0343 008439 -1 00006868 00006845 000 343 43063.791525625
24.11.2017 18:59:48 +00.04010E+00  0361 008439 -1 00006869 00006845 000 375 43063.7915299653
24.11.2017 18:59:48 +00.04010E+00  0378 008439 -1 00006870 00006845 000 343 43063.7915339352
24.11.2017 18:59:48 +00.04010E+00  0398 008439 -1 00006871 00006845 000 343 43063.7915379051
24.11.2017 18:59:49 +00.04010E+00  0411 008439 -1 00006872 00006845 000 343 43063.791541875
24.11.2017 18:59:49 +00.04010E+00  0423 008439 -1 00006873 00006845 000 376 43063.7915462269
24.11.2017 18:59:49 +00.04010E+00  0440 008439 -1 00006874 00006845 000 342 43063.7915501852
24.11.2017 18:59:50 +00.04010E+00  0454 008439 -1 00006875 00006845 000 343 43063.7915541551
24.11.2017 18:59:50 +00.04010E+00  0467 008439 -1 00006876 00006845 000 343 43063.791558125
24.11.2017 18:59:50 +00.04010E+00  0478 008439 -1 00006877 00006845 000 377 43063.7915624884
24.11.2017 18:59:51 +00.04010E+00  0496 008439 -1 00006878 00006845 000 341 43063.7915664352
24.11.2017 18:59:51 +00.04010E+00  0508 008439 -1 00006879 00006845 000 342 43063.7915703935
24.11.2017 18:59:52 +00.04010E+00  0521 008439 -1 00006880 00006845 000 344 43063.791574375
24.11.2017 18:59:52 +00.04010E+00  0531 008439 -1 00006881 00006845 000 377 43063.7915787384
24.11.2017 18:59:52 +00.04010E+00  0545 008439 -1 00006882 00006845 000 341 43063.7915826968
24.11.2017 18:59:53 +00.04010E+00  0562 008439 -1 00006883 00006845 000 341 43063.7915866435
24.11.2017 18:59:53 +00.04010E+00  0576 008439 -1 00006884 00006845 000 343 43063.7915906134
24.11.2017 18:59:53 +00.04010E+00  0591 008439 -1 00006885 00006845 000 380 43063.7915950116
24.11.2017 18:59:54 +00.04010E+00  0607 008439 -1 00006886 00006845 000 344 43063.7915989931
24.11.2017 18:59:54 +00.04010E+00  0630 008439 -1 00006887 00006845 000 343 43063.7916029745
24.11.2017 18:59:54 +00.04010E+00  0639 008439 -1 00006888 00006845 000 343 43063.7916069444
24.11.2017 18:59:55 +00.04010E+00  0655 008439 -1 00006889 00006845 000 374 43063.7916112731
24.11.2017 18:59:55 +00.04010E+00  0669 008439 -1 00006890 00006845 000 343 43063.7916152431
24.11.2017 18:59:55 +00.04010E+00  0684 008439 -1 00006891 00006845 000 343 43063.791619213
24.11.2017 18:59:56 +00.04010E+00  0697 008439 -1 00006892 00006845 000 343 43063.7916231829
24.11.2017 18:59:56 +00.04010E+00  0714 008439 -1 00006893 00006845 000 376 43063.7916275347
24.11.2017 18:59:56 +00.04010E+00  0730 008439 -1 00006894 00006845 000 342 43063.7916314931
24.11.2017 18:59:57 +00.04010E+00  0741 008439 -1 00006895 00006845 000 343 43063.791635463
24.11.2017 18:59:57 +00.04010E+00  0757 008439 -1 00006896 00006845 000 343 43063.7916394329
24.11.2017 18:59:58 +00.04010E+00  0766 008439 -1 00006897 00006845 000 377 43063.7916437963
24.11.2017 18:59:58 +00.04010E+00  0782 008439 -1 00006898 00006845 000 341 43063.7916477431
24.11.2017 18:59:58 +00.04010E+00  0791 008439 -1 00006899 00006845 000 343 43063.791651713
24.11.2017 18:59:59 +00.04010E+00  0803 008439 -1 00006900 00006845 000 343 43063.7916556829
24.11.2017 18:59:59 +00.04010E+00  0821 008439 -1 00006901 00006845 000 378 43063.7916600579
24.11.2017 18:59:59 +00.04010E+00  0834 008439 -1 00006902 00006845 000 340 43063.7916639931
24.11.2017 19:00:00 +00.04010E+00  0852 008439 -1 00006903 00006845 000 343 43063.791667963
24.11.2017 19:00:00 +00.04010E+00  0865 008439 -1 00006904 00006845 000 343 43063.7916719329
24.11.2017 19:00:00 +00.04010E+00  0883 008439 -1 00006905 00006845 000 379 43063.7916763194
24.11.2017 19:00:01 +00.04010E+00  0896 008439 -1 00006906 00006845 000 345 43063.7916803125
24.11.2017 19:00:01 +00.04010E+00  0912 008439 -1 00006907 00006845 000 341 43063.7916842593
24.11.2017 19:00:01 +00.04010E+00  0927 008439 -1 00006908 00006845 000 344 43063.7916882523
24.11.2017 19:00:02 +00.04010E+00  0943 008439 -1 00006909 00006845 000 374 43063.791692581
24.11.2017 19:00:02 +00.04010E+00  0960 008439 -1 00006910 00006845 000 343 43063.7916965509
24.11.2017 19:00:02 +00.04010E+00  0972 008439 -1 00006911 00006845 000 343 43063.7917005324
24.11.2017 19:00:03 +00.04010E+00  0980 008439 -1 00006912 00006845 000 343 43063.7917045023
24.11.2017 19:00:03 +00.04010E+00  0996 008439 -1 00006913 00006845 000 375 43063.7917088426
24.11.2017 19:00:03 +00.04010E+00  1009 008439 -1 00006914 00006845 000 341 43063.7917128009
24.11.2017 19:00:04 +00.04010E+00  1022 008439 -1 00006915 00006845 000 343 43063.7917167708
24.11.2017 19:00:04 +00.04010E+00  1039 008439 -1 00006916 00006845 000 343 43063.7917207407
24.11.2017 19:00:05 +00.04010E+00  1058 008439 -1 00006917 00006845 000 377 43063.7917251042
24.11.2017 19:00:05 +00.04010E+00  1077 008439 -1 00006918 00006845 000 341 43063.7917290509
24.11.2017 19:00:05 +00.04010E+00  1089 008439 -1 00006919 00006845 000 343 43063.7917330208
24.11.2017 19:00:06 +00.04010E+00  1102 008439 -1 00006920 00006845 000 343 43063.7917369907
24.11.2017 19:00:06 +00.04010E+00  1114 008439 -1 00006921 00006845 000 378 43063.7917413657
24.11.2017 19:00:06 +00.04010E+00  1136 008439 -1 00006922 00006845 000 340 43063.7917453009
24.11.2017 19:00:07 +00.04010E+00  1156 008439 -1 00006923 00006845 000 343 43063.7917492708
24.11.2017 19:00:07 +00.04010E+00  1171 008439 -1 00006924 00006845 000 343 43063.7917532407
24.11.2017 19:00:07 +00.04010E+00  1186 008439 -1 00006925 00006845 000 379 43063.7917576273
24.11.2017 19:00:08 +00.04010E+00  1213 008439 -1 00006926 00006845 000 345 43063.7917616204
24.11.2017 19:00:08 +00.04010E+00  1232 008439 -1 00006927 00006845 000 343 43063.7917655903
24.11.2017 19:00:08 +00.04010E+00  1245 008439 -1 00006928 00006845 000 343 43063.7917695602
24.11.2017 19:00:09 +00.04010E+00  1262 008439 -1 00006929 00006845 000 374 43063.7917738889
24.11.2017 19:00:09 +00.04010E+00  1276 008439 -1 00006930 00006845 000 344 43063.7917778704
24.11.2017 19:00:09 +00.04010E+00  1293 008439 -1 00006931 00006845 000 343 43063.7917818403
24.11.2017 19:00:15 +00.04000E+00  0013 008417 -1 00006932 00006932 000 377 43063.7918421875
24.11.2017 19:00:15 +00.03999E+00  0032 008417 -1 00006933 00006932 000 340 43063.7918461227
24.11.2017 19:00:15 +00.03999E+00  0047 008417 -1 00006934 00006932 000 343 43063.7918500926
24.11.2017 19:00:16 +00.04000E+00  0062 008417 -1 00006935 00006932 000 343 43063.7918540625
24.11.2017 19:00:16 +00.04000E+00  0082 008417 -1 00006936 00006932 000 379 43063.7918584491
24.11.2017 19:00:16 +00.04000E+00  0097 008417 -1 00006937 00006932 000 340 43063.7918623843
24.11.2017 19:00:17 +00.03999E+00  0109 008417 -1 00006938 00006932 000 342 43063.7918663426
24.11.2017 19:00:17 +00.03999E+00  0121 008417 -1 00006939 00006932 000 343 43063.7918703125
24.11.2017 19:00:17 +00.04000E+00  0145 008417 -1 00006940 00006932 000 380 43063.7918747106
24.11.2017 19:00:18 +00.03999E+00  0154 008417 -1 00006941 00006932 000 344 43063.7918786921
24.11.2017 19:00:18 +00.03999E+00  0163 008417 -1 00006942 00006932 000 343 43063.791882662
24.11.2017 19:00:19 +00.04000E+00  0180 008417 -1 00006943 00006932 000 343 43063.7918866319
24.11.2017 19:00:19 +00.04000E+00  0196 008417 -1 00006944 00006932 000 375 43063.7918909722
24.11.2017 19:00:19 +00.04000E+00  0213 008417 -1 00006945 00006932 000 343 43063.7918949421
24.11.2017 19:00:20 +00.03999E+00  0223 008417 -1 00006946 00006932 000 343 43063.791898912
24.11.2017 19:00:20 +00.03999E+00  0235 008419 -1 00006947 00006932 000 343 43063.7919028819
24.11.2017 19:00:20 +00.04000E+00  0241 008419 -1 00006948 00006932 000 376 43063.7919072338
24.11.2017 19:00:21 +00.04000E+00  0256 008419 -1 00006949 00006932 000 342 43063.7919111921
24.11.2017 19:00:21 +00.04001E+00  0277 008419 -1 00006950 00006932 000 343 43063.791915162
24.11.2017 19:00:21 +00.04001E+00  0295 008419 -1 00006951 00006932 000 343 43063.7919191319
24.11.2017 19:00:22 +00.04001E+00  0308 008419 -1 00006952 00006932 000 378 43063.7919235069
24.11.2017 19:00:22 +00.04001E+00  0323 008419 -1 00006953 00006932 000 340 43063.7919274421
24.11.2017 19:00:22 +00.04000E+00  0334 008419 -1 00006954 00006932 000 342 43063.7919314005
24.11.2017 19:00:23 +00.04001E+00  0348 008419 -1 00006955 00006932 000 343 43063.7919353704
24.11.2017 19:00:23 +00.04000E+00  0361 008419 -1 00006956 00006932 000 379 43063.7919397569
24.11.2017 19:00:23 +00.04000E+00  0376 008419 -1 00006957 00006932 000 340 43063.7919436921
24.11.2017 19:00:24 +00.04001E+00  0400 008419 -1 00006958 00006932 000 342 43063.7919476505
24.11.2017 19:00:24 +00.04001E+00  0415 008419 -1 00006959 00006932 000 343 43063.7919516204
24.11.2017 19:00:25 +00.04000E+00  0430 008419 -1 00006960 00006932 000 380 43063.7919560185
24.11.2017 19:00:25 +00.04000E+00  0439 008419 -1 00006961 00006932 000 343 43063.79196
24.11.2017 19:00:25 +00.04001E+00  0455 008419 -1 00006962 00006932 000 343 43063.7919639699
24.11.2017 19:00:26 +00.04001E+00  0473 008419 -1 00006963 00006932 000 343 43063.7919679398
24.11.2017 19:00:26 +00.04000E+00  0489 008419 -1 00006964 00006932 000 375 43063.7919722801
24.11.2017 19:00:26 +00.04001E+00  0502 008419 -1 00006965 00006932 000 342 43063.79197625
24.11.2017 19:00:27 +00.04000E+00  0514 008419 -1 00006966 00006932 000 343 43063.7919802199
24.11.2017 19:00:27 +00.04001E+00  0527 008419 -1 00006967 00006932 000 343 43063.7919841898
24.11.2017 19:00:27 +00.04000E+00  0544 008419 -1 00006968 00006932 000 376 43063.7919885417
24.11.2017 19:00:28 +00.04000E+00  0556 008419 -1 00006969 00006932 000 342 43063.7919925
24.11.2017 19:00:28 +00.04001E+00  0568 008419 -1 00006970 00006932 000 343 43063.7919964699
24.11.2017 19:00:28 +00.04000E+00  0586 008419 -1 00006971 00006932 000 343 43063.7920004398
24.11.2017 19:00:29 +00.04000E+00  0598 008419 -1 00006972 00006932 000 378 43063.7920048148
24.11.2017 19:00:29 +00.04001E+00  0614 008419 -1 00006973 00006932 000 340 43063.79200875
24.11.2017 19:00:29 +00.04000E+00  0628 008419 -1 00006974 00006932 000 343 43063.7920127199
24.11.2017 19:00:30 +00.04001E+00  0634 008419 -1 00006975 00006932 000 343 43063.7920166898
24.11.2017 19:00:30 +00.04000E+00  0645 008419 -1 00006976 00006932 000 379 43063.7920210764
24.11.2017 19:00:30 +00.04001E+00  0665 008419 -1 00006977 00006932 000 345 43063.7920250694
24.11.2017 19:00:31 +00.04001E+00  0674 008419 -1 00006978 00006932 000 343 43063.7920290394
24.11.2017 19:00:31 +00.04001E+00  0685 008419 -1 00006979 00006932 000 343 43063.7920330093
24.11.2017 19:00:32 +00.04001E+00  0701 008419 -1 00006980 00006932 000 374 43063.792037338
24.11.2017 19:00:32 +00.04000E+00  0725 008419 -1 00006981 00006932 000 343 43063.7920413079
24.11.2017 19:00:32 +00.04000E+00  0740 008419 -1 00006982 00006932 000 342 43063.7920452778
24.11.2017 19:00:33 +00.04000E+00  0760 008419 -1 00006983 00006932 000 343 43063.7920492593
24.11.2017 19:00:33 +00.04001E+00  0770 008419 -1 00006984 00006932 000 375 43063.7920535995
24.11.2017 19:00:33 +00.04000E+00  0796 008419 -1 00006985 00006932 000 342 43063.7920575579
24.11.2017 19:00:34 +00.04000E+00  0812 008419 -1 00006986 00006932 000 344 43063.7920615394
24.11.2017 19:00:34 +00.04001E+00  0831 008419 -1 00006987 00006932 000 342 43063.7920654977
24.11.2017 19:00:34 +00.04001E+00  0847 008419 -1 00006988 00006932 000 376 43063.7920698495
24.11.2017 19:00:35 +00.04000E+00  0862 008419 -1 00006989 00006932 000 341 43063.7920738079
24.11.2017 19:00:35 +00.04000E+00  0882 008419 -1 00006990 00006932 000 343 43063.7920777778
24.11.2017 19:00:35 +00.04000E+00  0906 008419 -1 00006991 00006932 000 343 43063.7920817477
24.11.2017 19:00:36 +00.04001E+00  0916 008419 -1 00006992 00006932 000 377 43063.7920861111
24.11.2017 19:00:36 +00.04000E+00  0933 008419 -1 00006993 00006932 000 341 43063.7920900579
24.11.2017 19:00:36 +00.04000E+00  0946 008419 -1 00006994 00006932 000 343 43063.7920940278
24.11.2017 19:00:37 +00.04001E+00  0962 008419 -1 00006995 00006932 000 343 43063.7920979977
24.11.2017 19:00:37 +00.04000E+00  0983 008419 -1 00006996 00006932 000 379 43063.7921023843
24.11.2017 19:00:37 +00.04001E+00  1011 008419 -1 00006997 00006932 000 340 43063.7921063194
24.11.2017 19:00:38 +00.04001E+00  1024 008419 -1 00006998 00006932 000 342 43063.7921102778
24.11.2017 19:00:38 +00.04001E+00  1033 008419 -1 00006999 00006932 000 343 43063.7921142477
24.11.2017 19:00:39 +00.04001E+00  1046 008419 -1 00007000 00006932 000 380 43063.7921186458
24.11.2017 19:00:39 +00.04000E+00  1057 008419 -1 00007001 00006932 000 344 43063.7921226273
24.11.2017 19:00:39 +00.04000E+00  1070 008419 -1 00007002 00006932 000 343 43063.7921265972
24.11.2017 19:00:40 +00.04000E+00  1087 008419 -1 00007003 00006932 000 343 43063.7921305671
24.11.2017 19:00:40 +00.04000E+00  1104 008419 -1 00007004 00006932 000 375 43063.7921349074
24.11.2017 19:00:40 +00.04001E+00  1122 008419 -1 00007005 00006932 000 343 43063.7921388773
24.11.2017 19:00:41 +00.04000E+00  1138 008417 -1 00007006 00006932 000 343 43063.7921428472
24.11.2017 19:00:41 +00.04000E+00  1151 008417 -1 00007007 00006932 000 343 43063.7921468171
24.11.2017 19:00:41 +00.04000E+00  1167 008417 -1 00007008 00006932 000 376 43063.792151169
24.11.2017 19:00:42 +00.04000E+00  1183 008417 -1 00007009 00006932 000 341 43063.7921551157
24.11.2017 19:00:42 +00.04000E+00  1202 008417 -1 00007010 00006932 000 343 43063.7921590856
24.11.2017 19:00:42 +00.04000E+00  1219 008417 -1 00007011 00006932 000 342 43063.7921630556
24.11.2017 19:00:43 +00.03999E+00  1242 008417 -1 00007012 00006932 000 377 43063.7921674306
24.11.2017 19:00:43 +00.04000E+00  1255 008417 -1 00007013 00006932 000 340 43063.7921713657
24.11.2017 19:00:43 +00.04000E+00  1271 008417 -1 00007014 00006932 000 342 43063.7921753356
24.11.2017 19:00:44 +00.04000E+00  1285 008417 -1 00007015 00006932 000 343 43063.7921793056
24.11.2017 19:00:44 +00.04000E+00  1296 008417 -1 00007016 00006932 000 380 43063.7921837037
24.11.2017 19:00:45 +00.04000E+00  1317 008417 -1 00007017 00006932 000 344 43063.7921876852
24.11.2017 19:00:50 +00.03990E+00  0015 008397 -1 00007018 00007018 000 381 43063.7922487384
24.11.2017 19:00:50 +00.03990E+00  0031 008397 -1 00007019 00007018 000 344 43063.7922527199
24.11.2017 19:00:50 +00.03990E+00  0049 008397 -1 00007020 00007018 000 342 43063.7922566782
24.11.2017 19:00:51 +00.03990E+00  0063 008397 -1 00007021 00007018 000 343 43063.7922606482
24.11.2017 19:00:51 +00.03990E+00  0076 008397 -1 00007022 00007018 000 376 43063.792265
24.11.2017 19:00:52 +00.03990E+00  0096 008397 -1 00007023 00007018 000 342 43063.7922689583
24.11.2017 19:00:52 +00.03990E+00  0114 008397 -1 00007024 00007018 000 343 43063.7922729282
24.11.2017 19:00:52 +00.03990E+00  0134 008397 -1 00007025 00007018 000 343 43063.7922768982
24.11.2017 19:00:53 +00.03990E+00  0142 008397 -1 00007026 00007018 000 377 43063.7922812616
24.11.2017 19:00:53 +00.03990E+00  0159 008397 -1 00007027 00007018 000 340 43063.7922851968
24.11.2017 19:00:53 +00.03990E+00  0176 008397 -1 00007028 00007018 000 344 43063.7922891782
24.11.2017 19:00:54 +00.03990E+00  0187 008397 -1 00007029 00007018 000 343 43063.7922931482
24.11.2017 19:00:54 +00.03990E+00  0198 008397 -1 00007030 00007018 000 378 43063.7922975231
24.11.2017 19:00:54 +00.03990E+00  0215 008397 -1 00007031 00007018 000 340 43063.7923014583
24.11.2017 19:00:55 +00.03990E+00  0228 008397 -1 00007032 00007018 000 342 43063.7923054167
24.11.2017 19:00:55 +00.03990E+00  0238 008397 -1 00007033 00007018 000 343 43063.7923093866
24.11.2017 19:00:55 +00.03990E+00  0252 008397 -1 00007034 00007018 000 380 43063.7923137847
24.11.2017 19:00:56 +00.03990E+00  0266 008397 -1 00007035 00007018 000 344 43063.7923177662
24.11.2017 19:00:56 +00.03990E+00  0283 008397 -1 00007036 00007018 000 343 43063.7923217361
24.11.2017 19:00:56 +00.03990E+00  0300 008397 -1 00007037 00007018 000 343 43063.7923257176
24.11.2017 19:00:57 +00.03990E+00  0315 008397 -1 00007038 00007018 000 374 43063.7923300463
24.11.2017 19:00:57 +00.03990E+00  0339 008397 -1 00007039 00007018 000 343 43063.7923340162
24.11.2017 19:00:58 +00.03990E+00  0347 008397 -1 00007040 00007018 000 343 43063.7923379861
24.11.2017 19:00:58 +00.03990E+00  0362 008397 -1 00007041 00007018 000 342 43063.792341956
24.11.2017 19:00:58 +00.03990E+00  0376 008397 -1 00007042 00007018 000 376 43063.7923463079
24.11.2017 19:00:59 +00.03990E+00  0397 008397 -1 00007043 00007018 000 342 43063.7923502662
24.11.2017 19:00:59 +00.03990E+00  0411 008397 -1 00007044 00007018 000 343 43063.7923542361
24.11.2017 19:00:59 +00.03990E+00  0421 008397 -1 00007045 00007018 000 343 43063.792358206
24.11.2017 19:01:00 +00.03990E+00  0440 008397 -1 00007046 00007018 000 377 43063.7923625694
24.11.2017 19:01:00 +00.03990E+00  0452 008397 -1 00007047 00007018 000 341 43063.7923665162
24.11.2017 19:01:00 +00.03990E+00  0463 008397 -1 00007048 00007018 000 343 43063.7923704861
24.11.2017 19:01:01 +00.03990E+00  0481 008397 -1 00007049 00007018 000 343 43063.792374456
24.11.2017 19:01:01 +00.03990E+00  0492 008397 -1 00007050 00007018 000 378 43063.792378831
24.11.2017 19:01:01 +00.03990E+00  0510 008397 -1 00007051 00007018 000 340 43063.7923827662
24.11.2017 19:01:02 +00.03990E+00  0526 008397 -1 00007052 00007018 000 343 43063.7923867361
24.11.2017 19:01:02 +00.03990E+00  0537 008397 -1 00007053 00007018 000 342 43063.7923906944
24.11.2017 19:01:02 +00.03990E+00  0549 008397 -1 00007054 00007018 000 379 43063.7923950926
24.11.2017 19:01:03 +00.03990E+00  0568 008397 -1 00007055 00007018 000 345 43063.7923990857
24.11.2017 19:01:03 +00.03990E+00  0587 008397 -1 00007056 00007018 000 343 43063.7924030556
24.11.2017 19:01:03 +00.03990E+00  0607 008397 -1 00007057 00007018 000 343 43063.7924070255
24.11.2017 19:01:04 +00.03990E+00  0622 008397 -1 00007058 00007018 000 374 43063.7924113542
24.11.2017 19:01:04 +00.03990E+00  0636 008397 -1 00007059 00007018 000 343 43063.7924153241
24.11.2017 19:01:05 +00.03990E+00  0653 008397 -1 00007060 00007018 000 344 43063.7924193056
24.11.2017 19:01:05 +00.03990E+00  0668 008397 -1 00007061 00007018 000 342 43063.7924232639
24.11.2017 19:01:05 +00.03990E+00  0680 008397 -1 00007062 00007018 000 374 43063.7924276042
24.11.2017 19:01:06 +00.03990E+00  0697 008397 -1 00007063 00007018 000 342 43063.7924315741
24.11.2017 19:01:06 +00.03990E+00  0708 008397 -1 00007064 00007018 000 344 43063.7924355556
24.11.2017 19:01:06 +00.03990E+00  0728 008397 -1 00007065 00007018 000 342 43063.7924395139
24.11.2017 19:01:07 +00.03990E+00  0742 008397 -1 00007066 00007018 000 377 43063.7924438773
24.11.2017 19:01:07 +00.03990E+00  0760 008397 -1 00007067 00007018 000 343 43063.7924478472
24.11.2017 19:01:07 +00.03990E+00  0783 008397 -1 00007068 00007018 000 341 43063.792451794
24.11.2017 19:01:08 +00.03990E+00  0794 008397 -1 00007069 00007018 000 343 43063.7924557639
24.11.2017 19:01:08 +00.03990E+00  0804 008397 -1 00007070 00007018 000 378 43063.7924601389
24.11.2017 19:01:08 +00.03990E+00  0819 008397 -1 00007071 00007018 000 340 43063.7924640741
24.11.2017 19:01:09 +00.03990E+00  0832 008397 -1 00007072 00007018 000 343 43063.792468044
24.11.2017 19:01:09 +00.03990E+00  0844 008397 -1 00007073 00007018 000 343 43063.7924720139
24.11.2017 19:01:09 +00.03990E+00  0857 008397 -1 00007074 00007018 000 379 43063.7924764005
24.11.2017 19:01:10 +00.03990E+00  0866 008397 -1 00007075 00007018 000 340 43063.7924803357
24.11.2017 19:01:10 +00.03990E+00  0878 008397 -1 00007076 00007018 000 342 43063.792484294
24.11.2017 19:01:10 +00.03990E+00  0890 008397 -1 00007077 00007018 000 343 43063.7924882639
24.11.2017 19:01:11 +00.03990E+00  0909 008397 -1 00007078 00007018 000 380 43063.792492662
24.11.2017 19:01:11 +00.03990E+00  0918 008397 -1 00007079 00007018 000 343 43063.7924966435
24.11.2017 19:01:12 +00.03990E+00  0932 008397 -1 00007080 00007018 000 343 43063.7925006134
24.11.2017 19:01:12 +00.03990E+00  0946 008397 -1 00007081 00007018 000 343 43063.7925045833
24.11.2017 19:01:12 +00.03990E+00  0957 008397 -1 00007082 00007018 000 375 43063.7925089236
24.11.2017 19:01:13 +00.03990E+00  0973 008397 -1 00007083 00007018 000 343 43063.7925128935
24.11.2017 19:01:13 +00.03990E+00  0986 008397 -1 00007084 00007018 000 343 43063.7925168634
24.11.2017 19:01:13 +00.03990E+00  1002 008397 -1 00007085 00007018 000 342 43063.7925208218
24.11.2017 19:01:14 +00.03990E+00  1015 008397 -1 00007086 00007018 000 376 43063.7925251852
24.11.2017 19:01:14 +00.03990E+00  1032 008397 -1 00007087 00007018 000 340 43063.7925291319
24.11.2017 19:01:14 +00.03990E+00  1046 008397 -1 00007088 00007018 000 343 43063.7925331018
24.11.2017 19:01:15 +00.03990E+00  1051 008397 -1 00007089 00007018 000 343 43063.7925370718
24.11.2017 19:01:15 +00.03990E+00  1059 008397 -1 00007090 00007018 000 378 43063.7925414468
24.11.2017 19:01:15 +00.03990E+00  1080 008397 -1 00007091 00007018 000 340 43063.7925453819
24.11.2017 19:01:16 +00.03990E+00  1095 008397 -1 00007092 00007018 000 343 43063.7925493518
24.11.2017 19:01:16 +00.03990E+00  1110 008397 -1 00007093 00007018 000 343 43063.7925533218
24.11.2017 19:01:16 +00.03990E+00  1127 008397 -1 00007094 00007018 000 379 43063.7925577083
24.11.2017 19:01:17 +00.03990E+00  1142 008397 -1 00007095 00007018 000 340 43063.7925616435
24.11.2017 19:01:17 +00.03990E+00  1158 008397 -1 00007096 00007018 000 342 43063.7925656018
24.11.2017 19:01:18 +00.03990E+00  1188 008397 -1 00007097 00007018 000 343 43063.7925695718
24.11.2017 19:01:18 +00.03990E+00  1199 008397 -1 00007098 00007018 000 380 43063.7925739699
24.11.2017 19:01:18 +00.03990E+00  1209 008397 -1 00007099 00007018 000 344 43063.7925779514
24.11.2017 19:01:19 +00.03990E+00  1219 008397 -1 00007100 00007018 000 343 43063.7925819213
24.11.2017 19:01:19 +00.03990E+00  1231 008397 -1 00007101 00007018 000 343 43063.7925858912
24.11.2017 19:01:19 +00.03990E+00  1251 008397 -1 00007102 00007018 000 375 43063.7925902315
24.11.2017 19:01:20 +00.03990E+00  1257 008397 -1 00007103 00007018 000 343 43063.7925942014
24.11.2017 19:01:20 +00.03990E+00  1282 008397 -1 00007104 00007018 000 343 43063.7925981713
24.11.2017 19:01:25 +00.03980E+00  0007 008375 -1 00007105 00007105 000 378 43063.7926585301
24.11.2017 19:01:26 +00.03980E+00  0022 008375 -1 00007106 00007105 000 340 43063.7926624653
24.11.2017 19:01:26 +00.03980E+00  0035 008375 -1 00007107 00007105 000 342 43063.7926664236
24.11.2017 19:01:26 +00.03980E+00  0052 008375 -1 00007108 00007105 000 344 43063.7926704051
24.11.2017 19:01:27 +00.03979E+00  0066 008375 -1 00007109 00007105 000 379 43063.7926747917
24.11.2017 19:01:27 +00.03980E+00  0085 008375 -1 00007110 00007105 000 344 43063.7926787731
24.11.2017 19:01:27 +00.03980E+00  0093 008375 -1 00007111 00007105 000 343 43063.7926827431
24.11.2017 19:01:28 +00.03980E+00  0110 008375 -1 00007112 00007105 000 343 43063.792686713
24.11.2017 19:01:28 +00.03980E+00  0126 008375 -1 00007113 00007105 000 375 43063.7926910532
24.11.2017 19:01:28 +00.03980E+00  0142 008375 -1 00007114 00007105 000 343 43063.7926950231
24.11.2017 19:01:29 +00.03980E+00  0154 008375 -1 00007115 00007105 000 343 43063.7926989931
24.11.2017 19:01:29 +00.03980E+00  0172 008375 -1 00007116 00007105 000 343 43063.792702963
24.11.2017 19:01:29 +00.03980E+00  0180 008375 -1 00007117 00007105 000 376 43063.7927073148
24.11.2017 19:01:30 +00.03980E+00  0192 008375 -1 00007118 00007105 000 342 43063.7927112731
24.11.2017 19:01:30 +00.03980E+00  0206 008375 -1 00007119 00007105 000 343 43063.7927152431
24.11.2017 19:01:30 +00.03980E+00  0225 008375 -1 00007120 00007105 000 343 43063.792719213
24.11.2017 19:01:31 +00.03980E+00  0240 008375 -1 00007121 00007105 000 377 43063.7927235764
24.11.2017 19:01:31 +00.03980E+00  0255 008375 -1 00007122 00007105 000 340 43063.7927275116
24.11.2017 19:01:32 +00.03980E+00  0271 008375 -1 00007123 00007105 000 343 43063.7927314931
24.11.2017 19:01:32 +00.03979E+00  0293 008375 -1 00007124 00007105 000 343 43063.792735463
24.11.2017 19:01:32 +00.03980E+00  0305 008375 -1 00007125 00007105 000 378 43063.792739838
24.11.2017 19:01:33 +00.03980E+00  0319 008375 -1 00007126 00007105 000 341 43063.7927437847
24.11.2017 19:01:33 +00.03980E+00  0340 008375 -1 00007127 00007105 000 341 43063.7927477315
24.11.2017 19:01:33 +00.03980E+00  0355 008375 -1 00007128 00007105 000 343 43063.792751713
24.11.2017 19:01:34 +00.03980E+00  0376 008375 -1 00007129 00007105 000 379 43063.7927560995
24.11.2017 19:01:34 +00.03980E+00  0394 008375 -1 00007130 00007105 000 343 43063.792760081
24.11.2017 19:01:34 +00.03980E+00  0415 008375 -1 00007131 00007105 000 342 43063.7927640509
24.11.2017 19:01:35 +00.03979E+00  0428 008375 -1 00007132 00007105 000 343 43063.7927680324
24.11.2017 19:01:35 +00.03980E+00  0442 008375 -1 00007133 00007105 000 375 43063.7927723727
24.11.2017 19:01:35 +00.03980E+00  0464 008375 -1 00007134 00007105 000 342 43063.792776331
24.11.2017 19:01:36 +00.03980E+00  0474 008375 -1 00007135 00007105 000 344 43063.7927803125
24.11.2017 19:01:36 +00.03980E+00  0487 008375 -1 00007136 00007105 000 342 43063.7927842708
24.11.2017 19:01:36 +00.03980E+00  0503 008375 -1 00007137 00007105 000 376 43063.7927886227
24.11.2017 19:01:37 +00.03980E+00  0517 008375 -1 00007138 00007105 000 342 43063.792792581
24.11.2017 19:01:37 +00.03980E+00  0533 008375 -1 00007139 00007105 000 343 43063.7927965509
24.11.2017 19:01:37 +00.03980E+00  0546 008375 -1 00007140 00007105 000 343 43063.7928005208
24.11.2017 19:01:38 +00.03980E+00  0559 008375 -1 00007141 00007105 000 377 43063.7928048843
24.11.2017 19:01:38 +00.03980E+00  0565 008375 -1 00007142 00007105 000 341 43063.792808831
24.11.2017 19:01:39 +00.03980E+00  0579 008375 -1 00007143 00007105 000 343 43063.7928128009
24.11.2017 19:01:39 +00.03980E+00  0595 008375 -1 00007144 00007105 000 343 43063.7928167708
24.11.2017 19:01:39 +00.03980E+00  0603 008375 -1 00007145 00007105 000 379 43063.7928211574
24.11.2017 19:01:40 +00.03980E+00  0622 008375 -1 00007146 00007105 000 340 43063.7928250926
24.11.2017 19:01:40 +00.03980E+00  0631 008375 -1 00007147 00007105 000 342 43063.7928290509
24.11.2017 19:01:40 +00.03980E+00  0645 008375 -1 00007148 00007105 000 343 43063.7928330208
24.11.2017 19:01:41 +00.03980E+00  0661 008375 -1 00007149 00007105 000 380 43063.792837419
24.11.2017 19:01:41 +00.03980E+00  0674 008375 -1 00007150 00007105 000 344 43063.7928414005
24.11.2017 19:01:41 +00.03980E+00  0692 008375 -1 00007151 00007105 000 343 43063.7928453704
24.11.2017 19:01:42 +00.03980E+00  0707 008375 -1 00007152 00007105 000 343 43063.7928493403
24.11.2017 19:01:42 +00.03980E+00  0726 008375 -1 00007153 00007105 000 375 43063.7928536806
24.11.2017 19:01:42 +00.03980E+00  0742 008375 -1 00007154 00007105 000 342 43063.7928576389
24.11.2017 19:01:43 +00.03980E+00  0756 008375 -1 00007155 00007105 000 342 43063.7928616088
24.11.2017 19:01:43 +00.03980E+00  0769 008375 -1 00007156 00007105 000 343 43063.7928655903
24.11.2017 19:01:43 +00.03980E+00  0789 008375 -1 00007157 00007105 000 376 43063.7928699421
24.11.2017 19:01:44 +00.03980E+00  0809 008375 -1 00007158 00007105 000 341 43063.7928738889
24.11.2017 19:01:44 +00.03979E+00  0828 008375 -1 00007159 00007105 000 344 43063.7928778704
24.11.2017 19:01:44 +00.03980E+00  0844 008375 -1 00007160 00007105 000 343 43063.7928818403
24.11.2017 19:01:45 +00.03980E+00  0850 008375 -1 00007161 00007105 000 377 43063.7928862037
24.11.2017 19:01:45 +00.03980E+00  0865 008375 -1 00007162 00007105 000 341 43063.7928901505
24.11.2017 19:01:46 +00.03980E+00  0876 008375 -1 00007163 00007105 000 342 43063.7928941088
24.11.2017 19:01:46 +00.03980E+00  0889 008375 -1 00007164 00007105 000 343 43063.7928980787
24.11.2017 19:01:46 +00.03980E+00  0897 008375 -1 00007165 00007105 000 378 43063.7929024537
24.11.2017 19:01:47 +00.03980E+00  0911 008375 -1 00007166 00007105 000 340 43063.7929063889
24.11.2017 19:01:47 +00.03980E+00  0928 008375 -1 00007167 00007105 000 343 43063.7929103588
24.11.2017 19:01:47 +00.03980E+00  0948 008375 -1 00007168 00007105 000 343 43063.7929143287
24.11.2017 19:01:48 +00.03980E+00  0963 008375 -1 00007169 00007105 000 380 43063.7929187269
24.11.2017 19:01:48 +00.03980E+00  0973 008375 -1 00007170 00007105 000 344 43063.7929227083
24.11.2017 19:01:48 +00.03980E+00  0990 008375 -1 00007171 00007105 000 343 43063.7929266782
24.11.2017 19:01:49 +00.03980E+00  1001 008375 -1 00007172 00007105 000 343 43063.7929306481
24.11.2017 19:01:49 +00.03979E+00  1013 008375 -1 00007173 00007105 000 375 43063.7929349884
24.11.2017 19:01:49 +00.03980E+00  1027 008375 -1 00007174 00007105 000 343 43063.7929389583
24.11.2017 19:01:50 +00.03979E+00  1037 008375 -1 00007175 00007105 000 343 43063.7929429282
24.11.2017 19:01:50 +00.03980E+00  1056 008375 -1 00007176 00007105 000 343 43063.7929468981
24.11.2017 19:01:50 +00.03979E+00  1068 008375 -1 00007177 00007105 000 376 43063.79295125
24.11.2017 19:01:51 +00.03979E+00  1079 008375 -1 00007178 00007105 000 342 43063.7929552083
24.11.2017 19:01:51 +00.03980E+00  1099 008375 -1 00007179 00007105 000 342 43063.7929591782
24.11.2017 19:01:52 +00.03980E+00  1110 008375 -1 00007180 00007105 000 343 43063.7929631481
24.11.2017 19:01:52 +00.03980E+00  1124 008375 -1 00007181 00007105 000 377 43063.7929675116
24.11.2017 19:01:52 +00.03980E+00  1140 008375 -1 00007182 00007105 000 340 43063.7929714468
24.11.2017 19:01:53 +00.03980E+00  1158 008375 -1 00007183 00007105 000 342 43063.7929754167
24.11.2017 19:01:53 +00.03980E+00  1171 008375 -1 00007184 00007105 000 342 43063.7929793866
24.11.2017 19:01:53 +00.03979E+00  1180 008375 -1 00007185 00007105 000 377 43063.7929837616
24.11.2017 19:01:54 +00.03979E+00  1195 008375 -1 00007186 00007105 000 341 43063.7929877199
24.11.2017 19:01:54 +00.03979E+00  1203 008375 -1 00007187 00007105 000 341 43063.7929916667
24.11.2017 19:01:54 +00.03980E+00  1214 008375 -1 00007188 00007105 000 343 43063.7929956366
24.11.2017 19:01:55 +00.03980E+00  1224 008375 -1 00007189 00007105 000 381 43063.7930000463
24.11.2017 19:01:55 +00.03980E+00  1239 008375 -1 00007190 00007105 000 343 43063.7930040162