
24.11.2017 19:06:03 +00.03800E+00  0012 007999 1 00007793 00007793 000 342 43063.7958704514
24.11.2017 19:06:03 +00.03800E+00  0027 007999 1 00007794 00007793 000 403 43063.7958751157
24.11.2017 19:06:03 +00.03801E+00  0036 007999 1 00007795 00007793 000 340 43063.7958790625
24.11.2017 19:06:04 +00.03801E+00  0050 007999 1 00007796 00007793 000 342 43063.7958830208
24.11.2017 19:06:04 +00.03800E+00  0056 007999 1 00007797 00007793 000 342 43063.7958869907
24.11.2017 19:06:05 +00.03801E+00  0067 007999 1 00007798 00007793 000 379 43063.7958913773
24.11.2017 19:06:05 +00.03801E+00  0082 007999 1 00007799 00007793 000 344 43063.7958953704
24.11.2017 19:06:05 +00.03801E+00  0090 007999 1 00007800 00007793 000 342 43063.7958993403
24.11.2017 19:06:06 +00.03801E+00  0104 007999 1 00007801 00007793 000 344 43063.7959033218
24.11.2017 19:06:06 +00.03801E+00  0116 007999 1 00007802 00007793 000 373 43063.7959076389
24.11.2017 19:06:06 +00.03801E+00  0128 007999 1 00007803 00007793 000 343 43063.7959116204
24.11.2017 19:06:07 +00.03801E+00  0138 007999 1 00007804 00007793 000 343 43063.7959155903
24.11.2017 19:06:07 +00.03801E+00  0146 007999 1 00007805 00007793 000 343 43063.7959195602
24.11.2017 19:06:07 +00.03801E+00  0152 007999 1 00007806 00007793 000 375 43063.7959239005
24.11.2017 19:06:08 +00.03800E+00  0171 007997 1 00007807 00007793 000 343 43063.7959278704
24.11.2017 19:06:08 +00.03800E+00  0186 007997 1 00007808 00007793 000 343 43063.7959318403
24.11.2017 19:06:08 +00.03800E+00  0208 007997 1 00007809 00007793 000 343 43063.7959358102
24.11.2017 19:06:09 +00.03800E+00  0219 007997 1 00007810 00007793 000 377 43063.7959401736
24.11.2017 19:06:09 +00.03800E+00  0241 007997 1 00007811 00007793 000 341 43063.7959441204
24.11.2017 19:06:09 +00.03800E+00  0247 007997 1 00007812 00007793 000 343 43063.7959480903
24.11.2017 19:06:10 +00.03800E+00  0259 007997 1 00007813 00007793 000 343 43063.7959520602
24.11.2017 19:06:10 +00.03799E+00  0271 007997 1 00007814 00007793 000 378 43063.7959564352
24.11.2017 19:06:10 +00.03800E+00  0283 007997 1 00007815 00007793 000 340 43063.7959603704
24.11.2017 19:06:11 +00.03800E+00  0298 007997 1 00007816 00007793 000 343 43063.7959643403
24.11.2017 19:06:11 +00.03799E+00  0312 007997 1 00007817 00007793 000 343 43063.7959683102
24.11.2017 19:06:12 +00.03800E+00  0321 007997 1 00007818 00007793 000 379 43063.7959726968
24.11.2017 19:06:12 +00.03800E+00  0331 007997 1 00007819 00007793 000 345 43063.7959766898
24.11.2017 19:06:12 +00.03800E+00  0347 007997 1 00007820 00007793 000 343 43063.7959806597
24.11.2017 19:06:13 +00.03800E+00  0358 007997 1 00007821 00007793 000 343 43063.7959846296
24.11.2017 19:06:13 +00.03800E+00  0378 007997 1 00007822 00007793 000 374 43063.7959889583
24.11.2017 19:06:13 +00.03800E+00  0396 007997 1 00007823 00007793 000 344 43063.7959929398
24.11.2017 19:06:14 +00.03799E+00  0407 007997 1 00007824 00007793 000 342 43063.7959968981
24.11.2017 19:06:14 +00.03800E+00  0422 007997 1 00007825 00007793 000 343 43063.7960008796
24.11.2017 19:06:14 +00.03799E+00  0432 007997 1 00007826 00007793 000 375 43063.7960052199
24.11.2017 19:06:15 +00.03800E+00  0456 007997 1 00007827 00007793 000 342 43063.7960091782
24.11.2017 19:06:15 +00.03800E+00  0469 007997 1 00007828 00007793 000 344 43063.7960131597
24.11.2017 19:06:15 +00.03799E+00  0477 007997 1 00007829 00007793 000 342 43063.7960171181
24.11.2017 19:06:16 +00.03800E+00  0487 007997 1 00007830 00007793 000 376 43063.7960214699
24.11.2017 19:06:16 +00.03800E+00  0498 007997 1 00007831 00007793 000 342 43063.7960254282
24.11.2017 19:06:16 +00.03800E+00  0508 007997 1 00007832 00007793 000 343 43063.7960293981
24.11.2017 19:06:17 +00.03800E+00  0517 007997 1 00007833 00007793 000 343 43063.7960333681
24.11.2017 19:06:17 +00.03800E+00  0529 007997 1 00007834 00007793 000 377 43063.7960377315
24.11.2017 19:06:18 +00.03799E+00  0542 007997 1 00007835 00007793 000 341 43063.7960416782
24.11.2017 19:06:18 +00.03800E+00  0562 007997 1 00007836 00007793 000 343 43063.7960456481
24.11.2017 19:06:18 +00.03800E+00  0576 007997 1 00007837 00007793 000 343 43063.7960496181
24.11.2017 19:06:19 +00.03800E+00  0588 007997 1 00007838 00007793 000 379 43063.7960540046
24.11.2017 19:06:19 +00.03799E+00  0606 007997 1 00007839 00007793 000 340 43063.7960579398
24.11.2017 19:06:19 +00.03799E+00  0622 007997 1 00007840 00007793 000 342 43063.7960618981
24.11.2017 19:06:20 +00.03800E+00  0636 007997 1 00007841 00007793 000 343 43063.7960658681
24.11.2017 19:06:20 +00.03799E+00  0653 007997 1 00007842 00007793 000 380 43063.7960702662
24.11.2017 19:06:20 +00.03799E+00  0677 007997 1 00007843 00007793 000 344 43063.7960742477
24.11.2017 19:06:21 +00.03799E+00  0687 007997 1 00007844 00007793 000 343 43063.7960782176
24.11.2017 19:06:21 +00.03799E+00  0697 007997 1 00007845 00007793 000 343 43063.7960821875
24.11.2017 19:06:21 +00.03799E+00  0714 007997 1 00007846 00007793 000 375 43063.7960865278
24.11.2017 19:06:22 +00.03799E+00  0727 007997 1 00007847 00007793 000 342 43063.7960904861
24.11.2017 19:06:22 +00.03800E+00  0734 007997 1 00007848 00007793 000 343 43063.7960944676
24.11.2017 19:06:22 +00.03799E+00  0749 007997 1 00007849 00007793 000 343 43063.7960984375
24.11.2017 19:06:23 +00.03799E+00  0770 007997 1 00007850 00007793 000 376 43063.7961027894
24.11.2017 19:06:23 +00.03800E+00  0785 007997 1 00007851 00007793 000 341 43063.7961067361
24.11.2017 19:06:23 +00.03800E+00  0793 007997 1 00007852 00007793 000 343 43063.796110706
24.11.2017 19:06:24 +00.03800E+00  0811 007997 1 00007853 00007793 000 343 43063.7961146759
24.11.2017 19:06:24 +00.03800E+00  0830 007997 1 00007854 00007793 000 377 43063.7961190394
24.11.2017 19:06:25 +00.03800E+00  0841 007997 1 00007855 00007793 000 341 43063.7961229977
24.11.2017 19:06:25 +00.03799E+00  0852 007997 1 00007856 00007793 000 342 43063.796126956
24.11.2017 19:06:25 +00.03800E+00  0869 007997 1 00007857 00007793 000 343 43063.7961309259
24.11.2017 19:06:26 +00.03800E+00  0881 007997 1 00007858 00007793 000 379 43063.7961353125
24.11.2017 19:06:26 +00.03800E+00  0894 007997 1 00007859 00007793 000 340 43063.7961392477
24.11.2017 19:06:26 +00.03800E+00  0916 007997 1 00007860 00007793 000 342 43063.796143206
24.11.2017 19:06:27 +00.03800E+00  0931 007997 1 00007861 00007793 000 343 43063.7961471759
24.11.2017 19:06:27 +00.03800E+00  0946 007997 1 00007862 00007793 000 380 43063.7961515741
24.11.2017 19:06:27 +00.03800E+00  0959 007997 1 00007863 00007793 000 344 43063.7961555556
24.11.2017 19:06:28 +00.03800E+00  0980 007997 1 00007864 00007793 000 343 43063.7961595255
24.11.2017 19:06:28 +00.03800E+00  0988 007997 1 00007865 00007793 000 343 43063.7961634954
24.11.2017 19:06:28 +00.03800E+00  0997 007997 1 00007866 00007793 000 375 43063.7961678357
24.11.2017 19:06:29 +00.03800E+00  1010 007997 1 00007867 00007793 000 343 43063.7961718056
24.11.2017 19:06:29 +00.03800E+00  1020 007997 1 00007868 00007793 000 343 43063.7961757755
24.11.2017 19:06:29 +00.03799E+00  1031 007997 1 00007869 00007793 000 343 43063.7961797454
24.11.2017 19:06:30 +00.03800E+00  1044 007997 1 00007870 00007793 000 376 43063.7961840972
24.11.2017 19:06:30 +00.03800E+00  1057 007997 1 00007871 00007793 000 341 43063.796188044
24.11.2017 19:06:30 +00.03800E+00  1073 007997 1 00007872 00007793 000 343 43063.7961920255
24.11.2017 19:06:31 +00.03800E+00  1088 007997 1 00007873 00007793 000 343 43063.7961959954
24.11.2017 19:06:31 +00.03799E+00  1100 007997 1 00007874 00007793 000 377 43063.7962003588
24.11.2017 19:06:32 +00.03799E+00  1114 007997 1 00007875 00007793 000 340 43063.796204294
24.11.2017 19:06:32 +00.03800E+00  1132 007997 1 00007876 00007793 000 342 43063.7962082639
24.11.2017 19:06:32 +00.03800E+00  1141 007997 1 00007877 00007793 000 343 43063.7962122338
24.11.2017 19:06:33 +00.03800E+00  1151 007997 1 00007878 00007793 000 377 43063.7962166088
24.11.2017 19:06:38 +00.03819E+00  0008 008038 1 00007879 00007879 000 342 43063.796277037
24.11.2017 19:06:38 +00.03819E+00  0016 008038 1 00007880 00007879 000 400 43063.7962816667
24.11.2017 19:06:39 +00.03819E+00  0032 008038 1 00007881 00007879 000 343 43063.7962856366
24.11.2017 19:06:39 +00.03819E+00  0043 008038 1 00007882 00007879 000 343 43063.7962896065
24.11.2017 19:06:39 +00.03819E+00  0060 008038 1 00007883 00007879 000 343 43063.7962935764
24.11.2017 19:06:40 +00.03819E+00  0079 008038 1 00007884 00007879 000 376 43063.7962979282
24.11.2017 19:06:40 +00.03819E+00  0092 008038 1 00007885 00007879 000 342 43063.7963018866
24.11.2017 19:06:40 +00.03819E+00  0110 008038 1 00007886 00007879 000 343 43063.7963058565
24.11.2017 19:06:41 +00.03819E+00  0120 008038 1 00007887 00007879 000 343 43063.7963098264
24.11.2017 19:06:41 +00.03819E+00  0138 008038 1 00007888 00007879 000 377 43063.7963141898
24.11.2017 19:06:41 +00.03819E+00  0157 008038 1 00007889 00007879 000 341 43063.7963181366
24.11.2017 19:06:42 +00.03819E+00  0170 008038 1 00007890 00007879 000 343 43063.7963221065
24.11.2017 19:06:42 +00.03819E+00  0183 008038 1 00007891 00007879 000 343 43063.7963260764
24.11.2017 19:06:42 +00.03819E+00  0197 008038 1 00007892 00007879 000 378 43063.7963304514
24.11.2017 19:06:43 +00.03819E+00  0214 008038 1 00007893 00007879 000 340 43063.7963343866
24.11.2017 19:06:43 +00.03819E+00  0227 008040 1 00007894 00007879 000 342 43063.7963383449
24.11.2017 19:06:43 +00.03820E+00  0241 008040 1 00007895 00007879 000 344 43063.7963423264
24.11.2017 19:06:44 +00.03820E+00  0253 008040 1 00007896 00007879 000 380 43063.7963467245
24.11.2017 19:06:44 +00.03820E+00  0262 008040 1 00007897 00007879 000 343 43063.796350706
24.11.2017 19:06:45 +00.03820E+00  0278 008040 1 00007898 00007879 000 343 43063.7963546759
24.11.2017 19:06:45 +00.03820E+00  0299 008040 1 00007899 00007879 000 343 43063.7963586458
24.11.2017 19:06:45 +00.03820E+00  0310 008040 1 00007900 00007879 000 374 43063.7963629745
24.11.2017 19:06:46 +00.03820E+00  0326 008040 1 00007901 00007879 000 343 43063.7963669444
24.11.2017 19:06:46 +00.03820E+00  0338 008040 1 00007902 00007879 000 343 43063.7963709144
24.11.2017 19:06:46 +00.03820E+00  0358 008040 1 00007903 00007879 000 343 43063.7963748958
24.11.2017 19:06:47 +00.03820E+00  0377 008040 1 00007904 00007879 000 375 43063.7963792361
24.11.2017 19:06:47 +00.03820E+00  0399 008040 1 00007905 00007879 000 343 43063.796383206
24.11.2017 19:06:47 +00.03820E+00  0410 008040 1 00007906 00007879 000 342 43063.7963871644
24.11.2017 19:06:48 +00.03820E+00  0429 008040 1 00007907 00007879 000 343 43063.7963911343
24.11.2017 19:06:48 +00.03820E+00  0449 008040 1 00007908 00007879 000 377 43063.7963954977
24.11.2017 19:06:48 +00.03820E+00  0461 008040 1 00007909 00007879 000 341 43063.7963994444
24.11.2017 19:06:49 +00.03820E+00  0465 008040 1 00007910 00007879 000 343 43063.7964034144
24.11.2017 19:06:49 +00.03820E+00  0482 008040 1 00007911 00007879 000 343 43063.7964073843
24.11.2017 19:06:49 +00.03820E+00  0498 008040 1 00007912 00007879 000 378 43063.7964117593
24.11.2017 19:06:50 +00.03820E+00  0512 008040 1 00007913 00007879 000 341 43063.796415706
24.11.2017 19:06:50 +00.03820E+00  0525 008040 1 00007914 00007879 000 342 43063.7964196644
24.11.2017 19:06:51 +00.03820E+00  0537 008040 1 00007915 00007879 000 343 43063.7964236343
24.11.2017 19:06:51 +00.03820E+00  0555 008040 1 00007916 00007879 000 379 43063.7964280208
24.11.2017 19:06:51 +00.03820E+00  0576 008040 1 00007917 00007879 000 345 43063.7964320139
24.11.2017 19:06:52 +00.03820E+00  0587 008040 1 00007918 00007879 000 343 43063.7964359838
24.11.2017 19:06:52 +00.03820E+00  0601 008040 1 00007919 00007879 000 343 43063.7964399537
24.11.2017 19:06:52 +00.03820E+00  0610 008040 1 00007920 00007879 000 374 43063.7964442824
24.11.2017 19:06:53 +00.03820E+00  0623 008040 1 00007921 00007879 000 344 43063.7964482639
24.11.2017 19:06:53 +00.03820E+00  0634 008040 1 00007922 00007879 000 343 43063.7964522338
24.11.2017 19:06:53 +00.03820E+00  0646 008040 1 00007923 00007879 000 343 43063.7964562037
24.11.2017 19:06:54 +00.03820E+00  0656 008040 1 00007924 00007879 000 375 43063.796460544
24.11.2017 19:06:54 +00.03820E+00  0667 008040 1 00007925 00007879 000 342 43063.7964645023
24.11.2017 19:06:54 +00.03820E+00  0679 008040 1 00007926 00007879 000 343 43063.7964684722
24.11.2017 19:06:55 +00.03820E+00  0694 008040 1 00007927 00007879 000 342 43063.7964724421
24.11.2017 19:06:55 +00.03820E+00  0704 008040 1 00007928 00007879 000 376 43063.7964768056
24.11.2017 19:06:55 +00.03820E+00  0718 008040 1 00007929 00007879 000 341 43063.7964807523
24.11.2017 19:06:56 +00.03820E+00  0727 008040 1 00007930 00007879 000 343 43063.7964847222
24.11.2017 19:06:56 +00.03820E+00  0736 008040 1 00007931 00007879 000 343 43063.7964886921
24.11.2017 19:06:57 +00.03820E+00  0750 008040 1 00007932 00007879 000 378 43063.7964930671
24.11.2017 19:06:57 +00.03820E+00  0768 008040 1 00007933 00007879 000 340 43063.7964970023
24.11.2017 19:06:57 +00.03820E+00  0782 008040 1 00007934 00007879 000 343 43063.7965009722
24.11.2017 19:06:58 +00.03820E+00  0797 008040 1 00007935 00007879 000 343 43063.7965049421
24.11.2017 19:06:58 +00.03820E+00  0809 008040 1 00007936 00007879 000 379 43063.7965093287
24.11.2017 19:06:58 +00.03820E+00  0823 008040 1 00007937 00007879 000 340 43063.7965132639
24.11.2017 19:06:59 +00.03820E+00  0836 008040 1 00007938 00007879 000 342 43063.7965172222
24.11.2017 19:06:59 +00.03820E+00  0846 008040 1 00007939 00007879 000 343 43063.7965211921
24.11.2017 19:06:59 +00.03820E+00  0858 008040 1 00007940 00007879 000 380 43063.7965255903
24.11.2017 19:07:00 +00.03820E+00  0876 008040 1 00007941 00007879 000 344 43063.7965295718
24.11.2017 19:07:00 +00.03820E+00  0889 008040 1 00007942 00007879 000 343 43063.7965335417
24.11.2017 19:07:00 +00.03820E+00  0902 008040 1 00007943 00007879 000 343 43063.7965375116
24.11.2017 19:07:01 +00.03820E+00  0915 008040 1 00007944 00007879 000 375 43063.7965418519
24.11.2017 19:07:01 +00.03820E+00  0928 008040 1 00007945 00007879 000 343 43063.7965458218
24.11.2017 19:07:01 +00.03820E+00  0944 008040 1 00007946 00007879 000 343 43063.7965497917
24.11.2017 19:07:02 +00.03820E+00  0956 008040 1 00007947 00007879 000 343 43063.7965537616
24.11.2017 19:07:02 +00.03820E+00  0975 008040 1 00007948 00007879 000 376 43063.7965581134
24.11.2017 19:07:02 +00.03820E+00  0991 008040 1 00007949 00007879 000 342 43063.7965620718
24.11.2017 19:07:03 +00.03820E+00  1010 008040 1 00007950 00007879 000 343 43063.7965660417
24.11.2017 19:07:03 +00.03820E+00  1032 008040 1 00007951 00007879 000 343 43063.7965700116
24.11.2017 19:07:04 +00.03820E+00  1046 008040 1 00007952 00007879 000 377 43063.796574375
24.11.2017 19:07:04 +00.03820E+00  1060 008040 1 00007953 00007879 000 341 43063.7965783218
24.11.2017 19:07:04 +00.03820E+00  1070 008040 1 00007954 00007879 000 342 43063.7965822801
24.11.2017 19:07:05 +00.03820E+00  1089 008040 1 00007955 00007879 000 343 43063.79658625
24.11.2017 19:07:05 +00.03820E+00  1104 008040 1 00007956 00007879 000 379 43063.7965906366
24.11.2017 19:07:05 +00.03820E+00  1121 008040 1 00007957 00007879 000 340 43063.7965945718
24.11.2017 19:07:06 +00.03820E+00  1131 008040 1 00007958 00007879 000 342 43063.7965985301
24.11.2017 19:07:06 +00.03820E+00  1152 008040 1 00007959 00007879 000 343 43063.7966025
24.11.2017 19:07:06 +00.03820E+00  1166 008040 1 00007960 00007879 000 380 43063.7966068981
24.11.2017 19:07:07 +00.03820E+00  1190 008040 1 00007961 00007879 000 344 43063.7966108796
24.11.2017 19:07:07 +00.03820E+00  1206 008040 1 00007962 00007879 000 343 43063.7966148495
24.11.2017 19:07:07 +00.03820E+00  1216 008040 1 00007963 00007879 000 343 43063.7966188194
24.11.2017 19:07:08 +00.03820E+00  1237 008040 1 00007964 00007879 000 375 43063.7966231597
24.11.2017 19:07:13 +00.03840E+00  0013 008081 1 00007965 00007965 000 343 43063.7966836227
24.11.2017 19:07:13 +00.03839E+00  0025 008081 1 00007966 00007965 000 396 43063.796688206
24.11.2017 19:07:14 +00.03839E+00  0044 008081 1 00007967 00007965 000 341 43063.7966921528
24.11.2017 19:07:14 +00.03839E+00  0061 008081 1 00007968 00007965 000 343 43063.7966961227
24.11.2017 19:07:14 +00.03840E+00  0075 008081 1 00007969 00007965 000 343 43063.7967000926
24.11.2017 19:07:15 +00.03839E+00  0084 008081 1 00007970 00007965 000 379 43063.7967044792
24.11.2017 19:07:15 +00.03840E+00  0098 008081 1 00007971 00007965 000 345 43063.7967084722
24.11.2017 19:07:15 +00.03839E+00  0117 008081 1 00007972 00007965 000 343 43063.7967124421
24.11.2017 19:07:16 +00.03839E+00  0133 008081 1 00007973 00007965 000 343 43063.796716412
24.11.2017 19:07:16 +00.03840E+00  0147 008081 1 00007974 00007965 000 374 43063.7967207407
24.11.2017 19:07:17 +00.03840E+00  0163 008081 1 00007975 00007965 000 344 43063.7967247222
24.11.2017 19:07:17 +00.03840E+00  0180 008081 1 00007976 00007965 000 343 43063.7967286921
24.11.2017 19:07:17 +00.03840E+00  0194 008081 1 00007977 00007965 000 343 43063.796732662
24.11.2017 19:07:18 +00.03839E+00  0207 008081 1 00007978 00007965 000 374 43063.7967369907
24.11.2017 19:07:18 +00.03839E+00  0227 008081 1 00007979 00007965 000 342 43063.7967409606
24.11.2017 19:07:18 +00.03840E+00  0240 008083 1 00007980 00007965 000 343 43063.7967449306
24.11.2017 19:07:19 +00.03840E+00  0252 008083 1 00007981 00007965 000 343 43063.7967489005
24.11.2017 19:07:19 +00.03840E+00  0258 008083 1 00007982 00007965 000 377 43063.7967532639
24.11.2017 19:07:19 +00.03840E+00  0272 008083 1 00007983 00007965 000 341 43063.7967572107
24.11.2017 19:07:20 +00.03840E+00  0283 008083 1 00007984 00007965 000 343 43063.7967611806
24.11.2017 19:07:20 +00.03841E+00  0299 008083 1 00007985 00007965 000 343 43063.7967651505
24.11.2017 19:07:20 +00.03841E+00  0312 008083 1 00007986 00007965 000 377 43063.7967695139
24.11.2017 19:07:21 +00.03841E+00  0325 008083 1 00007987 00007965 000 341 43063.7967734607
24.11.2017 19:07:21 +00.03841E+00  0344 008083 1 00007988 00007965 000 343 43063.7967774306
24.11.2017 19:07:21 +00.03841E+00  0355 008083 1 00007989 00007965 000 343 43063.7967814005
24.11.2017 19:07:22 +00.03840E+00  0362 008083 1 00007990 00007965 000 379 43063.796785787
24.11.2017 19:07:22 +00.03840E+00  0381 008083 1 00007991 00007965 000 340 43063.7967897222
24.11.2017 19:07:22 +00.03840E+00  0399 008083 1 00007992 00007965 000 341 43063.7967936806
24.11.2017 19:07:23 +00.03840E+00  0413 008083 1 00007993 00007965 000 343 43063.7967976505
24.11.2017 19:07:23 +00.03841E+00  0425 008083 1 00007994 00007965 000 380 43063.7968020486
24.11.2017 19:07:24 +00.03840E+00  0447 008081 1 00007995 00007965 000 344 43063.7968060301
24.11.2017 19:07:24 +00.03840E+00  0457 008081 1 00007996 00007965 000 343 43063.79681
24.11.2017 19:07:24 +00.03840E+00  0474 008081 1 00007997 00007965 000 343 43063.7968139699
24.11.2017 19:07:25 +00.03840E+00  0483 008081 1 00007998 00007965 000 375 43063.7968183102
24.11.2017 19:07:25 +00.03840E+00  0491 008081 1 00007999 00007965 000 343 43063.7968222801
24.11.2017 19:07:25 +00.03839E+00  0508 008081 1 00008000 00007965 000 343 43063.79682625
24.11.2017 19:07:26 +00.03839E+00  0528 008081 1 00008001 00007965 000 343 43063.7968302199
24.11.2017 19:07:26 +00.03840E+00  0542 008081 1 00008002 00007965 000 376 43063.7968345718
24.11.2017 19:07:26 +00.03839E+00  0556 008081 1 00008003 00007965 000 341 43063.7968385185
24.11.2017 19:07:27 +00.03840E+00  0567 008081 1 00008004 00007965 000 343 43063.7968425
24.11.2017 19:07:27 +00.03840E+00  0583 008081 1 00008005 00007965 000 342 43063.7968464583
24.11.2017 19:07:27 +00.03839E+00  0601 008081 1 00008006 00007965 000 377 43063.7968508218
24.11.2017 19:07:28 +00.03839E+00  0616 008081 1 00008007 00007965 000 341 43063.7968547801
24.11.2017 19:07:28 +00.03840E+00  0628 008081 1 00008008 00007965 000 342 43063.7968587384
24.11.2017 19:07:28 +00.03840E+00  0644 008081 1 00008009 00007965 000 344 43063.7968627199
24.11.2017 19:07:29 +00.03840E+00  0660 008081 1 00008010 00007965 000 378 43063.7968670949
24.11.2017 19:07:29 +00.03840E+00  0681 008081 1 00008011 00007965 000 340 43063.7968710301
24.11.2017 19:07:29 +00.03840E+00  0691 008081 1 00008012 00007965 000 342 43063.7968749884
24.11.2017 19:07:30 +00.03840E+00  0707 008081 1 00008013 00007965 000 344 43063.7968789699
24.11.2017 19:07:30 +00.03839E+00  0720 008081 1 00008014 00007965 000 379 43063.7968833565
24.11.2017 19:07:31 +00.03839E+00  0740 008081 1 00008015 00007965 000 344 43063.796887338
24.11.2017 19:07:31 +00.03840E+00  0756 008081 1 00008016 00007965 000 343 43063.7968913079
24.11.2017 19:07:31 +00.03839E+00  0767 008081 1 00008017 00007965 000 343 43063.7968952778
24.11.2017 19:07:32 +00.03840E+00  0782 008081 1 00008018 00007965 000 375 43063.7968996181
24.11.2017 19:07:32 +00.03839E+00  0798 008081 1 00008019 00007965 000 343 43063.796903588
24.11.2017 19:07:32 +00.03840E+00  0811 008081 1 00008020 00007965 000 343 43063.7969075579
24.11.2017 19:07:33 +00.03840E+00  0823 008081 1 00008021 00007965 000 343 43063.7969115278
24.11.2017 19:07:33 +00.03839E+00  0841 008081 1 00008022 00007965 000 376 43063.7969158796
24.11.2017 19:07:33 +00.03840E+00  0854 008081 1 00008023 00007965 000 342 43063.796919838
24.11.2017 19:07:34 +00.03839E+00  0868 008081 1 00008024 00007965 000 343 43063.7969238079
24.11.2017 19:07:34 +00.03840E+00  0879 008083 1 00008025 00007965 000 343 43063.7969277778
24.11.2017 19:07:34 +00.03840E+00  0890 008083 1 00008026 00007965 000 377 43063.7969321412
24.11.2017 19:07:35 +00.03840E+00  0907 008083 1 00008027 00007965 000 341 43063.796936088
24.11.2017 19:07:35 +00.03840E+00  0919 008083 1 00008028 00007965 000 343 43063.7969400579
24.11.2017 19:07:35 +00.03841E+00  0931 008083 1 00008029 00007965 000 343 43063.7969440278
24.11.2017 19:07:36 +00.03841E+00  0950 008083 1 00008030 00007965 000 378 43063.7969484028
24.11.2017 19:07:36 +00.03841E+00  0968 008083 1 00008031 00007965 000 340 43063.796952338
24.11.2017 19:07:37 +00.03841E+00  0979 008083 1 00008032 00007965 000 342 43063.7969562963
24.11.2017 19:07:37 +00.03840E+00  0989 008083 1 00008033 00007965 000 343 43063.7969602662
24.11.2017 19:07:37 +00.03841E+00  1004 008083 1 00008034 00007965 000 380 43063.7969646644
24.11.2017 19:07:38 +00.03841E+00  1019 008083 1 00008035 00007965 000 344 43063.7969686458
24.11.2017 19:07:38 +00.03840E+00  1034 008083 1 00008036 00007965 000 343 43063.7969726157
24.11.2017 19:07:38 +00.03840E+00  1048 008083 1 00008037 00007965 000 343 43063.7969765856
24.11.2017 19:07:39 +00.03840E+00  1064 008083 1 00008038 00007965 000 374 43063.7969809144
24.11.2017 19:07:39 +00.03841E+00  1078 008083 1 00008039 00007965 000 343 43063.7969848958
24.11.2017 19:07:39 +00.03841E+00  1094 008083 1 00008040 00007965 000 343 43063.7969888657
24.11.2017 19:07:40 +00.03841E+00  1111 008083 1 00008041 00007965 000 343 43063.7969928356
24.11.2017 19:07:40 +00.03841E+00  1125 008083 1 00008042 00007965 000 376 43063.7969971875
24.11.2017 19:07:40 +00.03840E+00  1140 008083 1 00008043 00007965 000 342 43063.7970011458
24.11.2017 19:07:41 +00.03840E+00  1156 008083 1 00008044 00007965 000 343 43063.7970051157
24.11.2017 19:07:41 +00.03840E+00  1170 008083 1 00008045 00007965 000 343 43063.7970090856
24.11.2017 19:07:41 +00.03840E+00  1186 008083 1 00008046 00007965 000 377 43063.7970134491
24.11.2017 19:07:42 +00.03841E+00  1199 008083 1 00008047 00007965 000 341 43063.7970173958
24.11.2017 19:07:42 +00.03841E+00  1212 008083 1 00008048 00007965 000 343 43063.7970213657
24.11.2017 19:07:42 +00.03840E+00  1220 008083 1 00008049 00007965 000 343 43063.7970253356
24.11.2017 19:07:43 +00.03841E+00  1233 008083 1 00008050 00007965 000 378 43063.7970297107
24.11.2017 19:07:48 +00.03860E+00  0018 008124 1 00008051 00008051 000 379 43063.7970947569
24.11.2017 19:07:49 +00.03860E+00  0032 008124 1 00008052 00008051 000 345 43063.79709875
24.11.2017 19:07:49 +00.03860E+00  0044 008124 1 00008053 00008051 000 343 43063.7971027199
24.11.2017 19:07:50 +00.03860E+00  0054 008124 1 00008054 00008051 000 343 43063.7971066898
24.11.2017 19:07:50 +00.03860E+00  0074 008124 1 00008055 00008051 000 374 43063.7971110185
24.11.2017 19:07:50 +00.03860E+00  0093 008124 1 00008056 00008051 000 343 43063.7971149884
24.11.2017 19:07:51 +00.03860E+00  0109 008124 1 00008057 00008051 000 343 43063.7971189699
24.11.2017 19:07:51 +00.03860E+00  0120 008124 1 00008058 00008051 000 342 43063.7971229282
24.11.2017 19:07:51 +00.03860E+00  0140 008124 1 00008059 00008051 000 375 43063.7971272801
24.11.2017 19:07:52 +00.03860E+00  0153 008124 1 00008060 00008051 000 343 43063.79713125
24.11.2017 19:07:52 +00.03860E+00  0174 008124 1 00008061 00008051 000 342 43063.7971352083
24.11.2017 19:07:52 +00.03860E+00  0188 008124 1 00008062 00008051 000 342 43063.7971391782
24.11.2017 19:07:53 +00.03860E+00  0208 008124 1 00008063 00008051 000 377 43063.7971435417
24.11.2017 19:07:53 +00.03860E+00  0222 008124 1 00008064 00008051 000 341 43063.7971474884
24.11.2017 19:07:53 +00.03860E+00  0232 008124 1 00008065 00008051 000 343 43063.7971514583
24.11.2017 19:07:54 +00.03860E+00  0244 008124 1 00008066 00008051 000 343 43063.7971554282
24.11.2017 19:07:54 +00.03860E+00  0257 008124 1 00008067 00008051 000 378 43063.7971598032
24.11.2017 19:07:54 +00.03860E+00  0270 008124 1 00008068 00008051 000 340 43063.7971637384
24.11.2017 19:07:55 +00.03860E+00  0288 008124 1 00008069 00008051 000 343 43063.7971677083
24.11.2017 19:07:55 +00.03860E+00  0302 008124 1 00008070 00008051 000 343 43063.7971716782
24.11.2017 19:07:56 +00.03860E+00  0315 008124 1 00008071 00008051 000 379 43063.7971760648
24.11.2017 19:07:56 +00.03860E+00  0332 008124 1 00008072 00008051 000 340 43063.79718
24.11.2017 19:07:56 +00.03860E+00  0345 008124 1 00008073 00008051 000 342 43063.7971839583
24.11.2017 19:07:57 +00.03860E+00  0356 008124 1 00008074 00008051 000 343 43063.7971879282
24.11.2017 19:07:57 +00.03860E+00  0370 008124 1 00008075 00008051 000 380 43063.7971923264
24.11.2017 19:07:57 +00.03860E+00  0383 008124 1 00008076 00008051 000 344 43063.7971963079
24.11.2017 19:07:58 +00.03860E+00  0405 008124 1 00008077 00008051 000 343 43063.7972002778
24.11.2017 19:07:58 +00.03860E+00  0423 008124 1 00008078 00008051 000 343 43063.7972042477
24.11.2017 19:07:58 +00.03860E+00  0443 008124 1 00008079 00008051 000 375 43063.797208588
24.11.2017 19:07:59 +00.03860E+00  0466 008124 1 00008080 00008051 000 342 43063.7972125463
24.11.2017 19:07:59 +00.03860E+00  0485 008124 1 00008081 00008051 000 343 43063.7972165278
24.11.2017 19:07:59 +00.03860E+00  0502 008124 1 00008082 00008051 000 343 43063.7972204977
24.11.2017 19:08:00 +00.03860E+00  0516 008124 1 00008083 00008051 000 376 43063.7972248495
24.11.2017 19:08:00 +00.03860E+00  0525 008124 1 00008084 00008051 000 342 43063.7972288079
24.11.2017 19:08:00 +00.03860E+00  0547 008124 1 00008085 00008051 000 342 43063.7972327662
24.11.2017 19:08:01 +00.03860E+00  0556 008124 1 00008086 00008051 000 343 43063.7972367361
24.11.2017 19:08:01 +00.03860E+00  0572 008124 1 00008087 00008051 000 378 43063.7972411111
24.11.2017 19:08:01 +00.03860E+00  0591 008124 1 00008088 00008051 000 340 43063.7972450463
24.11.2017 19:08:02 +00.03860E+00  0603 008124 1 00008089 00008051 000 342 43063.7972490162
24.11.2017 19:08:02 +00.03860E+00  0616 008124 1 00008090 00008051 000 342 43063.7972529861
24.11.2017 19:08:03 +00.03860E+00  0623 008124 1 00008091 00008051 000 379 43063.7972573727
24.11.2017 19:08:03 +00.03860E+00  0636 008124 1 00008092 00008051 000 340 43063.7972613079
24.11.2017 19:08:03 +00.03860E+00  0648 008124 1 00008093 00008051 000 342 43063.7972652662
24.11.2017 19:08:04 +00.03860E+00  0662 008124 1 00008094 00008051 000 343 43063.7972692361
24.11.2017 19:08:04 +00.03860E+00  0681 008124 1 00008095 00008051 000 380 43063.7972736343
24.11.2017 19:08:04 +00.03860E+00  0695 008124 1 00008096 00008051 000 344 43063.7972776157
24.11.2017 19:08:05 +00.03860E+00  0706 008124 1 00008097 00008051 000 343 43063.7972815856
24.11.2017 19:08:05 +00.03860E+00  0721 008124 1 00008098 00008051 000 343 43063.7972855556
24.11.2017 19:08:05 +00.03860E+00  0730 008124 1 00008099 00008051 000 375 43063.7972898958
24.11.2017 19:08:06 +00.03860E+00  0750 008124 1 00008100 00008051 000 343 43063.7972938657
24.11.2017 19:08:06 +00.03860E+00  0762 008124 1 00008101 00008051 000 343 43063.7972978356
24.11.2017 19:08:06 +00.03860E+00  0772 008124 1 00008102 00008051 000 343 43063.7973018056
24.11.2017 19:08:07 +00.03860E+00  0782 008124 1 00008103 00008051 000 376 43063.7973061574
24.11.2017 19:08:07 +00.03860E+00  0793 008124 1 00008104 00008051 000 342 43063.7973101157
24.11.2017 19:08:07 +00.03860E+00  0815 008124 1 00008105 00008051 000 343 43063.7973140856
24.11.2017 19:08:08 +00.03860E+00  0834 008124 1 00008106 00008051 000 342 43063.797318044
24.11.2017 19:08:08 +00.03860E+00  0853 008124 1 00008107 00008051 000 377 43063.797322419
24.11.2017 19:08:08 +00.03860E+00  0866 008124 1 00008108 00008051 000 340 43063.7973263542
24.11.2017 19:08:09 +00.03860E+00  0876 008124 1 00008109 00008051 000 343 43063.7973303241
24.11.2017 19:08:09 +00.03860E+00  0889 008124 1 00008110 00008051 000 342 43063.797334294
24.11.2017 19:08:10 +00.03860E+00  0905 008124 1 00008111 00008051 000 380 43063.7973386921
24.11.2017 19:08:10 +00.03860E+00  0921 008124 1 00008112 00008051 000 345 43063.7973426852
24.11.2017 19:08:10 +00.03860E+00  0935 008124 1 00008113 00008051 000 343 43063.7973466551
24.11.2017 19:08:11 +00.03860E+00  0947 008124 1 00008114 00008051 000 343 43063.797350625
24.11.2017 19:08:11 +00.03860E+00  0962 008124 1 00008115 00008051 000 373 43063.7973549421
24.11.2017 19:08:11 +00.03860E+00  0977 008124 1 00008116 00008051 000 344 43063.7973589236
24.11.2017 19:08:12 +00.03860E+00  0991 008124 1 00008117 00008051 000 343 43063.7973628935
24.11.2017 19:08:12 +00.03860E+00  1002 008124 1 00008118 00008051 000 344 43063.797366875
24.11.2017 19:08:12 +00.03860E+00  1015 008124 1 00008119 00008051 000 376 43063.7973712269
24.11.2017 19:08:13 +00.03860E+00  1028 008124 1 00008120 00008051 000 341 43063.7973751736
24.11.2017 19:08:13 +00.03860E+00  1038 008124 1 00008121 00008051 000 343 43063.7973791435
24.11.2017 19:08:13 +00.03860E+00  1049 008124 1 00008122 00008051 000 343 43063.7973831134
24.11.2017 19:08:14 +00.03860E+00  1065 008124 1 00008123 00008051 000 376 43063.7973874653
24.11.2017 19:08:14 +00.03860E+00  1084 008124 1 00008124 00008051 000 342 43063.7973914236
24.11.2017 19:08:14 +00.03860E+00  1101 008124 1 00008125 00008051 000 343 43063.7973953935
24.11.2017 19:08:15 +00.03860E+00  1112 008124 1 00008126 00008051 000 343 43063.7973993634
24.11.2017 19:08:15 +00.03860E+00  1124 008124 1 00008127 00008051 000 379 43063.79740375
24.11.2017 19:08:16 +00.03860E+00  1139 008124 1 00008128 00008051 000 340 43063.7974076852
24.11.2017 19:08:16 +00.03860E+00  1150 008124 1 00008129 00008051 000 342 43063.7974116435
24.11.2017 19:08:16 +00.03860E+00  1161 008124 1 00008130 00008051 000 343 43063.7974156134
24.11.2017 19:08:17 +00.03860E+00  1171 008124 1 00008131 00008051 000 379 43063.79742
24.11.2017 19:08:17 +00.03860E+00  1181 008124 1 00008132 00008051 000 345 43063.7974239931
24.11.2017 19:08:17 +00.03860E+00  1194 008124 1 00008133 00008051 000 343 43063.797427963
24.11.2017 19:08:18 +00.03860E+00  1204 008124 1 00008134 00008051 000 343 43063.7974319329
24.11.2017 19:08:18 +00.03860E+00  1218 008124 1 00008135 00008051 000 374 43063.7974362616
24.11.2017 19:08:18 +00.03860E+00  1242 008124 1 00008136 00008051 000 343 43063.7974402315
24.11.2017 19:08:24 +00.03879E+00  0016 008165 1 00008137 00008137 000 382 43063.7975013079
24.11.2017 19:08:24 +00.03880E+00  0028 008165 1 00008138 00008137 000 341 43063.7975052546
24.11.2017 19:08:24 +00.03880E+00  0037 008165 1 00008139 00008137 000 343 43063.7975092245
24.11.2017 19:08:25 +00.03880E+00  0049 008165 1 00008140 00008137 000 343 43063.7975131944
24.11.2017 19:08:25 +00.03880E+00  0061 008165 1 00008141 00008137 000 377 43063.7975175579
24.11.2017 19:08:25 +00.03880E+00  0081 008165 1 00008142 00008137 000 340 43063.7975215046
24.11.2017 19:08:26 +00.03879E+00  0094 008165 1 00008143 00008137 000 342 43063.7975254745
24.11.2017 19:08:26 +00.03879E+00  0108 008165 1 00008144 00008137 000 343 43063.7975294444
24.11.2017 19:08:26 +00.03879E+00  0127 008165 1 00008145 00008137 000 379 43063.797533831
24.11.2017 19:08:27 +00.03879E+00  0145 008165 1 00008146 00008137 000 340 43063.7975377662
24.11.2017 19:08:27 +00.03880E+00  0156 008165 1 00008147 00008137 000 341 43063.7975417245
24.11.2017 19:08:27 +00.03879E+00  0165 008165 1 00008148 00008137 000 343 43063.7975456944
24.11.2017 19:08:28 +00.03879E+00  0178 008165 1 00008149 00008137 000 380 43063.7975500926
24.11.2017 19:08:28 +00.03880E+00  0197 008165 1 00008150 00008137 000 344 43063.7975540741
24.11.2017 19:08:29 +00.03879E+00  0208 008165 1 00008151 00008137 000 343 43063.797558044
24.11.2017 19:08:29 +00.03880E+00  0217 008167 1 00008152 00008137 000 343 43063.7975620139
24.11.2017 19:08:29 +00.03880E+00  0223 008167 1 00008153 00008137 000 375 43063.7975663542
24.11.2017 19:08:30 +00.03880E+00  0243 008167 1 00008154 00008137 000 343 43063.7975703241
24.11.2017 19:08:30 +00.03881E+00  0259 008167 1 00008155 00008137 000 343 43063.797574294
24.11.2017 19:08:30 +00.03881E+00  0279 008167 1 00008156 00008137 000 343 43063.7975782639
24.11.2017 19:08:31 +00.03880E+00  0288 008167 1 00008157 00008137 000 376 43063.7975826157
24.11.2017 19:08:31 +00.03880E+00  0312 008167 1 00008158 00008137 000 342 43063.7975865741
24.11.2017 19:08:31 +00.03880E+00  0332 008167 1 00008159 00008137 000 342 43063.7975905324
24.11.2017 19:08:32 +00.03881E+00  0347 008167 1 00008160 00008137 000 342 43063.7975945023
24.11.2017 19:08:32 +00.03880E+00  0362 008167 1 00008161 00008137 000 377 43063.7975988773
24.11.2017 19:08:32 +00.03880E+00  0381 008167 1 00008162 00008137 000 341 43063.7976028241
24.11.2017 19:08:33 +00.03880E+00  0408 008167 1 00008163 00008137 000 342 43063.7976067824
24.11.2017 19:08:33 +00.03881E+00  0424 008167 1 00008164 00008137 000 343 43063.7976107523
24.11.2017 19:08:33 +00.03880E+00  0437 008167 1 00008165 00008137 000 378 43063.7976151273
24.11.2017 19:08:34 +00.03880E+00  0452 008167 1 00008166 00008137 000 340 43063.7976190625
24.11.2017 19:08:34 +00.03881E+00  0473 008167 1 00008167 00008137 000 342 43063.7976230324
24.11.2017 19:08:34 +00.03880E+00  0485 008167 1 00008168 00008137 000 343 43063.7976270023
24.11.2017 19:08:35 +00.03881E+00  0496 008167 1 00008169 00008137 000 380 43063.7976314005
24.11.2017 19:08:35 +00.03880E+00  0512 008167 1 00008170 00008137 000 344 43063.7976353819
24.11.2017 19:08:36 +00.03880E+00  0527 008167 1 00008171 00008137 000 343 43063.7976393519
24.11.2017 19:08:36 +00.03880E+00  0541 008167 1 00008172 00008137 000 343 43063.7976433218
24.11.2017 19:08:36 +00.03880E+00  0564 008167 1 00008173 00008137 000 375 43063.797647662
24.11.2017 19:08:37 +00.03880E+00  0577 008167 1 00008174 00008137 000 343 43063.7976516319
24.11.2017 19:08:37 +00.03881E+00  0593 008167 1 00008175 00008137 000 343 43063.7976556019
24.11.2017 19:08:37 +00.03881E+00  0605 008167 1 00008176 00008137 000 343 43063.7976595718
24.11.2017 19:08:38 +00.03881E+00  0618 008167 1 00008177 00008137 000 376 43063.7976639236
24.11.2017 19:08:38 +00.03881E+00  0631 008167 1 00008178 00008137 000 342 43063.7976678819
24.11.2017 19:08:38 +00.03880E+00  0648 008167 1 00008179 00008137 000 343 43063.7976718519
24.11.2017 19:08:39 +00.03881E+00  0665 008167 1 00008180 00008137 000 343 43063.7976758218
24.11.2017 19:08:39 +00.03881E+00  0682 008167 1 00008181 00008137 000 377 43063.7976801852
24.11.2017 19:08:39 +00.03880E+00  0703 008165 1 00008182 00008137 000 341 43063.7976841319
24.11.2017 19:08:40 +00.03880E+00  0719 008165 1 00008183 00008137 000 343 43063.7976881019
24.11.2017 19:08:40 +00.03880E+00  0731 008165 1 00008184 00008137 000 342 43063.7976920602
24.11.2017 19:08:40 +00.03879E+00  0745 008165 1 00008185 00008137 000 378 43063.7976964468
24.11.2017 19:08:41 +00.03880E+00  0755 008165 1 00008186 00008137 000 340 43063.7977003819
24.11.2017 19:08:41 +00.03879E+00  0769 008165 1 00008187 00008137 000 342 43063.7977043403
24.11.2017 19:08:41 +00.03879E+00  0786 008165 1 00008188 00008137 000 343 43063.7977083102
24.11.2017 19:08:42 +00.03880E+00  0801 008165 1 00008189 00008137 000 379 43063.7977127083
24.11.2017 19:08:42 +00.03880E+00  0811 008165 1 00008190 00008137 000 343 43063.7977166898
24.11.2017 19:08:43 +00.03879E+00  0820 008165 1 00008191 00008137 000 343 43063.7977206713
24.11.2017 19:08:43 +00.03879E+00  0832 008165 1 00008192 00008137 000 342 43063.7977246296
24.11.2017 19:08:43 +00.03880E+00  0842 008165 1 00008193 00008137 000 374 43063.7977289699
24.11.2017 19:08:44 +00.03880E+00  0854 008165 1 00008194 00008137 000 343 43063.7977329398
24.11.2017 19:08:44 +00.03880E+00  0866 008165 1 00008195 00008137 000 343 43063.7977369097
24.11.2017 19:08:44 +00.03880E+00  0885 008165 1 00008196 00008137 000 342 43063.7977408796
24.11.2017 19:08:45 +00.03879E+00  0895 008165 1 00008197 00008137 000 376 43063.7977452315
24.11.2017 19:08:45 +00.03879E+00  0915 008165 1 00008198 00008137 000 342 43063.7977491898
24.11.2017 19:08:45 +00.03879E+00  0928 008165 1 00008199 00008137 000 343 43063.7977531597
24.11.2017 19:08:46 +00.03879E+00  0940 008165 1 00008200 00008137 000 343 43063.7977571296
24.11.2017 19:08:46 +00.03880E+00  0955 008165 1 00008201 00008137 000 377 43063.7977614931
24.11.2017 19:08:46 +00.03880E+00  0970 008165 1 00008202 00008137 000 341 43063.7977654398
24.11.2017 19:08:47 +00.03880E+00  0985 008165 1 00008203 00008137 000 343 43063.7977694097
24.11.2017 19:08:47 +00.03879E+00  1002 008165 1 00008204 00008137 000 343 43063.7977733796
24.11.2017 19:08:47 +00.03879E+00  1019 008165 1 00008205 00008137 000 378 43063.7977777546
24.11.2017 19:08:48 +00.03879E+00  1026 008165 1 00008206 00008137 000 340 43063.7977816898
24.11.2017 19:08:48 +00.03880E+00  1040 008165 1 00008207 00008137 000 343 43063.7977856597
24.11.2017 19:08:49 +00.03879E+00  1049 008165 1 00008208 00008137 000 343 43063.7977896296
24.11.2017 19:08:49 +00.03880E+00  1059 008165 1 00008209 00008137 000 379 43063.7977940162
24.11.2017 19:08:49 +00.03880E+00  1074 008165 1 00008210 00008137 000 345 43063.7977980093
24.11.2017 19:08:50 +00.03879E+00  1086 008165 1 00008211 00008137 000 343 43063.7978019792
24.11.2017 19:08:50 +00.03879E+00  1098 008165 1 00008212 00008137 000 343 43063.7978059491
24.11.2017 19:08:50 +00.03880E+00  1114 008165 1 00008213 00008137 000 374 43063.7978102778
24.11.2017 19:08:51 +00.03879E+00  1126 008165 1 00008214 00008137 000 344 43063.7978142593
24.11.2017 19:08:51 +00.03880E+00  1139 008165 1 00008215 00008137 000 343 43063.7978182292
24.11.2017 19:08:51 +00.03880E+00  1159 008165 1 00008216 00008137 000 342 43063.7978221875
24.11.2017 19:08:52 +00.03880E+00  1171 008165 1 00008217 00008137 000 375 43063.7978265394
24.11.2017 19:08:52 +00.03879E+00  1194 008165 1 00008218 00008137 000 341 43063.7978304977
24.11.2017 19:08:52 +00.03880E+00  1208 008165 1 00008219 00008137 000 343 43063.7978344676
24.11.2017 19:08:53 +00.03880E+00  1219 008165 1 00008220 00008137 000 343 43063.7978384375
24.11.2017 19:08:53 +00.03880E+00  1234 008165 1 00008221 00008137 000 377 43063.7978428009
24.11.2017 19:08:53 +00.03879E+00  1244 008165 1 00008222 00008137 000 341 43063.7978467477
24.11.2017 19:08:59 +00.03900E+00  0017 008207 1 00008223 00008223 000 342 43063.7979120023
24.11.2017 19:08:59 +00.03900E+00  0033 008207 1 00008224 00008223 000 343 43063.7979159722
24.11.2017 19:09:00 +00.03900E+00  0051 008207 1 00008225 00008223 000 343 43063.7979199421
24.11.2017 19:09:00 +00.03900E+00  0065 008207 1 00008226 00008223 000 360 43063.7979241088
24.11.2017 19:09:00 +00.03900E+00  0082 008207 1 00008227 00008223 000 340 43063.797928044
24.11.2017 19:09:01 +00.03900E+00  0105 008207 1 00008228 00008223 000 341 43063.7979320023
24.11.2017 19:09:01 +00.03900E+00  0108 008207 1 00008229 00008223 000 343 43063.7979359722
24.11.2017 19:09:02 +00.03900E+00  0124 008207 1 00008230 00008223 000 380 43063.7979403704
24.11.2017 19:09:02 +00.03900E+00  0139 008207 1 00008231 00008223 000 344 43063.7979443518
24.11.2017 19:09:02 +00.03900E+00  0148 008207 1 00008232 00008223 000 343 43063.7979483218
24.11.2017 19:09:03 +00.03900E+00  0160 008207 1 00008233 00008223 000 343 43063.7979522917
24.11.2017 19:09:03 +00.03900E+00  0176 008207 1 00008234 00008223 000 375 43063.7979566319
24.11.2017 19:09:03 +00.03899E+00  0192 008207 1 00008235 00008223 000 343 43063.7979606018
24.11.2017 19:09:04 +00.03899E+00  0200 008207 1 00008236 00008223 000 343 43063.7979645718
24.11.2017 19:09:04 +00.03900E+00  0211 008209 1 00008237 00008223 000 343 43063.7979685417
24.11.2017 19:09:04 +00.03900E+00  0227 008209 1 00008238 00008223 000 376 43063.7979728935
24.11.2017 19:09:05 +00.03901E+00  0247 008209 1 00008239 00008223 000 341 43063.7979768403
24.11.2017 19:09:05 +00.03901E+00  0261 008209 1 00008240 00008223 000 343 43063.7979808218
24.11.2017 19:09:05 +00.03901E+00  0277 008209 1 00008241 00008223 000 342 43063.7979847801
24.11.2017 19:09:06 +00.03901E+00  0292 008209 1 00008242 00008223 000 377 43063.7979891551
24.11.2017 19:09:06 +00.03900E+00  0311 008209 1 00008243 00008223 000 340 43063.7979930903
24.11.2017 19:09:06 +00.03900E+00  0326 008209 1 00008244 00008223 000 343 43063.7979970602
24.11.2017 19:09:07 +00.03901E+00  0340 008209 1 00008245 00008223 000 343 43063.7980010301
24.11.2017 19:09:07 +00.03901E+00  0354 008209 1 00008246 00008223 000 379 43063.7980054167
24.11.2017 19:09:08 +00.03901E+00  0364 008209 1 00008247 00008223 000 340 43063.7980093518
24.11.2017 19:09:08 +00.03901E+00  0378 008209 1 00008248 00008223 000 341 43063.7980133102
24.11.2017 19:09:08 +00.03900E+00  0390 008209 1 00008249 00008223 000 343 43063.7980172801
24.11.2017 19:09:09 +00.03901E+00  0402 008209 1 00008250 00008223 000 380 43063.7980216782
24.11.2017 19:09:09 +00.03901E+00  0419 008209 1 00008251 00008223 000 344 43063.7980256597
24.11.2017 19:09:09 +00.03901E+00  0433 008207 1 00008252 00008223 000 343 43063.7980296296
24.11.2017 19:09:10 +00.03900E+00  0449 008207 1 00008253 00008223 000 343 43063.7980335995
24.11.2017 19:09:10 +00.03900E+00  0462 008207 1 00008254 00008223 000 375 43063.7980379398
24.11.2017 19:09:10 +00.03900E+00  0477 008207 1 00008255 00008223 000 343 43063.7980419097
24.11.2017 19:09:11 +00.03900E+00  0490 008207 1 00008256 00008223 000 343 43063.7980458796
24.11.2017 19:09:11 +00.03900E+00  0506 008207 1 00008257 00008223 000 343 43063.7980498495
24.11.2017 19:09:11 +00.03900E+00  0529 008207 1 00008258 00008223 000 378 43063.7980542245
24.11.2017 19:09:12 +00.03900E+00  0537 008207 1 00008259 00008223 000 340 43063.7980581597
24.11.2017 19:09:12 +00.03900E+00  0556 008207 1 00008260 00008223 000 343 43063.7980621296
24.11.2017 19:09:12 +00.03900E+00  0564 008207 1 00008261 00008223 000 343 43063.7980660995
24.11.2017 19:09:13 +00.03900E+00  0581 008207 1 00008262 00008223 000 377 43063.798070463
24.11.2017 19:09:13 +00.03900E+00  0600 008207 1 00008263 00008223 000 340 43063.7980743981
24.11.2017 19:09:13 +00.03900E+00  0615 008207 1 00008264 00008223 000 344 43063.7980783796
24.11.2017 19:09:14 +00.03900E+00  0630 008207 1 00008265 00008223 000 343 43063.7980823495
24.11.2017 19:09:14 +00.03900E+00  0647 008207 1 00008266 00008223 000 379 43063.7980867361
24.11.2017 19:09:15 +00.03900E+00  0659 008207 1 00008267 00008223 000 345 43063.7980907292
24.11.2017 19:09:15 +00.03900E+00  0679 008207 1 00008268 00008223 000 343 43063.7980946991
24.11.2017 19:09:15 +00.03900E+00  0694 008207 1 00008269 00008223 000 343 43063.798098669
24.11.2017 19:09:16 +00.03900E+00  0706 008207 1 00008270 00008223 000 375 43063.7981030093
24.11.2017 19:09:16 +00.03900E+00  0724 008207 1 00008271 00008223 000 342 43063.7981069676
24.11.2017 19:09:16 +00.03900E+00  0742 008207 1 00008272 00008223 000 343 43063.7981109375
24.11.2017 19:09:17 +00.03900E+00  0753 008207 1 00008273 00008223 000 342 43063.7981149074
24.11.2017 19:09:17 +00.03900E+00  0762 008207 1 00008274 00008223 000 375 43063.7981192477
24.11.2017 19:09:17 +00.03900E+00  0779 008207 1 00008275 00008223 000 342 43063.7981232176
24.11.2017 19:09:18 +00.03900E+00  0791 008207 1 00008276 00008223 000 343 43063.7981271875
24.11.2017 19:09:18 +00.03900E+00  0811 008207 1 00008277 00008223 000 343 43063.7981311574
24.11.2017 19:09:18 +00.03900E+00  0821 008207 1 00008278 00008223 000 376 43063.7981355093
24.11.2017 19:09:19 +00.03900E+00  0840 008207 1 00008279 00008223 000 342 43063.7981394676
24.11.2017 19:09:19 +00.03900E+00  0851 008207 1 00008280 00008223 000 343 43063.7981434375
24.11.2017 19:09:19 +00.03900E+00  0867 008207 1 00008281 00008223 000 343 43063.7981474074
24.11.2017 19:09:20 +00.03900E+00  0885 008207 1 00008282 00008223 000 379 43063.798151794
24.11.2017 19:09:20 +00.03900E+00  0900 008207 1 00008283 00008223 000 340 43063.7981557292
24.11.2017 19:09:20 +00.03900E+00  0919 008207 1 00008284 00008223 000 342 43063.7981596875
24.11.2017 19:09:21 +00.03900E+00  0936 008207 1 00008285 00008223 000 343 43063.7981636574
24.11.2017 19:09:21 +00.03900E+00  0944 008207 1 00008286 00008223 000 379 43063.798168044
24.11.2017 19:09:22 +00.03900E+00  0963 008207 1 00008287 00008223 000 340 43063.7981719792
24.11.2017 19:09:22 +00.03900E+00  0974 008207 1 00008288 00008223 000 342 43063.7981759375
24.11.2017 19:09:22 +00.03900E+00  0989 008207 1 00008289 00008223 000 343 43063.7981799074
24.11.2017 19:09:23 +00.03900E+00  1008 008207 1 00008290 00008223 000 379 43063.798184294
24.11.2017 19:09:23 +00.03900E+00  1033 008207 1 00008291 00008223 000 344 43063.7981882755
24.11.2017 19:09:23 +00.03900E+00  1044 008207 1 00008292 00008223 000 343 43063.7981922569
24.11.2017 19:09:24 +00.03900E+00  1057 008207 1 00008293 00008223 000 343 43063.7981962269
24.11.2017 19:09:24 +00.03900E+00  1070 008207 1 00008294 00008223 000 375 43063.7982005671
24.11.2017 19:09:24 +00.03900E+00  1081 008207 1 00008295 00008223 000 342 43063.7982045255
24.11.2017 19:09:25 +00.03900E+00  1095 008207 1 00008296 00008223 000 343 43063.7982084954
24.11.2017 19:09:25 +00.03900E+00  1117 008207 1 00008297 00008223 000 343 43063.7982124769
24.11.2017 19:09:25 +00.03900E+00  1130 008207 1 00008298 00008223 000 376 43063.7982168287
24.11.2017 19:09:26 +00.03900E+00  1154 008207 1 00008299 00008223 000 341 43063.7982207755
24.11.2017 19:09:26 +00.03900E+00  1166 008207 1 00008300 00008223 000 343 43063.7982247454
24.11.2017 19:09:26 +00.03900E+00  1179 008207 1 00008301 00008223 000 343 43063.7982287153
24.11.2017 19:09:27 +00.03900E+00  1184 008207 1 00008302 00008223 000 377 43063.7982330787
24.11.2017 19:09:27 +00.03900E+00  1203 008207 1 00008303 00008223 000 340 43063.7982370255
24.11.2017 19:09:28 +00.03900E+00  1228 008207 1 00008304 00008223 000 343 43063.7982409954
24.11.2017 19:09:28 +00.03900E+00  1240 008207 1 00008305 00008223 000 343 43063.7982449653
24.11.2017 19:09:28 +00.03900E+00  1252 008207 1 00008306 00008223 000 379 43063.7982493519
24.11.2017 19:09:29 +00.03900E+00  1265 008207 1 00008307 00008223 000 340 43063.798253287
24.11.2017 19:09:29 +00.03899E+00  1276 008207 1 00008308 00008223 000 342 43063.7982572454
24.11.2017 19:09:34 +00.03920E+00  0012 008249 1 00008309 00008309 000 381 43063.7983176389
24.11.2017 19:09:34 +00.03920E+00  0029 008249 1 00008310 00008309 000 343 43063.7983216088
24.11.2017 19:09:35 +00.03920E+00  0044 008249 1 00008311 00008309 000 342 43063.7983255671
24.11.2017 19:09:35 +00.03920E+00  0061 008249 1 00008312 00008309 000 343 43063.7983295486
24.11.2017 19:09:36 +00.03920E+00  0084 008249 1 00008313 00008309 000 377 43063.798333912
24.11.2017 19:09:36 +00.03920E+00  0102 008249 1 00008314 00008309 000 340 43063.7983378472
24.11.2017 19:09:36 +00.03920E+00  0114 008249 1 00008315 00008309 000 343 43063.7983418171
24.11.2017 19:09:37 +00.03920E+00  0129 008249 1 00008316 00008309 000 343 43063.798345787
24.11.2017 19:09:37 +00.03920E+00  0138 008249 1 00008317 00008309 000 379 43063.7983501736
24.11.2017 19:09:37 +00.03920E+00  0153 008249 1 00008318 00008309 000 340 43063.7983541088
24.11.2017 19:09:38 +00.03919E+00  0168 008249 1 00008319 00008309 000 342 43063.7983580671
24.11.2017 19:09:38 +00.03920E+00  0186 008249 1 00008320 00008309 000 343 43063.798362037
24.11.2017 19:09:38 +00.03920E+00  0196 008249 1 00008321 00008309 000 380 43063.7983664352
24.11.2017 19:09:39 +00.03920E+00  0208 008249 1 00008322 00008309 000 344 43063.7983704167
24.11.2017 19:09:39 +00.03920E+00  0228 008249 1 00008323 00008309 000 343 43063.7983743866
24.11.2017 19:09:39 +00.03920E+00  0243 008249 1 00008324 00008309 000 343 43063.7983783565
24.11.2017 19:09:40 +00.03920E+00  0253 008249 1 00008325 00008309 000 375 43063.7983826968
24.11.2017 19:09:40 +00.03920E+00  0268 008249 1 00008326 00008309 000 343 43063.7983866667
24.11.2017 19:09:40 +00.03920E+00  0283 008249 1 00008327 00008309 000 343 43063.7983906366
24.11.2017 19:09:41 +00.03920E+00  0293 008249 1 00008328 00008309 000 343 43063.7983946065
24.11.2017 19:09:41 +00.03920E+00  0306 008249 1 00008329 00008309 000 376 43063.7983989583
24.11.2017 19:09:42 +00.03920E+00  0322 008249 1 00008330 00008309 000 342 43063.7984029167
24.11.2017 19:09:42 +00.03920E+00  0332 008249 1 00008331 00008309 000 343 43063.7984068866
24.11.2017 19:09:42 +00.03920E+00  0345 008249 1 00008332 00008309 000 343 43063.7984108565
24.11.2017 19:09:43 +00.03920E+00  0361 008249 1 00008333 00008309 000 377 43063.7984152199
24.11.2017 19:09:43 +00.03920E+00  0382 008249 1 00008334 00008309 000 341 43063.7984191667
24.11.2017 19:09:43 +00.03920E+00  0397 008249 1 00008335 00008309 000 343 43063.7984231366
24.11.2017 19:09:44 +00.03920E+00  0408 008249 1 00008336 00008309 000 343 43063.7984271065
24.11.2017 19:09:44 +00.03920E+00  0416 008249 1 00008337 00008309 000 378 43063.7984314815
24.11.2017 19:09:44 +00.03919E+00  0429 008249 1 00008338 00008309 000 340 43063.7984354167
24.11.2017 19:09:45 +00.03920E+00  0438 008251 1 00008339 00008309 000 343 43063.7984393866
24.11.2017 19:09:45 +00.03920E+00  0448 008251 1 00008340 00008309 000 342 43063.7984433449
24.11.2017 19:09:45 +00.03921E+00  0465 008251 1 00008341 00008309 000 378 43063.7984477315
24.11.2017 19:09:46 +00.03921E+00  0483 008251 1 00008342 00008309 000 345 43063.7984517361
24.11.2017 19:09:46 +00.03920E+00  0494 008251 1 00008343 00008309 000 342 43063.7984556944
24.11.2017 19:09:46 +00.03920E+00  0512 008251 1 00008344 00008309 000 343 43063.7984596759
24.11.2017 19:09:47 +00.03921E+00  0529 008251 1 00008345 00008309 000 374 43063.7984640046
24.11.2017 19:09:47 +00.03921E+00  0548 008251 1 00008346 00008309 000 343 43063.7984679745
24.11.2017 19:09:47 +00.03921E+00  0563 008251 1 00008347 00008309 000 343 43063.7984719444
24.11.2017 19:09:48 +00.03921E+00  0574 008251 1 00008348 00008309 000 343 43063.7984759144
24.11.2017 19:09:48 +00.03921E+00  0590 008251 1 00008349 00008309 000 376 43063.7984802662
24.11.2017 19:09:49 +00.03920E+00  0604 008251 1 00008350 00008309 000 342 43063.7984842245
24.11.2017 19:09:49 +00.03921E+00  0623 008251 1 00008351 00008309 000 343 43063.7984881944
24.11.2017 19:09:49 +00.03921E+00  0636 008251 1 00008352 00008309 000 343 43063.7984921644
24.11.2017 19:09:50 +00.03921E+00  0648 008249 1 00008353 00008309 000 377 43063.7984965278
24.11.2017 19:09:50 +00.03920E+00  0660 008249 1 00008354 00008309 000 341 43063.7985004745
24.11.2017 19:09:50 +00.03920E+00  0675 008249 1 00008355 00008309 000 343 43063.7985044444
24.11.2017 19:09:51 +00.03920E+00  0689 008249 1 00008356 00008309 000 343 43063.7985084144
24.11.2017 19:09:51 +00.03920E+00  0698 008249 1 00008357 00008309 000 378 43063.7985127894
24.11.2017 19:09:51 +00.03920E+00  0715 008249 1 00008358 00008309 000 340 43063.7985167245
24.11.2017 19:09:52 +00.03920E+00  0729 008249 1 00008359 00008309 000 343 43063.7985206944
24.11.2017 19:09:52 +00.03920E+00  0742 008249 1 00008360 00008309 000 343 43063.7985246644
24.11.2017 19:09:52 +00.03920E+00  0749 008249 1 00008361 00008309 000 379 43063.7985290509
24.11.2017 19:09:53 +00.03920E+00  0763 008249 1 00008362 00008309 000 345 43063.798533044
24.11.2017 19:09:53 +00.03920E+00  0777 008249 1 00008363 00008309 000 343 43063.7985370139
24.11.2017 19:09:53 +00.03920E+00  0795 008249 1 00008364 00008309 000 343 43063.7985409838
24.11.2017 19:09:54 +00.03920E+00  0804 008249 1 00008365 00008309 000 374 43063.7985453125
24.11.2017 19:09:54 +00.03920E+00  0816 008249 1 00008366 00008309 000 344 43063.798549294
24.11.2017 19:09:55 +00.03920E+00  0828 008249 1 00008367 00008309 000 343 43063.7985532639
24.11.2017 19:09:55 +00.03920E+00  0839 008249 1 00008368 00008309 000 343 43063.7985572338
24.11.2017 19:09:55 +00.03920E+00  0850 008249 1 00008369 00008309 000 375 43063.7985615741
24.11.2017 19:09:56 +00.03920E+00  0870 008249 1 00008370 00008309 000 343 43063.798565544
24.11.2017 19:09:56 +00.03920E+00  0875 008249 1 00008371 00008309 000 343 43063.7985695139
24.11.2017 19:09:56 +00.03920E+00  0890 008249 1 00008372 00008309 000 342 43063.7985734722
24.11.2017 19:09:57 +00.03920E+00  0905 008249 1 00008373 00008309 000 377 43063.7985778356
24.11.2017 19:09:57 +00.03920E+00  0918 008249 1 00008374 00008309 000 340 43063.7985817824
24.11.2017 19:09:57 +00.03920E+00  0936 008249 1 00008375 00008309 000 343 43063.7985857523
24.11.2017 19:09:58 +00.03920E+00  0958 008249 1 00008376 00008309 000 343 43063.7985897222
24.11.2017 19:09:58 +00.03920E+00  0969 008249 1 00008377 00008309 000 378 43063.7985940972
24.11.2017 19:09:58 +00.03920E+00  0986 008249 1 00008378 00008309 000 341 43063.798598044
24.11.2017 19:09:59 +00.03920E+00  1004 008249 1 00008379 00008309 000 342 43063.7986020023
24.11.2017 19:09:59 +00.03920E+00  1020 008249 1 00008380 00008309 000 343 43063.7986059722
24.11.2017 19:09:59 +00.03920E+00  1037 008249 1 00008381 00008309 000 379 43063.7986103588
24.11.2017 19:10:00 +00.03920E+00  1051 008249 1 00008382 00008309 000 340 43063.798614294
24.11.2017 19:10:00 +00.03920E+00  1067 008249 1 00008383 00008309 000 342 43063.7986182523
24.11.2017 19:10:00 +00.03920E+00  1080 008249 1 00008384 00008309 000 343 43063.7986222222
24.11.2017 19:10:01 +00.03920E+00  1093 008249 1 00008385 00008309 000 380 43063.7986266204
24.11.2017 19:10:01 +00.03920E+00  1111 008249 1 00008386 00008309 000 344 43063.7986306019
24.11.2017 19:10:02 +00.03920E+00  1125 008249 1 00008387 00008309 000 343 43063.7986345718
24.11.2017 19:10:02 +00.03920E+00  1135 008249 1 00008388 00008309 000 343 43063.7986385417
24.11.2017 19:10:02 +00.03920E+00  1157 008249 1 00008389 00008309 000 375 43063.7986428819
24.11.2017 19:10:03 +00.03920E+00  1176 008249 1 00008390 00008309 000 343 43063.7986468519
24.11.2017 19:10:03 +00.03920E+00  1194 008249 1 00008391 00008309 000 343 43063.7986508218
24.11.2017 19:10:03 +00.03920E+00  1212 008249 1 00008392 00008309 000 343 43063.7986547917
24.11.2017 19:10:04 +00.03920E+00  1232 008249 1 00008393 00008309 000 376 43063.7986591435
24.11.2017 19:10:04 +00.03920E+00  1247 008249 1 00008394 00008309 000 342 43063.7986631019