
24.11.2017 19:14:47 +00.04050E+00  0017 008524 -1 00009083 00009083 000 342 43063.8019352315
24.11.2017 19:14:47 +00.04051E+00  0033 008524 -1 00009084 00009083 000 343 43063.8019392014
24.11.2017 19:14:47 +00.04051E+00  0042 008524 -1 00009085 00009083 000 417 43063.8019440278
24.11.2017 19:14:48 +00.04051E+00  0060 008524 -1 00009086 00009083 000 340 43063.801947963
24.11.2017 19:14:48 +00.04050E+00  0071 008524 -1 00009087 00009083 000 342 43063.8019519213
24.11.2017 19:14:48 +00.04050E+00  0084 008524 -1 00009088 00009083 000 343 43063.8019558912
24.11.2017 19:14:49 +00.04051E+00  0101 008524 -1 00009089 00009083 000 381 43063.8019603009
24.11.2017 19:14:49 +00.04050E+00  0121 008524 -1 00009090 00009083 000 343 43063.8019642708
24.11.2017 19:14:50 +00.04051E+00  0129 008524 -1 00009091 00009083 000 343 43063.8019682407
24.11.2017 19:14:50 +00.04051E+00  0148 008524 -1 00009092 00009083 000 343 43063.8019722106
24.11.2017 19:14:50 +00.04051E+00  0157 008524 -1 00009093 00009083 000 375 43063.8019765509
24.11.2017 19:14:51 +00.04051E+00  0176 008524 -1 00009094 00009083 000 343 43063.8019805208
24.11.2017 19:14:51 +00.04050E+00  0192 008524 -1 00009095 00009083 000 343 43063.8019844907
24.11.2017 19:14:51 +00.04050E+00  0207 008524 -1 00009096 00009083 000 344 43063.8019884722
24.11.2017 19:14:52 +00.04050E+00  0216 008524 -1 00009097 00009083 000 376 43063.8019928241
24.11.2017 19:14:52 +00.04050E+00  0230 008524 -1 00009098 00009083 000 341 43063.8019967708
24.11.2017 19:14:52 +00.04050E+00  0246 008524 -1 00009099 00009083 000 343 43063.8020007407
24.11.2017 19:14:53 +00.04051E+00  0258 008524 -1 00009100 00009083 000 343 43063.8020047106
24.11.2017 19:14:53 +00.04050E+00  0271 008524 -1 00009101 00009083 000 379 43063.8020090972
24.11.2017 19:14:53 +00.04051E+00  0281 008524 -1 00009102 00009083 000 345 43063.8020130903
24.11.2017 19:14:54 +00.04051E+00  0295 008524 -1 00009103 00009083 000 343 43063.8020170602
24.11.2017 19:14:54 +00.04051E+00  0309 008524 -1 00009104 00009083 000 343 43063.8020210301
24.11.2017 19:14:54 +00.04051E+00  0330 008524 -1 00009105 00009083 000 374 43063.8020253588
24.11.2017 19:14:55 +00.04051E+00  0345 008524 -1 00009106 00009083 000 343 43063.8020293287
24.11.2017 19:14:55 +00.04050E+00  0355 008524 -1 00009107 00009083 000 343 43063.8020333102
24.11.2017 19:14:56 +00.04051E+00  0375 008524 -1 00009108 00009083 000 343 43063.8020372801
24.11.2017 19:14:56 +00.04051E+00  0387 008524 -1 00009109 00009083 000 374 43063.8020416088
24.11.2017 19:14:56 +00.04050E+00  0403 008524 -1 00009110 00009083 000 343 43063.8020455787
24.11.2017 19:14:57 +00.04050E+00  0419 008524 -1 00009111 00009083 000 343 43063.8020495486
24.11.2017 19:14:57 +00.04050E+00  0430 008524 -1 00009112 00009083 000 344 43063.8020535301
24.11.2017 19:14:57 +00.04051E+00  0446 008524 -1 00009113 00009083 000 375 43063.8020578704
24.11.2017 19:14:58 +00.04051E+00  0460 008524 -1 00009114 00009083 000 342 43063.8020618287
24.11.2017 19:14:58 +00.04051E+00  0469 008524 -1 00009115 00009083 000 343 43063.8020657986
24.11.2017 19:14:58 +00.04050E+00  0481 008524 -1 00009116 00009083 000 343 43063.8020697685
24.11.2017 19:14:59 +00.04051E+00  0493 008524 -1 00009117 00009083 000 376 43063.8020741204
24.11.2017 19:14:59 +00.04050E+00  0509 008524 -1 00009118 00009083 000 342 43063.8020780787
24.11.2017 19:14:59 +00.04050E+00  0525 008524 -1 00009119 00009083 000 343 43063.8020820486
24.11.2017 19:15:00 +00.04051E+00  0541 008524 -1 00009120 00009083 000 343 43063.8020860185
24.11.2017 19:15:00 +00.04050E+00  0552 008524 -1 00009121 00009083 000 378 43063.8020903935
24.11.2017 19:15:00 +00.04050E+00  0560 008524 -1 00009122 00009083 000 340 43063.8020943287
24.11.2017 19:15:01 +00.04050E+00  0582 008524 -1 00009123 00009083 000 343 43063.8020982986
24.11.2017 19:15:01 +00.04051E+00  0598 008524 -1 00009124 00009083 000 343 43063.8021022685
24.11.2017 19:15:02 +00.04051E+00  0610 008524 -1 00009125 00009083 000 379 43063.8021066551
24.11.2017 19:15:02 +00.04051E+00  0630 008524 -1 00009126 00009083 000 345 43063.8021106481
24.11.2017 19:15:02 +00.04050E+00  0648 008524 -1 00009127 00009083 000 343 43063.8021146181
24.11.2017 19:15:03 +00.04051E+00  0663 008524 -1 00009128 00009083 000 343 43063.802118588
24.11.2017 19:15:03 +00.04051E+00  0675 008524 -1 00009129 00009083 000 374 43063.8021229167
24.11.2017 19:15:03 +00.04050E+00  0696 008524 -1 00009130 00009083 000 343 43063.8021268866
24.11.2017 19:15:04 +00.04050E+00  0705 008524 -1 00009131 00009083 000 343 43063.8021308681
24.11.2017 19:15:04 +00.04050E+00  0722 008524 -1 00009132 00009083 000 343 43063.802134838
24.11.2017 19:15:04 +00.04050E+00  0736 008524 -1 00009133 00009083 000 375 43063.8021391782
24.11.2017 19:15:05 +00.04051E+00  0751 008524 -1 00009134 00009083 000 342 43063.8021431366
24.11.2017 19:15:05 +00.04050E+00  0767 008524 -1 00009135 00009083 000 343 43063.8021471065
24.11.2017 19:15:05 +00.04051E+00  0784 008524 -1 00009136 00009083 000 342 43063.8021510764
24.11.2017 19:15:06 +00.04050E+00  0794 008524 -1 00009137 00009083 000 377 43063.8021554398
24.11.2017 19:15:06 +00.04050E+00  0806 008524 -1 00009138 00009083 000 341 43063.8021593866
24.11.2017 19:15:06 +00.04051E+00  0820 008524 -1 00009139 00009083 000 343 43063.8021633565
24.11.2017 19:15:07 +00.04051E+00  0839 008524 -1 00009140 00009083 000 343 43063.8021673264
24.11.2017 19:15:07 +00.04050E+00  0855 008524 -1 00009141 00009083 000 376 43063.8021716898
24.11.2017 19:15:07 +00.04050E+00  0871 008524 -1 00009142 00009083 000 341 43063.8021756366
24.11.2017 19:15:08 +00.04051E+00  0887 008524 -1 00009143 00009083 000 343 43063.8021796065
24.11.2017 19:15:08 +00.04051E+00  0905 008524 -1 00009144 00009083 000 343 43063.8021835764
24.11.2017 19:15:09 +00.04051E+00  0912 008524 -1 00009145 00009083 000 379 43063.802187963
24.11.2017 19:15:09 +00.04050E+00  0931 008524 -1 00009146 00009083 000 340 43063.8021918981
24.11.2017 19:15:09 +00.04050E+00  0946 008524 -1 00009147 00009083 000 342 43063.8021958565
24.11.2017 19:15:10 +00.04050E+00  0960 008524 -1 00009148 00009083 000 343 43063.8021998264
24.11.2017 19:15:10 +00.04050E+00  0975 008524 -1 00009149 00009083 000 380 43063.8022042245
24.11.2017 19:15:10 +00.04050E+00  0986 008524 -1 00009150 00009083 000 344 43063.802208206
24.11.2017 19:15:11 +00.04050E+00  0995 008524 -1 00009151 00009083 000 343 43063.8022121759
24.11.2017 19:15:11 +00.04050E+00  1004 008524 -1 00009152 00009083 000 343 43063.8022161458
24.11.2017 19:15:11 +00.04051E+00  1016 008524 -1 00009153 00009083 000 375 43063.8022204861
24.11.2017 19:15:12 +00.04050E+00  1033 008524 -1 00009154 00009083 000 343 43063.802224456
24.11.2017 19:15:12 +00.04051E+00  1051 008524 -1 00009155 00009083 000 343 43063.8022284259
24.11.2017 19:15:12 +00.04051E+00  1063 008524 -1 00009156 00009083 000 343 43063.8022323958
24.11.2017 19:15:13 +00.04050E+00  1075 008524 -1 00009157 00009083 000 376 43063.8022367477
24.11.2017 19:15:13 +00.04051E+00  1088 008524 -1 00009158 00009083 000 341 43063.8022406944
24.11.2017 19:15:13 +00.04051E+00  1101 008524 -1 00009159 00009083 000 343 43063.8022446644
24.11.2017 19:15:14 +00.04050E+00  1117 008524 -1 00009160 00009083 000 342 43063.8022486343
24.11.2017 19:15:14 +00.04050E+00  1127 008524 -1 00009161 00009083 000 378 43063.8022530093
24.11.2017 19:15:15 +00.04050E+00  1146 008524 -1 00009162 00009083 000 340 43063.8022569444
24.11.2017 19:15:15 +00.04050E+00  1162 008524 -1 00009163 00009083 000 342 43063.8022609144
24.11.2017 19:15:15 +00.04051E+00  1173 008524 -1 00009164 00009083 000 343 43063.8022648843
24.11.2017 19:15:16 +00.04050E+00  1190 008524 -1 00009165 00009083 000 379 43063.8022692708
24.11.2017 19:15:16 +00.04051E+00  1205 008524 -1 00009166 00009083 000 340 43063.802273206
24.11.2017 19:15:16 +00.04051E+00  1220 008524 -1 00009167 00009083 000 341 43063.8022771644
24.11.2017 19:15:17 +00.04051E+00  1236 008524 -1 00009168 00009083 000 343 43063.8022811343
24.11.2017 19:15:22 +00.04040E+00  0010 008503 -1 00009169 00009169 000 343 43063.8023459491
24.11.2017 19:15:23 +00.04041E+00  0023 008503 -1 00009170 00009169 000 400 43063.8023505787
24.11.2017 19:15:23 +00.04041E+00  0037 008503 -1 00009171 00009169 000 343 43063.8023545486
24.11.2017 19:15:23 +00.04041E+00  0056 008503 -1 00009172 00009169 000 343 43063.8023585185
24.11.2017 19:15:24 +00.04040E+00  0070 008503 -1 00009173 00009169 000 343 43063.8023624884
24.11.2017 19:15:24 +00.04041E+00  0078 008503 -1 00009174 00009169 000 376 43063.8023668403
24.11.2017 19:15:24 +00.04040E+00  0096 008503 -1 00009175 00009169 000 342 43063.8023707986
24.11.2017 19:15:25 +00.04040E+00  0105 008503 -1 00009176 00009169 000 343 43063.8023747685
24.11.2017 19:15:25 +00.04040E+00  0122 008503 -1 00009177 00009169 000 343 43063.8023787384
24.11.2017 19:15:25 +00.04040E+00  0134 008503 -1 00009178 00009169 000 377 43063.8023831019
24.11.2017 19:15:26 +00.04040E+00  0144 008503 -1 00009179 00009169 000 340 43063.802387037
24.11.2017 19:15:26 +00.04040E+00  0160 008503 -1 00009180 00009169 000 344 43063.8023910301
24.11.2017 19:15:26 +00.04041E+00  0180 008503 -1 00009181 00009169 000 342 43063.8023949884
24.11.2017 19:15:27 +00.04041E+00  0196 008503 -1 00009182 00009169 000 378 43063.8023993634
24.11.2017 19:15:27 +00.04040E+00  0214 008503 -1 00009183 00009169 000 340 43063.8024032986
24.11.2017 19:15:27 +00.04040E+00  0223 008503 -1 00009184 00009169 000 343 43063.8024072685
24.11.2017 19:15:28 +00.04040E+00  0236 008503 -1 00009185 00009169 000 343 43063.8024112384
24.11.2017 19:15:28 +00.04041E+00  0246 008503 -1 00009186 00009169 000 379 43063.802415625
24.11.2017 19:15:29 +00.04040E+00  0256 008503 -1 00009187 00009169 000 343 43063.8024196065
24.11.2017 19:15:29 +00.04041E+00  0268 008503 -1 00009188 00009169 000 343 43063.8024235764
24.11.2017 19:15:29 +00.04041E+00  0276 008503 -1 00009189 00009169 000 343 43063.8024275579
24.11.2017 19:15:30 +00.04040E+00  0290 008503 -1 00009190 00009169 000 374 43063.8024318866
24.11.2017 19:15:30 +00.04040E+00  0304 008503 -1 00009191 00009169 000 343 43063.8024358565
24.11.2017 19:15:30 +00.04041E+00  0321 008503 -1 00009192 00009169 000 343 43063.8024398264
24.11.2017 19:15:31 +00.04040E+00  0333 008503 -1 00009193 00009169 000 344 43063.8024438079
24.11.2017 19:15:31 +00.04040E+00  0349 008503 -1 00009194 00009169 000 375 43063.8024481481
24.11.2017 19:15:31 +00.04040E+00  0371 008503 -1 00009195 00009169 000 342 43063.8024521065
24.11.2017 19:15:32 +00.04040E+00  0385 008503 -1 00009196 00009169 000 343 43063.8024560764
24.11.2017 19:15:32 +00.04041E+00  0399 008503 -1 00009197 00009169 000 343 43063.8024600463
24.11.2017 19:15:32 +00.04040E+00  0413 008501 -1 00009198 00009169 000 377 43063.8024644097
24.11.2017 19:15:33 +00.04040E+00  0427 008501 -1 00009199 00009169 000 341 43063.8024683565
24.11.2017 19:15:33 +00.04040E+00  0442 008501 -1 00009200 00009169 000 343 43063.8024723264
24.11.2017 19:15:33 +00.04040E+00  0458 008501 -1 00009201 00009169 000 343 43063.8024762963
24.11.2017 19:15:34 +00.04040E+00  0477 008501 -1 00009202 00009169 000 378 43063.8024806713
24.11.2017 19:15:34 +00.04040E+00  0489 008501 -1 00009203 00009169 000 340 43063.8024846065
24.11.2017 19:15:35 +00.04039E+00  0503 008501 -1 00009204 00009169 000 343 43063.8024885764
24.11.2017 19:15:35 +00.04040E+00  0513 008501 -1 00009205 00009169 000 343 43063.8024925463
24.11.2017 19:15:35 +00.04040E+00  0528 008501 -1 00009206 00009169 000 379 43063.8024969329
24.11.2017 19:15:36 +00.04040E+00  0552 008501 -1 00009207 00009169 000 345 43063.8025009259
24.11.2017 19:15:36 +00.04040E+00  0567 008501 -1 00009208 00009169 000 343 43063.8025048958
24.11.2017 19:15:36 +00.04040E+00  0581 008501 -1 00009209 00009169 000 343 43063.8025088657
24.11.2017 19:15:37 +00.04039E+00  0597 008501 -1 00009210 00009169 000 374 43063.8025131944
24.11.2017 19:15:37 +00.04040E+00  0612 008501 -1 00009211 00009169 000 344 43063.8025171759
24.11.2017 19:15:37 +00.04040E+00  0625 008501 -1 00009212 00009169 000 343 43063.8025211458
24.11.2017 19:15:38 +00.04040E+00  0645 008501 -1 00009213 00009169 000 343 43063.8025251157
24.11.2017 19:15:38 +00.04039E+00  0659 008501 -1 00009214 00009169 000 375 43063.802529456
24.11.2017 19:15:38 +00.04039E+00  0673 008501 -1 00009215 00009169 000 342 43063.8025334144
24.11.2017 19:15:39 +00.04040E+00  0686 008501 -1 00009216 00009169 000 343 43063.8025373843
24.11.2017 19:15:39 +00.04040E+00  0697 008501 -1 00009217 00009169 000 344 43063.8025413657
24.11.2017 19:15:39 +00.04039E+00  0711 008501 -1 00009218 00009169 000 376 43063.8025457176
24.11.2017 19:15:40 +00.04039E+00  0728 008501 -1 00009219 00009169 000 341 43063.8025496644
24.11.2017 19:15:40 +00.04039E+00  0742 008501 -1 00009220 00009169 000 343 43063.8025536343
24.11.2017 19:15:40 +00.04039E+00  0763 008501 -1 00009221 00009169 000 343 43063.8025576042
24.11.2017 19:15:41 +00.04040E+00  0779 008501 -1 00009222 00009169 000 378 43063.8025619792
24.11.2017 19:15:41 +00.04039E+00  0796 008501 -1 00009223 00009169 000 340 43063.8025659144
24.11.2017 19:15:42 +00.04040E+00  0818 008501 -1 00009224 00009169 000 343 43063.8025698843
24.11.2017 19:15:42 +00.04039E+00  0831 008501 -1 00009225 00009169 000 343 43063.8025738542
24.11.2017 19:15:42 +00.04040E+00  0841 008501 -1 00009226 00009169 000 379 43063.8025782407
24.11.2017 19:15:43 +00.04039E+00  0857 008501 -1 00009227 00009169 000 340 43063.8025821759
24.11.2017 19:15:43 +00.04040E+00  0871 008503 -1 00009228 00009169 000 342 43063.8025861343
24.11.2017 19:15:43 +00.04040E+00  0879 008503 -1 00009229 00009169 000 343 43063.8025901042
24.11.2017 19:15:44 +00.04040E+00  0894 008503 -1 00009230 00009169 000 380 43063.8025945023
24.11.2017 19:15:44 +00.04040E+00  0912 008503 -1 00009231 00009169 000 344 43063.8025984838
24.11.2017 19:15:44 +00.04041E+00  0932 008503 -1 00009232 00009169 000 343 43063.8026024537
24.11.2017 19:15:45 +00.04040E+00  0948 008503 -1 00009233 00009169 000 343 43063.8026064236
24.11.2017 19:15:45 +00.04040E+00  0970 008503 -1 00009234 00009169 000 375 43063.8026107639
24.11.2017 19:15:45 +00.04041E+00  0992 008503 -1 00009235 00009169 000 343 43063.8026147338
24.11.2017 19:15:46 +00.04041E+00  1005 008503 -1 00009236 00009169 000 343 43063.8026187037
24.11.2017 19:15:46 +00.04041E+00  1028 008503 -1 00009237 00009169 000 343 43063.8026226736
24.11.2017 19:15:46 +00.04041E+00  1046 008503 -1 00009238 00009169 000 376 43063.8026270255
24.11.2017 19:15:47 +00.04040E+00  1064 008503 -1 00009239 00009169 000 342 43063.8026309838
24.11.2017 19:15:47 +00.04041E+00  1080 008503 -1 00009240 00009169 000 343 43063.8026349537
24.11.2017 19:15:48 +00.04041E+00  1091 008503 -1 00009241 00009169 000 343 43063.8026389236
24.11.2017 19:15:48 +00.04041E+00  1105 008503 -1 00009242 00009169 000 377 43063.802643287
24.11.2017 19:15:48 +00.04040E+00  1115 008501 -1 00009243 00009169 000 340 43063.8026472338
24.11.2017 19:15:49 +00.04040E+00  1137 008501 -1 00009244 00009169 000 342 43063.8026511921
24.11.2017 19:15:49 +00.04040E+00  1151 008501 -1 00009245 00009169 000 343 43063.802655162
24.11.2017 19:15:49 +00.04040E+00  1162 008501 -1 00009246 00009169 000 379 43063.8026595486
24.11.2017 19:15:50 +00.04040E+00  1178 008501 -1 00009247 00009169 000 340 43063.8026634838
24.11.2017 19:15:50 +00.04040E+00  1186 008501 -1 00009248 00009169 000 342 43063.8026674421
24.11.2017 19:15:50 +00.04040E+00  1195 008501 -1 00009249 00009169 000 343 43063.802671412
24.11.2017 19:15:51 +00.04039E+00  1214 008501 -1 00009250 00009169 000 380 43063.8026758102
24.11.2017 19:15:51 +00.04039E+00  1234 008501 -1 00009251 00009169 000 344 43063.8026797917
24.11.2017 19:15:51 +00.04040E+00  1248 008501 -1 00009252 00009169 000 343 43063.8026837616
24.11.2017 19:15:52 +00.04039E+00  1265 008501 -1 00009253 00009169 000 343 43063.8026877315
24.11.2017 19:15:52 +00.04040E+00  1283 008501 -1 00009254 00009169 000 375 43063.8026920718
24.11.2017 19:15:57 +00.04030E+00  0012 008481 -1 00009255 00009255 000 343 43063.8027524653
24.11.2017 19:15:58 +00.04030E+00  0023 008481 -1 00009256 00009255 000 402 43063.8027571181
24.11.2017 19:15:58 +00.04030E+00  0046 008481 -1 00009257 00009255 000 341 43063.8027610648
24.11.2017 19:15:58 +00.04030E+00  0067 008481 -1 00009258 00009255 000 343 43063.8027650347
24.11.2017 19:15:59 +00.04030E+00  0080 008481 -1 00009259 00009255 000 343 43063.8027690046
24.11.2017 19:15:59 +00.04030E+00  0098 008481 -1 00009260 00009255 000 379 43063.8027733912
24.11.2017 19:15:59 +00.04030E+00  0111 008481 -1 00009261 00009255 000 345 43063.8027773843
24.11.2017 19:16:00 +00.04030E+00  0128 008481 -1 00009262 00009255 000 343 43063.8027813542
24.11.2017 19:16:00 +00.04030E+00  0139 008481 -1 00009263 00009255 000 343 43063.8027853241
24.11.2017 19:16:01 +00.04030E+00  0155 008481 -1 00009264 00009255 000 374 43063.8027896528
24.11.2017 19:16:01 +00.04030E+00  0176 008481 -1 00009265 00009255 000 343 43063.8027936227
24.11.2017 19:16:01 +00.04030E+00  0184 008481 -1 00009266 00009255 000 343 43063.8027975926
24.11.2017 19:16:02 +00.04030E+00  0191 008481 -1 00009267 00009255 000 344 43063.8028015741
24.11.2017 19:16:02 +00.04030E+00  0207 008481 -1 00009268 00009255 000 375 43063.8028059144
24.11.2017 19:16:02 +00.04030E+00  0222 008481 -1 00009269 00009255 000 342 43063.8028098727
24.11.2017 19:16:03 +00.04030E+00  0232 008481 -1 00009270 00009255 000 343 43063.8028138426
24.11.2017 19:16:03 +00.04030E+00  0245 008481 -1 00009271 00009255 000 343 43063.8028178125
24.11.2017 19:16:03 +00.04030E+00  0261 008481 -1 00009272 00009255 000 376 43063.8028221644
24.11.2017 19:16:04 +00.04030E+00  0275 008481 -1 00009273 00009255 000 342 43063.8028261227
24.11.2017 19:16:04 +00.04030E+00  0292 008481 -1 00009274 00009255 000 343 43063.8028300926
24.11.2017 19:16:04 +00.04030E+00  0309 008481 -1 00009275 00009255 000 343 43063.8028340625
24.11.2017 19:16:05 +00.04030E+00  0323 008481 -1 00009276 00009255 000 378 43063.8028384375
24.11.2017 19:16:05 +00.04030E+00  0339 008481 -1 00009277 00009255 000 340 43063.8028423727
24.11.2017 19:16:05 +00.04030E+00  0353 008481 -1 00009278 00009255 000 343 43063.8028463426
24.11.2017 19:16:06 +00.04030E+00  0368 008481 -1 00009279 00009255 000 343 43063.8028503125
24.11.2017 19:16:06 +00.04030E+00  0383 008481 -1 00009280 00009255 000 379 43063.8028546991
24.11.2017 19:16:06 +00.04030E+00  0394 008481 -1 00009281 00009255 000 345 43063.8028586921
24.11.2017 19:16:07 +00.04030E+00  0417 008481 -1 00009282 00009255 000 343 43063.802862662
24.11.2017 19:16:07 +00.04030E+00  0426 008481 -1 00009283 00009255 000 343 43063.8028666319
24.11.2017 19:16:08 +00.04030E+00  0440 008481 -1 00009284 00009255 000 374 43063.8028709607
24.11.2017 19:16:08 +00.04030E+00  0455 008481 -1 00009285 00009255 000 344 43063.8028749421
24.11.2017 19:16:08 +00.04030E+00  0472 008481 -1 00009286 00009255 000 343 43063.802878912
24.11.2017 19:16:09 +00.04030E+00  0493 008481 -1 00009287 00009255 000 343 43063.8028828819
24.11.2017 19:16:09 +00.04030E+00  0507 008481 -1 00009288 00009255 000 375 43063.8028872222
24.11.2017 19:16:09 +00.04030E+00  0516 008481 -1 00009289 00009255 000 342 43063.8028911806
24.11.2017 19:16:10 +00.04030E+00  0535 008481 -1 00009290 00009255 000 343 43063.802895162
24.11.2017 19:16:10 +00.04030E+00  0547 008481 -1 00009291 00009255 000 343 43063.8028991319
24.11.2017 19:16:10 +00.04030E+00  0569 008481 -1 00009292 00009255 000 376 43063.8029034838
24.11.2017 19:16:11 +00.04030E+00  0586 008481 -1 00009293 00009255 000 341 43063.8029074306
24.11.2017 19:16:11 +00.04030E+00  0607 008481 -1 00009294 00009255 000 343 43063.8029114005
24.11.2017 19:16:11 +00.04030E+00  0621 008481 -1 00009295 00009255 000 343 43063.8029153704
24.11.2017 19:16:12 +00.04030E+00  0627 008481 -1 00009296 00009255 000 377 43063.8029197338
24.11.2017 19:16:12 +00.04030E+00  0642 008481 -1 00009297 00009255 000 341 43063.8029236921
24.11.2017 19:16:12 +00.04030E+00  0659 008481 -1 00009298 00009255 000 342 43063.8029276505
24.11.2017 19:16:13 +00.04030E+00  0673 008481 -1 00009299 00009255 000 343 43063.8029316204
24.11.2017 19:16:13 +00.04030E+00  0688 008481 -1 00009300 00009255 000 379 43063.8029360069
24.11.2017 19:16:14 +00.04030E+00  0709 008481 -1 00009301 00009255 000 341 43063.8029399537
24.11.2017 19:16:14 +00.04030E+00  0728 008481 -1 00009302 00009255 000 341 43063.8029439005
24.11.2017 19:16:14 +00.04030E+00  0743 008481 -1 00009303 00009255 000 343 43063.8029478704
24.11.2017 19:16:15 +00.04030E+00  0760 008481 -1 00009304 00009255 000 380 43063.8029522685
24.11.2017 19:16:15 +00.04030E+00  0782 008481 -1 00009305 00009255 000 344 43063.80295625
24.11.2017 19:16:15 +00.04030E+00  0797 008481 -1 00009306 00009255 000 343 43063.8029602199
24.11.2017 19:16:16 +00.04030E+00  0806 008481 -1 00009307 00009255 000 343 43063.8029641898
24.11.2017 19:16:16 +00.04030E+00  0818 008481 -1 00009308 00009255 000 375 43063.8029685301
24.11.2017 19:16:16 +00.04030E+00  0843 008481 -1 00009309 00009255 000 343 43063.8029725
24.11.2017 19:16:17 +00.04030E+00  0859 008481 -1 00009310 00009255 000 343 43063.8029764699
24.11.2017 19:16:17 +00.04030E+00  0873 008481 -1 00009311 00009255 000 343 43063.8029804398
24.11.2017 19:16:17 +00.04030E+00  0888 008481 -1 00009312 00009255 000 376 43063.8029847917
24.11.2017 19:16:18 +00.04030E+00  0906 008481 -1 00009313 00009255 000 341 43063.8029887384
24.11.2017 19:16:18 +00.04030E+00  0916 008481 -1 00009314 00009255 000 343 43063.8029927199
24.11.2017 19:16:18 +00.04030E+00  0926 008481 -1 00009315 00009255 000 342 43063.8029966782
24.11.2017 19:16:19 +00.04030E+00  0938 008481 -1 00009316 00009255 000 377 43063.8030010532
24.11.2017 19:16:19 +00.04030E+00  0947 008481 -1 00009317 00009255 000 340 43063.8030049884
24.11.2017 19:16:19 +00.04030E+00  0965 008481 -1 00009318 00009255 000 344 43063.8030089699
24.11.2017 19:16:20 +00.04030E+00  0986 008481 -1 00009319 00009255 000 342 43063.8030129282
24.11.2017 19:16:20 +00.04030E+00  1002 008481 -1 00009320 00009255 000 378 43063.8030173032
24.11.2017 19:16:21 +00.04030E+00  1012 008481 -1 00009321 00009255 000 340 43063.80302125
24.11.2017 19:16:21 +00.04030E+00  1026 008481 -1 00009322 00009255 000 342 43063.8030252083
24.11.2017 19:16:21 +00.04030E+00  1036 008481 -1 00009323 00009255 000 343 43063.8030291782
24.11.2017 19:16:22 +00.04030E+00  1051 008481 -1 00009324 00009255 000 380 43063.8030335764
24.11.2017 19:16:22 +00.04030E+00  1073 008481 -1 00009325 00009255 000 344 43063.8030375579
24.11.2017 19:16:22 +00.04030E+00  1090 008481 -1 00009326 00009255 000 343 43063.8030415278
24.11.2017 19:16:23 +00.04030E+00  1107 008481 -1 00009327 00009255 000 343 43063.8030454977
24.11.2017 19:16:23 +00.04030E+00  1126 008481 -1 00009328 00009255 000 375 43063.803049838
24.11.2017 19:16:23 +00.04030E+00  1145 008481 -1 00009329 00009255 000 343 43063.8030538079
24.11.2017 19:16:24 +00.04030E+00  1157 008481 -1 00009330 00009255 000 343 43063.8030577778
24.11.2017 19:16:24 +00.04030E+00  1172 008481 -1 00009331 00009255 000 343 43063.8030617477
24.11.2017 19:16:24 +00.04030E+00  1193 008481 -1 00009332 00009255 000 376 43063.8030660995
24.11.2017 19:16:25 +00.04030E+00  1214 008481 -1 00009333 00009255 000 342 43063.8030700579
24.11.2017 19:16:25 +00.04030E+00  1230 008481 -1 00009334 00009255 000 343 43063.8030740278
24.11.2017 19:16:25 +00.04030E+00  1241 008481 -1 00009335 00009255 000 343 43063.8030779977
24.11.2017 19:16:26 +00.04030E+00  1253 008481 -1 00009336 00009255 000 377 43063.8030823611
24.11.2017 19:16:26 +00.04030E+00  1274 008481 -1 00009337 00009255 000 340 43063.8030862963
24.11.2017 19:16:27 +00.04030E+00  1290 008481 -1 00009338 00009255 000 343 43063.8030902778
24.11.2017 19:16:27 +00.04030E+00  1308 008481 -1 00009339 00009255 000 343 43063.8030942477
24.11.2017 19:16:27 +00.04030E+00  1327 008481 -1 00009340 00009255 000 378 43063.8030986227
24.11.2017 19:16:33 +00.04021E+00  0012 008461 -1 00009341 00009341 000 379 43063.803163669
24.11.2017 19:16:33 +00.04021E+00  0029 008461 -1 00009342 00009341 000 344 43063.8031676505
24.11.2017 19:16:34 +00.04021E+00  0040 008461 -1 00009343 00009341 000 342 43063.8031716204
24.11.2017 19:16:34 +00.04021E+00  0052 008461 -1 00009344 00009341 000 343 43063.8031756019
24.11.2017 19:16:34 +00.04021E+00  0063 008461 -1 00009345 00009341 000 374 43063.8031799306
24.11.2017 19:16:35 +00.04020E+00  0074 008461 -1 00009346 00009341 000 343 43063.8031839005
24.11.2017 19:16:35 +00.04020E+00  0083 008461 -1 00009347 00009341 000 343 43063.8031878704
24.11.2017 19:16:35 +00.04020E+00  0099 008461 -1 00009348 00009341 000 342 43063.8031918403
24.11.2017 19:16:36 +00.04021E+00  0110 008461 -1 00009349 00009341 000 376 43063.8031961921
24.11.2017 19:16:36 +00.04021E+00  0129 008461 -1 00009350 00009341 000 341 43063.8032001505
24.11.2017 19:16:36 +00.04021E+00  0137 008461 -1 00009351 00009341 000 343 43063.8032041204
24.11.2017 19:16:37 +00.04021E+00  0154 008461 -1 00009352 00009341 000 343 43063.8032080903
24.11.2017 19:16:37 +00.04020E+00  0171 008461 -1 00009353 00009341 000 377 43063.8032124537
24.11.2017 19:16:37 +00.04020E+00  0187 008461 -1 00009354 00009341 000 341 43063.8032164005
24.11.2017 19:16:38 +00.04021E+00  0201 008461 -1 00009355 00009341 000 343 43063.8032203704
24.11.2017 19:16:38 +00.04021E+00  0221 008461 -1 00009356 00009341 000 343 43063.8032243403
24.11.2017 19:16:38 +00.04021E+00  0239 008461 -1 00009357 00009341 000 378 43063.8032287153
24.11.2017 19:16:39 +00.04021E+00  0256 008461 -1 00009358 00009341 000 341 43063.803232662
24.11.2017 19:16:39 +00.04020E+00  0271 008461 -1 00009359 00009341 000 342 43063.8032366204
24.11.2017 19:16:39 +00.04021E+00  0285 008461 -1 00009360 00009341 000 343 43063.8032405903
24.11.2017 19:16:40 +00.04020E+00  0300 008461 -1 00009361 00009341 000 379 43063.8032449769
24.11.2017 19:16:40 +00.04021E+00  0318 008461 -1 00009362 00009341 000 345 43063.8032489699
24.11.2017 19:16:41 +00.04021E+00  0325 008461 -1 00009363 00009341 000 343 43063.8032529398
24.11.2017 19:16:41 +00.04020E+00  0342 008461 -1 00009364 00009341 000 343 43063.8032569097
24.11.2017 19:16:41 +00.04021E+00  0357 008461 -1 00009365 00009341 000 374 43063.8032612384
24.11.2017 19:16:42 +00.04021E+00  0382 008461 -1 00009366 00009341 000 344 43063.8032652199
24.11.2017 19:16:42 +00.04021E+00  0396 008461 -1 00009367 00009341 000 343 43063.8032691898
24.11.2017 19:16:42 +00.04020E+00  0414 008461 -1 00009368 00009341 000 343 43063.8032731597
24.11.2017 19:16:43 +00.04021E+00  0434 008461 -1 00009369 00009341 000 375 43063.8032775
24.11.2017 19:16:43 +00.04021E+00  0445 008459 -1 00009370 00009341 000 343 43063.8032814699
24.11.2017 19:16:43 +00.04020E+00  0459 008459 -1 00009371 00009341 000 342 43063.8032854282
24.11.2017 19:16:44 +00.04020E+00  0471 008459 -1 00009372 00009341 000 343 43063.8032893982
24.11.2017 19:16:44 +00.04019E+00  0493 008459 -1 00009373 00009341 000 376 43063.8032937616
24.11.2017 19:16:44 +00.04020E+00  0504 008459 -1 00009374 00009341 000 341 43063.8032977083
24.11.2017 19:16:45 +00.04020E+00  0518 008459 -1 00009375 00009341 000 343 43063.8033016782
24.11.2017 19:16:45 +00.04020E+00  0540 008459 -1 00009376 00009341 000 343 43063.8033056482
24.11.2017 19:16:45 +00.04019E+00  0553 008459 -1 00009377 00009341 000 378 43063.8033100231
24.11.2017 19:16:46 +00.04020E+00  0567 008459 -1 00009378 00009341 000 340 43063.8033139583
24.11.2017 19:16:46 +00.04019E+00  0586 008459 -1 00009379 00009341 000 343 43063.8033179282
24.11.2017 19:16:47 +00.04020E+00  0601 008459 -1 00009380 00009341 000 343 43063.8033218982
24.11.2017 19:16:47 +00.04019E+00  0613 008459 -1 00009381 00009341 000 379 43063.8033262847
24.11.2017 19:16:47 +00.04020E+00  0626 008459 -1 00009382 00009341 000 341 43063.8033302315
24.11.2017 19:16:48 +00.04020E+00  0643 008459 -1 00009383 00009341 000 341 43063.8033341782
24.11.2017 19:16:48 +00.04019E+00  0656 008459 -1 00009384 00009341 000 343 43063.8033381482
24.11.2017 19:16:48 +00.04020E+00  0667 008461 -1 00009385 00009341 000 380 43063.8033425463
24.11.2017 19:16:49 +00.04020E+00  0685 008461 -1 00009386 00009341 000 344 43063.8033465278
24.11.2017 19:16:49 +00.04020E+00  0694 008461 -1 00009387 00009341 000 343 43063.8033504977
24.11.2017 19:16:49 +00.04020E+00  0705 008461 -1 00009388 00009341 000 343 43063.8033544676
24.11.2017 19:16:50 +00.04020E+00  0722 008461 -1 00009389 00009341 000 375 43063.8033588079
24.11.2017 19:16:50 +00.04020E+00  0738 008461 -1 00009390 00009341 000 343 43063.8033627778
24.11.2017 19:16:50 +00.04020E+00  0755 008461 -1 00009391 00009341 000 343 43063.8033667477
24.11.2017 19:16:51 +00.04020E+00  0770 008461 -1 00009392 00009341 000 343 43063.8033707176
24.11.2017 19:16:51 +00.04021E+00  0785 008461 -1 00009393 00009341 000 376 43063.8033750694
24.11.2017 19:16:51 +00.04021E+00  0802 008461 -1 00009394 00009341 000 341 43063.8033790162
24.11.2017 19:16:52 +00.04020E+00  0821 008461 -1 00009395 00009341 000 344 43063.8033829977
24.11.2017 19:16:52 +00.04020E+00  0837 008461 -1 00009396 00009341 000 343 43063.8033869676
24.11.2017 19:16:53 +00.04021E+00  0852 008461 -1 00009397 00009341 000 377 43063.803391331
24.11.2017 19:16:53 +00.04021E+00  0870 008461 -1 00009398 00009341 000 340 43063.8033952662
24.11.2017 19:16:53 +00.04021E+00  0886 008461 -1 00009399 00009341 000 343 43063.8033992361
24.11.2017 19:16:54 +00.04021E+00  0902 008459 -1 00009400 00009341 000 344 43063.8034032176
24.11.2017 19:16:54 +00.04020E+00  0916 008459 -1 00009401 00009341 000 378 43063.8034075926
24.11.2017 19:16:54 +00.04020E+00  0928 008459 -1 00009402 00009341 000 340 43063.8034115278
24.11.2017 19:16:55 +00.04020E+00  0941 008459 -1 00009403 00009341 000 341 43063.8034154861
24.11.2017 19:16:55 +00.04020E+00  0949 008459 -1 00009404 00009341 000 343 43063.803419456
24.11.2017 19:16:55 +00.04020E+00  0964 008459 -1 00009405 00009341 000 380 43063.8034238542
24.11.2017 19:16:56 +00.04020E+00  0982 008459 -1 00009406 00009341 000 345 43063.8034278472
24.11.2017 19:16:56 +00.04020E+00  0999 008459 -1 00009407 00009341 000 342 43063.8034318056
24.11.2017 19:16:56 +00.04020E+00  1016 008459 -1 00009408 00009341 000 343 43063.8034357755
24.11.2017 19:16:57 +00.04020E+00  1035 008459 -1 00009409 00009341 000 375 43063.8034401157
24.11.2017 19:16:57 +00.04020E+00  1052 008459 -1 00009410 00009341 000 343 43063.8034440857
24.11.2017 19:16:57 +00.04020E+00  1070 008459 -1 00009411 00009341 000 343 43063.8034480556
24.11.2017 19:16:58 +00.04020E+00  1088 008459 -1 00009412 00009341 000 343 43063.8034520255
24.11.2017 19:16:58 +00.04019E+00  1102 008459 -1 00009413 00009341 000 376 43063.8034563773
24.11.2017 19:16:58 +00.04019E+00  1112 008459 -1 00009414 00009341 000 342 43063.8034603357
24.11.2017 19:16:59 +00.04020E+00  1127 008461 -1 00009415 00009341 000 343 43063.8034643056
24.11.2017 19:16:59 +00.04020E+00  1144 008461 -1 00009416 00009341 000 343 43063.8034682755
24.11.2017 19:17:00 +00.04020E+00  1161 008461 -1 00009417 00009341 000 378 43063.8034726505
24.11.2017 19:17:00 +00.04020E+00  1172 008461 -1 00009418 00009341 000 341 43063.8034765972
24.11.2017 19:17:00 +00.04020E+00  1187 008461 -1 00009419 00009341 000 342 43063.8034805556
24.11.2017 19:17:01 +00.04021E+00  1197 008461 -1 00009420 00009341 000 342 43063.8034845139
24.11.2017 19:17:01 +00.04020E+00  1213 008461 -1 00009421 00009341 000 379 43063.803488912
24.11.2017 19:17:01 +00.04020E+00  1231 008461 -1 00009422 00009341 000 345 43063.8034929051
24.11.2017 19:17:02 +00.04021E+00  1243 008461 -1 00009423 00009341 000 343 43063.803496875
24.11.2017 19:17:02 +00.04021E+00  1255 008461 -1 00009424 00009341 000 343 43063.8035008449
24.11.2017 19:17:02 +00.04021E+00  1273 008461 -1 00009425 00009341 000 374 43063.8035051736
24.11.2017 19:17:03 +00.04021E+00  1286 008461 -1 00009426 00009341 000 343 43063.8035091435
24.11.2017 19:17:08 +00.04011E+00  0011 008440 -1 00009427 00009427 000 383 43063.8035702199
24.11.2017 19:17:08 +00.04010E+00  0025 008440 -1 00009428 00009427 000 341 43063.8035741667
24.11.2017 19:17:09 +00.04010E+00  0047 008440 -1 00009429 00009427 000 343 43063.8035781366
24.11.2017 19:17:09 +00.04011E+00  0061 008440 -1 00009430 00009427 000 343 43063.8035821065
24.11.2017 19:17:09 +00.04011E+00  0074 008440 -1 00009431 00009427 000 378 43063.8035864815
24.11.2017 19:17:10 +00.04011E+00  0091 008440 -1 00009432 00009427 000 340 43063.8035904167
24.11.2017 19:17:10 +00.04011E+00  0111 008440 -1 00009433 00009427 000 343 43063.8035943866
24.11.2017 19:17:10 +00.04011E+00  0124 008440 -1 00009434 00009427 000 343 43063.8035983565
24.11.2017 19:17:11 +00.04011E+00  0136 008440 -1 00009435 00009427 000 379 43063.8036027431
24.11.2017 19:17:11 +00.04011E+00  0156 008440 -1 00009436 00009427 000 340 43063.8036066782
24.11.2017 19:17:11 +00.04011E+00  0169 008440 -1 00009437 00009427 000 341 43063.803610625
24.11.2017 19:17:12 +00.04010E+00  0190 008440 -1 00009438 00009427 000 343 43063.8036146065
24.11.2017 19:17:12 +00.04011E+00  0202 008440 -1 00009439 00009427 000 380 43063.8036190046
24.11.2017 19:17:13 +00.04010E+00  0222 008440 -1 00009440 00009427 000 344 43063.8036229861
24.11.2017 19:17:13 +00.04010E+00  0241 008440 -1 00009441 00009427 000 343 43063.803626956
24.11.2017 19:17:13 +00.04011E+00  0249 008440 -1 00009442 00009427 000 343 43063.8036309259
24.11.2017 19:17:14 +00.04011E+00  0262 008440 -1 00009443 00009427 000 375 43063.8036352662
24.11.2017 19:17:14 +00.04011E+00  0272 008440 -1 00009444 00009427 000 342 43063.8036392245
24.11.2017 19:17:14 +00.04011E+00  0285 008440 -1 00009445 00009427 000 343 43063.803643206
24.11.2017 19:17:15 +00.04011E+00  0299 008440 -1 00009446 00009427 000 343 43063.8036471759
24.11.2017 19:17:15 +00.04011E+00  0315 008440 -1 00009447 00009427 000 376 43063.8036515278
24.11.2017 19:17:15 +00.04011E+00  0328 008440 -1 00009448 00009427 000 342 43063.8036554861
24.11.2017 19:17:16 +00.04010E+00  0344 008440 -1 00009449 00009427 000 342 43063.8036594444
24.11.2017 19:17:16 +00.04010E+00  0358 008440 -1 00009450 00009427 000 342 43063.8036634144
24.11.2017 19:17:16 +00.04010E+00  0368 008440 -1 00009451 00009427 000 377 43063.8036677894
24.11.2017 19:17:17 +00.04010E+00  0379 008440 -1 00009452 00009427 000 340 43063.8036717245
24.11.2017 19:17:17 +00.04011E+00  0396 008440 -1 00009453 00009427 000 343 43063.8036756944
24.11.2017 19:17:17 +00.04011E+00  0411 008440 -1 00009454 00009427 000 343 43063.8036796644
24.11.2017 19:17:18 +00.04010E+00  0424 008440 -1 00009455 00009427 000 379 43063.8036840509
24.11.2017 19:17:18 +00.04011E+00  0448 008440 -1 00009456 00009427 000 340 43063.8036879861
24.11.2017 19:17:18 +00.04010E+00  0457 008438 -1 00009457 00009427 000 342 43063.8036919444
24.11.2017 19:17:19 +00.04010E+00  0478 008438 -1 00009458 00009427 000 343 43063.8036959144
24.11.2017 19:17:19 +00.04010E+00  0494 008438 -1 00009459 00009427 000 380 43063.8037003125
24.11.2017 19:17:20 +00.04010E+00  0513 008438 -1 00009460 00009427 000 344 43063.803704294
24.11.2017 19:17:20 +00.04009E+00  0523 008438 -1 00009461 00009427 000 343 43063.8037082639
24.11.2017 19:17:20 +00.04010E+00  0533 008438 -1 00009462 00009427 000 343 43063.8037122338
24.11.2017 19:17:21 +00.04010E+00  0551 008438 -1 00009463 00009427 000 375 43063.8037165741
24.11.2017 19:17:21 +00.04010E+00  0570 008438 -1 00009464 00009427 000 343 43063.803720544
24.11.2017 19:17:21 +00.04010E+00  0586 008438 -1 00009465 00009427 000 343 43063.8037245139
24.11.2017 19:17:22 +00.04010E+00  0602 008438 -1 00009466 00009427 000 343 43063.8037284838
24.11.2017 19:17:22 +00.04010E+00  0620 008438 -1 00009467 00009427 000 376 43063.8037328357
24.11.2017 19:17:22 +00.04010E+00  0641 008438 -1 00009468 00009427 000 341 43063.8037367824
24.11.2017 19:17:23 +00.04010E+00  0655 008438 -1 00009469 00009427 000 343 43063.8037407639
24.11.2017 19:17:23 +00.04010E+00  0679 008438 -1 00009470 00009427 000 343 43063.8037447338
24.11.2017 19:17:23 +00.04010E+00  0692 008438 -1 00009471 00009427 000 377 43063.8037490972
24.11.2017 19:17:24 +00.04010E+00  0708 008438 -1 00009472 00009427 000 340 43063.8037530324
24.11.2017 19:17:24 +00.04009E+00  0724 008438 -1 00009473 00009427 000 343 43063.8037570023
24.11.2017 19:17:24 +00.04009E+00  0741 008438 -1 00009474 00009427 000 343 43063.8037609722
24.11.2017 19:17:25 +00.04009E+00  0755 008438 -1 00009475 00009427 000 378 43063.8037653588
24.11.2017 19:17:25 +00.04010E+00  0773 008438 -1 00009476 00009427 000 340 43063.803769294
24.11.2017 19:17:26 +00.04010E+00  0785 008438 -1 00009477 00009427 000 341 43063.8037732523
24.11.2017 19:17:26 +00.04010E+00  0802 008438 -1 00009478 00009427 000 343 43063.8037772222
24.11.2017 19:17:26 +00.04010E+00  0815 008438 -1 00009479 00009427 000 380 43063.8037816204
24.11.2017 19:17:27 +00.04010E+00  0831 008438 -1 00009480 00009427 000 344 43063.8037856018
24.11.2017 19:17:27 +00.04010E+00  0849 008438 -1 00009481 00009427 000 343 43063.8037895718
24.11.2017 19:17:27 +00.04010E+00  0864 008438 -1 00009482 00009427 000 343 43063.8037935417
24.11.2017 19:17:28 +00.04010E+00  0881 008438 -1 00009483 00009427 000 374 43063.8037978819
24.11.2017 19:17:28 +00.04010E+00  0897 008438 -1 00009484 00009427 000 343 43063.8038018518
24.11.2017 19:17:28 +00.04010E+00  0911 008438 -1 00009485 00009427 000 343 43063.8038058218
24.11.2017 19:17:29 +00.04010E+00  0930 008438 -1 00009486 00009427 000 343 43063.8038097917
24.11.2017 19:17:29 +00.04009E+00  0940 008438 -1 00009487 00009427 000 376 43063.8038141435
24.11.2017 19:17:29 +00.04009E+00  0954 008438 -1 00009488 00009427 000 342 43063.8038181018
24.11.2017 19:17:30 +00.04009E+00  0967 008438 -1 00009489 00009427 000 343 43063.8038220718
24.11.2017 19:17:30 +00.04009E+00  0985 008438 -1 00009490 00009427 000 343 43063.8038260417
24.11.2017 19:17:30 +00.04010E+00  1002 008438 -1 00009491 00009427 000 377 43063.8038304051
24.11.2017 19:17:31 +00.04010E+00  1019 008438 -1 00009492 00009427 000 341 43063.8038343518
24.11.2017 19:17:31 +00.04010E+00  1037 008438 -1 00009493 00009427 000 343 43063.8038383218
24.11.2017 19:17:31 +00.04010E+00  1055 008438 -1 00009494 00009427 000 343 43063.8038422917
24.11.2017 19:17:32 +00.04010E+00  1070 008438 -1 00009495 00009427 000 378 43063.8038466667
24.11.2017 19:17:32 +00.04010E+00  1083 008438 -1 00009496 00009427 000 340 43063.8038506018
24.11.2017 19:17:33 +00.04010E+00  1091 008438 -1 00009497 00009427 000 342 43063.8038545602
24.11.2017 19:17:33 +00.04010E+00  1104 008438 -1 00009498 00009427 000 342 43063.8038585301
24.11.2017 19:17:33 +00.04010E+00  1118 008438 -1 00009499 00009427 000 380 43063.8038629282
24.11.2017 19:17:34 +00.04010E+00  1131 008438 -1 00009500 00009427 000 344 43063.8038669097
24.11.2017 19:17:34 +00.04010E+00  1143 008438 -1 00009501 00009427 000 343 43063.8038708912
24.11.2017 19:17:34 +00.04010E+00  1158 008438 -1 00009502 00009427 000 342 43063.8038748495
24.11.2017 19:17:35 +00.04010E+00  1174 008438 -1 00009503 00009427 000 374 43063.8038791898
24.11.2017 19:17:35 +00.04009E+00  1185 008438 -1 00009504 00009427 000 343 43063.8038831597
24.11.2017 19:17:35 +00.04009E+00  1199 008438 -1 00009505 00009427 000 344 43063.8038871412
24.11.2017 19:17:36 +00.04010E+00  1210 008438 -1 00009506 00009427 000 343 43063.8038911111
24.11.2017 19:17:36 +00.04010E+00  1226 008438 -1 00009507 00009427 000 375 43063.8038954514
24.11.2017 19:17:36 +00.04010E+00  1241 008438 -1 00009508 00009427 000 342 43063.8038994097
24.11.2017 19:17:37 +00.04009E+00  1253 008438 -1 00009509 00009427 000 343 43063.8039033796
24.11.2017 19:17:37 +00.04010E+00  1267 008438 -1 00009510 00009427 000 343 43063.8039073495
24.11.2017 19:17:37 +00.04010E+00  1281 008438 -1 00009511 00009427 000 377 43063.803911713
24.11.2017 19:17:38 +00.04010E+00  1292 008438 -1 00009512 00009427 000 341 43063.8039156597
24.11.2017 19:17:43 +00.04000E+00  0008 008418 -1 00009513 00009513 000 379 43063.8039767593
24.11.2017 19:17:43 +00.04000E+00  0034 008418 -1 00009514 00009513 000 345 43063.8039807523
24.11.2017 19:17:44 +00.04000E+00  0055 008418 -1 00009515 00009513 000 343 43063.8039847222
24.11.2017 19:17:44 +00.04000E+00  0068 008418 -1 00009516 00009513 000 343 43063.8039886921
24.11.2017 19:17:44 +00.04000E+00  0083 008418 -1 00009517 00009513 000 374 43063.8039930208
24.11.2017 19:17:45 +00.04000E+00  0103 008418 -1 00009518 00009513 000 344 43063.8039970023
24.11.2017 19:17:45 +00.04000E+00  0116 008418 -1 00009519 00009513 000 343 43063.8040009722
24.11.2017 19:17:46 +00.04000E+00  0130 008418 -1 00009520 00009513 000 343 43063.8040049421
24.11.2017 19:17:46 +00.04000E+00  0146 008418 -1 00009521 00009513 000 375 43063.8040092824
24.11.2017 19:17:46 +00.04000E+00  0167 008418 -1 00009522 00009513 000 343 43063.8040132523
24.11.2017 19:17:47 +00.04000E+00  0180 008418 -1 00009523 00009513 000 342 43063.8040172106
24.11.2017 19:17:47 +00.04000E+00  0198 008418 -1 00009524 00009513 000 342 43063.8040211806
24.11.2017 19:17:47 +00.04000E+00  0215 008418 -1 00009525 00009513 000 376 43063.804025544
24.11.2017 19:17:48 +00.04000E+00  0232 008418 -1 00009526 00009513 000 341 43063.8040294907
24.11.2017 19:17:48 +00.04000E+00  0246 008418 -1 00009527 00009513 000 343 43063.8040334606
24.11.2017 19:17:48 +00.04000E+00  0258 008418 -1 00009528 00009513 000 343 43063.8040374306
24.11.2017 19:17:49 +00.04000E+00  0271 008418 -1 00009529 00009513 000 378 43063.8040418056
24.11.2017 19:17:49 +00.04000E+00  0282 008418 -1 00009530 00009513 000 340 43063.8040457523
24.11.2017 19:17:49 +00.04000E+00  0294 008418 -1 00009531 00009513 000 341 43063.8040497106
24.11.2017 19:17:50 +00.04000E+00  0307 008418 -1 00009532 00009513 000 343 43063.8040536806
24.11.2017 19:17:50 +00.04000E+00  0321 008418 -1 00009533 00009513 000 379 43063.8040580671
24.11.2017 19:17:50 +00.04000E+00  0335 008418 -1 00009534 00009513 000 341 43063.8040620139
24.11.2017 19:17:51 +00.04000E+00  0355 008418 -1 00009535 00009513 000 341 43063.8040659606
24.11.2017 19:17:51 +00.04000E+00  0369 008418 -1 00009536 00009513 000 343 43063.8040699306
24.11.2017 19:17:52 +00.04000E+00  0387 008418 -1 00009537 00009513 000 380 43063.8040743287
24.11.2017 19:17:52 +00.04000E+00  0405 008418 -1 00009538 00009513 000 344 43063.8040783102
24.11.2017 19:17:52 +00.04000E+00  0414 008418 -1 00009539 00009513 000 343 43063.8040822801
24.11.2017 19:17:53 +00.04000E+00  0428 008418 -1 00009540 00009513 000 343 43063.80408625
24.11.2017 19:17:53 +00.04000E+00  0445 008418 -1 00009541 00009513 000 375 43063.8040905903
24.11.2017 19:17:53 +00.04000E+00  0464 008418 -1 00009542 00009513 000 343 43063.8040945602
24.11.2017 19:17:54 +00.04000E+00  0476 008418 -1 00009543 00009513 000 343 43063.8040985301
24.11.2017 19:17:54 +00.04000E+00  0497 008418 -1 00009544 00009513 000 343 43063.8041025
24.11.2017 19:17:54 +00.04000E+00  0508 008418 -1 00009545 00009513 000 376 43063.8041068519
24.11.2017 19:17:55 +00.04000E+00  0526 008418 -1 00009546 00009513 000 341 43063.8041107986
24.11.2017 19:17:55 +00.04000E+00  0546 008418 -1 00009547 00009513 000 342 43063.8041147685
24.11.2017 19:17:55 +00.04000E+00  0552 008418 -1 00009548 00009513 000 344 43063.80411875
24.11.2017 19:17:56 +00.04000E+00  0567 008418 -1 00009549 00009513 000 377 43063.8041231134
24.11.2017 19:17:56 +00.04000E+00  0579 008418 -1 00009550 00009513 000 340 43063.8041270602
24.11.2017 19:17:56 +00.04000E+00  0594 008418 -1 00009551 00009513 000 341 43063.8041310185
24.11.2017 19:17:57 +00.04000E+00  0608 008418 -1 00009552 00009513 000 343 43063.8041349884
24.11.2017 19:17:57 +00.04000E+00  0626 008418 -1 00009553 00009513 000 379 43063.804139375
24.11.2017 19:17:57 +00.04000E+00  0636 008418 -1 00009554 00009513 000 341 43063.8041433218
24.11.2017 19:17:58 +00.04000E+00  0652 008418 -1 00009555 00009513 000 341 43063.8041472685
24.11.2017 19:17:58 +00.04000E+00  0660 008418 -1 00009556 00009513 000 343 43063.8041512384
24.11.2017 19:17:59 +00.04000E+00  0676 008418 -1 00009557 00009513 000 380 43063.8041556366
24.11.2017 19:17:59 +00.04000E+00  0691 008418 -1 00009558 00009513 000 344 43063.8041596181
24.11.2017 19:17:59 +00.04000E+00  0705 008418 -1 00009559 00009513 000 343 43063.804163588
24.11.2017 19:18:00 +00.04000E+00  0717 008418 -1 00009560 00009513 000 343 43063.8041675579
24.11.2017 19:18:00 +00.04000E+00  0735 008418 -1 00009561 00009513 000 375 43063.8041718981
24.11.2017 19:18:00 +00.04000E+00  0757 008418 -1 00009562 00009513 000 343 43063.8041758681
24.11.2017 19:18:01 +00.04000E+00  0766 008418 -1 00009563 00009513 000 343 43063.804179838
24.11.2017 19:18:01 +00.04000E+00  0785 008418 -1 00009564 00009513 000 343 43063.8041838079
24.11.2017 19:18:01 +00.04000E+00  0797 008418 -1 00009565 00009513 000 376 43063.8041881597
24.11.2017 19:18:02 +00.04000E+00  0809 008418 -1 00009566 00009513 000 342 43063.8041921181
24.11.2017 19:18:02 +00.04000E+00  0828 008418 -1 00009567 00009513 000 343 43063.804196088
24.11.2017 19:18:02 +00.04000E+00  0845 008418 -1 00009568 00009513 000 343 43063.8042000579
24.11.2017 19:18:03 +00.04000E+00  0867 008418 -1 00009569 00009513 000 377 43063.8042044213
24.11.2017 19:18:03 +00.04000E+00  0882 008418 -1 00009570 00009513 000 341 43063.8042083681
24.11.2017 19:18:03 +00.04000E+00  0897 008418 -1 00009571 00009513 000 343 43063.804212338
24.11.2017 19:18:04 +00.04000E+00  0912 008418 -1 00009572 00009513 000 343 43063.8042163079
24.11.2017 19:18:04 +00.04000E+00  0924 008418 -1 00009573 00009513 000 379 43063.8042206944
24.11.2017 19:18:05 +00.04000E+00  0945 008418 -1 00009574 00009513 000 345 43063.8042246875
24.11.2017 19:18:05 +00.04000E+00  0958 008418 -1 00009575 00009513 000 343 43063.8042286574
24.11.2017 19:18:05 +00.04000E+00  0967 008418 -1 00009576 00009513 000 343 43063.8042326273
24.11.2017 19:18:06 +00.04000E+00  0984 008418 -1 00009577 00009513 000 373 43063.8042369444
24.11.2017 19:18:06 +00.04000E+00  1001 008418 -1 00009578 00009513 000 344 43063.8042409259
24.11.2017 19:18:06 +00.04000E+00  1018 008418 -1 00009579 00009513 000 343 43063.8042448958
24.11.2017 19:18:07 +00.04000E+00  1036 008418 -1 00009580 00009513 000 342 43063.8042488657
24.11.2017 19:18:07 +00.04000E+00  1056 008418 -1 00009581 00009513 000 374 43063.804253206
24.11.2017 19:18:07 +00.04000E+00  1083 008418 -1 00009582 00009513 000 343 43063.8042571759
24.11.2017 19:18:08 +00.04000E+00  1096 008418 -1 00009583 00009513 000 343 43063.8042611458
24.11.2017 19:18:08 +00.04000E+00  1117 008418 -1 00009584 00009513 000 343 43063.8042651157
24.11.2017 19:18:08 +00.04000E+00  1129 008418 -1 00009585 00009513 000 377 43063.8042694792
24.11.2017 19:18:09 +00.04000E+00  1144 008418 -1 00009586 00009513 000 341 43063.8042734259
24.11.2017 19:18:09 +00.04000E+00  1152 008418 -1 00009587 00009513 000 343 43063.8042773958
24.11.2017 19:18:09 +00.04000E+00  1164 008418 -1 00009588 00009513 000 343 43063.8042813657
24.11.2017 19:18:10 +00.04000E+00  1178 008418 -1 00009589 00009513 000 377 43063.8042857292
24.11.2017 19:18:10 +00.04000E+00  1189 008418 -1 00009590 00009513 000 341 43063.8042896759
24.11.2017 19:18:10 +00.04000E+00  1207 008418 -1 00009591 00009513 000 343 43063.8042936458
24.11.2017 19:18:11 +00.04000E+00  1216 008418 -1 00009592 00009513 000 343 43063.8042976157
24.11.2017 19:18:11 +00.04000E+00  1229 008418 -1 00009593 00009513 000 379 43063.8043020023
24.11.2017 19:18:12 +00.04000E+00  1240 008418 -1 00009594 00009513 000 345 43063.8043059954
24.11.2017 19:18:12 +00.04000E+00  1253 008418 -1 00009595 00009513 000 343 43063.8043099653
24.11.2017 19:18:12 +00.04000E+00  1266 008418 -1 00009596 00009513 000 343 43063.8043139352
24.11.2017 19:18:13 +00.04000E+00  1280 008418 -1 00009597 00009513 000 374 43063.8043182639
24.11.2017 19:18:13 +00.04000E+00  1297 008418 -1 00009598 00009513 000 344 43063.8043222454
24.11.2017 19:18:19 +00.03990E+00  0015 008396 -1 00009599 00009599 000 343 43063.8043875
24.11.2017 19:18:19 +00.03990E+00  0032 008396 -1 00009600 00009599 000 343 43063.8043914699
24.11.2017 19:18:19 +00.03989E+00  0045 008396 -1 00009601 00009599 000 419 43063.8043963194
24.11.2017 19:18:20 +00.03990E+00  0063 008396 -1 00009602 00009599 000 343 43063.8044002894
24.11.2017 19:18:20 +00.03989E+00  0075 008396 -1 00009603 00009599 000 343 43063.8044042593
24.11.2017 19:18:20 +00.03989E+00  0091 008396 -1 00009604 00009599 000 343 43063.8044082292
24.11.2017 19:18:21 +00.03990E+00  0105 008396 -1 00009605 00009599 000 376 43063.804412581
24.11.2017 19:18:21 +00.03989E+00  0121 008396 -1 00009606 00009599 000 341 43063.8044165278
24.11.2017 19:18:21 +00.03990E+00  0134 008396 -1 00009607 00009599 000 342 43063.8044204977
24.11.2017 19:18:22 +00.03990E+00  0154 008396 -1 00009608 00009599 000 343 43063.8044244792
24.11.2017 19:18:22 +00.03989E+00  0169 008396 -1 00009609 00009599 000 376 43063.804428831
24.11.2017 19:18:22 +00.03990E+00  0189 008396 -1 00009610 00009599 000 340 43063.8044327778
24.11.2017 19:18:23 +00.03990E+00  0207 008396 -1 00009611 00009599 000 343 43063.8044367477
24.11.2017 19:18:23 +00.03990E+00  0222 008396 -1 00009612 00009599 000 343 43063.8044407176
24.11.2017 19:18:24 +00.03990E+00  0230 008396 -1 00009613 00009599 000 379 43063.8044451042
24.11.2017 19:18:24 +00.03990E+00  0238 008396 -1 00009614 00009599 000 340 43063.8044490394
24.11.2017 19:18:24 +00.03990E+00  0252 008396 -1 00009615 00009599 000 342 43063.8044529977
24.11.2017 19:18:25 +00.03990E+00  0263 008396 -1 00009616 00009599 000 343 43063.8044569676
24.11.2017 19:18:25 +00.03989E+00  0277 008396 -1 00009617 00009599 000 380 43063.8044613657
24.11.2017 19:18:25 +00.03990E+00  0303 008396 -1 00009618 00009599 000 344 43063.8044653472
24.11.2017 19:18:26 +00.03990E+00  0319 008396 -1 00009619 00009599 000 343 43063.8044693171
24.11.2017 19:18:26 +00.03990E+00  0335 008396 -1 00009620 00009599 000 343 43063.804473287
24.11.2017 19:18:26 +00.03989E+00  0347 008396 -1 00009621 00009599 000 375 43063.8044776273
24.11.2017 19:18:27 +00.03990E+00  0364 008396 -1 00009622 00009599 000 343 43063.8044815972
24.11.2017 19:18:27 +00.03990E+00  0384 008396 -1 00009623 00009599 000 343 43063.8044855671
24.11.2017 19:18:27 +00.03989E+00  0397 008396 -1 00009624 00009599 000 343 43063.804489537
24.11.2017 19:18:28 +00.03990E+00  0412 008396 -1 00009625 00009599 000 376 43063.8044938889
24.11.2017 19:18:28 +00.03990E+00  0430 008396 -1 00009626 00009599 000 342 43063.8044978472
24.11.2017 19:18:28 +00.03990E+00  0440 008396 -1 00009627 00009599 000 343 43063.8045018171
24.11.2017 19:18:29 +00.03990E+00  0457 008396 -1 00009628 00009599 000 343 43063.804505787
24.11.2017 19:18:29 +00.03989E+00  0470 008396 -1 00009629 00009599 000 377 43063.8045101505
24.11.2017 19:18:30 +00.03990E+00  0493 008396 -1 00009630 00009599 000 342 43063.8045141088
24.11.2017 19:18:30 +00.03990E+00  0507 008396 -1 00009631 00009599 000 342 43063.8045180671
24.11.2017 19:18:30 +00.03990E+00  0524 008396 -1 00009632 00009599 000 343 43063.804522037
24.11.2017 19:18:31 +00.03990E+00  0536 008396 -1 00009633 00009599 000 378 43063.804526412
24.11.2017 19:18:31 +00.03989E+00  0556 008396 -1 00009634 00009599 000 340 43063.8045303472
24.11.2017 19:18:31 +00.03990E+00  0574 008396 -1 00009635 00009599 000 342 43063.8045343056
24.11.2017 19:18:32 +00.03990E+00  0590 008396 -1 00009636 00009599 000 343 43063.8045382755
24.11.2017 19:18:32 +00.03989E+00  0600 008396 -1 00009637 00009599 000 380 43063.8045426736
24.11.2017 19:18:32 +00.03990E+00  0615 008396 -1 00009638 00009599 000 344 43063.8045466551
24.11.2017 19:18:33 +00.03990E+00  0628 008396 -1 00009639 00009599 000 343 43063.804550625
24.11.2017 19:18:33 +00.03990E+00  0637 008396 -1 00009640 00009599 000 344 43063.8045546065
24.11.2017 19:18:33 +00.03990E+00  0650 008396 -1 00009641 00009599 000 375 43063.8045589468
24.11.2017 19:18:34 +00.03989E+00  0668 008396 -1 00009642 00009599 000 342 43063.8045629051
24.11.2017 19:18:34 +00.03989E+00  0681 008398 -1 00009643 00009599 000 343 43063.804566875
24.11.2017 19:18:34 +00.03990E+00  0695 008398 -1 00009644 00009599 000 343 43063.8045708449
24.11.2017 19:18:35 +00.03991E+00  0709 008398 -1 00009645 00009599 000 376 43063.8045751968
24.11.2017 19:18:35 +00.03991E+00  0720 008398 -1 00009646 00009599 000 342 43063.8045791551
24.11.2017 19:18:35 +00.03991E+00  0728 008398 -1 00009647 00009599 000 343 43063.804583125
24.11.2017 19:18:36 +00.03991E+00  0736 008398 -1 00009648 00009599 000 343 43063.8045870949
24.11.2017 19:18:36 +00.03990E+00  0758 008398 -1 00009649 00009599 000 377 43063.8045914583
24.11.2017 19:18:37 +00.03990E+00  0768 008398 -1 00009650 00009599 000 341 43063.8045954051
24.11.2017 19:18:37 +00.03990E+00  0782 008398 -1 00009651 00009599 000 343 43063.804599375
24.11.2017 19:18:37 +00.03991E+00  0795 008398 -1 00009652 00009599 000 343 43063.8046033449
24.11.2017 19:18:38 +00.03990E+00  0805 008398 -1 00009653 00009599 000 378 43063.8046077199
24.11.2017 19:18:38 +00.03991E+00  0827 008398 -1 00009654 00009599 000 340 43063.8046116551
24.11.2017 19:18:38 +00.03991E+00  0849 008398 -1 00009655 00009599 000 342 43063.804615625
24.11.2017 19:18:39 +00.03991E+00  0862 008398 -1 00009656 00009599 000 343 43063.8046195949
24.11.2017 19:18:39 +00.03991E+00  0879 008398 -1 00009657 00009599 000 379 43063.8046239815
24.11.2017 19:18:39 +00.03990E+00  0898 008396 -1 00009658 00009599 000 346 43063.8046279861
24.11.2017 19:18:40 +00.03990E+00  0917 008396 -1 00009659 00009599 000 342 43063.8046319444
24.11.2017 19:18:40 +00.03990E+00  0932 008396 -1 00009660 00009599 000 343 43063.8046359144
24.11.2017 19:18:40 +00.03990E+00  0945 008396 -1 00009661 00009599 000 374 43063.8046402431
24.11.2017 19:18:41 +00.03990E+00  0963 008396 -1 00009662 00009599 000 344 43063.8046442245
24.11.2017 19:18:41 +00.03990E+00  0981 008396 -1 00009663 00009599 000 342 43063.8046481829
24.11.2017 19:18:41 +00.03990E+00  0989 008396 -1 00009664 00009599 000 344 43063.8046521643
24.11.2017 19:18:42 +00.03990E+00  1005 008396 -1 00009665 00009599 000 375 43063.8046565046
24.11.2017 19:18:42 +00.03990E+00  1022 008396 -1 00009666 00009599 000 342 43063.804660463
24.11.2017 19:18:43 +00.03989E+00  1033 008396 -1 00009667 00009599 000 343 43063.8046644329
24.11.2017 19:18:43 +00.03990E+00  1047 008396 -1 00009668 00009599 000 343 43063.8046684028
24.11.2017 19:18:43 +00.03990E+00  1061 008396 -1 00009669 00009599 000 377 43063.8046727662
24.11.2017 19:18:44 +00.03990E+00  1077 008396 -1 00009670 00009599 000 341 43063.804676713
24.11.2017 19:18:44 +00.03989E+00  1089 008396 -1 00009671 00009599 000 343 43063.8046806829
24.11.2017 19:18:44 +00.03989E+00  1105 008396 -1 00009672 00009599 000 343 43063.8046846528
24.11.2017 19:18:45 +00.03990E+00  1123 008398 -1 00009673 00009599 000 378 43063.8046890278
24.11.2017 19:18:45 +00.03990E+00  1136 008398 -1 00009674 00009599 000 341 43063.8046929745
24.11.2017 19:18:45 +00.03990E+00  1151 008398 -1 00009675 00009599 000 342 43063.8046969329
24.11.2017 19:18:46 +00.03991E+00  1161 008398 -1 00009676 00009599 000 343 43063.8047009028
24.11.2017 19:18:46 +00.03991E+00  1171 008398 -1 00009677 00009599 000 379 43063.8047052894
24.11.2017 19:18:46 +00.03991E+00  1182 008398 -1 00009678 00009599 000 340 43063.8047092245
24.11.2017 19:18:47 +00.03991E+00  1201 008398 -1 00009679 00009599 000 342 43063.8047131829
24.11.2017 19:18:47 +00.03991E+00  1222 008398 -1 00009680 00009599 000 342 43063.8047171412
24.11.2017 19:18:47 +00.03991E+00  1237 008398 -1 00009681 00009599 000 380 43063.8047215509
24.11.2017 19:18:48 +00.03991E+00  1247 008398 -1 00009682 00009599 000 344 43063.8047255324
24.11.2017 19:18:48 +00.03991E+00  1257 008398 -1 00009683 00009599 000 343 43063.8047295023
24.11.2017 19:18:54 +00.03980E+00  0019 008377 -1 00009684 00009684 000 342 43063.8047940162
24.11.2017 19:18:54 +00.03980E+00  0032 008377 -1 00009685 00009684 000 343 43063.8047979861
24.11.2017 19:18:54 +00.03981E+00  0045 008377 -1 00009686 00009684 000 421 43063.8048028588
24.11.2017 19:18:55 +00.03981E+00  0066 008377 -1 00009687 00009684 000 341 43063.8048068056
24.11.2017 19:18:55 +00.03980E+00  0082 008377 -1 00009688 00009684 000 343 43063.8048107755
24.11.2017 19:18:55 +00.03981E+00  0099 008377 -1 00009689 00009684 000 343 43063.8048147454
24.11.2017 19:18:56 +00.03981E+00  0119 008377 -1 00009690 00009684 000 377 43063.8048191204
24.11.2017 19:18:56 +00.03981E+00  0138 008377 -1 00009691 00009684 000 340 43063.8048230556
24.11.2017 19:18:57 +00.03981E+00  0145 008377 -1 00009692 00009684 000 343 43063.8048270255
24.11.2017 19:18:57 +00.03981E+00  0153 008377 -1 00009693 00009684 000 342 43063.8048309838
24.11.2017 19:18:57 +00.03980E+00  0167 008377 -1 00009694 00009684 000 380 43063.8048353819
24.11.2017 19:18:58 +00.03980E+00  0183 008377 -1 00009695 00009684 000 344 43063.804839375
24.11.2017 19:18:58 +00.03981E+00  0196 008377 -1 00009696 00009684 000 343 43063.8048433449
24.11.2017 19:18:58 +00.03981E+00  0208 008377 -1 00009697 00009684 000 343 43063.8048473148
24.11.2017 19:18:59 +00.03981E+00  0225 008375 -1 00009698 00009684 000 375 43063.8048516551
24.11.2017 19:18:59 +00.03980E+00  0236 008375 -1 00009699 00009684 000 343 43063.804855625
24.11.2017 19:18:59 +00.03980E+00  0251 008375 -1 00009700 00009684 000 343 43063.8048595949
24.11.2017 19:19:00 +00.03980E+00  0261 008375 -1 00009701 00009684 000 343 43063.8048635648
24.11.2017 19:19:00 +00.03980E+00  0277 008375 -1 00009702 00009684 000 375 43063.8048679051
24.11.2017 19:19:00 +00.03980E+00  0293 008375 -1 00009703 00009684 000 343 43063.804871875
24.11.2017 19:19:01 +00.03979E+00  0315 008375 -1 00009704 00009684 000 343 43063.8048758449
24.11.2017 19:19:01 +00.03980E+00  0334 008375 -1 00009705 00009684 000 343 43063.8048798148
24.11.2017 19:19:01 +00.03980E+00  0352 008375 -1 00009706 00009684 000 376 43063.8048841667
24.11.2017 19:19:02 +00.03980E+00  0366 008375 -1 00009707 00009684 000 342 43063.804888125
24.11.2017 19:19:02 +00.03980E+00  0384 008375 -1 00009708 00009684 000 343 43063.8048920949
24.11.2017 19:19:03 +00.03980E+00  0400 008375 -1 00009709 00009684 000 343 43063.8048960648
24.11.2017 19:19:03 +00.03979E+00  0412 008375 -1 00009710 00009684 000 377 43063.8049004282
24.11.2017 19:19:03 +00.03980E+00  0431 008375 -1 00009711 00009684 000 341 43063.804904375
24.11.2017 19:19:04 +00.03980E+00  0449 008375 -1 00009712 00009684 000 343 43063.8049083449
24.11.2017 19:19:04 +00.03979E+00  0472 008375 -1 00009713 00009684 000 342 43063.8049123032
24.11.2017 19:19:04 +00.03980E+00  0487 008375 -1 00009714 00009684 000 379 43063.8049166898
24.11.2017 19:19:05 +00.03980E+00  0504 008375 -1 00009715 00009684 000 340 43063.804920625
24.11.2017 19:19:05 +00.03980E+00  0523 008375 -1 00009716 00009684 000 342 43063.8049245833
24.11.2017 19:19:05 +00.03980E+00  0543 008375 -1 00009717 00009684 000 343 43063.8049285532
24.11.2017 19:19:06 +00.03980E+00  0558 008375 -1 00009718 00009684 000 380 43063.8049329514
24.11.2017 19:19:06 +00.03980E+00  0575 008375 -1 00009719 00009684 000 344 43063.8049369329
24.11.2017 19:19:06 +00.03980E+00  0593 008375 -1 00009720 00009684 000 344 43063.8049409143
24.11.2017 19:19:07 +00.03980E+00  0604 008375 -1 00009721 00009684 000 342 43063.8049448727
24.11.2017 19:19:07 +00.03980E+00  0613 008375 -1 00009722 00009684 000 375 43063.804949213
24.11.2017 19:19:07 +00.03980E+00  0632 008375 -1 00009723 00009684 000 343 43063.8049531829
24.11.2017 19:19:08 +00.03979E+00  0647 008375 -1 00009724 00009684 000 343 43063.8049571528
24.11.2017 19:19:08 +00.03980E+00  0663 008375 -1 00009725 00009684 000 344 43063.8049611343
24.11.2017 19:19:09 +00.03980E+00  0680 008375 -1 00009726 00009684 000 375 43063.8049654745
24.11.2017 19:19:09 +00.03980E+00  0696 008375 -1 00009727 00009684 000 342 43063.8049694329
24.11.2017 19:19:09 +00.03980E+00  0711 008375 -1 00009728 00009684 000 343 43063.8049734028
24.11.2017 19:19:10 +00.03980E+00  0721 008375 -1 00009729 00009684 000 343 43063.8049773727
24.11.2017 19:19:10 +00.03980E+00  0741 008375 -1 00009730 00009684 000 377 43063.8049817361
24.11.2017 19:19:10 +00.03980E+00  0755 008375 -1 00009731 00009684 000 341 43063.8049856829
24.11.2017 19:19:11 +00.03980E+00  0770 008375 -1 00009732 00009684 000 343 43063.8049896528
24.11.2017 19:19:11 +00.03980E+00  0790 008375 -1 00009733 00009684 000 343 43063.8049936227
24.11.2017 19:19:11 +00.03980E+00  0811 008375 -1 00009734 00009684 000 378 43063.8049979977
24.11.2017 19:19:12 +00.03980E+00  0832 008375 -1 00009735 00009684 000 340 43063.8050019329
24.11.2017 19:19:12 +00.03980E+00  0858 008375 -1 00009736 00009684 000 342 43063.8050058912
24.11.2017 19:19:12 +00.03980E+00  0868 008375 -1 00009737 00009684 000 343 43063.8050098727
24.11.2017 19:19:13 +00.03980E+00  0877 008375 -1 00009738 00009684 000 380 43063.8050142708
24.11.2017 19:19:13 +00.03980E+00  0891 008375 -1 00009739 00009684 000 343 43063.8050182407
24.11.2017 19:19:13 +00.03980E+00  0906 008375 -1 00009740 00009684 000 343 43063.8050222222
24.11.2017 19:19:14 +00.03980E+00  0919 008375 -1 00009741 00009684 000 343 43063.8050261921
24.11.2017 19:19:14 +00.03980E+00  0934 008375 -1 00009742 00009684 000 375 43063.8050305324
24.11.2017 19:19:14 +00.03980E+00  0957 008375 -1 00009743 00009684 000 343 43063.8050345023
24.11.2017 19:19:15 +00.03980E+00  0970 008375 -1 00009744 00009684 000 342 43063.8050384606
24.11.2017 19:19:15 +00.03980E+00  0985 008375 -1 00009745 00009684 000 342 43063.8050424306
24.11.2017 19:19:16 +00.03980E+00  1000 008375 -1 00009746 00009684 000 378 43063.8050468056
24.11.2017 19:19:16 +00.03980E+00  1017 008375 -1 00009747 00009684 000 340 43063.8050507407
24.11.2017 19:19:16 +00.03980E+00  1034 008375 -1 00009748 00009684 000 342 43063.8050547106
24.11.2017 19:19:17 +00.03980E+00  1047 008375 -1 00009749 00009684 000 343 43063.8050586806
24.11.2017 19:19:17 +00.03980E+00  1065 008375 -1 00009750 00009684 000 376 43063.805063044
24.11.2017 19:19:17 +00.03980E+00  1081 008375 -1 00009751 00009684 000 341 43063.8050669907
24.11.2017 19:19:18 +00.03980E+00  1094 008375 -1 00009752 00009684 000 343 43063.8050709606
24.11.2017 19:19:18 +00.03980E+00  1118 008375 -1 00009753 00009684 000 343 43063.8050749306
24.11.2017 19:19:18 +00.03979E+00  1136 008375 -1 00009754 00009684 000 378 43063.8050793056
24.11.2017 19:19:19 +00.03980E+00  1150 008375 -1 00009755 00009684 000 340 43063.8050832407
24.11.2017 19:19:19 +00.03980E+00  1166 008375 -1 00009756 00009684 000 342 43063.8050872106
24.11.2017 19:19:19 +00.03980E+00  1182 008375 -1 00009757 00009684 000 343 43063.8050911806
24.11.2017 19:19:20 +00.03980E+00  1192 008375 -1 00009758 00009684 000 380 43063.8050955787
24.11.2017 19:19:20 +00.03980E+00  1208 008375 -1 00009759 00009684 000 344 43063.8050995602
24.11.2017 19:19:20 +00.03980E+00  1214 008375 -1 00009760 00009684 000 343 43063.8051035301
24.11.2017 19:19:21 +00.03980E+00  1228 008375 -1 00009761 00009684 000 343 43063.8051075
24.11.2017 19:19:21 +00.03980E+00  1238 008375 -1 00009762 00009684 000 375 43063.8051118403
24.11.2017 19:19:22 +00.03980E+00  1255 008375 -1 00009763 00009684 000 342 43063.8051157986
24.11.2017 19:19:22 +00.03980E+00  1273 008375 -1 00009764 00009684 000 343 43063.8051197801
24.11.2017 19:19:22 +00.03980E+00  1279 008375 -1 00009765 00009684 000 343 43063.80512375
24.11.2017 19:19:23 +00.03980E+00  1299 008375 -1 00009766 00009684 000 376 43063.8051281018
24.11.2017 19:19:23 +00.03980E+00  1312 008375 -1 00009767 00009684 000 342 43063.8051320602
24.11.2017 19:19:23 +00.03980E+00  1324 008375 -1 00009768 00009684 000 343 43063.8051360301
24.11.2017 19:19:24 +00.03980E+00  1336 008375 -1 00009769 00009684 000 342 43063.8051399884