
24.11.2017 19:23:31 +00.03800E+00  0015 007998 1 00010374 00010374 000 377 43063.8080064352
24.11.2017 19:23:32 +00.03800E+00  0036 007998 1 00010375 00010374 000 340 43063.8080103819
24.11.2017 19:23:32 +00.03800E+00  0051 007998 1 00010376 00010374 000 342 43063.8080143403
24.11.2017 19:23:32 +00.03800E+00  0060 007998 1 00010377 00010374 000 343 43063.8080183102
24.11.2017 19:23:33 +00.03800E+00  0072 007998 1 00010378 00010374 000 379 43063.8080226968
24.11.2017 19:23:33 +00.03800E+00  0097 007998 1 00010379 00010374 000 340 43063.8080266319
24.11.2017 19:23:33 +00.03800E+00  0112 007998 1 00010380 00010374 000 342 43063.8080305903
24.11.2017 19:23:34 +00.03800E+00  0131 007998 1 00010381 00010374 000 343 43063.8080345602
24.11.2017 19:23:34 +00.03800E+00  0144 007998 1 00010382 00010374 000 381 43063.8080389699
24.11.2017 19:23:34 +00.03800E+00  0160 007998 1 00010383 00010374 000 343 43063.8080429398
24.11.2017 19:23:35 +00.03800E+00  0173 007998 1 00010384 00010374 000 343 43063.8080469097
24.11.2017 19:23:35 +00.03800E+00  0188 007998 1 00010385 00010374 000 343 43063.8080508796
24.11.2017 19:23:35 +00.03800E+00  0206 007998 1 00010386 00010374 000 376 43063.8080552315
24.11.2017 19:23:36 +00.03800E+00  0221 007998 1 00010387 00010374 000 342 43063.8080591898
24.11.2017 19:23:36 +00.03800E+00  0239 007998 1 00010388 00010374 000 343 43063.8080631597
24.11.2017 19:23:37 +00.03800E+00  0250 007998 1 00010389 00010374 000 343 43063.8080671296
24.11.2017 19:23:37 +00.03800E+00  0263 007998 1 00010390 00010374 000 377 43063.8080714931
24.11.2017 19:23:37 +00.03800E+00  0281 007998 1 00010391 00010374 000 340 43063.8080754282
24.11.2017 19:23:38 +00.03800E+00  0306 007998 1 00010392 00010374 000 344 43063.8080794097
24.11.2017 19:23:38 +00.03800E+00  0317 007998 1 00010393 00010374 000 343 43063.8080833796
24.11.2017 19:23:38 +00.03800E+00  0324 007998 1 00010394 00010374 000 378 43063.8080877546
24.11.2017 19:23:39 +00.03800E+00  0342 007998 1 00010395 00010374 000 341 43063.8080917014
24.11.2017 19:23:39 +00.03800E+00  0358 007998 1 00010396 00010374 000 341 43063.8080956481
24.11.2017 19:23:39 +00.03800E+00  0369 007998 1 00010397 00010374 000 343 43063.8080996181
24.11.2017 19:23:40 +00.03800E+00  0387 007998 1 00010398 00010374 000 378 43063.8081040046
24.11.2017 19:23:40 +00.03800E+00  0403 007998 1 00010399 00010374 000 340 43063.8081079398
24.11.2017 19:23:40 +00.03800E+00  0414 007998 1 00010400 00010374 000 342 43063.8081118981
24.11.2017 19:23:41 +00.03800E+00  0428 007998 1 00010401 00010374 000 343 43063.8081158681
24.11.2017 19:23:41 +00.03800E+00  0440 007998 1 00010402 00010374 000 382 43063.8081202894
24.11.2017 19:23:41 +00.03800E+00  0451 007998 1 00010403 00010374 000 342 43063.8081242477
24.11.2017 19:23:42 +00.03800E+00  0460 007998 1 00010404 00010374 000 343 43063.8081282176
24.11.2017 19:23:42 +00.03800E+00  0480 007998 1 00010405 00010374 000 343 43063.8081321875
24.11.2017 19:23:42 +00.03800E+00  0495 007998 1 00010406 00010374 000 377 43063.8081365509
24.11.2017 19:23:43 +00.03800E+00  0503 007998 1 00010407 00010374 000 341 43063.8081404977
24.11.2017 19:23:43 +00.03800E+00  0526 007998 1 00010408 00010374 000 343 43063.8081444676
24.11.2017 19:23:44 +00.03800E+00  0541 007998 1 00010409 00010374 000 343 43063.8081484375
24.11.2017 19:23:44 +00.03800E+00  0556 007998 1 00010410 00010374 000 377 43063.8081528009
24.11.2017 19:23:44 +00.03800E+00  0571 007998 1 00010411 00010374 000 341 43063.8081567477
24.11.2017 19:23:45 +00.03800E+00  0582 007998 1 00010412 00010374 000 343 43063.8081607176
24.11.2017 19:23:45 +00.03800E+00  0604 007998 1 00010413 00010374 000 343 43063.8081646875
24.11.2017 19:23:45 +00.03800E+00  0616 007998 1 00010414 00010374 000 378 43063.8081690625
24.11.2017 19:23:46 +00.03800E+00  0636 007998 1 00010415 00010374 000 340 43063.8081729977
24.11.2017 19:23:46 +00.03800E+00  0650 007998 1 00010416 00010374 000 343 43063.8081769676
24.11.2017 19:23:46 +00.03800E+00  0665 007998 1 00010417 00010374 000 342 43063.8081809259
24.11.2017 19:23:47 +00.03800E+00  0677 007998 1 00010418 00010374 000 379 43063.8081853241
24.11.2017 19:23:47 +00.03800E+00  0698 007998 1 00010419 00010374 000 345 43063.8081893171
24.11.2017 19:23:47 +00.03800E+00  0722 007998 1 00010420 00010374 000 343 43063.808193287
24.11.2017 19:23:48 +00.03800E+00  0742 007998 1 00010421 00010374 000 343 43063.8081972569
24.11.2017 19:23:48 +00.03800E+00  0752 007998 1 00010422 00010374 000 374 43063.8082015856
24.11.2017 19:23:48 +00.03800E+00  0768 007998 1 00010423 00010374 000 343 43063.8082055556
24.11.2017 19:23:49 +00.03800E+00  0779 007998 1 00010424 00010374 000 343 43063.808209537
24.11.2017 19:23:49 +00.03800E+00  0792 007998 1 00010425 00010374 000 342 43063.8082134954
24.11.2017 19:23:50 +00.03800E+00  0807 007998 1 00010426 00010374 000 375 43063.8082178472
24.11.2017 19:23:50 +00.03800E+00  0818 007998 1 00010427 00010374 000 342 43063.8082218056
24.11.2017 19:23:50 +00.03800E+00  0837 007998 1 00010428 00010374 000 343 43063.8082257755
24.11.2017 19:23:51 +00.03800E+00  0847 007998 1 00010429 00010374 000 343 43063.8082297454
24.11.2017 19:23:51 +00.03800E+00  0862 007998 1 00010430 00010374 000 377 43063.8082341088
24.11.2017 19:23:51 +00.03800E+00  0878 007998 1 00010431 00010374 000 341 43063.8082380556
24.11.2017 19:23:52 +00.03800E+00  0893 007998 1 00010432 00010374 000 343 43063.8082420255
24.11.2017 19:23:52 +00.03800E+00  0903 007998 1 00010433 00010374 000 343 43063.8082459954
24.11.2017 19:23:52 +00.03800E+00  0919 007998 1 00010434 00010374 000 378 43063.8082503704
24.11.2017 19:23:53 +00.03800E+00  0946 007998 1 00010435 00010374 000 340 43063.8082543056
24.11.2017 19:23:53 +00.03800E+00  0958 007998 1 00010436 00010374 000 343 43063.8082582755
24.11.2017 19:23:53 +00.03800E+00  0975 007998 1 00010437 00010374 000 343 43063.8082622454
24.11.2017 19:23:54 +00.03800E+00  0987 007998 1 00010438 00010374 000 379 43063.8082666319
24.11.2017 19:23:54 +00.03800E+00  0997 007998 1 00010439 00010374 000 345 43063.808270625
24.11.2017 19:23:54 +00.03800E+00  1013 007998 1 00010440 00010374 000 343 43063.8082745949
24.11.2017 19:23:55 +00.03800E+00  1030 007998 1 00010441 00010374 000 343 43063.8082785648
24.11.2017 19:23:55 +00.03800E+00  1043 007998 1 00010442 00010374 000 374 43063.8082828935
24.11.2017 19:23:55 +00.03800E+00  1055 007998 1 00010443 00010374 000 344 43063.808286875
24.11.2017 19:23:56 +00.03800E+00  1072 007998 1 00010444 00010374 000 343 43063.8082908449
24.11.2017 19:23:56 +00.03800E+00  1085 007998 1 00010445 00010374 000 343 43063.8082948148
24.11.2017 19:23:57 +00.03800E+00  1103 007998 1 00010446 00010374 000 375 43063.8082991551
24.11.2017 19:23:57 +00.03800E+00  1112 007998 1 00010447 00010374 000 343 43063.808303125
24.11.2017 19:23:57 +00.03800E+00  1124 007998 1 00010448 00010374 000 343 43063.8083070949
24.11.2017 19:23:58 +00.03800E+00  1144 007998 1 00010449 00010374 000 343 43063.8083110648
24.11.2017 19:23:58 +00.03800E+00  1160 007998 1 00010450 00010374 000 376 43063.8083154167
24.11.2017 19:23:58 +00.03800E+00  1176 007998 1 00010451 00010374 000 341 43063.8083193634
24.11.2017 19:23:59 +00.03800E+00  1191 007998 1 00010452 00010374 000 343 43063.8083233333
24.11.2017 19:23:59 +00.03800E+00  1207 007998 1 00010453 00010374 000 343 43063.8083273032
24.11.2017 19:23:59 +00.03800E+00  1223 007998 1 00010454 00010374 000 377 43063.8083316667
24.11.2017 19:24:00 +00.03800E+00  1239 007998 1 00010455 00010374 000 340 43063.8083356134
24.11.2017 19:24:00 +00.03800E+00  1252 007998 1 00010456 00010374 000 342 43063.8083395833
24.11.2017 19:24:00 +00.03800E+00  1268 007998 1 00010457 00010374 000 343 43063.8083435532
24.11.2017 19:24:01 +00.03800E+00  1278 007998 1 00010458 00010374 000 379 43063.8083479398
24.11.2017 19:24:01 +00.03800E+00  1291 007998 1 00010459 00010374 000 340 43063.808351875
24.11.2017 19:24:06 +00.03820E+00  0010 008039 1 00010460 00010460 000 381 43063.8084129861
24.11.2017 19:24:07 +00.03820E+00  0019 008039 1 00010461 00010460 000 343 43063.808416956
24.11.2017 19:24:07 +00.03820E+00  0034 008039 1 00010462 00010460 000 343 43063.8084209259
24.11.2017 19:24:07 +00.03820E+00  0049 008039 1 00010463 00010460 000 343 43063.8084248958
24.11.2017 19:24:08 +00.03820E+00  0059 008039 1 00010464 00010460 000 376 43063.8084292477
24.11.2017 19:24:08 +00.03819E+00  0077 008039 1 00010465 00010460 000 342 43063.808433206
24.11.2017 19:24:08 +00.03820E+00  0097 008039 1 00010466 00010460 000 343 43063.8084371759
24.11.2017 19:24:09 +00.03820E+00  0107 008039 1 00010467 00010460 000 343 43063.8084411458
24.11.2017 19:24:09 +00.03820E+00  0120 008039 1 00010468 00010460 000 377 43063.8084455093
24.11.2017 19:24:10 +00.03820E+00  0136 008039 1 00010469 00010460 000 340 43063.8084494444
24.11.2017 19:24:10 +00.03820E+00  0150 008039 1 00010470 00010460 000 344 43063.8084534259
24.11.2017 19:24:10 +00.03820E+00  0175 008039 1 00010471 00010460 000 343 43063.8084573958
24.11.2017 19:24:11 +00.03820E+00  0187 008039 1 00010472 00010460 000 378 43063.8084617708
24.11.2017 19:24:11 +00.03820E+00  0206 008039 1 00010473 00010460 000 340 43063.808465706
24.11.2017 19:24:11 +00.03820E+00  0227 008039 1 00010474 00010460 000 342 43063.8084696643
24.11.2017 19:24:12 +00.03820E+00  0242 008039 1 00010475 00010460 000 343 43063.8084736343
24.11.2017 19:24:12 +00.03819E+00  0257 008039 1 00010476 00010460 000 380 43063.8084780324
24.11.2017 19:24:12 +00.03819E+00  0268 008039 1 00010477 00010460 000 343 43063.8084820139
24.11.2017 19:24:13 +00.03820E+00  0289 008039 1 00010478 00010460 000 343 43063.8084859838
24.11.2017 19:24:13 +00.03820E+00  0300 008039 1 00010479 00010460 000 344 43063.8084899653
24.11.2017 19:24:13 +00.03819E+00  0316 008039 1 00010480 00010460 000 374 43063.808494294
24.11.2017 19:24:14 +00.03819E+00  0335 008039 1 00010481 00010460 000 342 43063.8084982639
24.11.2017 19:24:14 +00.03820E+00  0347 008039 1 00010482 00010460 000 343 43063.8085022338
24.11.2017 19:24:14 +00.03820E+00  0368 008039 1 00010483 00010460 000 343 43063.8085062037
24.11.2017 19:24:15 +00.03820E+00  0379 008039 1 00010484 00010460 000 376 43063.8085105556
24.11.2017 19:24:15 +00.03820E+00  0397 008039 1 00010485 00010460 000 342 43063.8085145139
24.11.2017 19:24:15 +00.03820E+00  0414 008039 1 00010486 00010460 000 343 43063.8085184838
24.11.2017 19:24:16 +00.03820E+00  0426 008039 1 00010487 00010460 000 343 43063.8085224537
24.11.2017 19:24:16 +00.03820E+00  0436 008039 1 00010488 00010460 000 377 43063.8085268171
24.11.2017 19:24:17 +00.03820E+00  0452 008039 1 00010489 00010460 000 341 43063.8085307639
24.11.2017 19:24:17 +00.03820E+00  0467 008039 1 00010490 00010460 000 343 43063.8085347338
24.11.2017 19:24:17 +00.03819E+00  0480 008039 1 00010491 00010460 000 343 43063.8085387037
24.11.2017 19:24:18 +00.03819E+00  0489 008039 1 00010492 00010460 000 378 43063.8085430787
24.11.2017 19:24:18 +00.03819E+00  0508 008039 1 00010493 00010460 000 340 43063.8085470139
24.11.2017 19:24:18 +00.03820E+00  0526 008039 1 00010494 00010460 000 342 43063.8085509722
24.11.2017 19:24:19 +00.03820E+00  0537 008039 1 00010495 00010460 000 342 43063.8085549421
24.11.2017 19:24:19 +00.03820E+00  0549 008039 1 00010496 00010460 000 379 43063.8085593403
24.11.2017 19:24:19 +00.03820E+00  0564 008039 1 00010497 00010460 000 345 43063.8085633333
24.11.2017 19:24:20 +00.03820E+00  0578 008039 1 00010498 00010460 000 343 43063.8085673032
24.11.2017 19:24:20 +00.03820E+00  0594 008039 1 00010499 00010460 000 343 43063.8085712731
24.11.2017 19:24:20 +00.03820E+00  0611 008039 1 00010500 00010460 000 374 43063.8085756019
24.11.2017 19:24:21 +00.03820E+00  0628 008039 1 00010501 00010460 000 343 43063.8085795718
24.11.2017 19:24:21 +00.03820E+00  0644 008039 1 00010502 00010460 000 343 43063.8085835532
24.11.2017 19:24:21 +00.03820E+00  0663 008039 1 00010503 00010460 000 343 43063.8085875231
24.11.2017 19:24:22 +00.03820E+00  0672 008039 1 00010504 00010460 000 375 43063.8085918634
24.11.2017 19:24:22 +00.03820E+00  0695 008039 1 00010505 00010460 000 341 43063.8085958218
24.11.2017 19:24:23 +00.03820E+00  0719 008039 1 00010506 00010460 000 344 43063.8085998032
24.11.2017 19:24:23 +00.03820E+00  0737 008039 1 00010507 00010460 000 342 43063.8086037616
24.11.2017 19:24:23 +00.03820E+00  0749 008039 1 00010508 00010460 000 377 43063.808608125
24.11.2017 19:24:24 +00.03820E+00  0764 008039 1 00010509 00010460 000 341 43063.8086120718
24.11.2017 19:24:24 +00.03820E+00  0784 008039 1 00010510 00010460 000 343 43063.8086160417
24.11.2017 19:24:24 +00.03820E+00  0797 008039 1 00010511 00010460 000 343 43063.8086200116
24.11.2017 19:24:25 +00.03820E+00  0808 008039 1 00010512 00010460 000 378 43063.8086243866
24.11.2017 19:24:25 +00.03820E+00  0824 008039 1 00010513 00010460 000 341 43063.8086283333
24.11.2017 19:24:25 +00.03820E+00  0837 008039 1 00010514 00010460 000 342 43063.8086322917
24.11.2017 19:24:26 +00.03820E+00  0853 008039 1 00010515 00010460 000 343 43063.8086362616
24.11.2017 19:24:26 +00.03820E+00  0870 008039 1 00010516 00010460 000 379 43063.8086406481
24.11.2017 19:24:26 +00.03820E+00  0889 008039 1 00010517 00010460 000 345 43063.8086446412
24.11.2017 19:24:27 +00.03820E+00  0908 008039 1 00010518 00010460 000 343 43063.8086486111
24.11.2017 19:24:27 +00.03820E+00  0921 008039 1 00010519 00010460 000 343 43063.808652581
24.11.2017 19:24:27 +00.03819E+00  0934 008039 1 00010520 00010460 000 374 43063.8086569097
24.11.2017 19:24:28 +00.03819E+00  0951 008039 1 00010521 00010460 000 344 43063.8086608912
24.11.2017 19:24:28 +00.03820E+00  0965 008039 1 00010522 00010460 000 343 43063.8086648611
24.11.2017 19:24:28 +00.03820E+00  0983 008039 1 00010523 00010460 000 343 43063.808668831
24.11.2017 19:24:29 +00.03820E+00  0996 008039 1 00010524 00010460 000 375 43063.8086731713
24.11.2017 19:24:29 +00.03819E+00  1009 008039 1 00010525 00010460 000 342 43063.8086771296
24.11.2017 19:24:30 +00.03820E+00  1022 008039 1 00010526 00010460 000 343 43063.8086811111
24.11.2017 19:24:30 +00.03819E+00  1036 008039 1 00010527 00010460 000 343 43063.808685081
24.11.2017 19:24:30 +00.03820E+00  1052 008039 1 00010528 00010460 000 376 43063.8086894329
24.11.2017 19:24:31 +00.03820E+00  1077 008039 1 00010529 00010460 000 341 43063.8086933796
24.11.2017 19:24:31 +00.03820E+00  1092 008039 1 00010530 00010460 000 343 43063.8086973495
24.11.2017 19:24:31 +00.03820E+00  1108 008039 1 00010531 00010460 000 343 43063.8087013194
24.11.2017 19:24:32 +00.03820E+00  1115 008039 1 00010532 00010460 000 378 43063.8087056944
24.11.2017 19:24:32 +00.03820E+00  1133 008039 1 00010533 00010460 000 340 43063.8087096412
24.11.2017 19:24:32 +00.03820E+00  1150 008039 1 00010534 00010460 000 342 43063.8087135995
24.11.2017 19:24:33 +00.03820E+00  1162 008039 1 00010535 00010460 000 343 43063.8087175694
24.11.2017 19:24:33 +00.03819E+00  1171 008039 1 00010536 00010460 000 379 43063.808721956
24.11.2017 19:24:33 +00.03820E+00  1185 008039 1 00010537 00010460 000 340 43063.8087258912
24.11.2017 19:24:34 +00.03820E+00  1195 008039 1 00010538 00010460 000 342 43063.8087298495
24.11.2017 19:24:34 +00.03820E+00  1216 008039 1 00010539 00010460 000 343 43063.8087338194
24.11.2017 19:24:34 +00.03820E+00  1235 008039 1 00010540 00010460 000 382 43063.8087382407
24.11.2017 19:24:35 +00.03819E+00  1250 008039 1 00010541 00010460 000 342 43063.8087421991
24.11.2017 19:24:35 +00.03819E+00  1263 008039 1 00010542 00010460 000 343 43063.808746169
24.11.2017 19:24:36 +00.03819E+00  1288 008039 1 00010543 00010460 000 343 43063.8087501389
24.11.2017 19:24:36 +00.03820E+00  1301 008039 1 00010544 00010460 000 375 43063.8087544792
24.11.2017 19:24:36 +00.03820E+00  1314 008039 1 00010545 00010460 000 343 43063.8087584491
24.11.2017 19:24:42 +00.03840E+00  0008 008082 1 00010546 00010546 000 377 43063.8088195255
24.11.2017 19:24:42 +00.03840E+00  0034 008082 1 00010547 00010546 000 340 43063.8088234606
24.11.2017 19:24:42 +00.03840E+00  0048 008082 1 00010548 00010546 000 343 43063.8088274306
24.11.2017 19:24:43 +00.03840E+00  0066 008082 1 00010549 00010546 000 343 43063.8088314005
24.11.2017 19:24:43 +00.03840E+00  0087 008082 1 00010550 00010546 000 380 43063.8088357986
24.11.2017 19:24:43 +00.03840E+00  0106 008082 1 00010551 00010546 000 344 43063.8088397801
24.11.2017 19:24:44 +00.03840E+00  0116 008082 1 00010552 00010546 000 344 43063.8088437616
24.11.2017 19:24:44 +00.03840E+00  0129 008082 1 00010553 00010546 000 342 43063.8088477199
24.11.2017 19:24:44 +00.03840E+00  0140 008082 1 00010554 00010546 000 374 43063.8088520602
24.11.2017 19:24:45 +00.03840E+00  0153 008082 1 00010555 00010546 000 343 43063.8088560301
24.11.2017 19:24:45 +00.03840E+00  0168 008082 1 00010556 00010546 000 343 43063.80886
24.11.2017 19:24:45 +00.03840E+00  0188 008082 1 00010557 00010546 000 343 43063.8088639699
24.11.2017 19:24:46 +00.03840E+00  0201 008082 1 00010558 00010546 000 375 43063.8088683102
24.11.2017 19:24:46 +00.03840E+00  0224 008082 1 00010559 00010546 000 343 43063.8088722801
24.11.2017 19:24:46 +00.03840E+00  0232 008082 1 00010560 00010546 000 343 43063.80887625
24.11.2017 19:24:47 +00.03840E+00  0242 008082 1 00010561 00010546 000 343 43063.8088802199
24.11.2017 19:24:47 +00.03840E+00  0262 008082 1 00010562 00010546 000 377 43063.8088845833
24.11.2017 19:24:47 +00.03840E+00  0276 008082 1 00010563 00010546 000 341 43063.8088885301
24.11.2017 19:24:48 +00.03840E+00  0287 008082 1 00010564 00010546 000 343 43063.8088925
24.11.2017 19:24:48 +00.03840E+00  0307 008082 1 00010565 00010546 000 343 43063.8088964699
24.11.2017 19:24:49 +00.03840E+00  0319 008082 1 00010566 00010546 000 378 43063.8089008449
24.11.2017 19:24:49 +00.03840E+00  0338 008082 1 00010567 00010546 000 340 43063.8089047801
24.11.2017 19:24:49 +00.03840E+00  0362 008082 1 00010568 00010546 000 342 43063.80890875
24.11.2017 19:24:50 +00.03840E+00  0377 008082 1 00010569 00010546 000 343 43063.8089127199
24.11.2017 19:24:50 +00.03840E+00  0389 008082 1 00010570 00010546 000 379 43063.8089171065
24.11.2017 19:24:50 +00.03840E+00  0409 008082 1 00010571 00010546 000 345 43063.8089210995
24.11.2017 19:24:51 +00.03840E+00  0426 008082 1 00010572 00010546 000 343 43063.8089250694
24.11.2017 19:24:51 +00.03840E+00  0434 008082 1 00010573 00010546 000 343 43063.8089290394
24.11.2017 19:24:51 +00.03840E+00  0437 008082 1 00010574 00010546 000 374 43063.8089333681
24.11.2017 19:24:52 +00.03840E+00  0450 008082 1 00010575 00010546 000 343 43063.808937338
24.11.2017 19:24:52 +00.03840E+00  0459 008082 1 00010576 00010546 000 343 43063.8089413194
24.11.2017 19:24:52 +00.03840E+00  0477 008082 1 00010577 00010546 000 343 43063.8089452894
24.11.2017 19:24:53 +00.03840E+00  0492 008082 1 00010578 00010546 000 375 43063.8089496296
24.11.2017 19:24:53 +00.03840E+00  0503 008082 1 00010579 00010546 000 343 43063.8089535995
24.11.2017 19:24:53 +00.03840E+00  0514 008082 1 00010580 00010546 000 342 43063.8089575579
24.11.2017 19:24:54 +00.03840E+00  0528 008082 1 00010581 00010546 000 343 43063.8089615278
24.11.2017 19:24:54 +00.03840E+00  0546 008082 1 00010582 00010546 000 376 43063.8089658796
24.11.2017 19:24:54 +00.03840E+00  0561 008082 1 00010583 00010546 000 341 43063.808969838
24.11.2017 19:24:55 +00.03840E+00  0576 008082 1 00010584 00010546 000 343 43063.8089738079
24.11.2017 19:24:55 +00.03840E+00  0581 008082 1 00010585 00010546 000 343 43063.8089777778
24.11.2017 19:24:56 +00.03840E+00  0589 008082 1 00010586 00010546 000 378 43063.8089821528
24.11.2017 19:24:56 +00.03840E+00  0601 008082 1 00010587 00010546 000 340 43063.808986088
24.11.2017 19:24:56 +00.03840E+00  0624 008082 1 00010588 00010546 000 343 43063.8089900579
24.11.2017 19:24:57 +00.03840E+00  0636 008082 1 00010589 00010546 000 343 43063.8089940278
24.11.2017 19:24:57 +00.03840E+00  0645 008082 1 00010590 00010546 000 379 43063.8089984144
24.11.2017 19:24:57 +00.03840E+00  0660 008082 1 00010591 00010546 000 340 43063.8090023495
24.11.2017 19:24:58 +00.03840E+00  0682 008082 1 00010592 00010546 000 342 43063.8090063079
24.11.2017 19:24:58 +00.03840E+00  0695 008082 1 00010593 00010546 000 343 43063.8090102778
24.11.2017 19:24:58 +00.03840E+00  0710 008082 1 00010594 00010546 000 380 43063.8090146759
24.11.2017 19:24:59 +00.03840E+00  0717 008082 1 00010595 00010546 000 344 43063.8090186574
24.11.2017 19:24:59 +00.03840E+00  0733 008082 1 00010596 00010546 000 343 43063.8090226273
24.11.2017 19:24:59 +00.03840E+00  0748 008082 1 00010597 00010546 000 343 43063.8090265972
24.11.2017 19:25:00 +00.03840E+00  0758 008082 1 00010598 00010546 000 375 43063.8090309375
24.11.2017 19:25:00 +00.03840E+00  0781 008082 1 00010599 00010546 000 342 43063.8090348958
24.11.2017 19:25:00 +00.03840E+00  0791 008082 1 00010600 00010546 000 343 43063.8090388773
24.11.2017 19:25:01 +00.03840E+00  0814 008082 1 00010601 00010546 000 343 43063.8090428472
24.11.2017 19:25:01 +00.03840E+00  0830 008082 1 00010602 00010546 000 376 43063.8090471991
24.11.2017 19:25:02 +00.03840E+00  0857 008082 1 00010603 00010546 000 341 43063.8090511458
24.11.2017 19:25:02 +00.03840E+00  0866 008082 1 00010604 00010546 000 343 43063.8090551157
24.11.2017 19:25:02 +00.03840E+00  0884 008082 1 00010605 00010546 000 343 43063.8090590856
24.11.2017 19:25:03 +00.03840E+00  0898 008082 1 00010606 00010546 000 376 43063.8090634491
24.11.2017 19:25:03 +00.03840E+00  0913 008082 1 00010607 00010546 000 340 43063.8090673958
24.11.2017 19:25:03 +00.03840E+00  0931 008082 1 00010608 00010546 000 342 43063.8090713657
24.11.2017 19:25:04 +00.03840E+00  0951 008082 1 00010609 00010546 000 343 43063.8090753356
24.11.2017 19:25:04 +00.03840E+00  0972 008082 1 00010610 00010546 000 379 43063.8090797222
24.11.2017 19:25:04 +00.03840E+00  0986 008082 1 00010611 00010546 000 340 43063.8090836574
24.11.2017 19:25:05 +00.03840E+00  1005 008082 1 00010612 00010546 000 341 43063.8090876157
24.11.2017 19:25:05 +00.03840E+00  1026 008082 1 00010613 00010546 000 343 43063.8090915856
24.11.2017 19:25:05 +00.03840E+00  1041 008082 1 00010614 00010546 000 380 43063.8090959838
24.11.2017 19:25:06 +00.03840E+00  1060 008082 1 00010615 00010546 000 345 43063.8090999769
24.11.2017 19:25:06 +00.03840E+00  1079 008082 1 00010616 00010546 000 342 43063.8091039352
24.11.2017 19:25:06 +00.03840E+00  1089 008082 1 00010617 00010546 000 343 43063.8091079051
24.11.2017 19:25:07 +00.03840E+00  1106 008082 1 00010618 00010546 000 375 43063.8091122454
24.11.2017 19:25:07 +00.03840E+00  1123 008082 1 00010619 00010546 000 343 43063.8091162153
24.11.2017 19:25:07 +00.03840E+00  1140 008082 1 00010620 00010546 000 343 43063.8091201852
24.11.2017 19:25:08 +00.03840E+00  1154 008082 1 00010621 00010546 000 343 43063.8091241551
24.11.2017 19:25:08 +00.03840E+00  1170 008082 1 00010622 00010546 000 376 43063.8091285069
24.11.2017 19:25:09 +00.03840E+00  1189 008082 1 00010623 00010546 000 342 43063.8091324653
24.11.2017 19:25:09 +00.03840E+00  1199 008082 1 00010624 00010546 000 343 43063.8091364352
24.11.2017 19:25:09 +00.03840E+00  1212 008082 1 00010625 00010546 000 343 43063.8091404051
24.11.2017 19:25:10 +00.03840E+00  1227 008082 1 00010626 00010546 000 377 43063.8091447685
24.11.2017 19:25:10 +00.03840E+00  1243 008082 1 00010627 00010546 000 340 43063.8091487037
24.11.2017 19:25:10 +00.03840E+00  1258 008082 1 00010628 00010546 000 344 43063.8091526852
24.11.2017 19:25:11 +00.03840E+00  1276 008082 1 00010629 00010546 000 342 43063.8091566435
24.11.2017 19:25:11 +00.03840E+00  1294 008082 1 00010630 00010546 000 378 43063.8091610301
24.11.2017 19:25:11 +00.03840E+00  1312 008082 1 00010631 00010546 000 340 43063.8091649653
24.11.2017 19:25:12 +00.03840E+00  1325 008082 1 00010632 00010546 000 343 43063.8091689352
24.11.2017 19:25:17 +00.03860E+00  0017 008125 1 00010633 00010633 000 382 43063.8092293287
24.11.2017 19:25:17 +00.03860E+00  0035 008125 1 00010634 00010633 000 342 43063.809233287
24.11.2017 19:25:18 +00.03861E+00  0054 008125 1 00010635 00010633 000 343 43063.8092372569
24.11.2017 19:25:18 +00.03860E+00  0071 008125 1 00010636 00010633 000 343 43063.8092412269
24.11.2017 19:25:18 +00.03860E+00  0092 008125 1 00010637 00010633 000 377 43063.8092455903
24.11.2017 19:25:19 +00.03860E+00  0110 008125 1 00010638 00010633 000 341 43063.809249537
24.11.2017 19:25:19 +00.03860E+00  0130 008125 1 00010639 00010633 000 343 43063.8092535069
24.11.2017 19:25:19 +00.03860E+00  0137 008125 1 00010640 00010633 000 343 43063.8092574769
24.11.2017 19:25:20 +00.03860E+00  0145 008125 1 00010641 00010633 000 378 43063.8092618518
24.11.2017 19:25:20 +00.03860E+00  0160 008125 1 00010642 00010633 000 341 43063.8092657986
24.11.2017 19:25:20 +00.03861E+00  0169 008125 1 00010643 00010633 000 342 43063.8092697569
24.11.2017 19:25:21 +00.03860E+00  0183 008125 1 00010644 00010633 000 343 43063.8092737269
24.11.2017 19:25:21 +00.03860E+00  0202 008125 1 00010645 00010633 000 379 43063.8092781134
24.11.2017 19:25:21 +00.03860E+00  0219 008125 1 00010646 00010633 000 344 43063.8092820949
24.11.2017 19:25:22 +00.03860E+00  0234 008125 1 00010647 00010633 000 343 43063.8092860764
24.11.2017 19:25:22 +00.03860E+00  0250 008125 1 00010648 00010633 000 343 43063.8092900463
24.11.2017 19:25:23 +00.03860E+00  0260 008125 1 00010649 00010633 000 374 43063.809294375
24.11.2017 19:25:23 +00.03860E+00  0277 008125 1 00010650 00010633 000 343 43063.8092983449
24.11.2017 19:25:23 +00.03860E+00  0292 008125 1 00010651 00010633 000 342 43063.8093023148
24.11.2017 19:25:24 +00.03860E+00  0305 008125 1 00010652 00010633 000 343 43063.8093062847
24.11.2017 19:25:24 +00.03860E+00  0321 008125 1 00010653 00010633 000 375 43063.8093106366
24.11.2017 19:25:24 +00.03861E+00  0339 008125 1 00010654 00010633 000 341 43063.8093145949
24.11.2017 19:25:25 +00.03861E+00  0349 008125 1 00010655 00010633 000 343 43063.8093185648
24.11.2017 19:25:25 +00.03861E+00  0361 008125 1 00010656 00010633 000 343 43063.8093225347
24.11.2017 19:25:25 +00.03861E+00  0377 008125 1 00010657 00010633 000 377 43063.8093268981
24.11.2017 19:25:26 +00.03861E+00  0395 008125 1 00010658 00010633 000 341 43063.8093308449
24.11.2017 19:25:26 +00.03861E+00  0413 008125 1 00010659 00010633 000 343 43063.8093348148
24.11.2017 19:25:26 +00.03860E+00  0430 008125 1 00010660 00010633 000 343 43063.8093387847
24.11.2017 19:25:27 +00.03860E+00  0450 008125 1 00010661 00010633 000 378 43063.8093431597
24.11.2017 19:25:27 +00.03860E+00  0472 008125 1 00010662 00010633 000 340 43063.8093470949
24.11.2017 19:25:27 +00.03861E+00  0488 008125 1 00010663 00010633 000 343 43063.8093510648
24.11.2017 19:25:28 +00.03861E+00  0498 008125 1 00010664 00010633 000 343 43063.8093550347
24.11.2017 19:25:28 +00.03860E+00  0515 008125 1 00010665 00010633 000 379 43063.8093594213
24.11.2017 19:25:28 +00.03860E+00  0532 008125 1 00010666 00010633 000 340 43063.8093633565
24.11.2017 19:25:29 +00.03860E+00  0546 008125 1 00010667 00010633 000 342 43063.8093673148
24.11.2017 19:25:29 +00.03860E+00  0557 008125 1 00010668 00010633 000 342 43063.8093712731
24.11.2017 19:25:30 +00.03860E+00  0566 008125 1 00010669 00010633 000 380 43063.8093756829
24.11.2017 19:25:30 +00.03860E+00  0577 008125 1 00010670 00010633 000 344 43063.8093796644
24.11.2017 19:25:30 +00.03860E+00  0595 008125 1 00010671 00010633 000 343 43063.8093836343
24.11.2017 19:25:31 +00.03860E+00  0607 008125 1 00010672 00010633 000 343 43063.8093876042
24.11.2017 19:25:31 +00.03860E+00  0619 008125 1 00010673 00010633 000 375 43063.8093919444
24.11.2017 19:25:31 +00.03860E+00  0635 008125 1 00010674 00010633 000 342 43063.8093959028
24.11.2017 19:25:32 +00.03861E+00  0653 008125 1 00010675 00010633 000 343 43063.8093998727
24.11.2017 19:25:32 +00.03860E+00  0676 008125 1 00010676 00010633 000 342 43063.8094038426
24.11.2017 19:25:32 +00.03860E+00  0692 008125 1 00010677 00010633 000 376 43063.809408206
24.11.2017 19:25:33 +00.03861E+00  0709 008125 1 00010678 00010633 000 341 43063.8094121644
24.11.2017 19:25:33 +00.03860E+00  0721 008125 1 00010679 00010633 000 342 43063.8094161227
24.11.2017 19:25:33 +00.03861E+00  0738 008125 1 00010680 00010633 000 343 43063.8094200926
24.11.2017 19:25:34 +00.03861E+00  0755 008125 1 00010681 00010633 000 378 43063.8094244676
24.11.2017 19:25:34 +00.03860E+00  0774 008125 1 00010682 00010633 000 340 43063.8094284028
24.11.2017 19:25:34 +00.03861E+00  0788 008125 1 00010683 00010633 000 343 43063.8094323727
24.11.2017 19:25:35 +00.03860E+00  0802 008125 1 00010684 00010633 000 343 43063.8094363426
24.11.2017 19:25:35 +00.03860E+00  0815 008125 1 00010685 00010633 000 379 43063.8094407292
24.11.2017 19:25:36 +00.03860E+00  0824 008125 1 00010686 00010633 000 340 43063.8094446644
24.11.2017 19:25:36 +00.03860E+00  0842 008125 1 00010687 00010633 000 342 43063.8094486227
24.11.2017 19:25:36 +00.03860E+00  0859 008125 1 00010688 00010633 000 343 43063.8094525926
24.11.2017 19:25:37 +00.03860E+00  0873 008125 1 00010689 00010633 000 380 43063.8094569907
24.11.2017 19:25:37 +00.03860E+00  0895 008125 1 00010690 00010633 000 344 43063.8094609722
24.11.2017 19:25:37 +00.03860E+00  0909 008125 1 00010691 00010633 000 343 43063.8094649421
24.11.2017 19:25:38 +00.03860E+00  0925 008125 1 00010692 00010633 000 343 43063.809468912
24.11.2017 19:25:38 +00.03861E+00  0938 008125 1 00010693 00010633 000 375 43063.8094732523
24.11.2017 19:25:38 +00.03860E+00  0954 008125 1 00010694 00010633 000 342 43063.8094772106
24.11.2017 19:25:39 +00.03860E+00  0964 008125 1 00010695 00010633 000 343 43063.8094811921
24.11.2017 19:25:39 +00.03860E+00  0980 008125 1 00010696 00010633 000 343 43063.809485162
24.11.2017 19:25:39 +00.03861E+00  0990 008125 1 00010697 00010633 000 376 43063.8094895139
24.11.2017 19:25:40 +00.03861E+00  1007 008125 1 00010698 00010633 000 341 43063.8094934606
24.11.2017 19:25:40 +00.03860E+00  1021 008125 1 00010699 00010633 000 342 43063.8094974306
24.11.2017 19:25:40 +00.03860E+00  1033 008125 1 00010700 00010633 000 343 43063.809501412
24.11.2017 19:25:41 +00.03860E+00  1055 008125 1 00010701 00010633 000 377 43063.8095057755
24.11.2017 19:25:41 +00.03861E+00  1071 008125 1 00010702 00010633 000 340 43063.8095097222
24.11.2017 19:25:41 +00.03860E+00  1092 008125 1 00010703 00010633 000 342 43063.8095136806
24.11.2017 19:25:42 +00.03860E+00  1104 008125 1 00010704 00010633 000 343 43063.8095176505
24.11.2017 19:25:42 +00.03860E+00  1118 008125 1 00010705 00010633 000 380 43063.8095220486
24.11.2017 19:25:43 +00.03860E+00  1137 008125 1 00010706 00010633 000 344 43063.8095260301
24.11.2017 19:25:43 +00.03860E+00  1153 008125 1 00010707 00010633 000 343 43063.80953
24.11.2017 19:25:43 +00.03860E+00  1165 008125 1 00010708 00010633 000 344 43063.8095339815
24.11.2017 19:25:44 +00.03860E+00  1180 008125 1 00010709 00010633 000 373 43063.8095382986
24.11.2017 19:25:44 +00.03860E+00  1197 008125 1 00010710 00010633 000 344 43063.8095422801
24.11.2017 19:25:44 +00.03860E+00  1209 008125 1 00010711 00010633 000 343 43063.80954625
24.11.2017 19:25:45 +00.03860E+00  1228 008125 1 00010712 00010633 000 343 43063.8095502199
24.11.2017 19:25:45 +00.03861E+00  1248 008125 1 00010713 00010633 000 375 43063.8095545602
24.11.2017 19:25:45 +00.03860E+00  1263 008125 1 00010714 00010633 000 343 43063.8095585301
24.11.2017 19:25:46 +00.03860E+00  1280 008125 1 00010715 00010633 000 343 43063.8095625
24.11.2017 19:25:46 +00.03860E+00  1294 008125 1 00010716 00010633 000 343 43063.8095664699
24.11.2017 19:25:46 +00.03860E+00  1310 008125 1 00010717 00010633 000 378 43063.8095708449
24.11.2017 19:25:47 +00.03861E+00  1328 008125 1 00010718 00010633 000 341 43063.8095747917
24.11.2017 19:25:52 +00.03880E+00  0018 008166 1 00010719 00010719 000 342 43063.8096400347
24.11.2017 19:25:53 +00.03880E+00  0035 008166 1 00010720 00010719 000 343 43063.8096440046
24.11.2017 19:25:53 +00.03880E+00  0050 008166 1 00010721 00010719 000 422 43063.8096488889
24.11.2017 19:25:54 +00.03880E+00  0071 008166 1 00010722 00010719 000 340 43063.8096528241
24.11.2017 19:25:54 +00.03880E+00  0085 008166 1 00010723 00010719 000 342 43063.8096567824
24.11.2017 19:25:54 +00.03880E+00  0104 008166 1 00010724 00010719 000 343 43063.8096607639
24.11.2017 19:25:55 +00.03880E+00  0113 008166 1 00010725 00010719 000 379 43063.8096651505
24.11.2017 19:25:55 +00.03880E+00  0127 008166 1 00010726 00010719 000 345 43063.8096691435
24.11.2017 19:25:55 +00.03880E+00  0141 008166 1 00010727 00010719 000 343 43063.8096731134
24.11.2017 19:25:56 +00.03880E+00  0155 008166 1 00010728 00010719 000 343 43063.8096770833
24.11.2017 19:25:56 +00.03880E+00  0170 008166 1 00010729 00010719 000 374 43063.809681412
24.11.2017 19:25:56 +00.03880E+00  0191 008166 1 00010730 00010719 000 343 43063.8096853819
24.11.2017 19:25:57 +00.03880E+00  0204 008166 1 00010731 00010719 000 343 43063.8096893634
24.11.2017 19:25:57 +00.03880E+00  0218 008166 1 00010732 00010719 000 343 43063.8096933333
24.11.2017 19:25:57 +00.03880E+00  0232 008166 1 00010733 00010719 000 375 43063.8096976736
24.11.2017 19:25:58 +00.03880E+00  0250 008166 1 00010734 00010719 000 342 43063.8097016319
24.11.2017 19:25:58 +00.03880E+00  0267 008166 1 00010735 00010719 000 343 43063.8097056019
24.11.2017 19:25:58 +00.03880E+00  0284 008166 1 00010736 00010719 000 343 43063.8097095718
24.11.2017 19:25:59 +00.03880E+00  0300 008166 1 00010737 00010719 000 376 43063.8097139352
24.11.2017 19:25:59 +00.03880E+00  0323 008166 1 00010738 00010719 000 341 43063.8097178819
24.11.2017 19:25:59 +00.03880E+00  0338 008166 1 00010739 00010719 000 343 43063.8097218519
24.11.2017 19:26:00 +00.03880E+00  0348 008166 1 00010740 00010719 000 343 43063.8097258218
24.11.2017 19:26:00 +00.03880E+00  0364 008166 1 00010741 00010719 000 378 43063.8097301968
24.11.2017 19:26:01 +00.03880E+00  0386 008166 1 00010742 00010719 000 340 43063.8097341319
24.11.2017 19:26:01 +00.03880E+00  0403 008166 1 00010743 00010719 000 343 43063.8097381019
24.11.2017 19:26:01 +00.03880E+00  0414 008166 1 00010744 00010719 000 343 43063.8097420718
24.11.2017 19:26:02 +00.03880E+00  0429 008166 1 00010745 00010719 000 379 43063.8097464583
24.11.2017 19:26:02 +00.03880E+00  0442 008166 1 00010746 00010719 000 341 43063.8097504051
24.11.2017 19:26:02 +00.03880E+00  0456 008166 1 00010747 00010719 000 341 43063.8097543519
24.11.2017 19:26:03 +00.03880E+00  0473 008166 1 00010748 00010719 000 343 43063.8097583218
24.11.2017 19:26:03 +00.03880E+00  0487 008166 1 00010749 00010719 000 380 43063.8097627199
24.11.2017 19:26:03 +00.03880E+00  0502 008166 1 00010750 00010719 000 344 43063.8097667014
24.11.2017 19:26:04 +00.03880E+00  0516 008166 1 00010751 00010719 000 343 43063.8097706713
24.11.2017 19:26:04 +00.03880E+00  0531 008166 1 00010752 00010719 000 343 43063.8097746412
24.11.2017 19:26:04 +00.03880E+00  0556 008166 1 00010753 00010719 000 375 43063.8097789815
24.11.2017 19:26:05 +00.03880E+00  0567 008166 1 00010754 00010719 000 343 43063.8097829514
24.11.2017 19:26:05 +00.03880E+00  0581 008166 1 00010755 00010719 000 343 43063.8097869213
24.11.2017 19:26:05 +00.03880E+00  0600 008166 1 00010756 00010719 000 343 43063.8097908912
24.11.2017 19:26:06 +00.03880E+00  0620 008166 1 00010757 00010719 000 376 43063.8097952431
24.11.2017 19:26:06 +00.03880E+00  0633 008166 1 00010758 00010719 000 342 43063.8097992014
24.11.2017 19:26:06 +00.03880E+00  0647 008166 1 00010759 00010719 000 342 43063.8098031597
24.11.2017 19:26:07 +00.03880E+00  0665 008166 1 00010760 00010719 000 344 43063.8098071412
24.11.2017 19:26:07 +00.03880E+00  0678 008166 1 00010761 00010719 000 377 43063.8098115046
24.11.2017 19:26:08 +00.03880E+00  0689 008166 1 00010762 00010719 000 340 43063.8098154398
24.11.2017 19:26:08 +00.03880E+00  0703 008166 1 00010763 00010719 000 343 43063.8098194097
24.11.2017 19:26:08 +00.03880E+00  0719 008166 1 00010764 00010719 000 343 43063.8098233796
24.11.2017 19:26:09 +00.03880E+00  0733 008166 1 00010765 00010719 000 379 43063.8098277662
24.11.2017 19:26:09 +00.03880E+00  0749 008166 1 00010766 00010719 000 341 43063.809831713
24.11.2017 19:26:09 +00.03880E+00  0762 008166 1 00010767 00010719 000 341 43063.8098356597
24.11.2017 19:26:10 +00.03880E+00  0780 008166 1 00010768 00010719 000 343 43063.8098396296
24.11.2017 19:26:10 +00.03880E+00  0797 008166 1 00010769 00010719 000 380 43063.8098440278
24.11.2017 19:26:10 +00.03880E+00  0814 008166 1 00010770 00010719 000 344 43063.8098480093
24.11.2017 19:26:11 +00.03880E+00  0835 008166 1 00010771 00010719 000 343 43063.8098519792
24.11.2017 19:26:11 +00.03880E+00  0850 008166 1 00010772 00010719 000 343 43063.8098559491
24.11.2017 19:26:11 +00.03880E+00  0867 008166 1 00010773 00010719 000 375 43063.8098602894
24.11.2017 19:26:12 +00.03880E+00  0885 008166 1 00010774 00010719 000 343 43063.8098642593
24.11.2017 19:26:12 +00.03880E+00  0894 008166 1 00010775 00010719 000 343 43063.8098682292
24.11.2017 19:26:12 +00.03880E+00  0904 008166 1 00010776 00010719 000 343 43063.8098721991
24.11.2017 19:26:13 +00.03880E+00  0924 008166 1 00010777 00010719 000 376 43063.8098765509
24.11.2017 19:26:13 +00.03880E+00  0940 008166 1 00010778 00010719 000 342 43063.8098805093
24.11.2017 19:26:14 +00.03880E+00  0957 008166 1 00010779 00010719 000 343 43063.8098844792
24.11.2017 19:26:14 +00.03880E+00  0971 008166 1 00010780 00010719 000 343 43063.8098884491
24.11.2017 19:26:14 +00.03880E+00  0992 008166 1 00010781 00010719 000 377 43063.8098928125
24.11.2017 19:26:15 +00.03880E+00  1001 008166 1 00010782 00010719 000 340 43063.8098967477
24.11.2017 19:26:15 +00.03880E+00  1014 008166 1 00010783 00010719 000 342 43063.8099007176
24.11.2017 19:26:15 +00.03880E+00  1034 008166 1 00010784 00010719 000 343 43063.8099046991
24.11.2017 19:26:16 +00.03880E+00  1048 008166 1 00010785 00010719 000 377 43063.8099090741
24.11.2017 19:26:16 +00.03880E+00  1068 008166 1 00010786 00010719 000 340 43063.8099130093
24.11.2017 19:26:16 +00.03880E+00  1080 008166 1 00010787 00010719 000 341 43063.8099169676
24.11.2017 19:26:17 +00.03880E+00  1098 008166 1 00010788 00010719 000 343 43063.8099209375
24.11.2017 19:26:17 +00.03880E+00  1111 008166 1 00010789 00010719 000 380 43063.8099253356
24.11.2017 19:26:17 +00.03880E+00  1121 008166 1 00010790 00010719 000 344 43063.8099293171
24.11.2017 19:26:18 +00.03880E+00  1135 008166 1 00010791 00010719 000 343 43063.809933287
24.11.2017 19:26:18 +00.03880E+00  1156 008166 1 00010792 00010719 000 343 43063.8099372569
24.11.2017 19:26:18 +00.03880E+00  1176 008166 1 00010793 00010719 000 374 43063.8099415972
24.11.2017 19:26:19 +00.03880E+00  1199 008166 1 00010794 00010719 000 343 43063.8099455671
24.11.2017 19:26:19 +00.03880E+00  1210 008166 1 00010795 00010719 000 343 43063.809949537
24.11.2017 19:26:19 +00.03880E+00  1218 008166 1 00010796 00010719 000 343 43063.8099535069
24.11.2017 19:26:20 +00.03880E+00  1231 008166 1 00010797 00010719 000 376 43063.8099578588
24.11.2017 19:26:20 +00.03880E+00  1240 008166 1 00010798 00010719 000 342 43063.8099618171
24.11.2017 19:26:21 +00.03880E+00  1263 008166 1 00010799 00010719 000 343 43063.809965787
24.11.2017 19:26:21 +00.03880E+00  1281 008166 1 00010800 00010719 000 343 43063.8099697569
24.11.2017 19:26:21 +00.03880E+00  1287 008166 1 00010801 00010719 000 377 43063.8099741204
24.11.2017 19:26:22 +00.03880E+00  1296 008166 1 00010802 00010719 000 341 43063.8099780671
24.11.2017 19:26:22 +00.03880E+00  1304 008166 1 00010803 00010719 000 343 43063.809982037
24.11.2017 19:26:22 +00.03880E+00  1318 008166 1 00010804 00010719 000 343 43063.8099860069
24.11.2017 19:26:28 +00.03900E+00  0015 008207 1 00010805 00010805 000 342 43063.8100466088
24.11.2017 19:26:28 +00.03900E+00  0025 008207 1 00010806 00010805 000 344 43063.8100505903
24.11.2017 19:26:28 +00.03900E+00  0037 008207 1 00010807 00010805 000 418 43063.8100554282
24.11.2017 19:26:29 +00.03900E+00  0059 008207 1 00010808 00010805 000 344 43063.8100594097
24.11.2017 19:26:29 +00.03900E+00  0073 008207 1 00010809 00010805 000 342 43063.8100633681
24.11.2017 19:26:29 +00.03900E+00  0090 008207 1 00010810 00010805 000 343 43063.8100673495
24.11.2017 19:26:30 +00.03900E+00  0098 008207 1 00010811 00010805 000 374 43063.8100716898
24.11.2017 19:26:30 +00.03900E+00  0109 008207 1 00010812 00010805 000 342 43063.8100756482
24.11.2017 19:26:30 +00.03900E+00  0122 008207 1 00010813 00010805 000 343 43063.8100796181
24.11.2017 19:26:31 +00.03899E+00  0144 008207 1 00010814 00010805 000 344 43063.8100835995
24.11.2017 19:26:31 +00.03900E+00  0160 008207 1 00010815 00010805 000 376 43063.8100879514
24.11.2017 19:26:31 +00.03900E+00  0177 008207 1 00010816 00010805 000 342 43063.8100919097
24.11.2017 19:26:32 +00.03900E+00  0184 008207 1 00010817 00010805 000 342 43063.8100958681
24.11.2017 19:26:32 +00.03900E+00  0197 008207 1 00010818 00010805 000 343 43063.810099838
24.11.2017 19:26:33 +00.03900E+00  0209 008207 1 00010819 00010805 000 378 43063.810104213
24.11.2017 19:26:33 +00.03900E+00  0219 008207 1 00010820 00010805 000 340 43063.8101081482
24.11.2017 19:26:33 +00.03900E+00  0238 008207 1 00010821 00010805 000 343 43063.8101121181
24.11.2017 19:26:34 +00.03900E+00  0247 008207 1 00010822 00010805 000 343 43063.810116088
24.11.2017 19:26:34 +00.03900E+00  0260 008207 1 00010823 00010805 000 379 43063.8101204745
24.11.2017 19:26:34 +00.03900E+00  0271 008207 1 00010824 00010805 000 340 43063.8101244097
24.11.2017 19:26:35 +00.03900E+00  0283 008207 1 00010825 00010805 000 342 43063.8101283681
24.11.2017 19:26:35 +00.03900E+00  0290 008207 1 00010826 00010805 000 343 43063.810132338
24.11.2017 19:26:35 +00.03900E+00  0308 008207 1 00010827 00010805 000 380 43063.8101367361
24.11.2017 19:26:36 +00.03900E+00  0323 008207 1 00010828 00010805 000 344 43063.8101407176
24.11.2017 19:26:36 +00.03900E+00  0338 008207 1 00010829 00010805 000 343 43063.8101446875
24.11.2017 19:26:36 +00.03900E+00  0352 008207 1 00010830 00010805 000 343 43063.8101486574
24.11.2017 19:26:37 +00.03900E+00  0376 008207 1 00010831 00010805 000 375 43063.8101529977
24.11.2017 19:26:37 +00.03900E+00  0381 008207 1 00010832 00010805 000 342 43063.810156956
24.11.2017 19:26:37 +00.03900E+00  0390 008207 1 00010833 00010805 000 343 43063.8101609375
24.11.2017 19:26:38 +00.03900E+00  0409 008207 1 00010834 00010805 000 343 43063.8101649074
24.11.2017 19:26:38 +00.03900E+00  0432 008207 1 00010835 00010805 000 376 43063.8101692593
24.11.2017 19:26:38 +00.03900E+00  0450 008207 1 00010836 00010805 000 341 43063.810173206
24.11.2017 19:26:39 +00.03900E+00  0468 008207 1 00010837 00010805 000 343 43063.8101771759
24.11.2017 19:26:39 +00.03900E+00  0475 008207 1 00010838 00010805 000 343 43063.8101811458
24.11.2017 19:26:40 +00.03900E+00  0489 008207 1 00010839 00010805 000 377 43063.8101855208
24.11.2017 19:26:40 +00.03900E+00  0495 008207 1 00010840 00010805 000 340 43063.810189456
24.11.2017 19:26:40 +00.03900E+00  0504 008207 1 00010841 00010805 000 343 43063.8101934259
24.11.2017 19:26:41 +00.03900E+00  0522 008207 1 00010842 00010805 000 343 43063.8101973958
24.11.2017 19:26:41 +00.03900E+00  0530 008207 1 00010843 00010805 000 379 43063.8102017824
24.11.2017 19:26:41 +00.03900E+00  0548 008207 1 00010844 00010805 000 340 43063.8102057176
24.11.2017 19:26:42 +00.03900E+00  0560 008207 1 00010845 00010805 000 342 43063.8102096759
24.11.2017 19:26:42 +00.03900E+00  0576 008207 1 00010846 00010805 000 343 43063.8102136458
24.11.2017 19:26:42 +00.03900E+00  0587 008207 1 00010847 00010805 000 380 43063.810218044
24.11.2017 19:26:43 +00.03900E+00  0612 008207 1 00010848 00010805 000 344 43063.8102220255
24.11.2017 19:26:43 +00.03900E+00  0628 008207 1 00010849 00010805 000 343 43063.8102259954
24.11.2017 19:26:43 +00.03900E+00  0646 008207 1 00010850 00010805 000 343 43063.8102299653
24.11.2017 19:26:44 +00.03900E+00  0661 008207 1 00010851 00010805 000 375 43063.8102343056
24.11.2017 19:26:44 +00.03900E+00  0680 008207 1 00010852 00010805 000 343 43063.8102382755
24.11.2017 19:26:44 +00.03900E+00  0698 008207 1 00010853 00010805 000 343 43063.8102422454
24.11.2017 19:26:45 +00.03900E+00  0707 008207 1 00010854 00010805 000 343 43063.8102462153
24.11.2017 19:26:45 +00.03900E+00  0722 008207 1 00010855 00010805 000 378 43063.8102505903
24.11.2017 19:26:45 +00.03900E+00  0729 008207 1 00010856 00010805 000 340 43063.8102545255
24.11.2017 19:26:46 +00.03900E+00  0746 008207 1 00010857 00010805 000 343 43063.8102584954
24.11.2017 19:26:46 +00.03900E+00  0761 008207 1 00010858 00010805 000 343 43063.8102624653
24.11.2017 19:26:47 +00.03900E+00  0774 008207 1 00010859 00010805 000 377 43063.8102668287
24.11.2017 19:26:47 +00.03900E+00  0792 008207 1 00010860 00010805 000 340 43063.8102707639
24.11.2017 19:26:47 +00.03900E+00  0802 008207 1 00010861 00010805 000 344 43063.8102747454
24.11.2017 19:26:48 +00.03900E+00  0813 008207 1 00010862 00010805 000 343 43063.8102787153
24.11.2017 19:26:48 +00.03900E+00  0826 008207 1 00010863 00010805 000 378 43063.8102830903
24.11.2017 19:26:48 +00.03900E+00  0850 008207 1 00010864 00010805 000 340 43063.8102870255
24.11.2017 19:26:49 +00.03900E+00  0862 008207 1 00010865 00010805 000 342 43063.8102909838
24.11.2017 19:26:49 +00.03900E+00  0877 008207 1 00010866 00010805 000 343 43063.8102949537
24.11.2017 19:26:49 +00.03900E+00  0888 008207 1 00010867 00010805 000 380 43063.8102993519
24.11.2017 19:26:50 +00.03900E+00  0902 008207 1 00010868 00010805 000 344 43063.8103033333
24.11.2017 19:26:50 +00.03900E+00  0919 008207 1 00010869 00010805 000 343 43063.8103073032
24.11.2017 19:26:50 +00.03900E+00  0942 008207 1 00010870 00010805 000 344 43063.8103112847
24.11.2017 19:26:51 +00.03900E+00  0957 008207 1 00010871 00010805 000 374 43063.8103156134
24.11.2017 19:26:51 +00.03900E+00  0979 008207 1 00010872 00010805 000 343 43063.8103195833
24.11.2017 19:26:51 +00.03900E+00  0992 008207 1 00010873 00010805 000 343 43063.8103235532
24.11.2017 19:26:52 +00.03900E+00  1007 008207 1 00010874 00010805 000 343 43063.8103275231
24.11.2017 19:26:52 +00.03900E+00  1028 008207 1 00010875 00010805 000 376 43063.810331875
24.11.2017 19:26:53 +00.03900E+00  1038 008207 1 00010876 00010805 000 342 43063.8103358333
24.11.2017 19:26:53 +00.03900E+00  1049 008207 1 00010877 00010805 000 343 43063.8103398032
24.11.2017 19:26:53 +00.03900E+00  1061 008207 1 00010878 00010805 000 343 43063.8103437731
24.11.2017 19:26:54 +00.03900E+00  1079 008207 1 00010879 00010805 000 378 43063.8103481481
24.11.2017 19:26:54 +00.03900E+00  1092 008207 1 00010880 00010805 000 341 43063.8103520949
24.11.2017 19:26:54 +00.03900E+00  1104 008207 1 00010881 00010805 000 342 43063.8103560532
24.11.2017 19:26:55 +00.03900E+00  1120 008207 1 00010882 00010805 000 343 43063.8103600231
24.11.2017 19:26:55 +00.03900E+00  1131 008207 1 00010883 00010805 000 379 43063.8103644097
24.11.2017 19:26:55 +00.03900E+00  1147 008207 1 00010884 00010805 000 345 43063.8103684028
24.11.2017 19:26:56 +00.03900E+00  1162 008207 1 00010885 00010805 000 343 43063.8103723727
24.11.2017 19:26:56 +00.03900E+00  1175 008207 1 00010886 00010805 000 343 43063.8103763426
24.11.2017 19:26:56 +00.03900E+00  1197 008207 1 00010887 00010805 000 374 43063.8103806713
24.11.2017 19:26:57 +00.03900E+00  1214 008207 1 00010888 00010805 000 344 43063.8103846528
24.11.2017 19:26:57 +00.03900E+00  1220 008207 1 00010889 00010805 000 343 43063.8103886227
24.11.2017 19:26:57 +00.03900E+00  1239 008207 1 00010890 00010805 000 343 43063.8103925926
24.11.2017 19:27:03 +00.03920E+00  0015 008250 1 00010891 00010891 000 342 43063.810453125
24.11.2017 19:27:03 +00.03920E+00  0037 008250 1 00010892 00010891 000 343 43063.8104570949
24.11.2017 19:27:03 +00.03920E+00  0055 008250 1 00010893 00010891 000 422 43063.8104619792
24.11.2017 19:27:04 +00.03920E+00  0074 008250 1 00010894 00010891 000 340 43063.8104659144
24.11.2017 19:27:04 +00.03920E+00  0092 008250 1 00010895 00010891 000 343 43063.8104698843
24.11.2017 19:27:04 +00.03920E+00  0103 008250 1 00010896 00010891 000 343 43063.8104738542
24.11.2017 19:27:05 +00.03920E+00  0121 008250 1 00010897 00010891 000 379 43063.8104782407
24.11.2017 19:27:05 +00.03920E+00  0137 008250 1 00010898 00010891 000 340 43063.8104821759
24.11.2017 19:27:06 +00.03920E+00  0151 008250 1 00010899 00010891 000 342 43063.8104861343
24.11.2017 19:27:06 +00.03920E+00  0164 008250 1 00010900 00010891 000 343 43063.8104901042
24.11.2017 19:27:06 +00.03920E+00  0171 008250 1 00010901 00010891 000 380 43063.8104945023
24.11.2017 19:27:07 +00.03920E+00  0186 008250 1 00010902 00010891 000 344 43063.8104984838
24.11.2017 19:27:07 +00.03920E+00  0198 008250 1 00010903 00010891 000 343 43063.8105024537
24.11.2017 19:27:07 +00.03920E+00  0210 008250 1 00010904 00010891 000 343 43063.8105064236
24.11.2017 19:27:08 +00.03920E+00  0231 008250 1 00010905 00010891 000 375 43063.8105107639
24.11.2017 19:27:08 +00.03920E+00  0251 008250 1 00010906 00010891 000 343 43063.8105147338
24.11.2017 19:27:08 +00.03920E+00  0264 008250 1 00010907 00010891 000 343 43063.8105187037
24.11.2017 19:27:09 +00.03920E+00  0276 008250 1 00010908 00010891 000 343 43063.8105226736
24.11.2017 19:27:09 +00.03920E+00  0287 008250 1 00010909 00010891 000 376 43063.8105270255
24.11.2017 19:27:09 +00.03920E+00  0302 008250 1 00010910 00010891 000 341 43063.8105309722
24.11.2017 19:27:10 +00.03920E+00  0321 008250 1 00010911 00010891 000 343 43063.8105349537
24.11.2017 19:27:10 +00.03920E+00  0334 008250 1 00010912 00010891 000 343 43063.8105389236
24.11.2017 19:27:10 +00.03920E+00  0355 008250 1 00010913 00010891 000 377 43063.810543287
24.11.2017 19:27:11 +00.03920E+00  0377 008250 1 00010914 00010891 000 340 43063.8105472222
24.11.2017 19:27:11 +00.03920E+00  0384 008250 1 00010915 00010891 000 343 43063.8105511921
24.11.2017 19:27:11 +00.03920E+00  0391 008250 1 00010916 00010891 000 343 43063.810555162
24.11.2017 19:27:12 +00.03920E+00  0406 008250 1 00010917 00010891 000 377 43063.810559537
24.11.2017 19:27:12 +00.03920E+00  0422 008250 1 00010918 00010891 000 341 43063.8105634954
24.11.2017 19:27:13 +00.03920E+00  0441 008250 1 00010919 00010891 000 341 43063.8105674421
24.11.2017 19:27:13 +00.03920E+00  0456 008250 1 00010920 00010891 000 343 43063.810571412
24.11.2017 19:27:13 +00.03920E+00  0467 008250 1 00010921 00010891 000 380 43063.8105758102
24.11.2017 19:27:14 +00.03920E+00  0478 008250 1 00010922 00010891 000 344 43063.8105797917
24.11.2017 19:27:14 +00.03920E+00  0494 008250 1 00010923 00010891 000 343 43063.8105837616
24.11.2017 19:27:14 +00.03920E+00  0511 008250 1 00010924 00010891 000 343 43063.8105877315
24.11.2017 19:27:15 +00.03920E+00  0529 008250 1 00010925 00010891 000 375 43063.8105920718
24.11.2017 19:27:15 +00.03920E+00  0544 008250 1 00010926 00010891 000 343 43063.8105960417
24.11.2017 19:27:15 +00.03920E+00  0561 008250 1 00010927 00010891 000 343 43063.8106000116
24.11.2017 19:27:16 +00.03920E+00  0573 008250 1 00010928 00010891 000 343 43063.8106039815
24.11.2017 19:27:16 +00.03920E+00  0588 008250 1 00010929 00010891 000 376 43063.8106083333
24.11.2017 19:27:16 +00.03920E+00  0607 008250 1 00010930 00010891 000 342 43063.8106122917
24.11.2017 19:27:17 +00.03920E+00  0623 008250 1 00010931 00010891 000 343 43063.8106162616
24.11.2017 19:27:17 +00.03920E+00  0636 008250 1 00010932 00010891 000 343 43063.8106202315
24.11.2017 19:27:17 +00.03920E+00  0657 008250 1 00010933 00010891 000 377 43063.8106245949
24.11.2017 19:27:18 +00.03920E+00  0668 008250 1 00010934 00010891 000 341 43063.8106285417
24.11.2017 19:27:18 +00.03920E+00  0677 008250 1 00010935 00010891 000 343 43063.8106325116
24.11.2017 19:27:18 +00.03920E+00  0690 008250 1 00010936 00010891 000 343 43063.8106364815
24.11.2017 19:27:19 +00.03920E+00  0703 008250 1 00010937 00010891 000 378 43063.8106408565
24.11.2017 19:27:19 +00.03920E+00  0712 008250 1 00010938 00010891 000 340 43063.8106447917
24.11.2017 19:27:20 +00.03920E+00  0724 008250 1 00010939 00010891 000 342 43063.81064875
24.11.2017 19:27:20 +00.03920E+00  0739 008250 1 00010940 00010891 000 343 43063.8106527199
24.11.2017 19:27:20 +00.03920E+00  0756 008250 1 00010941 00010891 000 379 43063.8106571181
24.11.2017 19:27:21 +00.03920E+00  0769 008250 1 00010942 00010891 000 343 43063.8106610995
24.11.2017 19:27:21 +00.03920E+00  0782 008250 1 00010943 00010891 000 342 43063.8106650694
24.11.2017 19:27:21 +00.03920E+00  0793 008250 1 00010944 00010891 000 344 43063.8106690509
24.11.2017 19:27:22 +00.03920E+00  0801 008250 1 00010945 00010891 000 374 43063.8106733796
24.11.2017 19:27:22 +00.03920E+00  0816 008250 1 00010946 00010891 000 343 43063.8106773495
24.11.2017 19:27:22 +00.03920E+00  0833 008250 1 00010947 00010891 000 343 43063.8106813194
24.11.2017 19:27:23 +00.03920E+00  0850 008250 1 00010948 00010891 000 343 43063.8106852894
24.11.2017 19:27:23 +00.03920E+00  0863 008250 1 00010949 00010891 000 376 43063.8106896412
24.11.2017 19:27:23 +00.03920E+00  0882 008250 1 00010950 00010891 000 342 43063.8106935995
24.11.2017 19:27:24 +00.03920E+00  0889 008250 1 00010951 00010891 000 343 43063.8106975694
24.11.2017 19:27:24 +00.03920E+00  0905 008250 1 00010952 00010891 000 343 43063.8107015394
24.11.2017 19:27:24 +00.03920E+00  0922 008250 1 00010953 00010891 000 377 43063.8107059028
24.11.2017 19:27:25 +00.03920E+00  0942 008250 1 00010954 00010891 000 341 43063.8107098495
24.11.2017 19:27:25 +00.03920E+00  0960 008250 1 00010955 00010891 000 343 43063.8107138194
24.11.2017 19:27:26 +00.03920E+00  0970 008250 1 00010956 00010891 000 343 43063.8107177894
24.11.2017 19:27:26 +00.03920E+00  0986 008250 1 00010957 00010891 000 378 43063.8107221644
24.11.2017 19:27:26 +00.03920E+00  0996 008250 1 00010958 00010891 000 340 43063.8107260995
24.11.2017 19:27:27 +00.03920E+00  1009 008250 1 00010959 00010891 000 342 43063.8107300579
24.11.2017 19:27:27 +00.03920E+00  1023 008250 1 00010960 00010891 000 343 43063.8107340394
24.11.2017 19:27:27 +00.03920E+00  1037 008250 1 00010961 00010891 000 379 43063.8107384259
24.11.2017 19:27:28 +00.03920E+00  1052 008250 1 00010962 00010891 000 345 43063.810742419
24.11.2017 19:27:28 +00.03920E+00  1060 008250 1 00010963 00010891 000 343 43063.8107463889
24.11.2017 19:27:28 +00.03920E+00  1080 008250 1 00010964 00010891 000 343 43063.8107503588
24.11.2017 19:27:29 +00.03920E+00  1096 008250 1 00010965 00010891 000 374 43063.8107546875
24.11.2017 19:27:29 +00.03920E+00  1109 008250 1 00010966 00010891 000 343 43063.8107586574
24.11.2017 19:27:29 +00.03920E+00  1129 008250 1 00010967 00010891 000 342 43063.8107626273
24.11.2017 19:27:30 +00.03920E+00  1143 008250 1 00010968 00010891 000 343 43063.8107666088
24.11.2017 19:27:30 +00.03920E+00  1154 008250 1 00010969 00010891 000 375 43063.8107709491
24.11.2017 19:27:30 +00.03920E+00  1167 008250 1 00010970 00010891 000 342 43063.8107749074
24.11.2017 19:27:31 +00.03920E+00  1184 008250 1 00010971 00010891 000 343 43063.8107788773
24.11.2017 19:27:31 +00.03920E+00  1197 008250 1 00010972 00010891 000 344 43063.8107828588
24.11.2017 19:27:32 +00.03920E+00  1206 008250 1 00010973 00010891 000 376 43063.8107872106
24.11.2017 19:27:32 +00.03920E+00  1224 008250 1 00010974 00010891 000 341 43063.8107911574
24.11.2017 19:27:32 +00.03920E+00  1245 008250 1 00010975 00010891 000 343 43063.8107951273
24.11.2017 19:27:33 +00.03920E+00  1256 008250 1 00010976 00010891 000 343 43063.8107990972