
24.11.2017 19:27:37 +00.03980E+00  0015 008373 1 00010977 00010977 000 342 43063.8108508565
24.11.2017 19:27:37 +00.03979E+00  0034 008373 1 00010978 00010977 000 402 43063.8108555093
24.11.2017 19:27:38 +00.03979E+00  0054 008373 1 00010979 00010977 000 342 43063.8108594676
24.11.2017 19:27:38 +00.03979E+00  0070 008373 1 00010980 00010977 000 342 43063.8108634259
24.11.2017 19:27:38 +00.03979E+00  0080 008373 1 00010981 00010977 000 343 43063.8108673958
24.11.2017 19:27:39 +00.03979E+00  0092 008373 1 00010982 00010977 000 378 43063.8108717708
24.11.2017 19:27:39 +00.03979E+00  0105 008373 1 00010983 00010977 000 341 43063.8108757292
24.11.2017 19:27:40 +00.03979E+00  0118 008373 1 00010984 00010977 000 341 43063.8108796759
24.11.2017 19:27:40 +00.03979E+00  0137 008373 1 00010985 00010977 000 343 43063.8108836458
24.11.2017 19:27:40 +00.03979E+00  0155 008373 1 00010986 00010977 000 379 43063.8108880324
24.11.2017 19:27:41 +00.03979E+00  0174 008373 1 00010987 00010977 000 340 43063.8108919676
24.11.2017 19:27:41 +00.03979E+00  0191 008373 1 00010988 00010977 000 342 43063.8108959259
24.11.2017 19:27:41 +00.03979E+00  0208 008373 1 00010989 00010977 000 343 43063.8108998958
24.11.2017 19:27:42 +00.03979E+00  0222 008373 1 00010990 00010977 000 380 43063.810904294
24.11.2017 19:27:42 +00.03979E+00  0238 008373 1 00010991 00010977 000 344 43063.8109082755
24.11.2017 19:27:42 +00.03979E+00  0259 008375 1 00010992 00010977 000 343 43063.8109122454
24.11.2017 19:27:43 +00.03979E+00  0278 008375 1 00010993 00010977 000 343 43063.8109162153
24.11.2017 19:27:43 +00.03980E+00  0292 008375 1 00010994 00010977 000 375 43063.8109205556
24.11.2017 19:27:43 +00.03980E+00  0301 008375 1 00010995 00010977 000 343 43063.8109245255
24.11.2017 19:27:44 +00.03980E+00  0319 008375 1 00010996 00010977 000 343 43063.8109284954
24.11.2017 19:27:44 +00.03980E+00  0337 008375 1 00010997 00010977 000 343 43063.8109324653
24.11.2017 19:27:44 +00.03979E+00  0359 008375 1 00010998 00010977 000 376 43063.8109368171
24.11.2017 19:27:45 +00.03980E+00  0374 008375 1 00010999 00010977 000 342 43063.8109407755
24.11.2017 19:27:45 +00.03980E+00  0395 008375 1 00011000 00010977 000 343 43063.8109447454
24.11.2017 19:27:45 +00.03980E+00  0410 008375 1 00011001 00010977 000 343 43063.8109487153
24.11.2017 19:27:46 +00.03980E+00  0420 008375 1 00011002 00010977 000 377 43063.8109530787
24.11.2017 19:27:46 +00.03980E+00  0438 008375 1 00011003 00010977 000 341 43063.8109570255
24.11.2017 19:27:47 +00.03980E+00  0457 008375 1 00011004 00010977 000 342 43063.8109609838
24.11.2017 19:27:47 +00.03980E+00  0463 008375 1 00011005 00010977 000 343 43063.8109649537
24.11.2017 19:27:47 +00.03980E+00  0476 008375 1 00011006 00010977 000 379 43063.8109693403
24.11.2017 19:27:48 +00.03980E+00  0494 008375 1 00011007 00010977 000 344 43063.8109733333
24.11.2017 19:27:48 +00.03980E+00  0511 008375 1 00011008 00010977 000 342 43063.8109773032
24.11.2017 19:27:48 +00.03980E+00  0522 008375 1 00011009 00010977 000 342 43063.8109812731
24.11.2017 19:27:49 +00.03980E+00  0536 008375 1 00011010 00010977 000 373 43063.8109856018
24.11.2017 19:27:49 +00.03980E+00  0545 008375 1 00011011 00010977 000 344 43063.8109895833
24.11.2017 19:27:49 +00.03980E+00  0558 008375 1 00011012 00010977 000 343 43063.8109935532
24.11.2017 19:27:50 +00.03980E+00  0572 008375 1 00011013 00010977 000 343 43063.8109975231
24.11.2017 19:27:50 +00.03980E+00  0581 008375 1 00011014 00010977 000 375 43063.8110018634
24.11.2017 19:27:50 +00.03979E+00  0604 008375 1 00011015 00010977 000 342 43063.8110058333
24.11.2017 19:27:51 +00.03980E+00  0613 008375 1 00011016 00010977 000 343 43063.8110098032
24.11.2017 19:27:51 +00.03980E+00  0630 008375 1 00011017 00010977 000 343 43063.8110137731
24.11.2017 19:27:51 +00.03980E+00  0646 008375 1 00011018 00010977 000 376 43063.811018125
24.11.2017 19:27:52 +00.03980E+00  0665 008375 1 00011019 00010977 000 342 43063.8110220833
24.11.2017 19:27:52 +00.03980E+00  0682 008375 1 00011020 00010977 000 343 43063.8110260532
24.11.2017 19:27:52 +00.03980E+00  0690 008375 1 00011021 00010977 000 343 43063.8110300231
24.11.2017 19:27:53 +00.03980E+00  0700 008375 1 00011022 00010977 000 377 43063.8110343866
24.11.2017 19:27:53 +00.03980E+00  0716 008375 1 00011023 00010977 000 341 43063.8110383333
24.11.2017 19:27:54 +00.03980E+00  0729 008375 1 00011024 00010977 000 343 43063.8110423032
24.11.2017 19:27:54 +00.03980E+00  0749 008375 1 00011025 00010977 000 343 43063.8110462731
24.11.2017 19:27:54 +00.03980E+00  0766 008375 1 00011026 00010977 000 378 43063.8110506481
24.11.2017 19:27:55 +00.03980E+00  0786 008375 1 00011027 00010977 000 340 43063.8110545833
24.11.2017 19:27:55 +00.03980E+00  0806 008375 1 00011028 00010977 000 342 43063.8110585417
24.11.2017 19:27:55 +00.03980E+00  0820 008375 1 00011029 00010977 000 343 43063.8110625116
24.11.2017 19:27:56 +00.03980E+00  0831 008375 1 00011030 00010977 000 379 43063.8110669097
24.11.2017 19:27:56 +00.03980E+00  0850 008375 1 00011031 00010977 000 344 43063.8110708912
24.11.2017 19:27:56 +00.03980E+00  0864 008375 1 00011032 00010977 000 342 43063.8110748611
24.11.2017 19:27:57 +00.03980E+00  0873 008375 1 00011033 00010977 000 343 43063.8110788426
24.11.2017 19:27:57 +00.03980E+00  0888 008375 1 00011034 00010977 000 374 43063.8110831713
24.11.2017 19:27:57 +00.03980E+00  0913 008375 1 00011035 00010977 000 342 43063.8110871412
24.11.2017 19:27:58 +00.03980E+00  0929 008375 1 00011036 00010977 000 343 43063.8110911111
24.11.2017 19:27:58 +00.03980E+00  0943 008375 1 00011037 00010977 000 343 43063.811095081
24.11.2017 19:27:58 +00.03979E+00  0958 008375 1 00011038 00010977 000 376 43063.8110994329
24.11.2017 19:27:59 +00.03980E+00  0971 008375 1 00011039 00010977 000 341 43063.8111033912
24.11.2017 19:27:59 +00.03980E+00  0995 008375 1 00011040 00010977 000 343 43063.8111073611
24.11.2017 19:28:00 +00.03980E+00  1017 008375 1 00011041 00010977 000 343 43063.811111331
24.11.2017 19:28:00 +00.03980E+00  1036 008375 1 00011042 00010977 000 377 43063.8111156944
24.11.2017 19:28:00 +00.03980E+00  1060 008375 1 00011043 00010977 000 341 43063.8111196412
24.11.2017 19:28:01 +00.03980E+00  1075 008375 1 00011044 00010977 000 343 43063.8111236111
24.11.2017 19:28:01 +00.03979E+00  1094 008375 1 00011045 00010977 000 343 43063.811127581
24.11.2017 19:28:01 +00.03980E+00  1113 008375 1 00011046 00010977 000 379 43063.8111319676
24.11.2017 19:28:02 +00.03979E+00  1128 008375 1 00011047 00010977 000 340 43063.8111359028
24.11.2017 19:28:02 +00.03980E+00  1143 008375 1 00011048 00010977 000 342 43063.8111398611
24.11.2017 19:28:02 +00.03980E+00  1157 008375 1 00011049 00010977 000 343 43063.811143831
24.11.2017 19:28:03 +00.03980E+00  1169 008375 1 00011050 00010977 000 380 43063.8111482292
24.11.2017 19:28:03 +00.03980E+00  1188 008375 1 00011051 00010977 000 344 43063.8111522106
24.11.2017 19:28:03 +00.03980E+00  1201 008375 1 00011052 00010977 000 343 43063.8111561806
24.11.2017 19:28:04 +00.03980E+00  1215 008375 1 00011053 00010977 000 343 43063.8111601505
24.11.2017 19:28:04 +00.03980E+00  1228 008375 1 00011054 00010977 000 375 43063.8111644907
24.11.2017 19:28:04 +00.03980E+00  1251 008375 1 00011055 00010977 000 343 43063.8111684606
24.11.2017 19:28:05 +00.03980E+00  1260 008375 1 00011056 00010977 000 343 43063.8111724306
24.11.2017 19:28:05 +00.03979E+00  1275 008375 1 00011057 00010977 000 343 43063.8111764005
24.11.2017 19:28:06 +00.03980E+00  1282 008375 1 00011058 00010977 000 376 43063.8111807523
24.11.2017 19:28:06 +00.03979E+00  1296 008375 1 00011059 00010977 000 341 43063.8111846991
24.11.2017 19:28:06 +00.03980E+00  1307 008375 1 00011060 00010977 000 343 43063.811188669
24.11.2017 19:28:07 +00.03980E+00  1321 008375 1 00011061 00010977 000 343 43063.8111926389
24.11.2017 19:28:07 +00.03980E+00  1333 008375 1 00011062 00010977 000 378 43063.8111970139
24.11.2017 19:28:13 +00.03990E+00  0022 008397 1 00011063 00011063 000 378 43063.8112620602
24.11.2017 19:28:13 +00.03990E+00  0041 008397 1 00011064 00011063 000 340 43063.8112659954
24.11.2017 19:28:13 +00.03990E+00  0060 008397 1 00011065 00011063 000 342 43063.8112699537
24.11.2017 19:28:14 +00.03990E+00  0072 008397 1 00011066 00011063 000 344 43063.8112739352
24.11.2017 19:28:14 +00.03990E+00  0080 008397 1 00011067 00011063 000 379 43063.8112783218
24.11.2017 19:28:14 +00.03990E+00  0101 008397 1 00011068 00011063 000 344 43063.8112823032
24.11.2017 19:28:15 +00.03990E+00  0114 008397 1 00011069 00011063 000 343 43063.8112862732
24.11.2017 19:28:15 +00.03990E+00  0133 008397 1 00011070 00011063 000 343 43063.8112902431
24.11.2017 19:28:15 +00.03990E+00  0153 008397 1 00011071 00011063 000 375 43063.8112945833
24.11.2017 19:28:16 +00.03990E+00  0166 008397 1 00011072 00011063 000 343 43063.8112985532
24.11.2017 19:28:16 +00.03990E+00  0180 008397 1 00011073 00011063 000 343 43063.8113025232
24.11.2017 19:28:16 +00.03990E+00  0198 008397 1 00011074 00011063 000 343 43063.8113064931
24.11.2017 19:28:17 +00.03990E+00  0210 008397 1 00011075 00011063 000 376 43063.8113108449
24.11.2017 19:28:17 +00.03990E+00  0227 008397 1 00011076 00011063 000 342 43063.8113148032
24.11.2017 19:28:17 +00.03990E+00  0247 008397 1 00011077 00011063 000 343 43063.8113187732
24.11.2017 19:28:18 +00.03990E+00  0259 008397 1 00011078 00011063 000 343 43063.8113227431
24.11.2017 19:28:18 +00.03990E+00  0275 008397 1 00011079 00011063 000 377 43063.8113271065
24.11.2017 19:28:19 +00.03990E+00  0286 008397 1 00011080 00011063 000 341 43063.8113310532
24.11.2017 19:28:19 +00.03990E+00  0299 008397 1 00011081 00011063 000 343 43063.8113350232
24.11.2017 19:28:19 +00.03990E+00  0313 008397 1 00011082 00011063 000 342 43063.8113389815
24.11.2017 19:28:20 +00.03990E+00  0335 008397 1 00011083 00011063 000 378 43063.8113433681
24.11.2017 19:28:20 +00.03990E+00  0363 008397 1 00011084 00011063 000 340 43063.8113473032
24.11.2017 19:28:20 +00.03990E+00  0377 008397 1 00011085 00011063 000 343 43063.8113512732
24.11.2017 19:28:21 +00.03990E+00  0398 008397 1 00011086 00011063 000 343 43063.8113552431
24.11.2017 19:28:21 +00.03990E+00  0409 008397 1 00011087 00011063 000 379 43063.8113596296
24.11.2017 19:28:21 +00.03990E+00  0420 008397 1 00011088 00011063 000 345 43063.8113636227
24.11.2017 19:28:22 +00.03990E+00  0436 008397 1 00011089 00011063 000 343 43063.8113675926
24.11.2017 19:28:22 +00.03990E+00  0452 008397 1 00011090 00011063 000 342 43063.8113715509
24.11.2017 19:28:22 +00.03990E+00  0470 008397 1 00011091 00011063 000 373 43063.8113758796
24.11.2017 19:28:23 +00.03990E+00  0487 008397 1 00011092 00011063 000 343 43063.8113798611
24.11.2017 19:28:23 +00.03990E+00  0499 008397 1 00011093 00011063 000 343 43063.811383831
24.11.2017 19:28:23 +00.03990E+00  0516 008397 1 00011094 00011063 000 342 43063.8113878009
24.11.2017 19:28:24 +00.03990E+00  0526 008397 1 00011095 00011063 000 376 43063.8113921528
24.11.2017 19:28:24 +00.03990E+00  0541 008397 1 00011096 00011063 000 342 43063.8113961111
24.11.2017 19:28:24 +00.03990E+00  0558 008397 1 00011097 00011063 000 343 43063.811400081
24.11.2017 19:28:25 +00.03990E+00  0572 008397 1 00011098 00011063 000 343 43063.8114040509
24.11.2017 19:28:25 +00.03990E+00  0587 008397 1 00011099 00011063 000 377 43063.8114084144
24.11.2017 19:28:26 +00.03990E+00  0599 008397 1 00011100 00011063 000 341 43063.8114123611
24.11.2017 19:28:26 +00.03990E+00  0613 008397 1 00011101 00011063 000 343 43063.811416331
24.11.2017 19:28:26 +00.03990E+00  0628 008397 1 00011102 00011063 000 343 43063.8114203009
24.11.2017 19:28:27 +00.03990E+00  0646 008397 1 00011103 00011063 000 378 43063.8114246759
24.11.2017 19:28:27 +00.03990E+00  0662 008397 1 00011104 00011063 000 340 43063.8114286111
24.11.2017 19:28:27 +00.03990E+00  0682 008397 1 00011105 00011063 000 343 43063.811432581
24.11.2017 19:28:28 +00.03990E+00  0697 008397 1 00011106 00011063 000 343 43063.8114365509
24.11.2017 19:28:28 +00.03990E+00  0711 008397 1 00011107 00011063 000 379 43063.8114409375
24.11.2017 19:28:28 +00.03990E+00  0729 008397 1 00011108 00011063 000 345 43063.8114449306
24.11.2017 19:28:29 +00.03990E+00  0741 008397 1 00011109 00011063 000 343 43063.8114489005
24.11.2017 19:28:29 +00.03990E+00  0758 008397 1 00011110 00011063 000 343 43063.8114528704
24.11.2017 19:28:29 +00.03990E+00  0776 008397 1 00011111 00011063 000 374 43063.8114571991
24.11.2017 19:28:30 +00.03990E+00  0797 008397 1 00011112 00011063 000 343 43063.811461169
24.11.2017 19:28:30 +00.03990E+00  0810 008397 1 00011113 00011063 000 342 43063.8114651389
24.11.2017 19:28:30 +00.03990E+00  0827 008397 1 00011114 00011063 000 343 43063.8114691204
24.11.2017 19:28:31 +00.03990E+00  0844 008397 1 00011115 00011063 000 375 43063.8114734606
24.11.2017 19:28:31 +00.03990E+00  0857 008397 1 00011116 00011063 000 342 43063.811477419
24.11.2017 19:28:31 +00.03990E+00  0872 008397 1 00011117 00011063 000 343 43063.8114813889
24.11.2017 19:28:32 +00.03990E+00  0888 008397 1 00011118 00011063 000 343 43063.8114853588
24.11.2017 19:28:32 +00.03990E+00  0901 008397 1 00011119 00011063 000 376 43063.8114897222
24.11.2017 19:28:33 +00.03990E+00  0920 008397 1 00011120 00011063 000 340 43063.811493669
24.11.2017 19:28:33 +00.03990E+00  0935 008397 1 00011121 00011063 000 343 43063.8114976389
24.11.2017 19:28:33 +00.03990E+00  0949 008397 1 00011122 00011063 000 343 43063.8115016088
24.11.2017 19:28:34 +00.03990E+00  0969 008397 1 00011123 00011063 000 378 43063.8115059838
24.11.2017 19:28:34 +00.03990E+00  0983 008397 1 00011124 00011063 000 340 43063.811509919
24.11.2017 19:28:34 +00.03990E+00  0996 008397 1 00011125 00011063 000 343 43063.8115138889
24.11.2017 19:28:35 +00.03990E+00  1011 008397 1 00011126 00011063 000 343 43063.8115178588
24.11.2017 19:28:35 +00.03990E+00  1024 008397 1 00011127 00011063 000 379 43063.8115222454
24.11.2017 19:28:35 +00.03990E+00  1040 008397 1 00011128 00011063 000 340 43063.8115261806
24.11.2017 19:28:36 +00.03990E+00  1057 008397 1 00011129 00011063 000 342 43063.8115301389
24.11.2017 19:28:36 +00.03990E+00  1072 008397 1 00011130 00011063 000 343 43063.8115341088
24.11.2017 19:28:36 +00.03990E+00  1086 008397 1 00011131 00011063 000 380 43063.8115385069
24.11.2017 19:28:37 +00.03990E+00  1098 008397 1 00011132 00011063 000 345 43063.8115425
24.11.2017 19:28:37 +00.03990E+00  1120 008397 1 00011133 00011063 000 342 43063.8115464583
24.11.2017 19:28:37 +00.03990E+00  1140 008397 1 00011134 00011063 000 343 43063.8115504282
24.11.2017 19:28:38 +00.03990E+00  1151 008397 1 00011135 00011063 000 375 43063.8115547685
24.11.2017 19:28:38 +00.03990E+00  1170 008397 1 00011136 00011063 000 342 43063.8115587269
24.11.2017 19:28:39 +00.03990E+00  1189 008397 1 00011137 00011063 000 343 43063.8115627083
24.11.2017 19:28:39 +00.03990E+00  1199 008397 1 00011138 00011063 000 343 43063.8115666782
24.11.2017 19:28:39 +00.03990E+00  1211 008397 1 00011139 00011063 000 376 43063.8115710301
24.11.2017 19:28:40 +00.03990E+00  1222 008397 1 00011140 00011063 000 341 43063.8115749769
24.11.2017 19:28:40 +00.03990E+00  1236 008397 1 00011141 00011063 000 342 43063.8115789468
24.11.2017 19:28:40 +00.03990E+00  1255 008397 1 00011142 00011063 000 343 43063.8115829167
24.11.2017 19:28:41 +00.03990E+00  1267 008397 1 00011143 00011063 000 377 43063.8115872917
24.11.2017 19:28:41 +00.03990E+00  1282 008397 1 00011144 00011063 000 340 43063.8115912269
24.11.2017 19:28:41 +00.03990E+00  1293 008397 1 00011145 00011063 000 343 43063.8115951968
24.11.2017 19:28:42 +00.03990E+00  1307 008397 1 00011146 00011063 000 343 43063.8115991667
24.11.2017 19:28:42 +00.03990E+00  1315 008397 1 00011147 00011063 000 379 43063.8116035532
24.11.2017 19:28:42 +00.03990E+00  1334 008397 1 00011148 00011063 000 340 43063.8116074884
24.11.2017 19:28:48 +00.04000E+00  0012 008419 1 00011149 00011149 000 343 43063.8116672106
24.11.2017 19:28:48 +00.04000E+00  0023 008419 1 00011150 00011149 000 401 43063.8116718519
24.11.2017 19:28:48 +00.04000E+00  0046 008419 1 00011151 00011149 000 342 43063.8116758102
24.11.2017 19:28:49 +00.04000E+00  0058 008419 1 00011152 00011149 000 343 43063.8116797801
24.11.2017 19:28:49 +00.04001E+00  0082 008419 1 00011153 00011149 000 342 43063.8116837384
24.11.2017 19:28:49 +00.04001E+00  0095 008419 1 00011154 00011149 000 377 43063.8116881134
24.11.2017 19:28:50 +00.04001E+00  0114 008419 1 00011155 00011149 000 340 43063.8116920486
24.11.2017 19:28:50 +00.04000E+00  0129 008419 1 00011156 00011149 000 342 43063.8116960185
24.11.2017 19:28:50 +00.04001E+00  0142 008419 1 00011157 00011149 000 342 43063.8116999884
24.11.2017 19:28:51 +00.04001E+00  0154 008419 1 00011158 00011149 000 378 43063.811704375
24.11.2017 19:28:51 +00.04001E+00  0171 008419 1 00011159 00011149 000 346 43063.8117083912
24.11.2017 19:28:51 +00.04000E+00  0182 008419 1 00011160 00011149 000 342 43063.8117123495
24.11.2017 19:28:52 +00.04001E+00  0193 008419 1 00011161 00011149 000 343 43063.8117163194
24.11.2017 19:28:52 +00.04000E+00  0214 008419 1 00011162 00011149 000 373 43063.8117206366
24.11.2017 19:28:53 +00.04001E+00  0231 008419 1 00011163 00011149 000 343 43063.8117246181
24.11.2017 19:28:53 +00.04001E+00  0240 008417 1 00011164 00011149 000 344 43063.8117285995
24.11.2017 19:28:53 +00.04000E+00  0259 008417 1 00011165 00011149 000 343 43063.8117325694
24.11.2017 19:28:54 +00.04000E+00  0282 008417 1 00011166 00011149 000 374 43063.8117368981
24.11.2017 19:28:54 +00.04000E+00  0295 008417 1 00011167 00011149 000 342 43063.8117408681
24.11.2017 19:28:54 +00.04000E+00  0309 008417 1 00011168 00011149 000 343 43063.811744838
24.11.2017 19:28:55 +00.04000E+00  0317 008417 1 00011169 00011149 000 343 43063.8117488079
24.11.2017 19:28:55 +00.04000E+00  0330 008417 1 00011170 00011149 000 376 43063.8117531597
24.11.2017 19:28:55 +00.04000E+00  0344 008417 1 00011171 00011149 000 342 43063.8117571181
24.11.2017 19:28:56 +00.04000E+00  0354 008417 1 00011172 00011149 000 343 43063.811761088
24.11.2017 19:28:56 +00.04000E+00  0370 008417 1 00011173 00011149 000 343 43063.8117650579
24.11.2017 19:28:56 +00.04000E+00  0381 008417 1 00011174 00011149 000 377 43063.8117694213
24.11.2017 19:28:57 +00.04000E+00  0392 008417 1 00011175 00011149 000 341 43063.8117733681
24.11.2017 19:28:57 +00.03999E+00  0413 008417 1 00011176 00011149 000 343 43063.811777338
24.11.2017 19:28:57 +00.04000E+00  0441 008417 1 00011177 00011149 000 343 43063.8117813079
24.11.2017 19:28:58 +00.04000E+00  0459 008417 1 00011178 00011149 000 378 43063.8117856829
24.11.2017 19:28:58 +00.03999E+00  0473 008417 1 00011179 00011149 000 341 43063.8117896296
24.11.2017 19:28:58 +00.04000E+00  0486 008417 1 00011180 00011149 000 342 43063.811793588
24.11.2017 19:28:59 +00.04000E+00  0505 008417 1 00011181 00011149 000 343 43063.8117975579
24.11.2017 19:28:59 +00.04000E+00  0518 008417 1 00011182 00011149 000 379 43063.8118019444
24.11.2017 19:29:00 +00.04000E+00  0533 008417 1 00011183 00011149 000 345 43063.8118059375
24.11.2017 19:29:00 +00.04000E+00  0548 008417 1 00011184 00011149 000 343 43063.8118099074
24.11.2017 19:29:00 +00.04000E+00  0566 008417 1 00011185 00011149 000 343 43063.8118138773
24.11.2017 19:29:01 +00.04000E+00  0579 008417 1 00011186 00011149 000 374 43063.811818206
24.11.2017 19:29:01 +00.04000E+00  0596 008417 1 00011187 00011149 000 343 43063.8118221759
24.11.2017 19:29:01 +00.04000E+00  0607 008417 1 00011188 00011149 000 343 43063.8118261458
24.11.2017 19:29:02 +00.04000E+00  0623 008417 1 00011189 00011149 000 344 43063.8118301273
24.11.2017 19:29:02 +00.03999E+00  0646 008417 1 00011190 00011149 000 376 43063.8118344792
24.11.2017 19:29:02 +00.03999E+00  0666 008417 1 00011191 00011149 000 341 43063.8118384259
24.11.2017 19:29:03 +00.04000E+00  0688 008417 1 00011192 00011149 000 343 43063.8118423958
24.11.2017 19:29:03 +00.04000E+00  0699 008417 1 00011193 00011149 000 343 43063.8118463657
24.11.2017 19:29:03 +00.04000E+00  0712 008417 1 00011194 00011149 000 377 43063.8118507292
24.11.2017 19:29:04 +00.04000E+00  0721 008417 1 00011195 00011149 000 341 43063.8118546759
24.11.2017 19:29:04 +00.04000E+00  0734 008417 1 00011196 00011149 000 343 43063.8118586458
24.11.2017 19:29:04 +00.03999E+00  0746 008417 1 00011197 00011149 000 343 43063.8118626157
24.11.2017 19:29:05 +00.04000E+00  0754 008417 1 00011198 00011149 000 378 43063.8118669907
24.11.2017 19:29:05 +00.04000E+00  0766 008417 1 00011199 00011149 000 340 43063.8118709259
24.11.2017 19:29:05 +00.04000E+00  0786 008417 1 00011200 00011149 000 342 43063.8118748958
24.11.2017 19:29:06 +00.04000E+00  0798 008417 1 00011201 00011149 000 343 43063.8118788657
24.11.2017 19:29:06 +00.04000E+00  0814 008417 1 00011202 00011149 000 380 43063.8118832639
24.11.2017 19:29:07 +00.04000E+00  0832 008417 1 00011203 00011149 000 344 43063.8118872454
24.11.2017 19:29:07 +00.04000E+00  0848 008417 1 00011204 00011149 000 343 43063.8118912153
24.11.2017 19:29:07 +00.03999E+00  0869 008417 1 00011205 00011149 000 343 43063.8118951852
24.11.2017 19:29:08 +00.04000E+00  0880 008417 1 00011206 00011149 000 375 43063.8118995255
24.11.2017 19:29:08 +00.03999E+00  0897 008417 1 00011207 00011149 000 343 43063.8119034954
24.11.2017 19:29:08 +00.04000E+00  0907 008417 1 00011208 00011149 000 343 43063.8119074653
24.11.2017 19:29:09 +00.04000E+00  0930 008417 1 00011209 00011149 000 343 43063.8119114352
24.11.2017 19:29:09 +00.04000E+00  0941 008417 1 00011210 00011149 000 376 43063.811915787
24.11.2017 19:29:09 +00.04000E+00  0951 008417 1 00011211 00011149 000 342 43063.8119197454
24.11.2017 19:29:10 +00.04000E+00  0969 008417 1 00011212 00011149 000 342 43063.8119237037
24.11.2017 19:29:10 +00.04000E+00  0981 008417 1 00011213 00011149 000 342 43063.8119276736
24.11.2017 19:29:10 +00.04000E+00  0994 008417 1 00011214 00011149 000 377 43063.8119320486
24.11.2017 19:29:11 +00.04000E+00  1016 008417 1 00011215 00011149 000 340 43063.8119359838
24.11.2017 19:29:11 +00.04000E+00  1033 008417 1 00011216 00011149 000 342 43063.8119399537
24.11.2017 19:29:11 +00.04000E+00  1047 008417 1 00011217 00011149 000 343 43063.8119439236
24.11.2017 19:29:12 +00.04000E+00  1060 008417 1 00011218 00011149 000 378 43063.8119482986
24.11.2017 19:29:12 +00.04000E+00  1080 008417 1 00011219 00011149 000 340 43063.8119522338
24.11.2017 19:29:13 +00.04000E+00  1088 008417 1 00011220 00011149 000 343 43063.8119562037
24.11.2017 19:29:13 +00.04000E+00  1103 008417 1 00011221 00011149 000 343 43063.8119601736
24.11.2017 19:29:13 +00.03999E+00  1115 008417 1 00011222 00011149 000 380 43063.8119645718
24.11.2017 19:29:14 +00.04000E+00  1137 008417 1 00011223 00011149 000 344 43063.8119685532
24.11.2017 19:29:14 +00.04000E+00  1152 008417 1 00011224 00011149 000 343 43063.8119725232
24.11.2017 19:29:14 +00.04000E+00  1168 008417 1 00011225 00011149 000 343 43063.8119764931
24.11.2017 19:29:15 +00.04000E+00  1182 008417 1 00011226 00011149 000 374 43063.8119808218
24.11.2017 19:29:15 +00.04000E+00  1203 008417 1 00011227 00011149 000 344 43063.8119848032
24.11.2017 19:29:15 +00.04000E+00  1218 008417 1 00011228 00011149 000 343 43063.8119887731
24.11.2017 19:29:16 +00.03999E+00  1239 008417 1 00011229 00011149 000 343 43063.8119927431
24.11.2017 19:29:16 +00.03999E+00  1254 008417 1 00011230 00011149 000 376 43063.8119970949
24.11.2017 19:29:16 +00.03999E+00  1269 008417 1 00011231 00011149 000 342 43063.8120010532
24.11.2017 19:29:17 +00.04000E+00  1279 008417 1 00011232 00011149 000 343 43063.8120050231
24.11.2017 19:29:17 +00.04000E+00  1296 008417 1 00011233 00011149 000 343 43063.8120089931
24.11.2017 19:29:17 +00.03999E+00  1310 008417 1 00011234 00011149 000 377 43063.8120133565
24.11.2017 19:29:23 +00.04010E+00  0013 008438 1 00011235 00011235 000 378 43063.8120784028
24.11.2017 19:29:23 +00.04010E+00  0025 008438 1 00011236 00011235 000 340 43063.812082338
24.11.2017 19:29:24 +00.04009E+00  0047 008438 1 00011237 00011235 000 343 43063.8120863079
24.11.2017 19:29:24 +00.04010E+00  0061 008438 1 00011238 00011235 000 343 43063.8120902778
24.11.2017 19:29:24 +00.04009E+00  0072 008438 1 00011239 00011235 000 379 43063.8120946644
24.11.2017 19:29:25 +00.04010E+00  0085 008438 1 00011240 00011235 000 344 43063.8120986458
24.11.2017 19:29:25 +00.04010E+00  0103 008438 1 00011241 00011235 000 344 43063.8121026273
24.11.2017 19:29:26 +00.04010E+00  0127 008438 1 00011242 00011235 000 343 43063.8121065972
24.11.2017 19:29:26 +00.04010E+00  0145 008438 1 00011243 00011235 000 374 43063.8121109259
24.11.2017 19:29:26 +00.04010E+00  0163 008438 1 00011244 00011235 000 343 43063.8121148958
24.11.2017 19:29:27 +00.04009E+00  0174 008438 1 00011245 00011235 000 343 43063.8121188657
24.11.2017 19:29:27 +00.04009E+00  0190 008438 1 00011246 00011235 000 343 43063.8121228356
24.11.2017 19:29:27 +00.04010E+00  0208 008438 1 00011247 00011235 000 376 43063.8121271875
24.11.2017 19:29:28 +00.04010E+00  0226 008438 1 00011248 00011235 000 342 43063.8121311458
24.11.2017 19:29:28 +00.04010E+00  0236 008438 1 00011249 00011235 000 343 43063.8121351157
24.11.2017 19:29:28 +00.04010E+00  0254 008438 1 00011250 00011235 000 343 43063.8121390856
24.11.2017 19:29:29 +00.04010E+00  0266 008438 1 00011251 00011235 000 377 43063.8121434491
24.11.2017 19:29:29 +00.04010E+00  0286 008438 1 00011252 00011235 000 341 43063.8121473958
24.11.2017 19:29:29 +00.04010E+00  0311 008438 1 00011253 00011235 000 343 43063.8121513657
24.11.2017 19:29:30 +00.04009E+00  0327 008438 1 00011254 00011235 000 343 43063.8121553356
24.11.2017 19:29:30 +00.04010E+00  0339 008438 1 00011255 00011235 000 378 43063.8121597107
24.11.2017 19:29:30 +00.04010E+00  0350 008438 1 00011256 00011235 000 340 43063.8121636458
24.11.2017 19:29:31 +00.04010E+00  0363 008438 1 00011257 00011235 000 343 43063.8121676157
24.11.2017 19:29:31 +00.04010E+00  0382 008438 1 00011258 00011235 000 343 43063.8121715856
24.11.2017 19:29:32 +00.04010E+00  0394 008438 1 00011259 00011235 000 379 43063.8121759722
24.11.2017 19:29:32 +00.04009E+00  0411 008438 1 00011260 00011235 000 345 43063.8121799653
24.11.2017 19:29:32 +00.04009E+00  0426 008438 1 00011261 00011235 000 343 43063.8121839352
24.11.2017 19:29:33 +00.04009E+00  0439 008438 1 00011262 00011235 000 343 43063.8121879051
24.11.2017 19:29:33 +00.04010E+00  0463 008438 1 00011263 00011235 000 374 43063.8121922338
24.11.2017 19:29:33 +00.04010E+00  0482 008438 1 00011264 00011235 000 343 43063.8121962037
24.11.2017 19:29:34 +00.04009E+00  0496 008438 1 00011265 00011235 000 343 43063.8122001852
24.11.2017 19:29:34 +00.04010E+00  0505 008438 1 00011266 00011235 000 343 43063.8122041551
24.11.2017 19:29:34 +00.04010E+00  0519 008438 1 00011267 00011235 000 375 43063.8122084954
24.11.2017 19:29:35 +00.04010E+00  0531 008438 1 00011268 00011235 000 342 43063.8122124537
24.11.2017 19:29:35 +00.04009E+00  0548 008438 1 00011269 00011235 000 343 43063.8122164236
24.11.2017 19:29:35 +00.04010E+00  0554 008438 1 00011270 00011235 000 344 43063.8122204051
24.11.2017 19:29:36 +00.04010E+00  0565 008438 1 00011271 00011235 000 376 43063.8122247569
24.11.2017 19:29:36 +00.04009E+00  0581 008438 1 00011272 00011235 000 341 43063.8122287037
24.11.2017 19:29:36 +00.04010E+00  0595 008438 1 00011273 00011235 000 343 43063.8122326736
24.11.2017 19:29:37 +00.04010E+00  0608 008438 1 00011274 00011235 000 343 43063.8122366435
24.11.2017 19:29:37 +00.04010E+00  0618 008438 1 00011275 00011235 000 378 43063.8122410185
24.11.2017 19:29:37 +00.04010E+00  0633 008438 1 00011276 00011235 000 340 43063.8122449537
24.11.2017 19:29:38 +00.04009E+00  0652 008438 1 00011277 00011235 000 343 43063.8122489236
24.11.2017 19:29:38 +00.04010E+00  0670 008438 1 00011278 00011235 000 343 43063.8122528935
24.11.2017 19:29:39 +00.04010E+00  0686 008438 1 00011279 00011235 000 379 43063.8122572801
24.11.2017 19:29:39 +00.04010E+00  0700 008438 1 00011280 00011235 000 340 43063.8122612153
24.11.2017 19:29:39 +00.04010E+00  0715 008438 1 00011281 00011235 000 342 43063.8122651736
24.11.2017 19:29:40 +00.04010E+00  0729 008438 1 00011282 00011235 000 343 43063.8122691435
24.11.2017 19:29:40 +00.04010E+00  0744 008438 1 00011283 00011235 000 380 43063.8122735417
24.11.2017 19:29:40 +00.04010E+00  0763 008438 1 00011284 00011235 000 344 43063.8122775231
24.11.2017 19:29:41 +00.04010E+00  0771 008438 1 00011285 00011235 000 343 43063.8122814931
24.11.2017 19:29:41 +00.04010E+00  0788 008438 1 00011286 00011235 000 343 43063.812285463
24.11.2017 19:29:41 +00.04010E+00  0801 008438 1 00011287 00011235 000 375 43063.8122898032
24.11.2017 19:29:42 +00.04010E+00  0816 008438 1 00011288 00011235 000 343 43063.8122937731
24.11.2017 19:29:42 +00.04009E+00  0827 008438 1 00011289 00011235 000 343 43063.8122977431
24.11.2017 19:29:42 +00.04010E+00  0838 008438 1 00011290 00011235 000 343 43063.812301713
24.11.2017 19:29:43 +00.04010E+00  0850 008438 1 00011291 00011235 000 376 43063.8123060648
24.11.2017 19:29:43 +00.04009E+00  0867 008438 1 00011292 00011235 000 342 43063.8123100231
24.11.2017 19:29:43 +00.04010E+00  0881 008438 1 00011293 00011235 000 342 43063.8123139815
24.11.2017 19:29:44 +00.04009E+00  0901 008438 1 00011294 00011235 000 344 43063.812317963
24.11.2017 19:29:44 +00.04010E+00  0915 008438 1 00011295 00011235 000 377 43063.8123223264
24.11.2017 19:29:44 +00.04009E+00  0935 008438 1 00011296 00011235 000 340 43063.8123262731
24.11.2017 19:29:45 +00.04010E+00  0952 008438 1 00011297 00011235 000 342 43063.8123302315
24.11.2017 19:29:45 +00.04009E+00  0968 008438 1 00011298 00011235 000 343 43063.8123342014
24.11.2017 19:29:46 +00.04010E+00  0986 008438 1 00011299 00011235 000 379 43063.812338588
24.11.2017 19:29:46 +00.04010E+00  0998 008438 1 00011300 00011235 000 340 43063.8123425231
24.11.2017 19:29:46 +00.04010E+00  1012 008438 1 00011301 00011235 000 342 43063.8123464815
24.11.2017 19:29:47 +00.04010E+00  1032 008438 1 00011302 00011235 000 343 43063.8123504514
24.11.2017 19:29:47 +00.04010E+00  1043 008438 1 00011303 00011235 000 380 43063.8123548495
24.11.2017 19:29:47 +00.04010E+00  1061 008438 1 00011304 00011235 000 344 43063.812358831
24.11.2017 19:29:48 +00.04010E+00  1078 008438 1 00011305 00011235 000 343 43063.8123628009
24.11.2017 19:29:48 +00.04010E+00  1088 008438 1 00011306 00011235 000 343 43063.8123667708
24.11.2017 19:29:48 +00.04010E+00  1099 008438 1 00011307 00011235 000 375 43063.8123711111
24.11.2017 19:29:49 +00.04010E+00  1113 008438 1 00011308 00011235 000 343 43063.812375081
24.11.2017 19:29:49 +00.04010E+00  1129 008438 1 00011309 00011235 000 343 43063.8123790509
24.11.2017 19:29:49 +00.04009E+00  1142 008438 1 00011310 00011235 000 343 43063.8123830208
24.11.2017 19:29:50 +00.04010E+00  1160 008438 1 00011311 00011235 000 376 43063.8123873727
24.11.2017 19:29:50 +00.04009E+00  1177 008438 1 00011312 00011235 000 342 43063.812391331
24.11.2017 19:29:50 +00.04009E+00  1188 008438 1 00011313 00011235 000 343 43063.8123953009
24.11.2017 19:29:51 +00.04010E+00  1211 008438 1 00011314 00011235 000 343 43063.8123992708
24.11.2017 19:29:51 +00.04009E+00  1227 008438 1 00011315 00011235 000 377 43063.8124036343
24.11.2017 19:29:52 +00.04010E+00  1243 008438 1 00011316 00011235 000 341 43063.812407581
24.11.2017 19:29:52 +00.04010E+00  1258 008438 1 00011317 00011235 000 342 43063.8124115394
24.11.2017 19:29:52 +00.04010E+00  1268 008438 1 00011318 00011235 000 343 43063.8124155208
24.11.2017 19:29:53 +00.04010E+00  1279 008438 1 00011319 00011235 000 378 43063.8124198958
24.11.2017 19:29:53 +00.04010E+00  1295 008438 1 00011320 00011235 000 345 43063.8124239005
24.11.2017 19:29:58 +00.04019E+00  0014 008458 1 00011321 00011321 000 380 43063.8124849421
24.11.2017 19:29:59 +00.04019E+00  0035 008458 1 00011322 00011321 000 343 43063.812488912
24.11.2017 19:29:59 +00.04019E+00  0049 008458 1 00011323 00011321 000 343 43063.8124928819
24.11.2017 19:29:59 +00.04019E+00  0062 008458 1 00011324 00011321 000 344 43063.8124968634
24.11.2017 19:30:00 +00.04019E+00  0071 008458 1 00011325 00011321 000 375 43063.8125012037
24.11.2017 19:30:00 +00.04019E+00  0088 008458 1 00011326 00011321 000 341 43063.812505162
24.11.2017 19:30:00 +00.04019E+00  0103 008458 1 00011327 00011321 000 343 43063.8125091319
24.11.2017 19:30:01 +00.04019E+00  0122 008458 1 00011328 00011321 000 343 43063.8125131019
24.11.2017 19:30:01 +00.04019E+00  0138 008458 1 00011329 00011321 000 377 43063.8125174653
24.11.2017 19:30:01 +00.04019E+00  0149 008458 1 00011330 00011321 000 341 43063.812521412
24.11.2017 19:30:02 +00.04019E+00  0161 008458 1 00011331 00011321 000 343 43063.8125253819
24.11.2017 19:30:02 +00.04019E+00  0180 008458 1 00011332 00011321 000 343 43063.8125293519
24.11.2017 19:30:02 +00.04019E+00  0189 008458 1 00011333 00011321 000 378 43063.8125337269
24.11.2017 19:30:03 +00.04019E+00  0205 008458 1 00011334 00011321 000 340 43063.812537662
24.11.2017 19:30:03 +00.04019E+00  0217 008458 1 00011335 00011321 000 342 43063.8125416204
24.11.2017 19:30:03 +00.04019E+00  0230 008460 1 00011336 00011321 000 343 43063.8125456019
24.11.2017 19:30:04 +00.04020E+00  0243 008460 1 00011337 00011321 000 380 43063.81255
24.11.2017 19:30:04 +00.04020E+00  0255 008460 1 00011338 00011321 000 344 43063.8125539815
24.11.2017 19:30:05 +00.04020E+00  0263 008460 1 00011339 00011321 000 343 43063.8125579514
24.11.2017 19:30:05 +00.04020E+00  0282 008460 1 00011340 00011321 000 343 43063.8125619213
24.11.2017 19:30:05 +00.04020E+00  0295 008460 1 00011341 00011321 000 374 43063.81256625
24.11.2017 19:30:06 +00.04020E+00  0315 008460 1 00011342 00011321 000 343 43063.8125702199
24.11.2017 19:30:06 +00.04020E+00  0331 008460 1 00011343 00011321 000 343 43063.8125741898
24.11.2017 19:30:06 +00.04020E+00  0353 008460 1 00011344 00011321 000 342 43063.8125781597
24.11.2017 19:30:07 +00.04020E+00  0368 008460 1 00011345 00011321 000 376 43063.8125825231
24.11.2017 19:30:07 +00.04020E+00  0393 008460 1 00011346 00011321 000 341 43063.8125864699
24.11.2017 19:30:07 +00.04020E+00  0409 008460 1 00011347 00011321 000 343 43063.8125904398
24.11.2017 19:30:08 +00.04020E+00  0415 008460 1 00011348 00011321 000 344 43063.8125944213
24.11.2017 19:30:08 +00.04020E+00  0425 008460 1 00011349 00011321 000 376 43063.8125987731
24.11.2017 19:30:08 +00.04020E+00  0451 008460 1 00011350 00011321 000 341 43063.8126027199
24.11.2017 19:30:09 +00.04020E+00  0461 008460 1 00011351 00011321 000 343 43063.8126066898
24.11.2017 19:30:09 +00.04020E+00  0471 008460 1 00011352 00011321 000 343 43063.8126106597
24.11.2017 19:30:09 +00.04020E+00  0483 008460 1 00011353 00011321 000 378 43063.8126150347
24.11.2017 19:30:10 +00.04020E+00  0496 008460 1 00011354 00011321 000 340 43063.8126189699
24.11.2017 19:30:10 +00.04020E+00  0514 008460 1 00011355 00011321 000 342 43063.8126229398
24.11.2017 19:30:10 +00.04020E+00  0530 008460 1 00011356 00011321 000 343 43063.8126269097
24.11.2017 19:30:11 +00.04020E+00  0543 008460 1 00011357 00011321 000 380 43063.8126313079
24.11.2017 19:30:11 +00.04020E+00  0552 008460 1 00011358 00011321 000 344 43063.8126352894
24.11.2017 19:30:12 +00.04020E+00  0568 008460 1 00011359 00011321 000 343 43063.8126392593
24.11.2017 19:30:12 +00.04020E+00  0585 008460 1 00011360 00011321 000 343 43063.8126432292
24.11.2017 19:30:12 +00.04020E+00  0595 008460 1 00011361 00011321 000 374 43063.8126475579
24.11.2017 19:30:13 +00.04020E+00  0611 008460 1 00011362 00011321 000 344 43063.8126515394
24.11.2017 19:30:13 +00.04020E+00  0631 008460 1 00011363 00011321 000 343 43063.8126555093
24.11.2017 19:30:13 +00.04020E+00  0650 008460 1 00011364 00011321 000 343 43063.8126594792
24.11.2017 19:30:14 +00.04020E+00  0671 008460 1 00011365 00011321 000 376 43063.812663831
24.11.2017 19:30:14 +00.04020E+00  0684 008460 1 00011366 00011321 000 342 43063.8126677894
24.11.2017 19:30:14 +00.04020E+00  0698 008460 1 00011367 00011321 000 342 43063.8126717477
24.11.2017 19:30:15 +00.04020E+00  0714 008460 1 00011368 00011321 000 343 43063.8126757292
24.11.2017 19:30:15 +00.04020E+00  0735 008460 1 00011369 00011321 000 377 43063.8126800926
24.11.2017 19:30:15 +00.04020E+00  0749 008460 1 00011370 00011321 000 340 43063.8126840278
24.11.2017 19:30:16 +00.04020E+00  0759 008460 1 00011371 00011321 000 343 43063.8126879977
24.11.2017 19:30:16 +00.04020E+00  0776 008460 1 00011372 00011321 000 343 43063.8126919676
24.11.2017 19:30:16 +00.04020E+00  0793 008460 1 00011373 00011321 000 378 43063.8126963426
24.11.2017 19:30:17 +00.04020E+00  0814 008460 1 00011374 00011321 000 340 43063.8127002894
24.11.2017 19:30:17 +00.04020E+00  0827 008460 1 00011375 00011321 000 342 43063.8127042477
24.11.2017 19:30:17 +00.04020E+00  0846 008460 1 00011376 00011321 000 343 43063.8127082176
24.11.2017 19:30:18 +00.04020E+00  0860 008460 1 00011377 00011321 000 381 43063.8127126273
24.11.2017 19:30:18 +00.04020E+00  0870 008460 1 00011378 00011321 000 343 43063.8127165972
24.11.2017 19:30:19 +00.04020E+00  0887 008460 1 00011379 00011321 000 343 43063.8127205671
24.11.2017 19:30:19 +00.04020E+00  0899 008460 1 00011380 00011321 000 343 43063.812724537
24.11.2017 19:30:19 +00.04020E+00  0912 008460 1 00011381 00011321 000 374 43063.8127288657
24.11.2017 19:30:20 +00.04020E+00  0924 008460 1 00011382 00011321 000 344 43063.8127328472
24.11.2017 19:30:20 +00.04020E+00  0939 008460 1 00011383 00011321 000 343 43063.8127368171
24.11.2017 19:30:20 +00.04020E+00  0951 008460 1 00011384 00011321 000 343 43063.812740787
24.11.2017 19:30:21 +00.04020E+00  0964 008460 1 00011385 00011321 000 376 43063.8127451389
24.11.2017 19:30:21 +00.04020E+00  0985 008460 1 00011386 00011321 000 342 43063.8127490972
24.11.2017 19:30:21 +00.04020E+00  1003 008460 1 00011387 00011321 000 343 43063.8127530671
24.11.2017 19:30:22 +00.04020E+00  1017 008460 1 00011388 00011321 000 343 43063.812757037
24.11.2017 19:30:22 +00.04020E+00  1035 008460 1 00011389 00011321 000 377 43063.8127614005
24.11.2017 19:30:22 +00.04020E+00  1039 008460 1 00011390 00011321 000 341 43063.8127653472
24.11.2017 19:30:23 +00.04020E+00  1056 008460 1 00011391 00011321 000 343 43063.8127693171
24.11.2017 19:30:23 +00.04020E+00  1064 008460 1 00011392 00011321 000 343 43063.812773287
24.11.2017 19:30:23 +00.04020E+00  1075 008460 1 00011393 00011321 000 378 43063.812777662
24.11.2017 19:30:24 +00.04020E+00  1087 008460 1 00011394 00011321 000 340 43063.8127815972
24.11.2017 19:30:24 +00.04020E+00  1101 008460 1 00011395 00011321 000 341 43063.8127855556
24.11.2017 19:30:25 +00.04020E+00  1124 008460 1 00011396 00011321 000 344 43063.812789537
24.11.2017 19:30:25 +00.04020E+00  1142 008460 1 00011397 00011321 000 378 43063.812793912
24.11.2017 19:30:25 +00.04020E+00  1156 008460 1 00011398 00011321 000 345 43063.8127979167
24.11.2017 19:30:26 +00.04020E+00  1172 008460 1 00011399 00011321 000 342 43063.812801875
24.11.2017 19:30:26 +00.04020E+00  1185 008460 1 00011400 00011321 000 343 43063.8128058565
24.11.2017 19:30:26 +00.04020E+00  1202 008460 1 00011401 00011321 000 374 43063.8128101852
24.11.2017 19:30:27 +00.04020E+00  1218 008460 1 00011402 00011321 000 343 43063.8128141551
24.11.2017 19:30:27 +00.04020E+00  1236 008460 1 00011403 00011321 000 343 43063.812818125
24.11.2017 19:30:27 +00.04020E+00  1255 008460 1 00011404 00011321 000 343 43063.8128220949
24.11.2017 19:30:28 +00.04020E+00  1266 008460 1 00011405 00011321 000 376 43063.8128264468
24.11.2017 19:30:28 +00.04020E+00  1285 008460 1 00011406 00011321 000 342 43063.8128304051
24.11.2017 19:30:33 +00.04030E+00  0014 008480 1 00011407 00011407 000 377 43063.8128914931
24.11.2017 19:30:34 +00.04030E+00  0029 008480 1 00011408 00011407 000 340 43063.8128954282
24.11.2017 19:30:34 +00.04030E+00  0038 008480 1 00011409 00011407 000 343 43063.8128993982
24.11.2017 19:30:34 +00.04030E+00  0057 008480 1 00011410 00011407 000 343 43063.8129033681
24.11.2017 19:30:35 +00.04030E+00  0069 008480 1 00011411 00011407 000 379 43063.8129077546
24.11.2017 19:30:35 +00.04030E+00  0084 008480 1 00011412 00011407 000 345 43063.8129117477
24.11.2017 19:30:35 +00.04030E+00  0096 008480 1 00011413 00011407 000 343 43063.8129157176
24.11.2017 19:30:36 +00.04030E+00  0109 008480 1 00011414 00011407 000 343 43063.8129196875
24.11.2017 19:30:36 +00.04030E+00  0124 008480 1 00011415 00011407 000 374 43063.8129240162
24.11.2017 19:30:36 +00.04029E+00  0142 008480 1 00011416 00011407 000 343 43063.8129279861
24.11.2017 19:30:37 +00.04029E+00  0160 008480 1 00011417 00011407 000 343 43063.8129319676
24.11.2017 19:30:37 +00.04030E+00  0169 008480 1 00011418 00011407 000 343 43063.8129359375
24.11.2017 19:30:38 +00.04030E+00  0187 008480 1 00011419 00011407 000 375 43063.8129402778
24.11.2017 19:30:38 +00.04030E+00  0206 008480 1 00011420 00011407 000 342 43063.8129442361
24.11.2017 19:30:38 +00.04030E+00  0218 008480 1 00011421 00011407 000 342 43063.812948206
24.11.2017 19:30:39 +00.04030E+00  0230 008480 1 00011422 00011407 000 342 43063.8129521759
24.11.2017 19:30:39 +00.04030E+00  0241 008480 1 00011423 00011407 000 375 43063.8129565278
24.11.2017 19:30:39 +00.04030E+00  0252 008480 1 00011424 00011407 000 341 43063.8129604861
24.11.2017 19:30:40 +00.04030E+00  0266 008480 1 00011425 00011407 000 343 43063.812964456
24.11.2017 19:30:40 +00.04030E+00  0283 008480 1 00011426 00011407 000 343 43063.8129684259
24.11.2017 19:30:40 +00.04030E+00  0295 008480 1 00011427 00011407 000 378 43063.8129728009
24.11.2017 19:30:41 +00.04030E+00  0316 008480 1 00011428 00011407 000 341 43063.8129767593
24.11.2017 19:30:41 +00.04030E+00  0328 008480 1 00011429 00011407 000 341 43063.812980706
24.11.2017 19:30:41 +00.04029E+00  0343 008480 1 00011430 00011407 000 343 43063.8129846759
24.11.2017 19:30:42 +00.04030E+00  0359 008480 1 00011431 00011407 000 379 43063.8129890625
24.11.2017 19:30:42 +00.04030E+00  0379 008480 1 00011432 00011407 000 340 43063.8129929977
24.11.2017 19:30:42 +00.04029E+00  0394 008480 1 00011433 00011407 000 341 43063.812996956
24.11.2017 19:30:43 +00.04029E+00  0409 008480 1 00011434 00011407 000 343 43063.8130009259
24.11.2017 19:30:43 +00.04030E+00  0420 008480 1 00011435 00011407 000 380 43063.8130053241
24.11.2017 19:30:44 +00.04030E+00  0433 008480 1 00011436 00011407 000 344 43063.8130093056
24.11.2017 19:30:44 +00.04030E+00  0446 008480 1 00011437 00011407 000 343 43063.8130132755
24.11.2017 19:30:44 +00.04030E+00  0464 008480 1 00011438 00011407 000 343 43063.8130172454
24.11.2017 19:30:45 +00.04030E+00  0478 008480 1 00011439 00011407 000 375 43063.8130215857
24.11.2017 19:30:45 +00.04030E+00  0492 008480 1 00011440 00011407 000 343 43063.8130255556
24.11.2017 19:30:45 +00.04030E+00  0509 008480 1 00011441 00011407 000 343 43063.8130295255
24.11.2017 19:30:46 +00.04030E+00  0519 008480 1 00011442 00011407 000 343 43063.8130334954
24.11.2017 19:30:46 +00.04029E+00  0535 008480 1 00011443 00011407 000 376 43063.8130378472
24.11.2017 19:30:46 +00.04030E+00  0558 008480 1 00011444 00011407 000 342 43063.8130418056
24.11.2017 19:30:47 +00.04030E+00  0577 008480 1 00011445 00011407 000 342 43063.8130457639
24.11.2017 19:30:47 +00.04030E+00  0589 008480 1 00011446 00011407 000 343 43063.8130497454
24.11.2017 19:30:47 +00.04030E+00  0597 008480 1 00011447 00011407 000 377 43063.8130541088
24.11.2017 19:30:48 +00.04030E+00  0615 008480 1 00011448 00011407 000 340 43063.8130580556
24.11.2017 19:30:48 +00.04030E+00  0629 008480 1 00011449 00011407 000 341 43063.8130620139
24.11.2017 19:30:48 +00.04030E+00  0636 008480 1 00011450 00011407 000 343 43063.8130659838
24.11.2017 19:30:49 +00.04030E+00  0654 008480 1 00011451 00011407 000 378 43063.8130703704
24.11.2017 19:30:49 +00.04030E+00  0672 008480 1 00011452 00011407 000 340 43063.8130743056
24.11.2017 19:30:49 +00.04030E+00  0685 008480 1 00011453 00011407 000 343 43063.8130782755
24.11.2017 19:30:50 +00.04029E+00  0708 008480 1 00011454 00011407 000 342 43063.8130822338
24.11.2017 19:30:50 +00.04029E+00  0721 008480 1 00011455 00011407 000 380 43063.8130866319
24.11.2017 19:30:51 +00.04030E+00  0739 008480 1 00011456 00011407 000 344 43063.8130906134
24.11.2017 19:30:51 +00.04030E+00  0752 008480 1 00011457 00011407 000 343 43063.8130945833
24.11.2017 19:30:51 +00.04030E+00  0767 008480 1 00011458 00011407 000 343 43063.8130985532
24.11.2017 19:30:52 +00.04030E+00  0786 008480 1 00011459 00011407 000 374 43063.8131028935
24.11.2017 19:30:52 +00.04029E+00  0801 008480 1 00011460 00011407 000 342 43063.8131068634
24.11.2017 19:30:52 +00.04030E+00  0812 008480 1 00011461 00011407 000 343 43063.8131108333
24.11.2017 19:30:53 +00.04030E+00  0825 008480 1 00011462 00011407 000 343 43063.8131148032
24.11.2017 19:30:53 +00.04029E+00  0841 008480 1 00011463 00011407 000 376 43063.8131191551
24.11.2017 19:30:53 +00.04030E+00  0858 008480 1 00011464 00011407 000 342 43063.8131231134
24.11.2017 19:30:54 +00.04029E+00  0879 008480 1 00011465 00011407 000 343 43063.8131270833
24.11.2017 19:30:54 +00.04030E+00  0898 008480 1 00011466 00011407 000 343 43063.8131310532
24.11.2017 19:30:54 +00.04030E+00  0906 008480 1 00011467 00011407 000 377 43063.8131354167
24.11.2017 19:30:55 +00.04029E+00  0925 008480 1 00011468 00011407 000 341 43063.8131393634
24.11.2017 19:30:55 +00.04030E+00  0945 008480 1 00011469 00011407 000 342 43063.8131433218
24.11.2017 19:30:55 +00.04030E+00  0963 008480 1 00011470 00011407 000 343 43063.8131473032
24.11.2017 19:30:56 +00.04029E+00  0980 008480 1 00011471 00011407 000 378 43063.8131516782
24.11.2017 19:30:56 +00.04030E+00  0996 008480 1 00011472 00011407 000 340 43063.8131556134
24.11.2017 19:30:56 +00.04030E+00  1011 008480 1 00011473 00011407 000 341 43063.8131595718
24.11.2017 19:30:57 +00.04030E+00  1027 008480 1 00011474 00011407 000 343 43063.8131635417
24.11.2017 19:30:57 +00.04029E+00  1038 008480 1 00011475 00011407 000 379 43063.8131679398
24.11.2017 19:30:58 +00.04030E+00  1053 008480 1 00011476 00011407 000 343 43063.8131719213
24.11.2017 19:30:58 +00.04030E+00  1071 008480 1 00011477 00011407 000 343 43063.8131759028
24.11.2017 19:30:58 +00.04029E+00  1085 008480 1 00011478 00011407 000 342 43063.8131798611
24.11.2017 19:30:59 +00.04029E+00  1105 008480 1 00011479 00011407 000 375 43063.8131842014
24.11.2017 19:30:59 +00.04029E+00  1122 008480 1 00011480 00011407 000 343 43063.8131881713
24.11.2017 19:30:59 +00.04029E+00  1136 008480 1 00011481 00011407 000 343 43063.8131921412
24.11.2017 19:31:00 +00.04030E+00  1153 008482 1 00011482 00011407 000 343 43063.8131961111
24.11.2017 19:31:00 +00.04030E+00  1170 008482 1 00011483 00011407 000 376 43063.813200463
24.11.2017 19:31:00 +00.04031E+00  1181 008482 1 00011484 00011407 000 342 43063.8132044213
24.11.2017 19:31:01 +00.04030E+00  1197 008482 1 00011485 00011407 000 343 43063.8132083912
24.11.2017 19:31:01 +00.04030E+00  1209 008482 1 00011486 00011407 000 343 43063.8132123611
24.11.2017 19:31:01 +00.04030E+00  1227 008482 1 00011487 00011407 000 377 43063.8132167245
24.11.2017 19:31:02 +00.04030E+00  1242 008482 1 00011488 00011407 000 341 43063.8132206713
24.11.2017 19:31:02 +00.04030E+00  1257 008482 1 00011489 00011407 000 343 43063.8132246412
24.11.2017 19:31:02 +00.04030E+00  1271 008482 1 00011490 00011407 000 343 43063.8132286111
24.11.2017 19:31:03 +00.04031E+00  1289 008482 1 00011491 00011407 000 378 43063.8132329861
24.11.2017 19:31:03 +00.04031E+00  1304 008482 1 00011492 00011407 000 340 43063.8132369213
24.11.2017 19:31:04 +00.04031E+00  1316 008482 1 00011493 00011407 000 342 43063.8132408796
24.11.2017 19:31:09 +00.04040E+00  0015 008502 1 00011494 00011494 000 381 43063.8133012847
24.11.2017 19:31:09 +00.04040E+00  0032 008502 1 00011495 00011494 000 343 43063.8133052546
24.11.2017 19:31:09 +00.04040E+00  0049 008502 1 00011496 00011494 000 342 43063.813309213
24.11.2017 19:31:10 +00.04040E+00  0066 008502 1 00011497 00011494 000 344 43063.8133131944
24.11.2017 19:31:10 +00.04040E+00  0079 008502 1 00011498 00011494 000 376 43063.8133175463
24.11.2017 19:31:10 +00.04040E+00  0092 008502 1 00011499 00011494 000 341 43063.8133214931
24.11.2017 19:31:11 +00.04040E+00  0111 008502 1 00011500 00011494 000 343 43063.813325463
24.11.2017 19:31:11 +00.04040E+00  0132 008502 1 00011501 00011494 000 343 43063.8133294329
24.11.2017 19:31:12 +00.04040E+00  0147 008502 1 00011502 00011494 000 378 43063.8133338079
24.11.2017 19:31:12 +00.04040E+00  0164 008502 1 00011503 00011494 000 340 43063.8133377431
24.11.2017 19:31:12 +00.04040E+00  0180 008502 1 00011504 00011494 000 343 43063.813341713
24.11.2017 19:31:13 +00.04040E+00  0191 008502 1 00011505 00011494 000 343 43063.8133456829
24.11.2017 19:31:13 +00.04040E+00  0206 008502 1 00011506 00011494 000 379 43063.8133500694
24.11.2017 19:31:13 +00.04040E+00  0222 008502 1 00011507 00011494 000 340 43063.8133540046
24.11.2017 19:31:14 +00.04040E+00  0239 008502 1 00011508 00011494 000 342 43063.813357963
24.11.2017 19:31:14 +00.04040E+00  0254 008502 1 00011509 00011494 000 343 43063.8133619329
24.11.2017 19:31:14 +00.04040E+00  0263 008502 1 00011510 00011494 000 381 43063.8133663426
24.11.2017 19:31:15 +00.04040E+00  0280 008502 1 00011511 00011494 000 343 43063.8133703125
24.11.2017 19:31:15 +00.04040E+00  0294 008502 1 00011512 00011494 000 343 43063.8133742824
24.11.2017 19:31:15 +00.04040E+00  0309 008502 1 00011513 00011494 000 343 43063.8133782523
24.11.2017 19:31:16 +00.04040E+00  0328 008502 1 00011514 00011494 000 376 43063.8133826042
24.11.2017 19:31:16 +00.04040E+00  0347 008502 1 00011515 00011494 000 341 43063.8133865509
24.11.2017 19:31:16 +00.04040E+00  0358 008502 1 00011516 00011494 000 342 43063.8133905208
24.11.2017 19:31:17 +00.04040E+00  0381 008502 1 00011517 00011494 000 342 43063.8133944907
24.11.2017 19:31:17 +00.04040E+00  0391 008502 1 00011518 00011494 000 377 43063.8133988657
24.11.2017 19:31:18 +00.04040E+00  0409 008502 1 00011519 00011494 000 341 43063.8134028125
24.11.2017 19:31:18 +00.04040E+00  0419 008502 1 00011520 00011494 000 342 43063.8134067708
24.11.2017 19:31:18 +00.04040E+00  0434 008502 1 00011521 00011494 000 342 43063.8134107407
24.11.2017 19:31:19 +00.04040E+00  0444 008502 1 00011522 00011494 000 378 43063.8134151157
24.11.2017 19:31:19 +00.04040E+00  0465 008502 1 00011523 00011494 000 340 43063.8134190625
24.11.2017 19:31:19 +00.04040E+00  0488 008502 1 00011524 00011494 000 342 43063.8134230208
24.11.2017 19:31:20 +00.04040E+00  0501 008502 1 00011525 00011494 000 343 43063.8134269907
24.11.2017 19:31:20 +00.04040E+00  0512 008502 1 00011526 00011494 000 379 43063.8134313773
24.11.2017 19:31:20 +00.04040E+00  0530 008502 1 00011527 00011494 000 340 43063.8134353125
24.11.2017 19:31:21 +00.04040E+00  0542 008502 1 00011528 00011494 000 342 43063.8134392708
24.11.2017 19:31:21 +00.04040E+00  0558 008502 1 00011529 00011494 000 343 43063.8134432407
24.11.2017 19:31:21 +00.04040E+00  0569 008502 1 00011530 00011494 000 381 43063.8134476505
24.11.2017 19:31:22 +00.04040E+00  0586 008502 1 00011531 00011494 000 343 43063.8134516204
24.11.2017 19:31:22 +00.04040E+00  0595 008502 1 00011532 00011494 000 343 43063.8134555903
24.11.2017 19:31:22 +00.04040E+00  0622 008502 1 00011533 00011494 000 343 43063.8134595602
24.11.2017 19:31:23 +00.04040E+00  0641 008502 1 00011534 00011494 000 376 43063.813463912
24.11.2017 19:31:23 +00.04040E+00  0660 008502 1 00011535 00011494 000 342 43063.8134678704
24.11.2017 19:31:23 +00.04040E+00  0676 008502 1 00011536 00011494 000 343 43063.8134718403
24.11.2017 19:31:24 +00.04040E+00  0690 008502 1 00011537 00011494 000 343 43063.8134758102
24.11.2017 19:31:24 +00.04040E+00  0703 008502 1 00011538 00011494 000 377 43063.8134801736
24.11.2017 19:31:25 +00.04040E+00  0722 008502 1 00011539 00011494 000 340 43063.8134841088
24.11.2017 19:31:25 +00.04040E+00  0726 008502 1 00011540 00011494 000 343 43063.8134880903
24.11.2017 19:31:25 +00.04040E+00  0743 008502 1 00011541 00011494 000 343 43063.8134920602
24.11.2017 19:31:26 +00.04040E+00  0754 008502 1 00011542 00011494 000 378 43063.8134964352
24.11.2017 19:31:26 +00.04040E+00  0776 008502 1 00011543 00011494 000 340 43063.8135003704
24.11.2017 19:31:26 +00.04040E+00  0791 008502 1 00011544 00011494 000 342 43063.8135043287
24.11.2017 19:31:27 +00.04040E+00  0806 008502 1 00011545 00011494 000 343 43063.8135083102
24.11.2017 19:31:27 +00.04040E+00  0818 008502 1 00011546 00011494 000 378 43063.8135126852
24.11.2017 19:31:27 +00.04040E+00  0834 008502 1 00011547 00011494 000 344 43063.8135166782
24.11.2017 19:31:28 +00.04040E+00  0847 008502 1 00011548 00011494 000 342 43063.8135206481
24.11.2017 19:31:28 +00.04040E+00  0858 008502 1 00011549 00011494 000 342 43063.8135246181
24.11.2017 19:31:28 +00.04040E+00  0871 008502 1 00011550 00011494 000 373 43063.8135289468
24.11.2017 19:31:29 +00.04040E+00  0883 008502 1 00011551 00011494 000 343 43063.8135329282
24.11.2017 19:31:29 +00.04040E+00  0901 008502 1 00011552 00011494 000 343 43063.8135368981
24.11.2017 19:31:29 +00.04040E+00  0914 008502 1 00011553 00011494 000 342 43063.8135408681
24.11.2017 19:31:30 +00.04040E+00  0929 008502 1 00011554 00011494 000 376 43063.8135452199
24.11.2017 19:31:30 +00.04040E+00  0941 008502 1 00011555 00011494 000 342 43063.8135491782
24.11.2017 19:31:30 +00.04040E+00  0967 008502 1 00011556 00011494 000 343 43063.8135531481
24.11.2017 19:31:31 +00.04040E+00  0984 008502 1 00011557 00011494 000 343 43063.8135571181
24.11.2017 19:31:31 +00.04040E+00  0998 008502 1 00011558 00011494 000 377 43063.8135614815
24.11.2017 19:31:32 +00.04040E+00  1012 008502 1 00011559 00011494 000 341 43063.8135654282
24.11.2017 19:31:32 +00.04040E+00  1036 008502 1 00011560 00011494 000 343 43063.8135693981
24.11.2017 19:31:32 +00.04040E+00  1050 008502 1 00011561 00011494 000 343 43063.8135733681
24.11.2017 19:31:33 +00.04040E+00  1065 008502 1 00011562 00011494 000 378 43063.8135777431
24.11.2017 19:31:33 +00.04040E+00  1078 008502 1 00011563 00011494 000 341 43063.8135816898
24.11.2017 19:31:33 +00.04040E+00  1088 008502 1 00011564 00011494 000 342 43063.8135856481
24.11.2017 19:31:34 +00.04040E+00  1107 008502 1 00011565 00011494 000 343 43063.8135896181
24.11.2017 19:31:34 +00.04040E+00  1129 008502 1 00011566 00011494 000 379 43063.8135940046
24.11.2017 19:31:34 +00.04040E+00  1145 008502 1 00011567 00011494 000 345 43063.8135979977
24.11.2017 19:31:35 +00.04040E+00  1163 008502 1 00011568 00011494 000 343 43063.8136019676
24.11.2017 19:31:35 +00.04040E+00  1177 008502 1 00011569 00011494 000 343 43063.8136059375
24.11.2017 19:31:35 +00.04040E+00  1191 008502 1 00011570 00011494 000 374 43063.8136102662
24.11.2017 19:31:36 +00.04040E+00  1201 008502 1 00011571 00011494 000 343 43063.8136142361
24.11.2017 19:31:36 +00.04040E+00  1213 008502 1 00011572 00011494 000 343 43063.8136182176
24.11.2017 19:31:36 +00.04040E+00  1230 008502 1 00011573 00011494 000 343 43063.8136221875
24.11.2017 19:31:37 +00.04040E+00  1243 008502 1 00011574 00011494 000 375 43063.8136265278
24.11.2017 19:31:37 +00.04040E+00  1261 008502 1 00011575 00011494 000 342 43063.8136304861
24.11.2017 19:31:38 +00.04040E+00  1279 008502 1 00011576 00011494 000 343 43063.813634456
24.11.2017 19:31:38 +00.04040E+00  1290 008502 1 00011577 00011494 000 342 43063.8136384259
24.11.2017 19:31:38 +00.04040E+00  1302 008502 1 00011578 00011494 000 375 43063.8136427778
24.11.2017 19:31:39 +00.04040E+00  1314 008502 1 00011579 00011494 000 341 43063.8136467361
24.11.2017 19:31:39 +00.04040E+00  1326 008502 1 00011580 00011494 000 342 43063.813650706
24.11.2017 19:31:44 +00.04050E+00  0007 008522 1 00011581 00011581 000 380 43063.813711088
24.11.2017 19:31:44 +00.04050E+00  0028 008522 1 00011582 00011581 000 344 43063.8137150694
24.11.2017 19:31:45 +00.04050E+00  0043 008522 1 00011583 00011581 000 343 43063.8137190394
24.11.2017 19:31:45 +00.04050E+00  0056 008522 1 00011584 00011581 000 343 43063.8137230093
24.11.2017 19:31:46 +00.04049E+00  0069 008522 1 00011585 00011581 000 375 43063.8137273495
24.11.2017 19:31:46 +00.04050E+00  0079 008522 1 00011586 00011581 000 343 43063.8137313194
24.11.2017 19:31:46 +00.04050E+00  0090 008522 1 00011587 00011581 000 343 43063.8137352894
24.11.2017 19:31:47 +00.04050E+00  0105 008522 1 00011588 00011581 000 343 43063.8137392593
24.11.2017 19:31:47 +00.04050E+00  0121 008522 1 00011589 00011581 000 376 43063.8137436111
24.11.2017 19:31:47 +00.04050E+00  0143 008522 1 00011590 00011581 000 342 43063.8137475694
24.11.2017 19:31:48 +00.04049E+00  0156 008522 1 00011591 00011581 000 343 43063.8137515394
24.11.2017 19:31:48 +00.04050E+00  0169 008522 1 00011592 00011581 000 342 43063.8137554977
24.11.2017 19:31:48 +00.04050E+00  0189 008522 1 00011593 00011581 000 377 43063.8137598727
24.11.2017 19:31:49 +00.04050E+00  0211 008522 1 00011594 00011581 000 340 43063.8137638079
24.11.2017 19:31:49 +00.04050E+00  0224 008522 1 00011595 00011581 000 343 43063.8137677778
24.11.2017 19:31:49 +00.04049E+00  0238 008522 1 00011596 00011581 000 343 43063.8137717477
24.11.2017 19:31:50 +00.04049E+00  0257 008522 1 00011597 00011581 000 379 43063.8137761343
24.11.2017 19:31:50 +00.04050E+00  0275 008522 1 00011598 00011581 000 344 43063.8137801273
24.11.2017 19:31:50 +00.04050E+00  0293 008522 1 00011599 00011581 000 342 43063.8137840972
24.11.2017 19:31:51 +00.04050E+00  0305 008522 1 00011600 00011581 000 344 43063.8137880787
24.11.2017 19:31:51 +00.04049E+00  0325 008522 1 00011601 00011581 000 373 43063.8137923958
24.11.2017 19:31:52 +00.04049E+00  0344 008522 1 00011602 00011581 000 343 43063.8137963773
24.11.2017 19:31:52 +00.04050E+00  0361 008522 1 00011603 00011581 000 343 43063.8138003472
24.11.2017 19:31:52 +00.04050E+00  0378 008522 1 00011604 00011581 000 343 43063.8138043171
24.11.2017 19:31:53 +00.04050E+00  0396 008522 1 00011605 00011581 000 375 43063.8138086574
24.11.2017 19:31:53 +00.04049E+00  0413 008522 1 00011606 00011581 000 343 43063.8138126273
24.11.2017 19:31:53 +00.04050E+00  0422 008522 1 00011607 00011581 000 343 43063.8138165972
24.11.2017 19:31:54 +00.04049E+00  0432 008522 1 00011608 00011581 000 343 43063.8138205671
24.11.2017 19:31:54 +00.04050E+00  0445 008522 1 00011609 00011581 000 376 43063.813824919
24.11.2017 19:31:54 +00.04050E+00  0461 008522 1 00011610 00011581 000 342 43063.8138288773
24.11.2017 19:31:55 +00.04050E+00  0479 008522 1 00011611 00011581 000 343 43063.8138328472
24.11.2017 19:31:55 +00.04050E+00  0495 008522 1 00011612 00011581 000 343 43063.8138368171
24.11.2017 19:31:55 +00.04049E+00  0514 008522 1 00011613 00011581 000 377 43063.8138411806
24.11.2017 19:31:56 +00.04049E+00  0530 008522 1 00011614 00011581 000 341 43063.8138451273
24.11.2017 19:31:56 +00.04050E+00  0546 008522 1 00011615 00011581 000 343 43063.8138490972
24.11.2017 19:31:56 +00.04050E+00  0566 008522 1 00011616 00011581 000 342 43063.8138530556
24.11.2017 19:31:57 +00.04049E+00  0584 008522 1 00011617 00011581 000 378 43063.8138574421
24.11.2017 19:31:57 +00.04049E+00  0604 008522 1 00011618 00011581 000 340 43063.8138613773
24.11.2017 19:31:57 +00.04050E+00  0621 008522 1 00011619 00011581 000 341 43063.8138653357
24.11.2017 19:31:58 +00.04050E+00  0635 008522 1 00011620 00011581 000 344 43063.8138693171
24.11.2017 19:31:58 +00.04050E+00  0659 008522 1 00011621 00011581 000 379 43063.8138737037
24.11.2017 19:31:59 +00.04049E+00  0671 008522 1 00011622 00011581 000 344 43063.8138776852
24.11.2017 19:31:59 +00.04049E+00  0680 008522 1 00011623 00011581 000 342 43063.8138816551
24.11.2017 19:31:59 +00.04050E+00  0695 008522 1 00011624 00011581 000 342 43063.813885625
24.11.2017 19:32:00 +00.04049E+00  0707 008522 1 00011625 00011581 000 374 43063.8138899653
24.11.2017 19:32:00 +00.04050E+00  0725 008524 1 00011626 00011581 000 342 43063.8138939352
24.11.2017 19:32:00 +00.04050E+00  0749 008524 1 00011627 00011581 000 343 43063.8138979051
24.11.2017 19:32:01 +00.04050E+00  0766 008524 1 00011628 00011581 000 343 43063.813901875
24.11.2017 19:32:01 +00.04050E+00  0783 008524 1 00011629 00011581 000 376 43063.8139062269
24.11.2017 19:32:01 +00.04050E+00  0798 008524 1 00011630 00011581 000 341 43063.8139101852
24.11.2017 19:32:02 +00.04051E+00  0818 008524 1 00011631 00011581 000 343 43063.8139141551
24.11.2017 19:32:02 +00.04050E+00  0834 008524 1 00011632 00011581 000 343 43063.813918125
24.11.2017 19:32:02 +00.04051E+00  0842 008524 1 00011633 00011581 000 377 43063.8139224884
24.11.2017 19:32:03 +00.04050E+00  0851 008524 1 00011634 00011581 000 341 43063.8139264352
24.11.2017 19:32:03 +00.04050E+00  0875 008524 1 00011635 00011581 000 343 43063.8139304051
24.11.2017 19:32:03 +00.04051E+00  0892 008524 1 00011636 00011581 000 343 43063.813934375
24.11.2017 19:32:04 +00.04050E+00  0908 008524 1 00011637 00011581 000 378 43063.81393875
24.11.2017 19:32:04 +00.04050E+00  0929 008524 1 00011638 00011581 000 340 43063.8139426852
24.11.2017 19:32:04 +00.04050E+00  0949 008524 1 00011639 00011581 000 343 43063.8139466551
24.11.2017 19:32:05 +00.04050E+00  0963 008524 1 00011640 00011581 000 343 43063.813950625
24.11.2017 19:32:05 +00.04050E+00  0979 008524 1 00011641 00011581 000 379 43063.8139550116
24.11.2017 19:32:06 +00.04050E+00  0995 008524 1 00011642 00011581 000 344 43063.8139589931
24.11.2017 19:32:06 +00.04050E+00  1014 008524 1 00011643 00011581 000 343 43063.8139629745
24.11.2017 19:32:06 +00.04050E+00  1036 008524 1 00011644 00011581 000 342 43063.8139669444
24.11.2017 19:32:07 +00.04051E+00  1045 008524 1 00011645 00011581 000 374 43063.8139712731
24.11.2017 19:32:07 +00.04051E+00  1058 008524 1 00011646 00011581 000 343 43063.8139752431
24.11.2017 19:32:07 +00.04050E+00  1072 008524 1 00011647 00011581 000 342 43063.813979213
24.11.2017 19:32:08 +00.04050E+00  1091 008524 1 00011648 00011581 000 343 43063.8139831944
24.11.2017 19:32:08 +00.04050E+00  1103 008524 1 00011649 00011581 000 375 43063.8139875347
24.11.2017 19:32:08 +00.04050E+00  1123 008524 1 00011650 00011581 000 342 43063.8139914931
24.11.2017 19:32:09 +00.04050E+00  1143 008524 1 00011651 00011581 000 343 43063.813995463
24.11.2017 19:32:09 +00.04051E+00  1155 008524 1 00011652 00011581 000 343 43063.8139994329
24.11.2017 19:32:09 +00.04050E+00  1173 008524 1 00011653 00011581 000 377 43063.8140037963
24.11.2017 19:32:10 +00.04050E+00  1191 008524 1 00011654 00011581 000 340 43063.8140077431
24.11.2017 19:32:10 +00.04050E+00  1207 008524 1 00011655 00011581 000 344 43063.8140117245
24.11.2017 19:32:10 +00.04051E+00  1221 008524 1 00011656 00011581 000 342 43063.8140156829
24.11.2017 19:32:11 +00.04050E+00  1238 008524 1 00011657 00011581 000 378 43063.8140200579
24.11.2017 19:32:11 +00.04050E+00  1253 008524 1 00011658 00011581 000 340 43063.8140239931
24.11.2017 19:32:12 +00.04050E+00  1275 008524 1 00011659 00011581 000 343 43063.814027963
24.11.2017 19:32:12 +00.04050E+00  1293 008524 1 00011660 00011581 000 343 43063.8140319329
24.11.2017 19:32:12 +00.04050E+00  1309 008524 1 00011661 00011581 000 379 43063.8140363194
24.11.2017 19:32:13 +00.04051E+00  1323 008524 1 00011662 00011581 000 340 43063.8140402546
24.11.2017 19:32:13 +00.04050E+00  1337 008524 1 00011663 00011581 000 341 43063.814044213
24.11.2017 19:32:13 +00.04050E+00  1349 008524 1 00011664 00011581 000 343 43063.8140481829
24.11.2017 19:32:14 +00.04050E+00  1366 008524 1 00011665 00011581 000 380 43063.814052581
24.11.2017 19:32:14 +00.04050E+00  1378 008524 1 00011666 00011581 000 344 43063.8140565625