
24.11.2017 19:32:15 +00.04050E+00  0013 008524 -1 00011667 00011667 000 342 43063.8140739468
24.11.2017 19:32:16 +00.04051E+00  0025 008524 -1 00011668 00011667 000 401 43063.8140785995
24.11.2017 19:32:16 +00.04050E+00  0046 008524 -1 00011669 00011667 000 341 43063.8140825463
24.11.2017 19:32:17 +00.04051E+00  0063 008524 -1 00011670 00011667 000 342 43063.8140865162
24.11.2017 19:32:17 +00.04050E+00  0078 008524 -1 00011671 00011667 000 343 43063.8140904861
24.11.2017 19:32:17 +00.04050E+00  0093 008524 -1 00011672 00011667 000 380 43063.8140948843
24.11.2017 19:32:18 +00.04051E+00  0116 008524 -1 00011673 00011667 000 344 43063.8140988657
24.11.2017 19:32:18 +00.04050E+00  0131 008524 -1 00011674 00011667 000 343 43063.8141028356
24.11.2017 19:32:18 +00.04051E+00  0147 008524 -1 00011675 00011667 000 343 43063.8141068056
24.11.2017 19:32:19 +00.04050E+00  0165 008524 -1 00011676 00011667 000 374 43063.8141111343
24.11.2017 19:32:19 +00.04050E+00  0179 008524 -1 00011677 00011667 000 344 43063.8141151157
24.11.2017 19:32:19 +00.04050E+00  0199 008524 -1 00011678 00011667 000 343 43063.8141190856
24.11.2017 19:32:20 +00.04050E+00  0216 008524 -1 00011679 00011667 000 343 43063.8141230556
24.11.2017 19:32:20 +00.04051E+00  0232 008524 -1 00011680 00011667 000 374 43063.8141273843
24.11.2017 19:32:20 +00.04050E+00  0247 008522 -1 00011681 00011667 000 344 43063.8141313657
24.11.2017 19:32:21 +00.04050E+00  0268 008522 -1 00011682 00011667 000 343 43063.8141353356
24.11.2017 19:32:21 +00.04050E+00  0279 008522 -1 00011683 00011667 000 343 43063.8141393056
24.11.2017 19:32:22 +00.04050E+00  0299 008522 -1 00011684 00011667 000 376 43063.8141436574
24.11.2017 19:32:22 +00.04050E+00  0320 008522 -1 00011685 00011667 000 342 43063.8141476157
24.11.2017 19:32:22 +00.04050E+00  0342 008522 -1 00011686 00011667 000 343 43063.8141515856
24.11.2017 19:32:23 +00.04049E+00  0362 008522 -1 00011687 00011667 000 343 43063.8141555556
24.11.2017 19:32:23 +00.04050E+00  0373 008522 -1 00011688 00011667 000 377 43063.814159919
24.11.2017 19:32:23 +00.04050E+00  0391 008522 -1 00011689 00011667 000 341 43063.8141638657
24.11.2017 19:32:24 +00.04049E+00  0409 008522 -1 00011690 00011667 000 343 43063.8141678356
24.11.2017 19:32:24 +00.04050E+00  0420 008522 -1 00011691 00011667 000 342 43063.814171794
24.11.2017 19:32:24 +00.04050E+00  0435 008522 -1 00011692 00011667 000 378 43063.8141761806
24.11.2017 19:32:25 +00.04050E+00  0452 008522 -1 00011693 00011667 000 340 43063.8141801157
24.11.2017 19:32:25 +00.04049E+00  0466 008522 -1 00011694 00011667 000 342 43063.8141840741
24.11.2017 19:32:25 +00.04049E+00  0482 008522 -1 00011695 00011667 000 344 43063.8141880556
24.11.2017 19:32:26 +00.04050E+00  0499 008524 -1 00011696 00011667 000 379 43063.8141924421
24.11.2017 19:32:26 +00.04050E+00  0511 008524 -1 00011697 00011667 000 344 43063.8141964236
24.11.2017 19:32:26 +00.04050E+00  0526 008524 -1 00011698 00011667 000 342 43063.8142003935
24.11.2017 19:32:27 +00.04051E+00  0539 008524 -1 00011699 00011667 000 343 43063.814204375
24.11.2017 19:32:27 +00.04050E+00  0552 008524 -1 00011700 00011667 000 374 43063.8142087037
24.11.2017 19:32:27 +00.04050E+00  0564 008524 -1 00011701 00011667 000 343 43063.8142126736
24.11.2017 19:32:28 +00.04050E+00  0582 008524 -1 00011702 00011667 000 343 43063.8142166435
24.11.2017 19:32:28 +00.04050E+00  0593 008524 -1 00011703 00011667 000 342 43063.8142206134
24.11.2017 19:32:29 +00.04050E+00  0603 008524 -1 00011704 00011667 000 375 43063.8142249537
24.11.2017 19:32:29 +00.04050E+00  0618 008524 -1 00011705 00011667 000 342 43063.8142289236
24.11.2017 19:32:29 +00.04051E+00  0631 008524 -1 00011706 00011667 000 343 43063.8142328935
24.11.2017 19:32:30 +00.04050E+00  0651 008524 -1 00011707 00011667 000 343 43063.8142368634
24.11.2017 19:32:30 +00.04050E+00  0667 008524 -1 00011708 00011667 000 377 43063.8142412268
24.11.2017 19:32:30 +00.04051E+00  0681 008524 -1 00011709 00011667 000 341 43063.8142451736
24.11.2017 19:32:31 +00.04050E+00  0690 008524 -1 00011710 00011667 000 343 43063.8142491435
24.11.2017 19:32:31 +00.04050E+00  0706 008524 -1 00011711 00011667 000 343 43063.8142531134
24.11.2017 19:32:31 +00.04050E+00  0718 008524 -1 00011712 00011667 000 378 43063.8142574884
24.11.2017 19:32:32 +00.04051E+00  0732 008524 -1 00011713 00011667 000 340 43063.8142614236
24.11.2017 19:32:32 +00.04050E+00  0746 008524 -1 00011714 00011667 000 343 43063.8142653935
24.11.2017 19:32:32 +00.04050E+00  0766 008524 -1 00011715 00011667 000 343 43063.8142693634
24.11.2017 19:32:33 +00.04050E+00  0777 008524 -1 00011716 00011667 000 379 43063.81427375
24.11.2017 19:32:33 +00.04050E+00  0793 008524 -1 00011717 00011667 000 345 43063.8142777431
24.11.2017 19:32:33 +00.04051E+00  0813 008524 -1 00011718 00011667 000 343 43063.814281713
24.11.2017 19:32:34 +00.04050E+00  0827 008524 -1 00011719 00011667 000 343 43063.8142856829
24.11.2017 19:32:34 +00.04051E+00  0839 008524 -1 00011720 00011667 000 374 43063.8142900116
24.11.2017 19:32:35 +00.04050E+00  0858 008524 -1 00011721 00011667 000 344 43063.8142939931
24.11.2017 19:32:35 +00.04050E+00  0881 008524 -1 00011722 00011667 000 343 43063.814297963
24.11.2017 19:32:35 +00.04050E+00  0896 008524 -1 00011723 00011667 000 343 43063.8143019329
24.11.2017 19:32:36 +00.04050E+00  0908 008524 -1 00011724 00011667 000 375 43063.8143062731
24.11.2017 19:32:36 +00.04050E+00  0923 008524 -1 00011725 00011667 000 342 43063.8143102315
24.11.2017 19:32:36 +00.04050E+00  0935 008524 -1 00011726 00011667 000 342 43063.8143142014
24.11.2017 19:32:37 +00.04051E+00  0951 008524 -1 00011727 00011667 000 343 43063.8143181713
24.11.2017 19:32:37 +00.04050E+00  0972 008524 -1 00011728 00011667 000 375 43063.8143225231
24.11.2017 19:32:37 +00.04050E+00  0985 008524 -1 00011729 00011667 000 341 43063.8143264815
24.11.2017 19:32:38 +00.04050E+00  1002 008524 -1 00011730 00011667 000 343 43063.8143304514
24.11.2017 19:32:38 +00.04050E+00  1012 008524 -1 00011731 00011667 000 343 43063.8143344213
24.11.2017 19:32:38 +00.04051E+00  1027 008524 -1 00011732 00011667 000 378 43063.8143387963
24.11.2017 19:32:39 +00.04051E+00  1034 008524 -1 00011733 00011667 000 341 43063.8143427431
24.11.2017 19:32:39 +00.04050E+00  1050 008524 -1 00011734 00011667 000 341 43063.8143467014
24.11.2017 19:32:39 +00.04051E+00  1069 008524 -1 00011735 00011667 000 343 43063.8143506713
24.11.2017 19:32:40 +00.04050E+00  1084 008524 -1 00011736 00011667 000 379 43063.8143550579
24.11.2017 19:32:40 +00.04050E+00  1096 008524 -1 00011737 00011667 000 340 43063.8143589931
24.11.2017 19:32:40 +00.04050E+00  1104 008524 -1 00011738 00011667 000 342 43063.8143629514
24.11.2017 19:32:41 +00.04051E+00  1116 008524 -1 00011739 00011667 000 343 43063.8143669213
24.11.2017 19:32:41 +00.04050E+00  1128 008524 -1 00011740 00011667 000 380 43063.8143713194
24.11.2017 19:32:42 +00.04050E+00  1145 008524 -1 00011741 00011667 000 344 43063.8143753009
24.11.2017 19:32:42 +00.04051E+00  1163 008524 -1 00011742 00011667 000 343 43063.8143792708
24.11.2017 19:32:42 +00.04051E+00  1174 008524 -1 00011743 00011667 000 343 43063.8143832407
24.11.2017 19:32:43 +00.04051E+00  1189 008524 -1 00011744 00011667 000 375 43063.814387581
24.11.2017 19:32:43 +00.04050E+00  1203 008524 -1 00011745 00011667 000 342 43063.8143915394
24.11.2017 19:32:43 +00.04050E+00  1219 008524 -1 00011746 00011667 000 342 43063.8143955093
24.11.2017 19:32:44 +00.04050E+00  1233 008524 -1 00011747 00011667 000 343 43063.8143994907
24.11.2017 19:32:44 +00.04050E+00  1247 008524 -1 00011748 00011667 000 376 43063.8144038426
24.11.2017 19:32:44 +00.04050E+00  1270 008524 -1 00011749 00011667 000 341 43063.8144077894
24.11.2017 19:32:45 +00.04051E+00  1281 008524 -1 00011750 00011667 000 343 43063.8144117593
24.11.2017 19:32:45 +00.04050E+00  1293 008524 -1 00011751 00011667 000 343 43063.8144157292
24.11.2017 19:32:45 +00.04051E+00  1308 008524 -1 00011752 00011667 000 376 43063.8144200926
24.11.2017 19:32:51 +00.04040E+00  0015 008503 -1 00011753 00011753 000 342 43063.8144805324
24.11.2017 19:32:51 +00.04040E+00  0032 008503 -1 00011754 00011753 000 399 43063.8144851505
24.11.2017 19:32:51 +00.04040E+00  0052 008503 -1 00011755 00011753 000 344 43063.8144891319
24.11.2017 19:32:52 +00.04041E+00  0063 008503 -1 00011756 00011753 000 343 43063.8144931019
24.11.2017 19:32:52 +00.04041E+00  0080 008503 -1 00011757 00011753 000 343 43063.8144970718
24.11.2017 19:32:52 +00.04040E+00  0094 008503 -1 00011758 00011753 000 375 43063.814501412
24.11.2017 19:32:53 +00.04041E+00  0111 008503 -1 00011759 00011753 000 343 43063.8145053819
24.11.2017 19:32:53 +00.04040E+00  0125 008503 -1 00011760 00011753 000 343 43063.8145093519
24.11.2017 19:32:53 +00.04041E+00  0140 008503 -1 00011761 00011753 000 343 43063.8145133218
24.11.2017 19:32:54 +00.04041E+00  0160 008503 -1 00011762 00011753 000 376 43063.8145176736
24.11.2017 19:32:54 +00.04041E+00  0172 008503 -1 00011763 00011753 000 342 43063.8145216319
24.11.2017 19:32:55 +00.04040E+00  0183 008503 -1 00011764 00011753 000 343 43063.8145256019
24.11.2017 19:32:55 +00.04041E+00  0204 008503 -1 00011765 00011753 000 343 43063.8145295718
24.11.2017 19:32:55 +00.04040E+00  0213 008503 -1 00011766 00011753 000 377 43063.8145339352
24.11.2017 19:32:56 +00.04040E+00  0226 008503 -1 00011767 00011753 000 341 43063.8145378819
24.11.2017 19:32:56 +00.04041E+00  0242 008503 -1 00011768 00011753 000 343 43063.8145418519
24.11.2017 19:32:56 +00.04040E+00  0259 008503 -1 00011769 00011753 000 343 43063.8145458218
24.11.2017 19:32:57 +00.04041E+00  0276 008503 -1 00011770 00011753 000 378 43063.8145501968
24.11.2017 19:32:57 +00.04040E+00  0297 008503 -1 00011771 00011753 000 340 43063.8145541319
24.11.2017 19:32:57 +00.04040E+00  0312 008503 -1 00011772 00011753 000 342 43063.8145580903
24.11.2017 19:32:58 +00.04041E+00  0324 008503 -1 00011773 00011753 000 343 43063.8145620602
24.11.2017 19:32:58 +00.04041E+00  0342 008503 -1 00011774 00011753 000 379 43063.8145664583
24.11.2017 19:32:58 +00.04040E+00  0358 008503 -1 00011775 00011753 000 344 43063.8145704398
24.11.2017 19:32:59 +00.04040E+00  0379 008503 -1 00011776 00011753 000 342 43063.8145744097
24.11.2017 19:32:59 +00.04040E+00  0395 008503 -1 00011777 00011753 000 343 43063.8145783912
24.11.2017 19:32:59 +00.04040E+00  0401 008503 -1 00011778 00011753 000 374 43063.8145827199
24.11.2017 19:33:00 +00.04041E+00  0419 008503 -1 00011779 00011753 000 343 43063.8145866898
24.11.2017 19:33:00 +00.04040E+00  0433 008503 -1 00011780 00011753 000 343 43063.8145906597
24.11.2017 19:33:00 +00.04040E+00  0446 008503 -1 00011781 00011753 000 343 43063.8145946296
24.11.2017 19:33:01 +00.04040E+00  0460 008503 -1 00011782 00011753 000 376 43063.8145989815
24.11.2017 19:33:01 +00.04041E+00  0477 008503 -1 00011783 00011753 000 342 43063.8146029398
24.11.2017 19:33:02 +00.04041E+00  0501 008503 -1 00011784 00011753 000 343 43063.8146069097
24.11.2017 19:33:02 +00.04041E+00  0515 008503 -1 00011785 00011753 000 343 43063.8146108796
24.11.2017 19:33:02 +00.04040E+00  0531 008503 -1 00011786 00011753 000 377 43063.8146152431
24.11.2017 19:33:03 +00.04040E+00  0545 008503 -1 00011787 00011753 000 341 43063.8146191898
24.11.2017 19:33:03 +00.04040E+00  0552 008503 -1 00011788 00011753 000 343 43063.8146231597
24.11.2017 19:33:03 +00.04041E+00  0570 008503 -1 00011789 00011753 000 343 43063.8146271296
24.11.2017 19:33:04 +00.04040E+00  0584 008503 -1 00011790 00011753 000 378 43063.8146315046
24.11.2017 19:33:04 +00.04041E+00  0600 008503 -1 00011791 00011753 000 340 43063.8146354398
24.11.2017 19:33:04 +00.04041E+00  0616 008503 -1 00011792 00011753 000 341 43063.8146393982
24.11.2017 19:33:05 +00.04040E+00  0631 008503 -1 00011793 00011753 000 342 43063.8146433681
24.11.2017 19:33:05 +00.04041E+00  0643 008503 -1 00011794 00011753 000 379 43063.8146477662
24.11.2017 19:33:05 +00.04041E+00  0658 008503 -1 00011795 00011753 000 345 43063.8146517593
24.11.2017 19:33:06 +00.04040E+00  0668 008503 -1 00011796 00011753 000 343 43063.8146557292
24.11.2017 19:33:06 +00.04040E+00  0689 008503 -1 00011797 00011753 000 343 43063.8146596991
24.11.2017 19:33:06 +00.04040E+00  0698 008503 -1 00011798 00011753 000 374 43063.8146640278
24.11.2017 19:33:07 +00.04040E+00  0717 008503 -1 00011799 00011753 000 343 43063.8146679977
24.11.2017 19:33:07 +00.04040E+00  0729 008503 -1 00011800 00011753 000 343 43063.8146719676
24.11.2017 19:33:08 +00.04041E+00  0743 008503 -1 00011801 00011753 000 343 43063.8146759491
24.11.2017 19:33:08 +00.04040E+00  0756 008503 -1 00011802 00011753 000 375 43063.8146802894
24.11.2017 19:33:08 +00.04040E+00  0770 008503 -1 00011803 00011753 000 341 43063.8146842477
24.11.2017 19:33:09 +00.04040E+00  0788 008503 -1 00011804 00011753 000 343 43063.8146882176
24.11.2017 19:33:09 +00.04040E+00  0798 008503 -1 00011805 00011753 000 343 43063.8146921875
24.11.2017 19:33:09 +00.04041E+00  0814 008503 -1 00011806 00011753 000 377 43063.8146965509
24.11.2017 19:33:10 +00.04041E+00  0827 008503 -1 00011807 00011753 000 341 43063.8147004977
24.11.2017 19:33:10 +00.04040E+00  0844 008503 -1 00011808 00011753 000 343 43063.8147044676
24.11.2017 19:33:10 +00.04041E+00  0856 008503 -1 00011809 00011753 000 343 43063.8147084375
24.11.2017 19:33:11 +00.04040E+00  0868 008503 -1 00011810 00011753 000 378 43063.8147128125
24.11.2017 19:33:11 +00.04040E+00  0890 008503 -1 00011811 00011753 000 340 43063.8147167477
24.11.2017 19:33:11 +00.04040E+00  0909 008503 -1 00011812 00011753 000 343 43063.8147207176
24.11.2017 19:33:12 +00.04041E+00  0924 008503 -1 00011813 00011753 000 343 43063.8147246875
24.11.2017 19:33:12 +00.04040E+00  0938 008503 -1 00011814 00011753 000 379 43063.8147290741
24.11.2017 19:33:12 +00.04041E+00  0955 008503 -1 00011815 00011753 000 345 43063.8147330671
24.11.2017 19:33:13 +00.04041E+00  0971 008503 -1 00011816 00011753 000 343 43063.814737037
24.11.2017 19:33:13 +00.04040E+00  0986 008503 -1 00011817 00011753 000 343 43063.8147410069
24.11.2017 19:33:13 +00.04041E+00  1003 008503 -1 00011818 00011753 000 374 43063.8147453357
24.11.2017 19:33:14 +00.04040E+00  1017 008503 -1 00011819 00011753 000 344 43063.8147493171
24.11.2017 19:33:14 +00.04041E+00  1032 008503 -1 00011820 00011753 000 343 43063.814753287
24.11.2017 19:33:15 +00.04041E+00  1053 008503 -1 00011821 00011753 000 343 43063.8147572569
24.11.2017 19:33:15 +00.04040E+00  1071 008503 -1 00011822 00011753 000 375 43063.8147615972
24.11.2017 19:33:15 +00.04040E+00  1089 008503 -1 00011823 00011753 000 342 43063.8147655556
24.11.2017 19:33:16 +00.04040E+00  1100 008503 -1 00011824 00011753 000 343 43063.814769537
24.11.2017 19:33:16 +00.04040E+00  1112 008503 -1 00011825 00011753 000 343 43063.8147735069
24.11.2017 19:33:16 +00.04040E+00  1124 008503 -1 00011826 00011753 000 376 43063.8147778588
24.11.2017 19:33:17 +00.04040E+00  1142 008503 -1 00011827 00011753 000 341 43063.8147818056
24.11.2017 19:33:17 +00.04041E+00  1155 008503 -1 00011828 00011753 000 344 43063.814785787
24.11.2017 19:33:17 +00.04041E+00  1168 008503 -1 00011829 00011753 000 342 43063.8147897454
24.11.2017 19:33:18 +00.04041E+00  1177 008503 -1 00011830 00011753 000 380 43063.8147941435
24.11.2017 19:33:18 +00.04040E+00  1191 008503 -1 00011831 00011753 000 344 43063.814798125
24.11.2017 19:33:18 +00.04040E+00  1207 008503 -1 00011832 00011753 000 343 43063.8148020949
24.11.2017 19:33:19 +00.04041E+00  1218 008503 -1 00011833 00011753 000 343 43063.8148060764
24.11.2017 19:33:19 +00.04040E+00  1231 008503 -1 00011834 00011753 000 373 43063.8148103935
24.11.2017 19:33:19 +00.04041E+00  1244 008503 -1 00011835 00011753 000 344 43063.814814375
24.11.2017 19:33:20 +00.04040E+00  1262 008503 -1 00011836 00011753 000 343 43063.8148183449
24.11.2017 19:33:20 +00.04041E+00  1276 008503 -1 00011837 00011753 000 343 43063.8148223148
24.11.2017 19:33:21 +00.04041E+00  1287 008503 -1 00011838 00011753 000 374 43063.8148266435
24.11.2017 19:33:26 +00.04030E+00  0011 008482 -1 00011839 00011839 000 382 43063.8148917014
24.11.2017 19:33:26 +00.04030E+00  0025 008482 -1 00011840 00011839 000 342 43063.8148956597
24.11.2017 19:33:27 +00.04031E+00  0036 008482 -1 00011841 00011839 000 343 43063.8148996296
24.11.2017 19:33:27 +00.04031E+00  0050 008482 -1 00011842 00011839 000 343 43063.8149035995
24.11.2017 19:33:28 +00.04030E+00  0069 008482 -1 00011843 00011839 000 376 43063.8149079514
24.11.2017 19:33:28 +00.04031E+00  0083 008482 -1 00011844 00011839 000 342 43063.8149119097
24.11.2017 19:33:28 +00.04031E+00  0094 008482 -1 00011845 00011839 000 343 43063.8149158796
24.11.2017 19:33:29 +00.04031E+00  0106 008482 -1 00011846 00011839 000 343 43063.8149198495
24.11.2017 19:33:29 +00.04031E+00  0118 008482 -1 00011847 00011839 000 377 43063.814924213
24.11.2017 19:33:29 +00.04030E+00  0131 008482 -1 00011848 00011839 000 341 43063.8149281597
24.11.2017 19:33:30 +00.04030E+00  0145 008482 -1 00011849 00011839 000 343 43063.8149321296
24.11.2017 19:33:30 +00.04031E+00  0160 008482 -1 00011850 00011839 000 343 43063.8149360995
24.11.2017 19:33:30 +00.04031E+00  0170 008482 -1 00011851 00011839 000 380 43063.8149404977
24.11.2017 19:33:31 +00.04030E+00  0183 008482 -1 00011852 00011839 000 344 43063.8149444792
24.11.2017 19:33:31 +00.04031E+00  0201 008482 -1 00011853 00011839 000 343 43063.8149484491
24.11.2017 19:33:31 +00.04031E+00  0221 008482 -1 00011854 00011839 000 343 43063.814952419
24.11.2017 19:33:32 +00.04031E+00  0241 008482 -1 00011855 00011839 000 374 43063.8149567477
24.11.2017 19:33:32 +00.04030E+00  0265 008482 -1 00011856 00011839 000 344 43063.8149607292
24.11.2017 19:33:32 +00.04030E+00  0281 008482 -1 00011857 00011839 000 342 43063.8149646875
24.11.2017 19:33:33 +00.04030E+00  0295 008482 -1 00011858 00011839 000 342 43063.8149686574
24.11.2017 19:33:33 +00.04030E+00  0308 008482 -1 00011859 00011839 000 374 43063.8149729977
24.11.2017 19:33:34 +00.04030E+00  0321 008482 -1 00011860 00011839 000 343 43063.8149769676
24.11.2017 19:33:34 +00.04031E+00  0342 008482 -1 00011861 00011839 000 343 43063.8149809375
24.11.2017 19:33:34 +00.04031E+00  0355 008482 -1 00011862 00011839 000 343 43063.8149849074
24.11.2017 19:33:35 +00.04031E+00  0370 008482 -1 00011863 00011839 000 376 43063.8149892593
24.11.2017 19:33:35 +00.04031E+00  0387 008482 -1 00011864 00011839 000 342 43063.8149932176
24.11.2017 19:33:35 +00.04031E+00  0402 008482 -1 00011865 00011839 000 343 43063.8149971875
24.11.2017 19:33:36 +00.04030E+00  0418 008482 -1 00011866 00011839 000 343 43063.8150011574
24.11.2017 19:33:36 +00.04030E+00  0432 008482 -1 00011867 00011839 000 379 43063.815005544
24.11.2017 19:33:36 +00.04030E+00  0453 008482 -1 00011868 00011839 000 340 43063.8150094792
24.11.2017 19:33:37 +00.04031E+00  0465 008482 -1 00011869 00011839 000 341 43063.8150134375
24.11.2017 19:33:37 +00.04031E+00  0476 008482 -1 00011870 00011839 000 343 43063.8150174074
24.11.2017 19:33:37 +00.04030E+00  0492 008482 -1 00011871 00011839 000 379 43063.815021794
24.11.2017 19:33:38 +00.04030E+00  0506 008482 -1 00011872 00011839 000 345 43063.815025787
24.11.2017 19:33:38 +00.04030E+00  0526 008482 -1 00011873 00011839 000 343 43063.8150297569
24.11.2017 19:33:38 +00.04031E+00  0543 008482 -1 00011874 00011839 000 343 43063.8150337269
24.11.2017 19:33:39 +00.04030E+00  0561 008482 -1 00011875 00011839 000 374 43063.8150380556
24.11.2017 19:33:39 +00.04030E+00  0574 008482 -1 00011876 00011839 000 344 43063.815042037
24.11.2017 19:33:39 +00.04030E+00  0583 008482 -1 00011877 00011839 000 343 43063.8150460069
24.11.2017 19:33:40 +00.04030E+00  0598 008482 -1 00011878 00011839 000 343 43063.8150499769
24.11.2017 19:33:40 +00.04031E+00  0607 008482 -1 00011879 00011839 000 375 43063.8150543171
24.11.2017 19:33:41 +00.04031E+00  0628 008482 -1 00011880 00011839 000 342 43063.8150582755
24.11.2017 19:33:41 +00.04031E+00  0644 008482 -1 00011881 00011839 000 344 43063.8150622569
24.11.2017 19:33:41 +00.04031E+00  0663 008482 -1 00011882 00011839 000 343 43063.8150662269
24.11.2017 19:33:42 +00.04030E+00  0678 008480 -1 00011883 00011839 000 375 43063.8150705671
24.11.2017 19:33:42 +00.04030E+00  0693 008480 -1 00011884 00011839 000 341 43063.8150745255
24.11.2017 19:33:42 +00.04030E+00  0715 008480 -1 00011885 00011839 000 343 43063.8150784954
24.11.2017 19:33:43 +00.04030E+00  0732 008480 -1 00011886 00011839 000 343 43063.8150824653
24.11.2017 19:33:43 +00.04030E+00  0752 008480 -1 00011887 00011839 000 378 43063.8150868403
24.11.2017 19:33:43 +00.04029E+00  0762 008480 -1 00011888 00011839 000 340 43063.8150907755
24.11.2017 19:33:44 +00.04030E+00  0781 008480 -1 00011889 00011839 000 342 43063.8150947454
24.11.2017 19:33:44 +00.04030E+00  0795 008480 -1 00011890 00011839 000 343 43063.8150987153
24.11.2017 19:33:44 +00.04029E+00  0813 008480 -1 00011891 00011839 000 379 43063.8151031018
24.11.2017 19:33:45 +00.04030E+00  0835 008480 -1 00011892 00011839 000 341 43063.8151070486
24.11.2017 19:33:45 +00.04029E+00  0850 008480 -1 00011893 00011839 000 341 43063.8151109954
24.11.2017 19:33:45 +00.04029E+00  0866 008480 -1 00011894 00011839 000 343 43063.8151149653
24.11.2017 19:33:46 +00.04030E+00  0886 008480 -1 00011895 00011839 000 380 43063.8151193634
24.11.2017 19:33:46 +00.04030E+00  0906 008480 -1 00011896 00011839 000 344 43063.8151233449
24.11.2017 19:33:47 +00.04029E+00  0921 008480 -1 00011897 00011839 000 343 43063.8151273148
24.11.2017 19:33:47 +00.04030E+00  0939 008482 -1 00011898 00011839 000 343 43063.8151312847
24.11.2017 19:33:47 +00.04030E+00  0958 008482 -1 00011899 00011839 000 375 43063.815135625
24.11.2017 19:33:48 +00.04030E+00  0975 008482 -1 00011900 00011839 000 343 43063.8151395949
24.11.2017 19:33:48 +00.04030E+00  0989 008482 -1 00011901 00011839 000 343 43063.8151435648
24.11.2017 19:33:48 +00.04031E+00  0998 008482 -1 00011902 00011839 000 343 43063.8151475347
24.11.2017 19:33:49 +00.04030E+00  1011 008482 -1 00011903 00011839 000 376 43063.8151518866
24.11.2017 19:33:49 +00.04031E+00  1024 008482 -1 00011904 00011839 000 341 43063.8151558333
24.11.2017 19:33:49 +00.04031E+00  1038 008482 -1 00011905 00011839 000 344 43063.8151598148
24.11.2017 19:33:50 +00.04030E+00  1052 008482 -1 00011906 00011839 000 343 43063.8151637847
24.11.2017 19:33:50 +00.04031E+00  1060 008482 -1 00011907 00011839 000 377 43063.8151681481
24.11.2017 19:33:50 +00.04031E+00  1073 008482 -1 00011908 00011839 000 340 43063.8151720833
24.11.2017 19:33:51 +00.04030E+00  1088 008482 -1 00011909 00011839 000 343 43063.8151760532
24.11.2017 19:33:51 +00.04030E+00  1105 008482 -1 00011910 00011839 000 343 43063.8151800231
24.11.2017 19:33:51 +00.04030E+00  1119 008482 -1 00011911 00011839 000 379 43063.8151844097
24.11.2017 19:33:52 +00.04030E+00  1137 008482 -1 00011912 00011839 000 341 43063.8151883565
24.11.2017 19:33:52 +00.04030E+00  1151 008482 -1 00011913 00011839 000 341 43063.8151923032
24.11.2017 19:33:52 +00.04031E+00  1165 008482 -1 00011914 00011839 000 343 43063.8151962731
24.11.2017 19:33:53 +00.04030E+00  1171 008482 -1 00011915 00011839 000 380 43063.8152006713
24.11.2017 19:33:53 +00.04030E+00  1200 008482 -1 00011916 00011839 000 344 43063.8152046528
24.11.2017 19:33:54 +00.04030E+00  1216 008482 -1 00011917 00011839 000 343 43063.8152086227
24.11.2017 19:33:54 +00.04031E+00  1226 008482 -1 00011918 00011839 000 343 43063.8152125926
24.11.2017 19:33:54 +00.04030E+00  1243 008482 -1 00011919 00011839 000 375 43063.8152169329
24.11.2017 19:33:55 +00.04031E+00  1263 008482 -1 00011920 00011839 000 343 43063.8152209028
24.11.2017 19:33:55 +00.04030E+00  1283 008482 -1 00011921 00011839 000 343 43063.8152248727
24.11.2017 19:33:55 +00.04031E+00  1300 008482 -1 00011922 00011839 000 343 43063.8152288426
24.11.2017 19:33:56 +00.04030E+00  1313 008482 -1 00011923 00011839 000 376 43063.8152331944
24.11.2017 19:33:56 +00.04030E+00  1326 008482 -1 00011924 00011839 000 342 43063.8152371528
24.11.2017 19:34:01 +00.04020E+00  0009 008460 -1 00011925 00011925 000 378 43063.8152982407
24.11.2017 19:34:02 +00.04020E+00  0028 008460 -1 00011926 00011925 000 340 43063.8153021759
24.11.2017 19:34:02 +00.04020E+00  0046 008460 -1 00011927 00011925 000 341 43063.8153061343
24.11.2017 19:34:02 +00.04020E+00  0055 008460 -1 00011928 00011925 000 344 43063.8153101157
24.11.2017 19:34:03 +00.04020E+00  0069 008460 -1 00011929 00011925 000 379 43063.8153145023
24.11.2017 19:34:03 +00.04020E+00  0082 008460 -1 00011930 00011925 000 343 43063.8153184838
24.11.2017 19:34:03 +00.04020E+00  0095 008460 -1 00011931 00011925 000 343 43063.8153224653
24.11.2017 19:34:04 +00.04020E+00  0110 008460 -1 00011932 00011925 000 343 43063.8153264352
24.11.2017 19:34:04 +00.04020E+00  0117 008460 -1 00011933 00011925 000 374 43063.8153307639
24.11.2017 19:34:04 +00.04020E+00  0136 008460 -1 00011934 00011925 000 343 43063.8153347338
24.11.2017 19:34:05 +00.04020E+00  0148 008460 -1 00011935 00011925 000 343 43063.8153387037
24.11.2017 19:34:05 +00.04020E+00  0162 008460 -1 00011936 00011925 000 343 43063.8153426736
24.11.2017 19:34:05 +00.04020E+00  0173 008460 -1 00011937 00011925 000 375 43063.8153470255
24.11.2017 19:34:06 +00.04020E+00  0186 008460 -1 00011938 00011925 000 342 43063.8153509838
24.11.2017 19:34:06 +00.04020E+00  0198 008460 -1 00011939 00011925 000 343 43063.8153549537
24.11.2017 19:34:07 +00.04020E+00  0224 008460 -1 00011940 00011925 000 343 43063.8153589236
24.11.2017 19:34:07 +00.04020E+00  0233 008460 -1 00011941 00011925 000 377 43063.815363287
24.11.2017 19:34:07 +00.04020E+00  0252 008460 -1 00011942 00011925 000 341 43063.8153672338
24.11.2017 19:34:08 +00.04020E+00  0267 008460 -1 00011943 00011925 000 343 43063.8153712037
24.11.2017 19:34:08 +00.04020E+00  0276 008460 -1 00011944 00011925 000 343 43063.8153751736
24.11.2017 19:34:08 +00.04020E+00  0295 008460 -1 00011945 00011925 000 378 43063.8153795486
24.11.2017 19:34:09 +00.04020E+00  0308 008460 -1 00011946 00011925 000 341 43063.8153834954
24.11.2017 19:34:09 +00.04020E+00  0317 008460 -1 00011947 00011925 000 342 43063.8153874537
24.11.2017 19:34:09 +00.04020E+00  0334 008460 -1 00011948 00011925 000 343 43063.8153914236
24.11.2017 19:34:10 +00.04020E+00  0357 008460 -1 00011949 00011925 000 379 43063.8153958102
24.11.2017 19:34:10 +00.04020E+00  0376 008460 -1 00011950 00011925 000 345 43063.8153998032
24.11.2017 19:34:10 +00.04020E+00  0387 008460 -1 00011951 00011925 000 343 43063.8154037732
24.11.2017 19:34:11 +00.04020E+00  0409 008460 -1 00011952 00011925 000 343 43063.8154077431
24.11.2017 19:34:11 +00.04020E+00  0428 008460 -1 00011953 00011925 000 374 43063.8154120718
24.11.2017 19:34:11 +00.04020E+00  0438 008460 -1 00011954 00011925 000 343 43063.8154160532
24.11.2017 19:34:12 +00.04020E+00  0453 008460 -1 00011955 00011925 000 343 43063.8154200232
24.11.2017 19:34:12 +00.04020E+00  0468 008460 -1 00011956 00011925 000 342 43063.8154239815
24.11.2017 19:34:13 +00.04020E+00  0494 008460 -1 00011957 00011925 000 375 43063.8154283333
24.11.2017 19:34:13 +00.04020E+00  0512 008460 -1 00011958 00011925 000 342 43063.8154322917
24.11.2017 19:34:13 +00.04020E+00  0527 008460 -1 00011959 00011925 000 343 43063.8154362616
24.11.2017 19:34:14 +00.04020E+00  0544 008460 -1 00011960 00011925 000 343 43063.8154402431
24.11.2017 19:34:14 +00.04020E+00  0559 008460 -1 00011961 00011925 000 376 43063.8154445949
24.11.2017 19:34:14 +00.04020E+00  0571 008460 -1 00011962 00011925 000 341 43063.8154485417
24.11.2017 19:34:15 +00.04020E+00  0595 008460 -1 00011963 00011925 000 343 43063.8154525116
24.11.2017 19:34:15 +00.04020E+00  0604 008460 -1 00011964 00011925 000 343 43063.8154564815
24.11.2017 19:34:15 +00.04020E+00  0617 008460 -1 00011965 00011925 000 378 43063.8154608565
24.11.2017 19:34:16 +00.04020E+00  0631 008460 -1 00011966 00011925 000 341 43063.8154648148
24.11.2017 19:34:16 +00.04020E+00  0645 008460 -1 00011967 00011925 000 341 43063.8154687616
24.11.2017 19:34:16 +00.04020E+00  0659 008460 -1 00011968 00011925 000 343 43063.8154727315
24.11.2017 19:34:17 +00.04020E+00  0675 008460 -1 00011969 00011925 000 379 43063.8154771181
24.11.2017 19:34:17 +00.04020E+00  0683 008460 -1 00011970 00011925 000 340 43063.8154810532
24.11.2017 19:34:17 +00.04020E+00  0703 008460 -1 00011971 00011925 000 342 43063.8154850116
24.11.2017 19:34:18 +00.04020E+00  0715 008460 -1 00011972 00011925 000 343 43063.8154889815
24.11.2017 19:34:18 +00.04020E+00  0727 008460 -1 00011973 00011925 000 380 43063.8154933796
24.11.2017 19:34:18 +00.04020E+00  0742 008460 -1 00011974 00011925 000 344 43063.8154973611
24.11.2017 19:34:19 +00.04020E+00  0755 008460 -1 00011975 00011925 000 343 43063.815501331
24.11.2017 19:34:19 +00.04020E+00  0762 008460 -1 00011976 00011925 000 343 43063.8155053009
24.11.2017 19:34:20 +00.04020E+00  0772 008460 -1 00011977 00011925 000 375 43063.8155096412
24.11.2017 19:34:20 +00.04020E+00  0792 008460 -1 00011978 00011925 000 343 43063.8155136111
24.11.2017 19:34:20 +00.04020E+00  0808 008460 -1 00011979 00011925 000 343 43063.815517581
24.11.2017 19:34:21 +00.04020E+00  0820 008460 -1 00011980 00011925 000 343 43063.8155215509
24.11.2017 19:34:21 +00.04020E+00  0829 008460 -1 00011981 00011925 000 376 43063.8155259028
24.11.2017 19:34:21 +00.04020E+00  0846 008460 -1 00011982 00011925 000 341 43063.8155298495
24.11.2017 19:34:22 +00.04020E+00  0861 008460 -1 00011983 00011925 000 343 43063.8155338194
24.11.2017 19:34:22 +00.04020E+00  0875 008460 -1 00011984 00011925 000 343 43063.8155378009
24.11.2017 19:34:22 +00.04020E+00  0898 008460 -1 00011985 00011925 000 376 43063.8155421644
24.11.2017 19:34:23 +00.04020E+00  0908 008460 -1 00011986 00011925 000 340 43063.8155460995
24.11.2017 19:34:23 +00.04020E+00  0923 008460 -1 00011987 00011925 000 342 43063.8155500694
24.11.2017 19:34:23 +00.04020E+00  0941 008460 -1 00011988 00011925 000 343 43063.8155540393
24.11.2017 19:34:24 +00.04020E+00  0958 008460 -1 00011989 00011925 000 379 43063.8155584259
24.11.2017 19:34:24 +00.04020E+00  0967 008460 -1 00011990 00011925 000 341 43063.8155623727
24.11.2017 19:34:24 +00.04020E+00  0978 008460 -1 00011991 00011925 000 341 43063.8155663194
24.11.2017 19:34:25 +00.04020E+00  0991 008460 -1 00011992 00011925 000 343 43063.8155702893
24.11.2017 19:34:25 +00.04020E+00  1010 008460 -1 00011993 00011925 000 380 43063.8155746875
24.11.2017 19:34:25 +00.04020E+00  1030 008460 -1 00011994 00011925 000 344 43063.815578669
24.11.2017 19:34:26 +00.04020E+00  1045 008460 -1 00011995 00011925 000 342 43063.8155826389
24.11.2017 19:34:26 +00.04020E+00  1065 008460 -1 00011996 00011925 000 343 43063.8155866088
24.11.2017 19:34:27 +00.04020E+00  1078 008460 -1 00011997 00011925 000 375 43063.8155909491
24.11.2017 19:34:27 +00.04020E+00  1096 008460 -1 00011998 00011925 000 343 43063.815594919
24.11.2017 19:34:27 +00.04020E+00  1117 008460 -1 00011999 00011925 000 343 43063.8155988889
24.11.2017 19:34:28 +00.04020E+00  1130 008460 -1 00012000 00011925 000 343 43063.8156028588
24.11.2017 19:34:28 +00.04020E+00  1146 008460 -1 00012001 00011925 000 377 43063.8156072222
24.11.2017 19:34:28 +00.04020E+00  1165 008460 -1 00012002 00011925 000 341 43063.815611169
24.11.2017 19:34:29 +00.04020E+00  1182 008460 -1 00012003 00011925 000 343 43063.8156151389
24.11.2017 19:34:29 +00.04020E+00  1193 008460 -1 00012004 00011925 000 343 43063.8156191088
24.11.2017 19:34:29 +00.04020E+00  1210 008460 -1 00012005 00011925 000 377 43063.8156234722
24.11.2017 19:34:30 +00.04020E+00  1221 008460 -1 00012006 00011925 000 340 43063.8156274074
24.11.2017 19:34:30 +00.04020E+00  1233 008460 -1 00012007 00011925 000 342 43063.8156313773
24.11.2017 19:34:30 +00.04020E+00  1247 008460 -1 00012008 00011925 000 343 43063.8156353588
24.11.2017 19:34:31 +00.04020E+00  1262 008460 -1 00012009 00011925 000 378 43063.8156397338
24.11.2017 19:34:31 +00.04020E+00  1275 008460 -1 00012010 00011925 000 340 43063.815643669
24.11.2017 19:34:36 +00.04010E+00  0007 008438 -1 00012011 00012011 000 380 43063.8157047801
24.11.2017 19:34:37 +00.04010E+00  0019 008438 -1 00012012 00012011 000 343 43063.81570875
24.11.2017 19:34:37 +00.04010E+00  0031 008438 -1 00012013 00012011 000 343 43063.8157127199
24.11.2017 19:34:37 +00.04010E+00  0046 008438 -1 00012014 00012011 000 343 43063.8157166898
24.11.2017 19:34:38 +00.04010E+00  0067 008438 -1 00012015 00012011 000 376 43063.8157210417
24.11.2017 19:34:38 +00.04010E+00  0089 008438 -1 00012016 00012011 000 342 43063.815725
24.11.2017 19:34:38 +00.04009E+00  0114 008438 -1 00012017 00012011 000 343 43063.8157289699
24.11.2017 19:34:39 +00.04009E+00  0134 008438 -1 00012018 00012011 000 343 43063.8157329398
24.11.2017 19:34:39 +00.04009E+00  0142 008438 -1 00012019 00012011 000 378 43063.8157373148
24.11.2017 19:34:40 +00.04010E+00  0162 008438 -1 00012020 00012011 000 340 43063.81574125
24.11.2017 19:34:40 +00.04010E+00  0178 008438 -1 00012021 00012011 000 343 43063.8157452199
24.11.2017 19:34:40 +00.04010E+00  0190 008438 -1 00012022 00012011 000 343 43063.8157491898
24.11.2017 19:34:41 +00.04009E+00  0208 008438 -1 00012023 00012011 000 379 43063.8157535764
24.11.2017 19:34:41 +00.04010E+00  0222 008438 -1 00012024 00012011 000 345 43063.8157575694
24.11.2017 19:34:41 +00.04010E+00  0237 008438 -1 00012025 00012011 000 343 43063.8157615394
24.11.2017 19:34:42 +00.04010E+00  0253 008438 -1 00012026 00012011 000 343 43063.8157655093
24.11.2017 19:34:42 +00.04010E+00  0268 008438 -1 00012027 00012011 000 374 43063.815769838
24.11.2017 19:34:42 +00.04010E+00  0282 008438 -1 00012028 00012011 000 344 43063.8157738194
24.11.2017 19:34:43 +00.04010E+00  0295 008438 -1 00012029 00012011 000 343 43063.8157777894
24.11.2017 19:34:43 +00.04010E+00  0314 008438 -1 00012030 00012011 000 343 43063.8157817593
24.11.2017 19:34:43 +00.04010E+00  0331 008438 -1 00012031 00012011 000 375 43063.8157860995
24.11.2017 19:34:44 +00.04010E+00  0347 008438 -1 00012032 00012011 000 343 43063.8157900694
24.11.2017 19:34:44 +00.04010E+00  0357 008438 -1 00012033 00012011 000 342 43063.8157940278
24.11.2017 19:34:44 +00.04010E+00  0373 008438 -1 00012034 00012011 000 342 43063.8157979977
24.11.2017 19:34:45 +00.04010E+00  0394 008438 -1 00012035 00012011 000 375 43063.8158023495
24.11.2017 19:34:45 +00.04010E+00  0415 008438 -1 00012036 00012011 000 341 43063.8158063079
24.11.2017 19:34:46 +00.04010E+00  0426 008438 -1 00012037 00012011 000 343 43063.8158102778
24.11.2017 19:34:46 +00.04010E+00  0444 008438 -1 00012038 00012011 000 343 43063.8158142477
24.11.2017 19:34:46 +00.04010E+00  0457 008438 -1 00012039 00012011 000 377 43063.8158186111
24.11.2017 19:34:47 +00.04010E+00  0467 008438 -1 00012040 00012011 000 341 43063.8158225579
24.11.2017 19:34:47 +00.04010E+00  0484 008438 -1 00012041 00012011 000 343 43063.8158265278
24.11.2017 19:34:47 +00.04010E+00  0506 008438 -1 00012042 00012011 000 343 43063.8158304977
24.11.2017 19:34:48 +00.04010E+00  0524 008438 -1 00012043 00012011 000 379 43063.8158348843
24.11.2017 19:34:48 +00.04010E+00  0549 008438 -1 00012044 00012011 000 341 43063.815838831
24.11.2017 19:34:48 +00.04009E+00  0559 008438 -1 00012045 00012011 000 341 43063.8158427778
24.11.2017 19:34:49 +00.04010E+00  0576 008438 -1 00012046 00012011 000 343 43063.8158467477
24.11.2017 19:34:49 +00.04010E+00  0588 008438 -1 00012047 00012011 000 380 43063.8158511458
24.11.2017 19:34:49 +00.04009E+00  0602 008438 -1 00012048 00012011 000 344 43063.8158551273
24.11.2017 19:34:50 +00.04010E+00  0615 008438 -1 00012049 00012011 000 343 43063.8158590972
24.11.2017 19:34:50 +00.04010E+00  0629 008438 -1 00012050 00012011 000 343 43063.8158630671
24.11.2017 19:34:50 +00.04010E+00  0642 008438 -1 00012051 00012011 000 375 43063.8158674074
24.11.2017 19:34:51 +00.04010E+00  0654 008438 -1 00012052 00012011 000 343 43063.8158713773
24.11.2017 19:34:51 +00.04010E+00  0669 008438 -1 00012053 00012011 000 343 43063.8158753472
24.11.2017 19:34:51 +00.04009E+00  0683 008438 -1 00012054 00012011 000 343 43063.8158793171
24.11.2017 19:34:52 +00.04010E+00  0694 008438 -1 00012055 00012011 000 376 43063.815883669
24.11.2017 19:34:52 +00.04010E+00  0711 008438 -1 00012056 00012011 000 342 43063.8158876273
24.11.2017 19:34:53 +00.04010E+00  0723 008438 -1 00012057 00012011 000 342 43063.8158915856
24.11.2017 19:34:53 +00.04010E+00  0736 008438 -1 00012058 00012011 000 343 43063.8158955671
24.11.2017 19:34:53 +00.04010E+00  0753 008438 -1 00012059 00012011 000 377 43063.8158999306
24.11.2017 19:34:54 +00.04010E+00  0768 008438 -1 00012060 00012011 000 340 43063.8159038657
24.11.2017 19:34:54 +00.04010E+00  0783 008438 -1 00012061 00012011 000 343 43063.8159078356
24.11.2017 19:34:54 +00.04010E+00  0795 008438 -1 00012062 00012011 000 343 43063.8159118056
24.11.2017 19:34:55 +00.04009E+00  0810 008438 -1 00012063 00012011 000 379 43063.8159161921
24.11.2017 19:34:55 +00.04010E+00  0826 008438 -1 00012064 00012011 000 340 43063.8159201273
24.11.2017 19:34:55 +00.04010E+00  0847 008438 -1 00012065 00012011 000 341 43063.8159240856
24.11.2017 19:34:56 +00.04010E+00  0867 008438 -1 00012066 00012011 000 343 43063.8159280556
24.11.2017 19:34:56 +00.04010E+00  0880 008438 -1 00012067 00012011 000 380 43063.8159324537
24.11.2017 19:34:56 +00.04009E+00  0893 008438 -1 00012068 00012011 000 344 43063.8159364352
24.11.2017 19:34:57 +00.04010E+00  0907 008438 -1 00012069 00012011 000 343 43063.8159404051
24.11.2017 19:34:57 +00.04009E+00  0921 008438 -1 00012070 00012011 000 343 43063.815944375
24.11.2017 19:34:57 +00.04010E+00  0933 008440 -1 00012071 00012011 000 375 43063.8159487153
24.11.2017 19:34:58 +00.04010E+00  0950 008440 -1 00012072 00012011 000 343 43063.8159526852
24.11.2017 19:34:58 +00.04010E+00  0966 008440 -1 00012073 00012011 000 343 43063.8159566551
24.11.2017 19:34:58 +00.04011E+00  0979 008440 -1 00012074 00012011 000 343 43063.815960625
24.11.2017 19:34:59 +00.04011E+00  0989 008440 -1 00012075 00012011 000 376 43063.8159649768
24.11.2017 19:34:59 +00.04010E+00  1009 008440 -1 00012076 00012011 000 342 43063.8159689352
24.11.2017 19:35:00 +00.04010E+00  1021 008440 -1 00012077 00012011 000 343 43063.8159729051
24.11.2017 19:35:00 +00.04010E+00  1034 008440 -1 00012078 00012011 000 343 43063.815976875
24.11.2017 19:35:00 +00.04010E+00  1049 008440 -1 00012079 00012011 000 377 43063.8159812384
24.11.2017 19:35:01 +00.04010E+00  1066 008440 -1 00012080 00012011 000 341 43063.8159851852
24.11.2017 19:35:01 +00.04010E+00  1077 008440 -1 00012081 00012011 000 343 43063.8159891551
24.11.2017 19:35:01 +00.04010E+00  1085 008440 -1 00012082 00012011 000 342 43063.8159931134
24.11.2017 19:35:02 +00.04010E+00  1105 008440 -1 00012083 00012011 000 378 43063.8159975
24.11.2017 19:35:02 +00.04011E+00  1113 008440 -1 00012084 00012011 000 340 43063.8160014352
24.11.2017 19:35:02 +00.04011E+00  1130 008440 -1 00012085 00012011 000 342 43063.8160053935
24.11.2017 19:35:03 +00.04011E+00  1146 008438 -1 00012086 00012011 000 342 43063.8160093634
24.11.2017 19:35:03 +00.04010E+00  1155 008438 -1 00012087 00012011 000 378 43063.81601375
24.11.2017 19:35:03 +00.04010E+00  1177 008438 -1 00012088 00012011 000 344 43063.8160177431
24.11.2017 19:35:04 +00.04009E+00  1185 008438 -1 00012089 00012011 000 343 43063.8160217245
24.11.2017 19:35:04 +00.04010E+00  1201 008438 -1 00012090 00012011 000 342 43063.8160256829
24.11.2017 19:35:04 +00.04009E+00  1211 008438 -1 00012091 00012011 000 374 43063.8160300231
24.11.2017 19:35:05 +00.04010E+00  1229 008438 -1 00012092 00012011 000 343 43063.8160339931
24.11.2017 19:35:05 +00.04009E+00  1244 008438 -1 00012093 00012011 000 343 43063.816037963
24.11.2017 19:35:06 +00.04009E+00  1265 008438 -1 00012094 00012011 000 343 43063.8160419329
24.11.2017 19:35:06 +00.04010E+00  1290 008438 -1 00012095 00012011 000 376 43063.8160462847
24.11.2017 19:35:06 +00.04009E+00  1303 008438 -1 00012096 00012011 000 342 43063.8160502431
24.11.2017 19:35:07 +00.04010E+00  1320 008438 -1 00012097 00012011 000 343 43063.816054213
24.11.2017 19:35:12 +00.04000E+00  0017 008418 -1 00012098 00012098 000 379 43063.8161145833
24.11.2017 19:35:12 +00.04000E+00  0034 008418 -1 00012099 00012098 000 345 43063.8161185764
24.11.2017 19:35:12 +00.04000E+00  0054 008418 -1 00012100 00012098 000 343 43063.8161225463
24.11.2017 19:35:13 +00.04000E+00  0067 008418 -1 00012101 00012098 000 343 43063.8161265162
24.11.2017 19:35:13 +00.04000E+00  0086 008418 -1 00012102 00012098 000 374 43063.8161308449
24.11.2017 19:35:14 +00.04000E+00  0100 008418 -1 00012103 00012098 000 343 43063.8161348148
24.11.2017 19:35:14 +00.04000E+00  0114 008418 -1 00012104 00012098 000 342 43063.8161387847
24.11.2017 19:35:14 +00.04000E+00  0131 008418 -1 00012105 00012098 000 343 43063.8161427662
24.11.2017 19:35:15 +00.04000E+00  0154 008418 -1 00012106 00012098 000 375 43063.8161471065
24.11.2017 19:35:15 +00.04000E+00  0172 008418 -1 00012107 00012098 000 341 43063.8161510648
24.11.2017 19:35:15 +00.04000E+00  0185 008418 -1 00012108 00012098 000 343 43063.8161550347
24.11.2017 19:35:16 +00.04000E+00  0201 008418 -1 00012109 00012098 000 343 43063.8161590046
24.11.2017 19:35:16 +00.04000E+00  0215 008418 -1 00012110 00012098 000 377 43063.8161633681
24.11.2017 19:35:16 +00.04000E+00  0225 008418 -1 00012111 00012098 000 341 43063.8161673148
24.11.2017 19:35:17 +00.04000E+00  0248 008418 -1 00012112 00012098 000 343 43063.8161712847
24.11.2017 19:35:17 +00.04000E+00  0261 008418 -1 00012113 00012098 000 343 43063.8161752546
24.11.2017 19:35:17 +00.04000E+00  0276 008418 -1 00012114 00012098 000 378 43063.8161796296
24.11.2017 19:35:18 +00.04000E+00  0293 008418 -1 00012115 00012098 000 340 43063.8161835648
24.11.2017 19:35:18 +00.04000E+00  0306 008418 -1 00012116 00012098 000 342 43063.8161875347
24.11.2017 19:35:18 +00.04000E+00  0320 008418 -1 00012117 00012098 000 342 43063.8161915046
24.11.2017 19:35:19 +00.04000E+00  0339 008418 -1 00012118 00012098 000 379 43063.8161958912
24.11.2017 19:35:19 +00.04000E+00  0349 008418 -1 00012119 00012098 000 340 43063.8161998264
24.11.2017 19:35:20 +00.04000E+00  0361 008418 -1 00012120 00012098 000 342 43063.8162037847
24.11.2017 19:35:20 +00.04000E+00  0368 008418 -1 00012121 00012098 000 343 43063.8162077546
24.11.2017 19:35:20 +00.04000E+00  0388 008418 -1 00012122 00012098 000 380 43063.8162121528
24.11.2017 19:35:21 +00.04000E+00  0404 008418 -1 00012123 00012098 000 344 43063.8162161343
24.11.2017 19:35:21 +00.04000E+00  0415 008418 -1 00012124 00012098 000 343 43063.8162201042
24.11.2017 19:35:21 +00.04000E+00  0429 008418 -1 00012125 00012098 000 343 43063.8162240741
24.11.2017 19:35:22 +00.04000E+00  0441 008418 -1 00012126 00012098 000 375 43063.8162284144
24.11.2017 19:35:22 +00.04000E+00  0460 008418 -1 00012127 00012098 000 342 43063.8162323727
24.11.2017 19:35:22 +00.04000E+00  0471 008418 -1 00012128 00012098 000 343 43063.8162363542
24.11.2017 19:35:23 +00.04000E+00  0484 008418 -1 00012129 00012098 000 343 43063.8162403241
24.11.2017 19:35:23 +00.04000E+00  0501 008418 -1 00012130 00012098 000 376 43063.8162446759
24.11.2017 19:35:23 +00.04000E+00  0525 008418 -1 00012131 00012098 000 342 43063.8162486343
24.11.2017 19:35:24 +00.04000E+00  0538 008418 -1 00012132 00012098 000 343 43063.8162526042
24.11.2017 19:35:24 +00.04000E+00  0557 008418 -1 00012133 00012098 000 342 43063.8162565625
24.11.2017 19:35:24 +00.04000E+00  0578 008418 -1 00012134 00012098 000 377 43063.8162609375
24.11.2017 19:35:25 +00.04000E+00  0590 008418 -1 00012135 00012098 000 340 43063.8162648843
24.11.2017 19:35:25 +00.04000E+00  0603 008418 -1 00012136 00012098 000 342 43063.8162688426
24.11.2017 19:35:25 +00.04000E+00  0621 008418 -1 00012137 00012098 000 343 43063.8162728125
24.11.2017 19:35:26 +00.04000E+00  0627 008418 -1 00012138 00012098 000 379 43063.8162771991
24.11.2017 19:35:26 +00.04000E+00  0653 008418 -1 00012139 00012098 000 340 43063.8162811343
24.11.2017 19:35:27 +00.04000E+00  0674 008418 -1 00012140 00012098 000 342 43063.8162850926
24.11.2017 19:35:27 +00.04000E+00  0689 008418 -1 00012141 00012098 000 343 43063.8162890625
24.11.2017 19:35:27 +00.04000E+00  0705 008418 -1 00012142 00012098 000 380 43063.8162934607
24.11.2017 19:35:28 +00.04000E+00  0715 008418 -1 00012143 00012098 000 344 43063.8162974421
24.11.2017 19:35:28 +00.04000E+00  0731 008418 -1 00012144 00012098 000 343 43063.816301412
24.11.2017 19:35:28 +00.04000E+00  0748 008418 -1 00012145 00012098 000 343 43063.8163053819
24.11.2017 19:35:29 +00.04000E+00  0765 008418 -1 00012146 00012098 000 375 43063.8163097222
24.11.2017 19:35:29 +00.04000E+00  0782 008418 -1 00012147 00012098 000 343 43063.8163136921
24.11.2017 19:35:29 +00.04000E+00  0796 008418 -1 00012148 00012098 000 343 43063.816317662
24.11.2017 19:35:30 +00.04000E+00  0807 008418 -1 00012149 00012098 000 343 43063.8163216319
24.11.2017 19:35:30 +00.04000E+00  0823 008418 -1 00012150 00012098 000 376 43063.8163259838
24.11.2017 19:35:30 +00.04000E+00  0841 008418 -1 00012151 00012098 000 342 43063.8163299421
24.11.2017 19:35:31 +00.04000E+00  0855 008418 -1 00012152 00012098 000 343 43063.816333912
24.11.2017 19:35:31 +00.04000E+00  0863 008418 -1 00012153 00012098 000 343 43063.8163378819
24.11.2017 19:35:31 +00.04000E+00  0879 008418 -1 00012154 00012098 000 377 43063.8163422454
24.11.2017 19:35:32 +00.04000E+00  0894 008418 -1 00012155 00012098 000 341 43063.8163461921
24.11.2017 19:35:32 +00.04000E+00  0902 008418 -1 00012156 00012098 000 342 43063.8163501505
24.11.2017 19:35:32 +00.04000E+00  0917 008418 -1 00012157 00012098 000 343 43063.8163541319
24.11.2017 19:35:33 +00.04000E+00  0939 008418 -1 00012158 00012098 000 380 43063.8163585301
24.11.2017 19:35:33 +00.04000E+00  0950 008418 -1 00012159 00012098 000 344 43063.8163625116
24.11.2017 19:35:34 +00.04000E+00  0972 008418 -1 00012160 00012098 000 343 43063.8163664815
24.11.2017 19:35:34 +00.04000E+00  0984 008418 -1 00012161 00012098 000 343 43063.8163704514
24.11.2017 19:35:34 +00.04000E+00  1006 008418 -1 00012162 00012098 000 373 43063.8163747685
24.11.2017 19:35:35 +00.04000E+00  1020 008418 -1 00012163 00012098 000 345 43063.8163787616
24.11.2017 19:35:35 +00.04000E+00  1033 008418 -1 00012164 00012098 000 342 43063.8163827199
24.11.2017 19:35:35 +00.04000E+00  1053 008418 -1 00012165 00012098 000 343 43063.8163866898
24.11.2017 19:35:36 +00.04000E+00  1076 008418 -1 00012166 00012098 000 375 43063.8163910301
24.11.2017 19:35:36 +00.04000E+00  1084 008418 -1 00012167 00012098 000 343 43063.816395
24.11.2017 19:35:36 +00.04000E+00  1100 008418 -1 00012168 00012098 000 343 43063.8163989699
24.11.2017 19:35:37 +00.04000E+00  1113 008418 -1 00012169 00012098 000 343 43063.8164029398
24.11.2017 19:35:37 +00.04000E+00  1132 008418 -1 00012170 00012098 000 376 43063.8164072917
24.11.2017 19:35:37 +00.04000E+00  1144 008418 -1 00012171 00012098 000 342 43063.81641125
24.11.2017 19:35:38 +00.04000E+00  1157 008418 -1 00012172 00012098 000 343 43063.8164152199
24.11.2017 19:35:38 +00.04000E+00  1163 008418 -1 00012173 00012098 000 343 43063.8164191898
24.11.2017 19:35:38 +00.04000E+00  1180 008418 -1 00012174 00012098 000 377 43063.8164235532
24.11.2017 19:35:39 +00.04000E+00  1199 008418 -1 00012175 00012098 000 341 43063.8164275
24.11.2017 19:35:39 +00.04000E+00  1210 008418 -1 00012176 00012098 000 343 43063.8164314699
24.11.2017 19:35:40 +00.04000E+00  1228 008418 -1 00012177 00012098 000 343 43063.8164354398
24.11.2017 19:35:40 +00.04000E+00  1245 008418 -1 00012178 00012098 000 379 43063.8164398264
24.11.2017 19:35:40 +00.04000E+00  1258 008418 -1 00012179 00012098 000 345 43063.8164438194
24.11.2017 19:35:41 +00.04000E+00  1277 008418 -1 00012180 00012098 000 343 43063.8164477894
24.11.2017 19:35:41 +00.04000E+00  1289 008418 -1 00012181 00012098 000 343 43063.8164517593
24.11.2017 19:35:41 +00.04000E+00  1304 008418 -1 00012182 00012098 000 374 43063.816456088
24.11.2017 19:35:42 +00.04000E+00  1319 008418 -1 00012183 00012098 000 344 43063.8164600694
24.11.2017 19:35:47 +00.03990E+00  0015 008398 -1 00012184 00012184 000 343 43063.8165253241
24.11.2017 19:35:48 +00.03991E+00  0033 008398 -1 00012185 00012184 000 342 43063.8165292824
24.11.2017 19:35:48 +00.03991E+00  0046 008398 -1 00012186 00012184 000 419 43063.8165341435
24.11.2017 19:35:48 +00.03991E+00  0063 008398 -1 00012187 00012184 000 343 43063.8165381134
24.11.2017 19:35:49 +00.03991E+00  0070 008398 -1 00012188 00012184 000 343 43063.8165420833
24.11.2017 19:35:49 +00.03991E+00  0083 008398 -1 00012189 00012184 000 343 43063.8165460532
24.11.2017 19:35:49 +00.03990E+00  0100 008398 -1 00012190 00012184 000 376 43063.8165504051
24.11.2017 19:35:50 +00.03991E+00  0111 008398 -1 00012191 00012184 000 341 43063.8165543519
24.11.2017 19:35:50 +00.03991E+00  0133 008398 -1 00012192 00012184 000 343 43063.8165583218
24.11.2017 19:35:50 +00.03991E+00  0142 008398 -1 00012193 00012184 000 343 43063.8165622917
24.11.2017 19:35:51 +00.03991E+00  0153 008398 -1 00012194 00012184 000 376 43063.8165666551
24.11.2017 19:35:51 +00.03991E+00  0166 008398 -1 00012195 00012184 000 341 43063.8165706019
24.11.2017 19:35:52 +00.03991E+00  0179 008398 -1 00012196 00012184 000 343 43063.8165745718
24.11.2017 19:35:52 +00.03991E+00  0197 008398 -1 00012197 00012184 000 343 43063.8165785417
24.11.2017 19:35:52 +00.03990E+00  0213 008396 -1 00012198 00012184 000 379 43063.8165829282
24.11.2017 19:35:53 +00.03990E+00  0236 008396 -1 00012199 00012184 000 340 43063.8165868634
24.11.2017 19:35:53 +00.03990E+00  0250 008396 -1 00012200 00012184 000 341 43063.8165908218
24.11.2017 19:35:53 +00.03990E+00  0263 008396 -1 00012201 00012184 000 343 43063.8165947917
24.11.2017 19:35:54 +00.03989E+00  0284 008396 -1 00012202 00012184 000 380 43063.8165991898
24.11.2017 19:35:54 +00.03990E+00  0302 008396 -1 00012203 00012184 000 345 43063.8166031829
24.11.2017 19:35:54 +00.03990E+00  0314 008396 -1 00012204 00012184 000 342 43063.8166071412
24.11.2017 19:35:55 +00.03989E+00  0328 008396 -1 00012205 00012184 000 343 43063.8166111111
24.11.2017 19:35:55 +00.03990E+00  0346 008396 -1 00012206 00012184 000 375 43063.8166154514
24.11.2017 19:35:55 +00.03990E+00  0359 008396 -1 00012207 00012184 000 343 43063.8166194213
24.11.2017 19:35:56 +00.03989E+00  0378 008396 -1 00012208 00012184 000 343 43063.8166233912
24.11.2017 19:35:56 +00.03989E+00  0388 008396 -1 00012209 00012184 000 343 43063.8166273611
24.11.2017 19:35:56 +00.03989E+00  0403 008396 -1 00012210 00012184 000 376 43063.816631713
24.11.2017 19:35:57 +00.03989E+00  0417 008396 -1 00012211 00012184 000 342 43063.8166356713
24.11.2017 19:35:57 +00.03990E+00  0434 008396 -1 00012212 00012184 000 343 43063.8166396412
24.11.2017 19:35:58 +00.03990E+00  0452 008396 -1 00012213 00012184 000 343 43063.8166436111
24.11.2017 19:35:58 +00.03990E+00  0457 008396 -1 00012214 00012184 000 377 43063.8166479745
24.11.2017 19:35:58 +00.03990E+00  0478 008396 -1 00012215 00012184 000 340 43063.8166519097
24.11.2017 19:35:59 +00.03990E+00  0490 008396 -1 00012216 00012184 000 344 43063.8166558912
24.11.2017 19:35:59 +00.03990E+00  0504 008396 -1 00012217 00012184 000 343 43063.8166598611
24.11.2017 19:35:59 +00.03990E+00  0518 008396 -1 00012218 00012184 000 378 43063.8166642361
24.11.2017 19:36:00 +00.03990E+00  0536 008396 -1 00012219 00012184 000 341 43063.8166681829
24.11.2017 19:36:00 +00.03989E+00  0554 008396 -1 00012220 00012184 000 341 43063.8166721296
24.11.2017 19:36:00 +00.03990E+00  0571 008396 -1 00012221 00012184 000 343 43063.8166760995
24.11.2017 19:36:01 +00.03989E+00  0587 008396 -1 00012222 00012184 000 380 43063.8166804977
24.11.2017 19:36:01 +00.03990E+00  0606 008396 -1 00012223 00012184 000 344 43063.8166844792
24.11.2017 19:36:01 +00.03990E+00  0625 008396 -1 00012224 00012184 000 343 43063.8166884491
24.11.2017 19:36:02 +00.03990E+00  0636 008396 -1 00012225 00012184 000 343 43063.816692419
24.11.2017 19:36:02 +00.03989E+00  0655 008396 -1 00012226 00012184 000 375 43063.8166967593
24.11.2017 19:36:02 +00.03989E+00  0666 008396 -1 00012227 00012184 000 343 43063.8167007292
24.11.2017 19:36:03 +00.03990E+00  0681 008398 -1 00012228 00012184 000 343 43063.8167046991
24.11.2017 19:36:03 +00.03990E+00  0695 008398 -1 00012229 00012184 000 343 43063.816708669
24.11.2017 19:36:04 +00.03991E+00  0709 008398 -1 00012230 00012184 000 376 43063.8167130208
24.11.2017 19:36:04 +00.03991E+00  0724 008398 -1 00012231 00012184 000 342 43063.8167169792
24.11.2017 19:36:04 +00.03991E+00  0735 008398 -1 00012232 00012184 000 343 43063.8167209491
24.11.2017 19:36:05 +00.03991E+00  0745 008398 -1 00012233 00012184 000 343 43063.816724919
24.11.2017 19:36:05 +00.03991E+00  0755 008398 -1 00012234 00012184 000 377 43063.8167292824
24.11.2017 19:36:05 +00.03991E+00  0771 008398 -1 00012235 00012184 000 341 43063.8167332292
24.11.2017 19:36:06 +00.03990E+00  0787 008398 -1 00012236 00012184 000 343 43063.8167371991
24.11.2017 19:36:06 +00.03991E+00  0800 008398 -1 00012237 00012184 000 343 43063.816741169
24.11.2017 19:36:06 +00.03991E+00  0812 008398 -1 00012238 00012184 000 378 43063.816745544
24.11.2017 19:36:07 +00.03991E+00  0828 008398 -1 00012239 00012184 000 340 43063.8167494792
24.11.2017 19:36:07 +00.03991E+00  0843 008398 -1 00012240 00012184 000 342 43063.8167534491
24.11.2017 19:36:07 +00.03990E+00  0856 008398 -1 00012241 00012184 000 342 43063.8167574074
24.11.2017 19:36:08 +00.03991E+00  0868 008398 -1 00012242 00012184 000 379 43063.8167618056
24.11.2017 19:36:08 +00.03990E+00  0886 008396 -1 00012243 00012184 000 345 43063.8167657986
24.11.2017 19:36:08 +00.03990E+00  0900 008396 -1 00012244 00012184 000 343 43063.8167697685
24.11.2017 19:36:09 +00.03990E+00  0915 008396 -1 00012245 00012184 000 343 43063.8167737384
24.11.2017 19:36:09 +00.03990E+00  0923 008396 -1 00012246 00012184 000 374 43063.8167780671
24.11.2017 19:36:09 +00.03990E+00  0939 008396 -1 00012247 00012184 000 343 43063.816782037
24.11.2017 19:36:10 +00.03990E+00  0954 008396 -1 00012248 00012184 000 343 43063.8167860069
24.11.2017 19:36:10 +00.03990E+00  0968 008396 -1 00012249 00012184 000 343 43063.8167899769
24.11.2017 19:36:11 +00.03990E+00  0976 008396 -1 00012250 00012184 000 376 43063.8167943287
24.11.2017 19:36:11 +00.03990E+00  0994 008396 -1 00012251 00012184 000 341 43063.816798287
24.11.2017 19:36:11 +00.03990E+00  1013 008396 -1 00012252 00012184 000 343 43063.8168022569
24.11.2017 19:36:12 +00.03990E+00  1028 008396 -1 00012253 00012184 000 343 43063.8168062269
24.11.2017 19:36:12 +00.03989E+00  1044 008396 -1 00012254 00012184 000 377 43063.8168105903
24.11.2017 19:36:12 +00.03989E+00  1059 008396 -1 00012255 00012184 000 341 43063.816814537
24.11.2017 19:36:13 +00.03989E+00  1074 008396 -1 00012256 00012184 000 343 43063.8168185069
24.11.2017 19:36:13 +00.03989E+00  1085 008396 -1 00012257 00012184 000 343 43063.8168224769
24.11.2017 19:36:13 +00.03990E+00  1096 008398 -1 00012258 00012184 000 378 43063.8168268518
24.11.2017 19:36:14 +00.03990E+00  1118 008398 -1 00012259 00012184 000 340 43063.816830787
24.11.2017 19:36:14 +00.03990E+00  1135 008398 -1 00012260 00012184 000 342 43063.8168347569
24.11.2017 19:36:14 +00.03990E+00  1148 008398 -1 00012261 00012184 000 343 43063.8168387269
24.11.2017 19:36:15 +00.03990E+00  1160 008398 -1 00012262 00012184 000 379 43063.8168431134
24.11.2017 19:36:15 +00.03990E+00  1179 008398 -1 00012263 00012184 000 345 43063.8168471065
24.11.2017 19:36:15 +00.03991E+00  1185 008398 -1 00012264 00012184 000 343 43063.8168510764
24.11.2017 19:36:16 +00.03991E+00  1203 008398 -1 00012265 00012184 000 343 43063.8168550463
24.11.2017 19:36:16 +00.03991E+00  1213 008398 -1 00012266 00012184 000 374 43063.816859375
24.11.2017 19:36:16 +00.03991E+00  1226 008398 -1 00012267 00012184 000 343 43063.8168633449
24.11.2017 19:36:17 +00.03990E+00  1243 008398 -1 00012268 00012184 000 343 43063.8168673264
24.11.2017 19:36:17 +00.03990E+00  1259 008398 -1 00012269 00012184 000 343 43063.8168712963
24.11.2017 19:36:22 +00.03980E+00  0014 008376 -1 00012270 00012270 000 342 43063.8169318287
24.11.2017 19:36:23 +00.03980E+00  0029 008376 -1 00012271 00012270 000 343 43063.8169357986
24.11.2017 19:36:23 +00.03980E+00  0041 008376 -1 00012272 00012270 000 343 43063.8169397685
24.11.2017 19:36:23 +00.03980E+00  0055 008376 -1 00012273 00012270 000 360 43063.8169439352
24.11.2017 19:36:24 +00.03980E+00  0071 008376 -1 00012274 00012270 000 341 43063.8169478819
24.11.2017 19:36:24 +00.03980E+00  0086 008376 -1 00012275 00012270 000 341 43063.8169518287
24.11.2017 19:36:24 +00.03980E+00  0103 008376 -1 00012276 00012270 000 343 43063.8169557986
24.11.2017 19:36:25 +00.03980E+00  0114 008376 -1 00012277 00012270 000 380 43063.8169601968
24.11.2017 19:36:25 +00.03980E+00  0135 008376 -1 00012278 00012270 000 344 43063.8169641782
24.11.2017 19:36:26 +00.03980E+00  0155 008376 -1 00012279 00012270 000 343 43063.8169681481
24.11.2017 19:36:26 +00.03980E+00  0163 008376 -1 00012280 00012270 000 343 43063.8169721181
24.11.2017 19:36:26 +00.03980E+00  0176 008376 -1 00012281 00012270 000 375 43063.8169764583
24.11.2017 19:36:27 +00.03980E+00  0192 008376 -1 00012282 00012270 000 343 43063.8169804282
24.11.2017 19:36:27 +00.03980E+00  0211 008376 -1 00012283 00012270 000 343 43063.8169843981
24.11.2017 19:36:27 +00.03980E+00  0225 008376 -1 00012284 00012270 000 343 43063.8169883681
24.11.2017 19:36:28 +00.03980E+00  0233 008376 -1 00012285 00012270 000 376 43063.8169927199
24.11.2017 19:36:28 +00.03980E+00  0245 008376 -1 00012286 00012270 000 342 43063.8169966782
24.11.2017 19:36:28 +00.03980E+00  0266 008376 -1 00012287 00012270 000 343 43063.8170006481
24.11.2017 19:36:29 +00.03980E+00  0283 008376 -1 00012288 00012270 000 343 43063.8170046181
24.11.2017 19:36:29 +00.03980E+00  0296 008376 -1 00012289 00012270 000 377 43063.8170089815
24.11.2017 19:36:29 +00.03980E+00  0314 008376 -1 00012290 00012270 000 340 43063.8170129167
24.11.2017 19:36:30 +00.03980E+00  0335 008376 -1 00012291 00012270 000 343 43063.8170168866
24.11.2017 19:36:30 +00.03980E+00  0349 008376 -1 00012292 00012270 000 343 43063.8170208565
24.11.2017 19:36:30 +00.03980E+00  0368 008376 -1 00012293 00012270 000 379 43063.8170252431
24.11.2017 19:36:31 +00.03980E+00  0385 008376 -1 00012294 00012270 000 341 43063.8170291898
24.11.2017 19:36:31 +00.03980E+00  0398 008376 -1 00012295 00012270 000 341 43063.8170331366
24.11.2017 19:36:32 +00.03980E+00  0410 008376 -1 00012296 00012270 000 343 43063.8170371065
24.11.2017 19:36:32 +00.03980E+00  0425 008376 -1 00012297 00012270 000 380 43063.8170415046
24.11.2017 19:36:32 +00.03980E+00  0445 008376 -1 00012298 00012270 000 344 43063.8170454861
24.11.2017 19:36:33 +00.03980E+00  0456 008376 -1 00012299 00012270 000 343 43063.817049456
24.11.2017 19:36:33 +00.03980E+00  0475 008376 -1 00012300 00012270 000 343 43063.8170534259
24.11.2017 19:36:33 +00.03980E+00  0488 008376 -1 00012301 00012270 000 375 43063.8170577662
24.11.2017 19:36:34 +00.03980E+00  0506 008376 -1 00012302 00012270 000 343 43063.8170617361
24.11.2017 19:36:34 +00.03980E+00  0526 008376 -1 00012303 00012270 000 343 43063.817065706
24.11.2017 19:36:34 +00.03980E+00  0538 008376 -1 00012304 00012270 000 343 43063.8170696759
24.11.2017 19:36:35 +00.03980E+00  0557 008376 -1 00012305 00012270 000 376 43063.8170740278
24.11.2017 19:36:35 +00.03980E+00  0577 008376 -1 00012306 00012270 000 342 43063.8170779861
24.11.2017 19:36:35 +00.03980E+00  0593 008376 -1 00012307 00012270 000 343 43063.817081956
24.11.2017 19:36:36 +00.03980E+00  0605 008376 -1 00012308 00012270 000 343 43063.8170859259
24.11.2017 19:36:36 +00.03980E+00  0617 008376 -1 00012309 00012270 000 377 43063.8170902894
24.11.2017 19:36:36 +00.03980E+00  0634 008376 -1 00012310 00012270 000 341 43063.8170942361
24.11.2017 19:36:37 +00.03980E+00  0647 008376 -1 00012311 00012270 000 342 43063.8170981944
24.11.2017 19:36:37 +00.03980E+00  0664 008376 -1 00012312 00012270 000 343 43063.8171021759
24.11.2017 19:36:38 +00.03980E+00  0677 008376 -1 00012313 00012270 000 378 43063.8171065509
24.11.2017 19:36:38 +00.03980E+00  0690 008376 -1 00012314 00012270 000 340 43063.8171104861
24.11.2017 19:36:38 +00.03980E+00  0704 008376 -1 00012315 00012270 000 342 43063.8171144444
24.11.2017 19:36:39 +00.03980E+00  0719 008376 -1 00012316 00012270 000 344 43063.8171184259
24.11.2017 19:36:39 +00.03980E+00  0739 008376 -1 00012317 00012270 000 379 43063.8171228125
24.11.2017 19:36:39 +00.03980E+00  0759 008376 -1 00012318 00012270 000 344 43063.8171268056
24.11.2017 19:36:40 +00.03980E+00  0773 008376 -1 00012319 00012270 000 343 43063.8171307755
24.11.2017 19:36:40 +00.03980E+00  0780 008376 -1 00012320 00012270 000 343 43063.8171347454
24.11.2017 19:36:40 +00.03980E+00  0793 008376 -1 00012321 00012270 000 375 43063.8171390857
24.11.2017 19:36:41 +00.03980E+00  0799 008376 -1 00012322 00012270 000 342 43063.817143044
24.11.2017 19:36:41 +00.03980E+00  0814 008376 -1 00012323 00012270 000 343 43063.8171470139
24.11.2017 19:36:41 +00.03980E+00  0825 008376 -1 00012324 00012270 000 343 43063.8171509838
24.11.2017 19:36:42 +00.03980E+00  0837 008376 -1 00012325 00012270 000 376 43063.8171553357
24.11.2017 19:36:42 +00.03980E+00  0848 008376 -1 00012326 00012270 000 342 43063.817159294
24.11.2017 19:36:42 +00.03980E+00  0860 008376 -1 00012327 00012270 000 343 43063.8171632639
24.11.2017 19:36:43 +00.03980E+00  0879 008376 -1 00012328 00012270 000 343 43063.8171672338
24.11.2017 19:36:43 +00.03980E+00  0890 008376 -1 00012329 00012270 000 377 43063.8171715972
24.11.2017 19:36:43 +00.03980E+00  0909 008376 -1 00012330 00012270 000 341 43063.817175544
24.11.2017 19:36:44 +00.03980E+00  0919 008376 -1 00012331 00012270 000 343 43063.8171795139
24.11.2017 19:36:44 +00.03980E+00  0932 008376 -1 00012332 00012270 000 343 43063.8171834838
24.11.2017 19:36:45 +00.03980E+00  0944 008376 -1 00012333 00012270 000 380 43063.8171878819
24.11.2017 19:36:45 +00.03980E+00  0955 008376 -1 00012334 00012270 000 344 43063.8171918634
24.11.2017 19:36:45 +00.03980E+00  0974 008376 -1 00012335 00012270 000 343 43063.8171958333
24.11.2017 19:36:46 +00.03980E+00  0988 008376 -1 00012336 00012270 000 343 43063.8171998032
24.11.2017 19:36:46 +00.03980E+00  1005 008376 -1 00012337 00012270 000 373 43063.8172041204
24.11.2017 19:36:46 +00.03980E+00  1029 008376 -1 00012338 00012270 000 345 43063.8172081134
24.11.2017 19:36:47 +00.03980E+00  1045 008376 -1 00012339 00012270 000 343 43063.8172120833
24.11.2017 19:36:47 +00.03980E+00  1058 008376 -1 00012340 00012270 000 343 43063.8172160532
24.11.2017 19:36:47 +00.03980E+00  1072 008376 -1 00012341 00012270 000 375 43063.8172203935
24.11.2017 19:36:48 +00.03980E+00  1087 008376 -1 00012342 00012270 000 343 43063.8172243634
24.11.2017 19:36:48 +00.03980E+00  1104 008376 -1 00012343 00012270 000 343 43063.8172283333
24.11.2017 19:36:48 +00.03980E+00  1116 008376 -1 00012344 00012270 000 343 43063.8172323032
24.11.2017 19:36:49 +00.03980E+00  1132 008376 -1 00012345 00012270 000 376 43063.8172366551
24.11.2017 19:36:49 +00.03980E+00  1147 008376 -1 00012346 00012270 000 341 43063.8172406018
24.11.2017 19:36:49 +00.03980E+00  1162 008376 -1 00012347 00012270 000 342 43063.8172445718
24.11.2017 19:36:50 +00.03980E+00  1170 008376 -1 00012348 00012270 000 343 43063.8172485417
24.11.2017 19:36:50 +00.03980E+00  1188 008376 -1 00012349 00012270 000 377 43063.8172529051
24.11.2017 19:36:50 +00.03980E+00  1205 008376 -1 00012350 00012270 000 340 43063.8172568518
24.11.2017 19:36:51 +00.03980E+00  1221 008376 -1 00012351 00012270 000 342 43063.8172608218
24.11.2017 19:36:51 +00.03980E+00  1238 008376 -1 00012352 00012270 000 343 43063.8172647917
24.11.2017 19:36:52 +00.03980E+00  1254 008376 -1 00012353 00012270 000 379 43063.8172691782
24.11.2017 19:36:52 +00.03980E+00  1272 008376 -1 00012354 00012270 000 340 43063.8172731134
24.11.2017 19:36:52 +00.03980E+00  1287 008376 -1 00012355 00012270 000 342 43063.8172770718