
24.11.2017 19:40:59 +00.03800E+00  0009 007998 1 00012958 00012958 000 343 43063.8201354977
24.11.2017 19:41:00 +00.03800E+00  0033 007998 1 00012959 00012958 000 343 43063.8201394676
24.11.2017 19:41:00 +00.03800E+00  0054 007998 1 00012960 00012958 000 416 43063.8201442824
24.11.2017 19:41:00 +00.03800E+00  0079 007998 1 00012961 00012958 000 340 43063.8201482176
24.11.2017 19:41:01 +00.03800E+00  0097 007998 1 00012962 00012958 000 343 43063.8201521875
24.11.2017 19:41:01 +00.03800E+00  0111 007998 1 00012963 00012958 000 342 43063.8201561458
24.11.2017 19:41:01 +00.03800E+00  0122 007998 1 00012964 00012958 000 379 43063.8201605324
24.11.2017 19:41:02 +00.03800E+00  0143 007998 1 00012965 00012958 000 341 43063.8201644792
24.11.2017 19:41:02 +00.03800E+00  0161 007998 1 00012966 00012958 000 341 43063.8201684259
24.11.2017 19:41:02 +00.03801E+00  0172 007998 1 00012967 00012958 000 342 43063.8201723958
24.11.2017 19:41:03 +00.03800E+00  0188 007998 1 00012968 00012958 000 379 43063.8201767824
24.11.2017 19:41:03 +00.03800E+00  0204 007998 1 00012969 00012958 000 344 43063.8201807755
24.11.2017 19:41:03 +00.03800E+00  0223 007998 1 00012970 00012958 000 345 43063.8201847685
24.11.2017 19:41:04 +00.03800E+00  0243 007998 1 00012971 00012958 000 341 43063.8201887153
24.11.2017 19:41:04 +00.03800E+00  0257 007998 1 00012972 00012958 000 374 43063.820193044
24.11.2017 19:41:05 +00.03800E+00  0268 007998 1 00012973 00012958 000 344 43063.8201970255
24.11.2017 19:41:05 +00.03800E+00  0277 007998 1 00012974 00012958 000 343 43063.8202009954
24.11.2017 19:41:05 +00.03800E+00  0286 007998 1 00012975 00012958 000 343 43063.8202049653
24.11.2017 19:41:06 +00.03800E+00  0291 007998 1 00012976 00012958 000 375 43063.8202093056
24.11.2017 19:41:06 +00.03800E+00  0314 007998 1 00012977 00012958 000 343 43063.8202132755
24.11.2017 19:41:06 +00.03800E+00  0328 007998 1 00012978 00012958 000 343 43063.8202172454
24.11.2017 19:41:07 +00.03800E+00  0344 007998 1 00012979 00012958 000 343 43063.8202212153
24.11.2017 19:41:07 +00.03800E+00  0365 007998 1 00012980 00012958 000 376 43063.8202255671
24.11.2017 19:41:07 +00.03800E+00  0380 007998 1 00012981 00012958 000 342 43063.8202295255
24.11.2017 19:41:08 +00.03800E+00  0392 007998 1 00012982 00012958 000 343 43063.8202334954
24.11.2017 19:41:08 +00.03800E+00  0402 007998 1 00012983 00012958 000 343 43063.8202374653
24.11.2017 19:41:08 +00.03800E+00  0415 007998 1 00012984 00012958 000 378 43063.8202418403
24.11.2017 19:41:09 +00.03800E+00  0429 007998 1 00012985 00012958 000 341 43063.820245787
24.11.2017 19:41:09 +00.03800E+00  0451 007998 1 00012986 00012958 000 342 43063.8202497454
24.11.2017 19:41:09 +00.03800E+00  0465 007998 1 00012987 00012958 000 342 43063.8202537037
24.11.2017 19:41:10 +00.03800E+00  0476 007998 1 00012988 00012958 000 379 43063.8202581018
24.11.2017 19:41:10 +00.03800E+00  0493 007998 1 00012989 00012958 000 345 43063.8202620949
24.11.2017 19:41:10 +00.03800E+00  0511 007998 1 00012990 00012958 000 343 43063.8202660648
24.11.2017 19:41:11 +00.03800E+00  0529 007998 1 00012991 00012958 000 343 43063.8202700347
24.11.2017 19:41:11 +00.03800E+00  0545 007998 1 00012992 00012958 000 374 43063.8202743634
24.11.2017 19:41:12 +00.03800E+00  0561 007998 1 00012993 00012958 000 343 43063.8202783333
24.11.2017 19:41:12 +00.03800E+00  0579 007998 1 00012994 00012958 000 343 43063.8202823032
24.11.2017 19:41:12 +00.03800E+00  0591 007998 1 00012995 00012958 000 344 43063.8202862847
24.11.2017 19:41:13 +00.03800E+00  0599 007998 1 00012996 00012958 000 375 43063.820290625
24.11.2017 19:41:13 +00.03800E+00  0618 007998 1 00012997 00012958 000 342 43063.8202945833
24.11.2017 19:41:13 +00.03800E+00  0638 007998 1 00012998 00012958 000 343 43063.8202985532
24.11.2017 19:41:14 +00.03800E+00  0647 007998 1 00012999 00012958 000 343 43063.8203025231
24.11.2017 19:41:14 +00.03800E+00  0670 007998 1 00013000 00012958 000 376 43063.820306875
24.11.2017 19:41:14 +00.03800E+00  0685 007998 1 00013001 00012958 000 342 43063.8203108333
24.11.2017 19:41:15 +00.03800E+00  0699 007998 1 00013002 00012958 000 343 43063.8203148032
24.11.2017 19:41:15 +00.03800E+00  0714 007998 1 00013003 00012958 000 343 43063.8203187731
24.11.2017 19:41:15 +00.03800E+00  0730 007998 1 00013004 00012958 000 378 43063.8203231481
24.11.2017 19:41:16 +00.03800E+00  0739 007998 1 00013005 00012958 000 340 43063.8203270833
24.11.2017 19:41:16 +00.03800E+00  0755 007998 1 00013006 00012958 000 343 43063.8203310532
24.11.2017 19:41:16 +00.03800E+00  0773 007998 1 00013007 00012958 000 343 43063.8203350231
24.11.2017 19:41:17 +00.03800E+00  0789 007998 1 00013008 00012958 000 379 43063.8203394097
24.11.2017 19:41:17 +00.03800E+00  0804 007998 1 00013009 00012958 000 345 43063.8203434028
24.11.2017 19:41:18 +00.03800E+00  0831 007998 1 00013010 00012958 000 343 43063.8203473727
24.11.2017 19:41:18 +00.03800E+00  0852 007998 1 00013011 00012958 000 343 43063.8203513426
24.11.2017 19:41:18 +00.03800E+00  0861 007998 1 00013012 00012958 000 374 43063.8203556713
24.11.2017 19:41:19 +00.03800E+00  0876 007998 1 00013013 00012958 000 344 43063.8203596528
24.11.2017 19:41:19 +00.03800E+00  0890 007998 1 00013014 00012958 000 343 43063.8203636227
24.11.2017 19:41:19 +00.03800E+00  0902 007998 1 00013015 00012958 000 343 43063.8203675926
24.11.2017 19:41:20 +00.03800E+00  0920 007998 1 00013016 00012958 000 375 43063.8203719329
24.11.2017 19:41:20 +00.03800E+00  0939 007998 1 00013017 00012958 000 342 43063.8203758912
24.11.2017 19:41:20 +00.03800E+00  0954 007998 1 00013018 00012958 000 343 43063.8203798727
24.11.2017 19:41:21 +00.03800E+00  0973 007998 1 00013019 00012958 000 342 43063.820383831
24.11.2017 19:41:21 +00.03800E+00  0988 007998 1 00013020 00012958 000 375 43063.8203881829
24.11.2017 19:41:21 +00.03800E+00  0997 007998 1 00013021 00012958 000 341 43063.8203921412
24.11.2017 19:41:22 +00.03800E+00  1010 007998 1 00013022 00012958 000 343 43063.8203961111
24.11.2017 19:41:22 +00.03800E+00  1024 007998 1 00013023 00012958 000 343 43063.820400081
24.11.2017 19:41:22 +00.03800E+00  1039 007998 1 00013024 00012958 000 377 43063.820404456
24.11.2017 19:41:23 +00.03800E+00  1050 007998 1 00013025 00012958 000 340 43063.8204083912
24.11.2017 19:41:23 +00.03800E+00  1059 007998 1 00013026 00012958 000 342 43063.8204123611
24.11.2017 19:41:23 +00.03800E+00  1074 007998 1 00013027 00012958 000 343 43063.820416331
24.11.2017 19:41:24 +00.03800E+00  1092 007998 1 00013028 00012958 000 379 43063.8204207176
24.11.2017 19:41:24 +00.03800E+00  1112 007998 1 00013029 00012958 000 340 43063.8204246528
24.11.2017 19:41:25 +00.03800E+00  1130 007998 1 00013030 00012958 000 341 43063.8204286111
24.11.2017 19:41:25 +00.03800E+00  1146 007998 1 00013031 00012958 000 343 43063.820432581
24.11.2017 19:41:25 +00.03800E+00  1162 007998 1 00013032 00012958 000 380 43063.8204369792
24.11.2017 19:41:26 +00.03800E+00  1180 007998 1 00013033 00012958 000 344 43063.8204409606
24.11.2017 19:41:26 +00.03800E+00  1191 007998 1 00013034 00012958 000 343 43063.8204449306
24.11.2017 19:41:26 +00.03800E+00  1203 007998 1 00013035 00012958 000 343 43063.8204489005
24.11.2017 19:41:27 +00.03800E+00  1218 007998 1 00013036 00012958 000 375 43063.8204532407
24.11.2017 19:41:27 +00.03800E+00  1233 007998 1 00013037 00012958 000 343 43063.8204572106
24.11.2017 19:41:27 +00.03800E+00  1245 007998 1 00013038 00012958 000 343 43063.8204611806
24.11.2017 19:41:28 +00.03800E+00  1252 007998 1 00013039 00012958 000 343 43063.8204651505
24.11.2017 19:41:28 +00.03800E+00  1268 007998 1 00013040 00012958 000 376 43063.8204695023
24.11.2017 19:41:28 +00.03800E+00  1280 007998 1 00013041 00012958 000 342 43063.8204734606
24.11.2017 19:41:29 +00.03800E+00  1292 007998 1 00013042 00012958 000 343 43063.8204774306
24.11.2017 19:41:29 +00.03800E+00  1306 007998 1 00013043 00012958 000 343 43063.8204814005
24.11.2017 19:41:35 +00.03820E+00  0016 008039 1 00013044 00013044 000 343 43063.8205462153
24.11.2017 19:41:35 +00.03820E+00  0028 008039 1 00013045 00013044 000 397 43063.8205508102
24.11.2017 19:41:35 +00.03820E+00  0045 008039 1 00013046 00013044 000 341 43063.8205547569
24.11.2017 19:41:36 +00.03820E+00  0056 008039 1 00013047 00013044 000 341 43063.8205587037
24.11.2017 19:41:36 +00.03820E+00  0068 008039 1 00013048 00013044 000 343 43063.8205626736
24.11.2017 19:41:36 +00.03820E+00  0084 008039 1 00013049 00013044 000 380 43063.8205670718
24.11.2017 19:41:37 +00.03820E+00  0105 008039 1 00013050 00013044 000 344 43063.8205710532
24.11.2017 19:41:37 +00.03820E+00  0116 008039 1 00013051 00013044 000 343 43063.8205750232
24.11.2017 19:41:38 +00.03819E+00  0132 008039 1 00013052 00013044 000 343 43063.8205789931
24.11.2017 19:41:38 +00.03820E+00  0151 008039 1 00013053 00013044 000 375 43063.8205833333
24.11.2017 19:41:38 +00.03820E+00  0168 008039 1 00013054 00013044 000 343 43063.8205873032
24.11.2017 19:41:39 +00.03820E+00  0179 008039 1 00013055 00013044 000 343 43063.8205912732
24.11.2017 19:41:39 +00.03819E+00  0194 008039 1 00013056 00013044 000 343 43063.8205952431
24.11.2017 19:41:39 +00.03820E+00  0206 008039 1 00013057 00013044 000 376 43063.8205995949
24.11.2017 19:41:40 +00.03820E+00  0217 008039 1 00013058 00013044 000 342 43063.8206035532
24.11.2017 19:41:40 +00.03820E+00  0231 008039 1 00013059 00013044 000 343 43063.8206075232
24.11.2017 19:41:40 +00.03820E+00  0238 008039 1 00013060 00013044 000 343 43063.8206114931
24.11.2017 19:41:41 +00.03820E+00  0251 008039 1 00013061 00013044 000 377 43063.8206158565
24.11.2017 19:41:41 +00.03820E+00  0273 008039 1 00013062 00013044 000 341 43063.8206198032
24.11.2017 19:41:41 +00.03820E+00  0289 008039 1 00013063 00013044 000 343 43063.8206237732
24.11.2017 19:41:42 +00.03820E+00  0301 008039 1 00013064 00013044 000 343 43063.8206277431
24.11.2017 19:41:42 +00.03820E+00  0318 008039 1 00013065 00013044 000 378 43063.8206321181
24.11.2017 19:41:42 +00.03820E+00  0339 008039 1 00013066 00013044 000 340 43063.8206360532
24.11.2017 19:41:43 +00.03819E+00  0357 008039 1 00013067 00013044 000 342 43063.8206400116
24.11.2017 19:41:43 +00.03820E+00  0366 008039 1 00013068 00013044 000 343 43063.8206439815
24.11.2017 19:41:44 +00.03819E+00  0379 008039 1 00013069 00013044 000 379 43063.8206483796
24.11.2017 19:41:44 +00.03820E+00  0399 008039 1 00013070 00013044 000 345 43063.8206523727
24.11.2017 19:41:44 +00.03820E+00  0412 008039 1 00013071 00013044 000 343 43063.8206563426
24.11.2017 19:41:45 +00.03820E+00  0425 008039 1 00013072 00013044 000 342 43063.8206603009
24.11.2017 19:41:45 +00.03819E+00  0440 008039 1 00013073 00013044 000 374 43063.8206646412
24.11.2017 19:41:45 +00.03820E+00  0456 008039 1 00013074 00013044 000 343 43063.8206686111
24.11.2017 19:41:46 +00.03820E+00  0470 008039 1 00013075 00013044 000 343 43063.820672581
24.11.2017 19:41:46 +00.03820E+00  0483 008039 1 00013076 00013044 000 343 43063.8206765509
24.11.2017 19:41:46 +00.03820E+00  0495 008039 1 00013077 00013044 000 376 43063.8206809028
24.11.2017 19:41:47 +00.03819E+00  0515 008039 1 00013078 00013044 000 341 43063.8206848611
24.11.2017 19:41:47 +00.03819E+00  0525 008039 1 00013079 00013044 000 343 43063.820688831
24.11.2017 19:41:47 +00.03820E+00  0540 008039 1 00013080 00013044 000 343 43063.8206928009
24.11.2017 19:41:48 +00.03820E+00  0554 008039 1 00013081 00013044 000 377 43063.8206971644
24.11.2017 19:41:48 +00.03820E+00  0567 008039 1 00013082 00013044 000 341 43063.8207011111
24.11.2017 19:41:48 +00.03820E+00  0584 008039 1 00013083 00013044 000 343 43063.820705081
24.11.2017 19:41:49 +00.03820E+00  0600 008039 1 00013084 00013044 000 343 43063.8207090509
24.11.2017 19:41:49 +00.03820E+00  0612 008039 1 00013085 00013044 000 378 43063.8207134259
24.11.2017 19:41:49 +00.03820E+00  0634 008039 1 00013086 00013044 000 340 43063.8207173611
24.11.2017 19:41:50 +00.03820E+00  0653 008039 1 00013087 00013044 000 343 43063.820721331
24.11.2017 19:41:50 +00.03819E+00  0674 008039 1 00013088 00013044 000 343 43063.8207253009
24.11.2017 19:41:51 +00.03820E+00  0688 008039 1 00013089 00013044 000 379 43063.8207296875
24.11.2017 19:41:51 +00.03819E+00  0701 008039 1 00013090 00013044 000 345 43063.8207336806
24.11.2017 19:41:51 +00.03819E+00  0715 008039 1 00013091 00013044 000 343 43063.8207376505
24.11.2017 19:41:52 +00.03820E+00  0734 008039 1 00013092 00013044 000 343 43063.8207416204
24.11.2017 19:41:52 +00.03820E+00  0753 008039 1 00013093 00013044 000 374 43063.8207459491
24.11.2017 19:41:52 +00.03819E+00  0768 008039 1 00013094 00013044 000 344 43063.8207499306
24.11.2017 19:41:53 +00.03820E+00  0779 008039 1 00013095 00013044 000 343 43063.8207539005
24.11.2017 19:41:53 +00.03820E+00  0797 008039 1 00013096 00013044 000 342 43063.8207578588
24.11.2017 19:41:53 +00.03819E+00  0809 008039 1 00013097 00013044 000 375 43063.8207622106
24.11.2017 19:41:54 +00.03820E+00  0828 008039 1 00013098 00013044 000 342 43063.820766169
24.11.2017 19:41:54 +00.03820E+00  0844 008039 1 00013099 00013044 000 344 43063.8207701505
24.11.2017 19:41:54 +00.03820E+00  0861 008039 1 00013100 00013044 000 343 43063.8207741204
24.11.2017 19:41:55 +00.03820E+00  0871 008039 1 00013101 00013044 000 376 43063.8207784722
24.11.2017 19:41:55 +00.03820E+00  0884 008039 1 00013102 00013044 000 341 43063.820782419
24.11.2017 19:41:55 +00.03820E+00  0900 008039 1 00013103 00013044 000 343 43063.8207863889
24.11.2017 19:41:56 +00.03820E+00  0912 008039 1 00013104 00013044 000 343 43063.8207903588
24.11.2017 19:41:56 +00.03820E+00  0926 008039 1 00013105 00013044 000 378 43063.8207947338
24.11.2017 19:41:57 +00.03819E+00  0942 008039 1 00013106 00013044 000 340 43063.820798669
24.11.2017 19:41:57 +00.03820E+00  0958 008039 1 00013107 00013044 000 343 43063.8208026389
24.11.2017 19:41:57 +00.03819E+00  0982 008039 1 00013108 00013044 000 343 43063.8208066088
24.11.2017 19:41:58 +00.03820E+00  0997 008039 1 00013109 00013044 000 379 43063.8208109954
24.11.2017 19:41:58 +00.03820E+00  1006 008039 1 00013110 00013044 000 340 43063.8208149306
24.11.2017 19:41:58 +00.03819E+00  1026 008039 1 00013111 00013044 000 342 43063.8208188889
24.11.2017 19:41:59 +00.03819E+00  1045 008039 1 00013112 00013044 000 343 43063.8208228588
24.11.2017 19:41:59 +00.03820E+00  1066 008039 1 00013113 00013044 000 380 43063.8208272569
24.11.2017 19:41:59 +00.03820E+00  1084 008039 1 00013114 00013044 000 344 43063.8208312384
24.11.2017 19:42:00 +00.03820E+00  1092 008039 1 00013115 00013044 000 343 43063.8208352083
24.11.2017 19:42:00 +00.03820E+00  1112 008039 1 00013116 00013044 000 343 43063.8208391782
24.11.2017 19:42:00 +00.03820E+00  1126 008039 1 00013117 00013044 000 375 43063.8208435185
24.11.2017 19:42:01 +00.03820E+00  1136 008039 1 00013118 00013044 000 343 43063.8208474884
24.11.2017 19:42:01 +00.03820E+00  1148 008039 1 00013119 00013044 000 343 43063.8208514583
24.11.2017 19:42:01 +00.03820E+00  1158 008039 1 00013120 00013044 000 343 43063.8208554282
24.11.2017 19:42:02 +00.03819E+00  1179 008039 1 00013121 00013044 000 376 43063.8208597801
24.11.2017 19:42:02 +00.03819E+00  1191 008039 1 00013122 00013044 000 341 43063.8208637269
24.11.2017 19:42:02 +00.03819E+00  1205 008039 1 00013123 00013044 000 343 43063.8208676968
24.11.2017 19:42:03 +00.03820E+00  1216 008039 1 00013124 00013044 000 343 43063.8208716782
24.11.2017 19:42:03 +00.03820E+00  1234 008039 1 00013125 00013044 000 377 43063.8208760417
24.11.2017 19:42:04 +00.03820E+00  1250 008039 1 00013126 00013044 000 340 43063.8208799884
24.11.2017 19:42:04 +00.03819E+00  1263 008039 1 00013127 00013044 000 342 43063.8208839468
24.11.2017 19:42:04 +00.03820E+00  1282 008039 1 00013128 00013044 000 344 43063.8208879282
24.11.2017 19:42:05 +00.03820E+00  1296 008039 1 00013129 00013044 000 378 43063.8208923032
24.11.2017 19:42:10 +00.03839E+00  0013 008080 1 00013130 00013130 000 343 43063.8209527199
24.11.2017 19:42:10 +00.03839E+00  0038 008080 1 00013131 00013130 000 400 43063.8209573495
24.11.2017 19:42:11 +00.03839E+00  0049 008080 1 00013132 00013130 000 343 43063.8209613194
24.11.2017 19:42:11 +00.03839E+00  0073 008080 1 00013133 00013130 000 343 43063.8209652893
24.11.2017 19:42:11 +00.03839E+00  0093 008080 1 00013134 00013130 000 344 43063.8209692708
24.11.2017 19:42:12 +00.03839E+00  0111 008080 1 00013135 00013130 000 377 43063.8209736343
24.11.2017 19:42:12 +00.03839E+00  0128 008080 1 00013136 00013130 000 340 43063.8209775694
24.11.2017 19:42:12 +00.03839E+00  0140 008080 1 00013137 00013130 000 342 43063.8209815393
24.11.2017 19:42:13 +00.03839E+00  0158 008080 1 00013138 00013130 000 343 43063.8209855093
24.11.2017 19:42:13 +00.03839E+00  0173 008080 1 00013139 00013130 000 378 43063.8209898843
24.11.2017 19:42:13 +00.03839E+00  0191 008080 1 00013140 00013130 000 341 43063.820993831
24.11.2017 19:42:14 +00.03839E+00  0208 008080 1 00013141 00013130 000 341 43063.8209977778
24.11.2017 19:42:14 +00.03839E+00  0223 008080 1 00013142 00013130 000 343 43063.8210017593
24.11.2017 19:42:14 +00.03839E+00  0241 008080 1 00013143 00013130 000 379 43063.8210061458
24.11.2017 19:42:15 +00.03839E+00  0262 008080 1 00013144 00013130 000 345 43063.8210101389
24.11.2017 19:42:15 +00.03839E+00  0282 008082 1 00013145 00013130 000 343 43063.8210141088
24.11.2017 19:42:15 +00.03840E+00  0300 008082 1 00013146 00013130 000 343 43063.8210180787
24.11.2017 19:42:16 +00.03840E+00  0324 008082 1 00013147 00013130 000 374 43063.8210224074
24.11.2017 19:42:16 +00.03840E+00  0345 008082 1 00013148 00013130 000 344 43063.8210263889
24.11.2017 19:42:17 +00.03840E+00  0367 008082 1 00013149 00013130 000 342 43063.8210303472
24.11.2017 19:42:17 +00.03840E+00  0385 008082 1 00013150 00013130 000 343 43063.8210343171
24.11.2017 19:42:17 +00.03840E+00  0409 008082 1 00013151 00013130 000 375 43063.821038669
24.11.2017 19:42:18 +00.03840E+00  0431 008082 1 00013152 00013130 000 342 43063.8210426273
24.11.2017 19:42:18 +00.03840E+00  0447 008082 1 00013153 00013130 000 343 43063.8210465972
24.11.2017 19:42:18 +00.03840E+00  0460 008082 1 00013154 00013130 000 343 43063.8210505671
24.11.2017 19:42:19 +00.03840E+00  0477 008082 1 00013155 00013130 000 376 43063.821054919
24.11.2017 19:42:19 +00.03840E+00  0492 008082 1 00013156 00013130 000 342 43063.8210588773
24.11.2017 19:42:19 +00.03840E+00  0502 008082 1 00013157 00013130 000 343 43063.8210628472
24.11.2017 19:42:20 +00.03840E+00  0516 008082 1 00013158 00013130 000 343 43063.8210668171
24.11.2017 19:42:20 +00.03840E+00  0528 008082 1 00013159 00013130 000 377 43063.8210711806
24.11.2017 19:42:20 +00.03840E+00  0551 008082 1 00013160 00013130 000 341 43063.8210751273
24.11.2017 19:42:21 +00.03840E+00  0568 008082 1 00013161 00013130 000 343 43063.8210790972
24.11.2017 19:42:21 +00.03840E+00  0580 008082 1 00013162 00013130 000 343 43063.8210830671
24.11.2017 19:42:21 +00.03840E+00  0590 008082 1 00013163 00013130 000 379 43063.8210874537
24.11.2017 19:42:22 +00.03840E+00  0609 008082 1 00013164 00013130 000 345 43063.8210914468
24.11.2017 19:42:22 +00.03840E+00  0622 008082 1 00013165 00013130 000 343 43063.8210954167
24.11.2017 19:42:22 +00.03840E+00  0640 008082 1 00013166 00013130 000 343 43063.8210993866
24.11.2017 19:42:23 +00.03840E+00  0659 008082 1 00013167 00013130 000 374 43063.8211037153
24.11.2017 19:42:23 +00.03840E+00  0681 008082 1 00013168 00013130 000 344 43063.8211076968
24.11.2017 19:42:24 +00.03840E+00  0691 008082 1 00013169 00013130 000 343 43063.8211116667
24.11.2017 19:42:24 +00.03840E+00  0706 008082 1 00013170 00013130 000 343 43063.8211156366
24.11.2017 19:42:24 +00.03840E+00  0719 008082 1 00013171 00013130 000 375 43063.8211199768
24.11.2017 19:42:25 +00.03840E+00  0731 008082 1 00013172 00013130 000 342 43063.8211239352
24.11.2017 19:42:25 +00.03840E+00  0742 008082 1 00013173 00013130 000 343 43063.8211279167
24.11.2017 19:42:25 +00.03840E+00  0754 008082 1 00013174 00013130 000 343 43063.8211318866
24.11.2017 19:42:26 +00.03840E+00  0768 008082 1 00013175 00013130 000 376 43063.8211362384
24.11.2017 19:42:26 +00.03840E+00  0783 008082 1 00013176 00013130 000 341 43063.8211401852
24.11.2017 19:42:26 +00.03840E+00  0801 008082 1 00013177 00013130 000 343 43063.8211441551
24.11.2017 19:42:27 +00.03840E+00  0816 008082 1 00013178 00013130 000 343 43063.821148125
24.11.2017 19:42:27 +00.03840E+00  0829 008082 1 00013179 00013130 000 377 43063.8211524884
24.11.2017 19:42:27 +00.03840E+00  0843 008082 1 00013180 00013130 000 341 43063.8211564352
24.11.2017 19:42:28 +00.03840E+00  0857 008082 1 00013181 00013130 000 343 43063.8211604051
24.11.2017 19:42:28 +00.03840E+00  0870 008082 1 00013182 00013130 000 343 43063.821164375
24.11.2017 19:42:28 +00.03840E+00  0889 008082 1 00013183 00013130 000 379 43063.8211687616
24.11.2017 19:42:29 +00.03840E+00  0904 008082 1 00013184 00013130 000 340 43063.8211726968
24.11.2017 19:42:29 +00.03840E+00  0912 008082 1 00013185 00013130 000 342 43063.8211766551
24.11.2017 19:42:30 +00.03840E+00  0932 008082 1 00013186 00013130 000 343 43063.821180625
24.11.2017 19:42:30 +00.03840E+00  0944 008082 1 00013187 00013130 000 380 43063.8211850231
24.11.2017 19:42:30 +00.03840E+00  0966 008082 1 00013188 00013130 000 344 43063.8211890046
24.11.2017 19:42:31 +00.03840E+00  0979 008082 1 00013189 00013130 000 343 43063.8211929745
24.11.2017 19:42:31 +00.03840E+00  0993 008082 1 00013190 00013130 000 343 43063.8211969444
24.11.2017 19:42:31 +00.03840E+00  1002 008082 1 00013191 00013130 000 375 43063.8212012847
24.11.2017 19:42:32 +00.03840E+00  1014 008082 1 00013192 00013130 000 343 43063.8212052546
24.11.2017 19:42:32 +00.03840E+00  1033 008082 1 00013193 00013130 000 343 43063.8212092245
24.11.2017 19:42:32 +00.03840E+00  1048 008082 1 00013194 00013130 000 343 43063.8212131944
24.11.2017 19:42:33 +00.03840E+00  1062 008082 1 00013195 00013130 000 376 43063.8212175463
24.11.2017 19:42:33 +00.03840E+00  1083 008082 1 00013196 00013130 000 342 43063.8212215046
24.11.2017 19:42:33 +00.03840E+00  1099 008082 1 00013197 00013130 000 343 43063.8212254745
24.11.2017 19:42:34 +00.03840E+00  1118 008082 1 00013198 00013130 000 343 43063.8212294444
24.11.2017 19:42:34 +00.03840E+00  1129 008082 1 00013199 00013130 000 376 43063.8212337963
24.11.2017 19:42:34 +00.03840E+00  1146 008082 1 00013200 00013130 000 340 43063.8212377431
24.11.2017 19:42:35 +00.03840E+00  1164 008082 1 00013201 00013130 000 344 43063.8212417245
24.11.2017 19:42:35 +00.03840E+00  1176 008082 1 00013202 00013130 000 342 43063.8212456829
24.11.2017 19:42:36 +00.03840E+00  1185 008082 1 00013203 00013130 000 378 43063.8212500579
24.11.2017 19:42:36 +00.03840E+00  1202 008082 1 00013204 00013130 000 340 43063.8212540046
24.11.2017 19:42:36 +00.03840E+00  1222 008082 1 00013205 00013130 000 342 43063.821257963
24.11.2017 19:42:37 +00.03840E+00  1238 008082 1 00013206 00013130 000 343 43063.8212619329
24.11.2017 19:42:37 +00.03840E+00  1256 008082 1 00013207 00013130 000 380 43063.821266331
24.11.2017 19:42:37 +00.03840E+00  1270 008082 1 00013208 00013130 000 344 43063.8212703125
24.11.2017 19:42:38 +00.03840E+00  1283 008082 1 00013209 00013130 000 343 43063.8212742824
24.11.2017 19:42:38 +00.03840E+00  1301 008082 1 00013210 00013130 000 344 43063.8212782639
24.11.2017 19:42:38 +00.03840E+00  1312 008082 1 00013211 00013130 000 374 43063.8212825926
24.11.2017 19:42:39 +00.03840E+00  1333 008082 1 00013212 00013130 000 342 43063.8212865625
24.11.2017 19:42:39 +00.03840E+00  1349 008082 1 00013213 00013130 000 343 43063.8212905324
24.11.2017 19:42:39 +00.03840E+00  1360 008082 1 00013214 00013130 000 343 43063.8212945023
24.11.2017 19:42:40 +00.03840E+00  1373 008082 1 00013215 00013130 000 376 43063.8212988542
24.11.2017 19:42:45 +00.03860E+00  0011 008123 1 00013216 00013216 000 343 43063.8213593056
24.11.2017 19:42:45 +00.03859E+00  0028 008123 1 00013217 00013216 000 397 43063.8213639005
24.11.2017 19:42:46 +00.03860E+00  0045 008123 1 00013218 00013216 000 341 43063.8213678472
24.11.2017 19:42:46 +00.03859E+00  0064 008123 1 00013219 00013216 000 342 43063.8213718056
24.11.2017 19:42:46 +00.03860E+00  0073 008123 1 00013220 00013216 000 343 43063.8213757755
24.11.2017 19:42:47 +00.03860E+00  0087 008123 1 00013221 00013216 000 379 43063.821380162
24.11.2017 19:42:47 +00.03860E+00  0110 008123 1 00013222 00013216 000 346 43063.8213841667
24.11.2017 19:42:47 +00.03860E+00  0128 008123 1 00013223 00013216 000 342 43063.821388125
24.11.2017 19:42:48 +00.03860E+00  0145 008123 1 00013224 00013216 000 343 43063.8213920949
24.11.2017 19:42:48 +00.03859E+00  0157 008123 1 00013225 00013216 000 374 43063.8213964236
24.11.2017 19:42:48 +00.03859E+00  0171 008123 1 00013226 00013216 000 343 43063.8214003935
24.11.2017 19:42:49 +00.03860E+00  0181 008123 1 00013227 00013216 000 343 43063.8214043634
24.11.2017 19:42:49 +00.03860E+00  0197 008123 1 00013228 00013216 000 343 43063.8214083449
24.11.2017 19:42:50 +00.03860E+00  0205 008123 1 00013229 00013216 000 375 43063.8214126852
24.11.2017 19:42:50 +00.03860E+00  0224 008123 1 00013230 00013216 000 342 43063.8214166435
24.11.2017 19:42:50 +00.03859E+00  0237 008123 1 00013231 00013216 000 343 43063.8214206134
24.11.2017 19:42:51 +00.03860E+00  0257 008123 1 00013232 00013216 000 343 43063.8214245833
24.11.2017 19:42:51 +00.03860E+00  0271 008123 1 00013233 00013216 000 377 43063.8214289468
24.11.2017 19:42:51 +00.03860E+00  0290 008123 1 00013234 00013216 000 341 43063.8214328935
24.11.2017 19:42:52 +00.03859E+00  0314 008123 1 00013235 00013216 000 343 43063.8214368634
24.11.2017 19:42:52 +00.03859E+00  0326 008123 1 00013236 00013216 000 343 43063.8214408333
24.11.2017 19:42:52 +00.03860E+00  0339 008123 1 00013237 00013216 000 378 43063.8214452083
24.11.2017 19:42:53 +00.03859E+00  0357 008123 1 00013238 00013216 000 340 43063.8214491435
24.11.2017 19:42:53 +00.03859E+00  0371 008123 1 00013239 00013216 000 343 43063.8214531134
24.11.2017 19:42:53 +00.03860E+00  0383 008123 1 00013240 00013216 000 343 43063.8214570833
24.11.2017 19:42:54 +00.03860E+00  0398 008123 1 00013241 00013216 000 379 43063.8214614699
24.11.2017 19:42:54 +00.03859E+00  0416 008123 1 00013242 00013216 000 345 43063.821465463
24.11.2017 19:42:54 +00.03859E+00  0431 008123 1 00013243 00013216 000 343 43063.8214694329
24.11.2017 19:42:55 +00.03859E+00  0443 008123 1 00013244 00013216 000 343 43063.8214734028
24.11.2017 19:42:55 +00.03860E+00  0456 008123 1 00013245 00013216 000 374 43063.8214777315
24.11.2017 19:42:56 +00.03859E+00  0477 008123 1 00013246 00013216 000 344 43063.821481713
24.11.2017 19:42:56 +00.03859E+00  0489 008123 1 00013247 00013216 000 343 43063.8214856829
24.11.2017 19:42:56 +00.03859E+00  0502 008123 1 00013248 00013216 000 342 43063.8214896412
24.11.2017 19:42:57 +00.03859E+00  0510 008123 1 00013249 00013216 000 375 43063.8214939931
24.11.2017 19:42:57 +00.03859E+00  0524 008123 1 00013250 00013216 000 343 43063.821497963
24.11.2017 19:42:57 +00.03859E+00  0543 008123 1 00013251 00013216 000 342 43063.8215019213
24.11.2017 19:42:58 +00.03860E+00  0559 008123 1 00013252 00013216 000 343 43063.8215059028
24.11.2017 19:42:58 +00.03859E+00  0566 008123 1 00013253 00013216 000 376 43063.8215102546
24.11.2017 19:42:58 +00.03859E+00  0585 008123 1 00013254 00013216 000 341 43063.8215142014
24.11.2017 19:42:59 +00.03859E+00  0593 008123 1 00013255 00013216 000 343 43063.8215181713
24.11.2017 19:42:59 +00.03859E+00  0610 008123 1 00013256 00013216 000 343 43063.8215221412
24.11.2017 19:42:59 +00.03859E+00  0622 008123 1 00013257 00013216 000 378 43063.8215265162
24.11.2017 19:43:00 +00.03860E+00  0630 008123 1 00013258 00013216 000 340 43063.8215304514
24.11.2017 19:43:00 +00.03860E+00  0641 008123 1 00013259 00013216 000 343 43063.8215344213
24.11.2017 19:43:00 +00.03859E+00  0655 008123 1 00013260 00013216 000 343 43063.8215383912
24.11.2017 19:43:01 +00.03860E+00  0667 008125 1 00013261 00013216 000 379 43063.8215427778
24.11.2017 19:43:01 +00.03860E+00  0677 008125 1 00013262 00013216 000 340 43063.821546713
24.11.2017 19:43:01 +00.03860E+00  0699 008125 1 00013263 00013216 000 342 43063.8215506713
24.11.2017 19:43:02 +00.03860E+00  0717 008125 1 00013264 00013216 000 343 43063.8215546412
24.11.2017 19:43:02 +00.03860E+00  0732 008125 1 00013265 00013216 000 380 43063.8215590394
24.11.2017 19:43:03 +00.03860E+00  0741 008125 1 00013266 00013216 000 344 43063.8215630208
24.11.2017 19:43:03 +00.03861E+00  0757 008125 1 00013267 00013216 000 343 43063.8215669907
24.11.2017 19:43:03 +00.03860E+00  0769 008125 1 00013268 00013216 000 343 43063.8215709606
24.11.2017 19:43:04 +00.03860E+00  0776 008125 1 00013269 00013216 000 375 43063.8215753009
24.11.2017 19:43:04 +00.03860E+00  0791 008125 1 00013270 00013216 000 343 43063.8215792708
24.11.2017 19:43:04 +00.03860E+00  0801 008125 1 00013271 00013216 000 343 43063.8215832407
24.11.2017 19:43:05 +00.03860E+00  0818 008125 1 00013272 00013216 000 343 43063.8215872106
24.11.2017 19:43:05 +00.03860E+00  0829 008125 1 00013273 00013216 000 376 43063.8215915625
24.11.2017 19:43:05 +00.03860E+00  0842 008125 1 00013274 00013216 000 341 43063.8215955093
24.11.2017 19:43:06 +00.03860E+00  0858 008125 1 00013275 00013216 000 342 43063.8215994792
24.11.2017 19:43:06 +00.03860E+00  0879 008125 1 00013276 00013216 000 343 43063.8216034606
24.11.2017 19:43:06 +00.03861E+00  0892 008125 1 00013277 00013216 000 377 43063.8216078241
24.11.2017 19:43:07 +00.03860E+00  0908 008125 1 00013278 00013216 000 340 43063.8216117708
24.11.2017 19:43:07 +00.03861E+00  0923 008125 1 00013279 00013216 000 341 43063.8216157292
24.11.2017 19:43:07 +00.03861E+00  0940 008125 1 00013280 00013216 000 343 43063.8216196991
24.11.2017 19:43:08 +00.03861E+00  0956 008125 1 00013281 00013216 000 379 43063.8216240856
24.11.2017 19:43:08 +00.03861E+00  0970 008125 1 00013282 00013216 000 341 43063.8216280324
24.11.2017 19:43:09 +00.03860E+00  0984 008125 1 00013283 00013216 000 341 43063.8216319792
24.11.2017 19:43:09 +00.03861E+00  1005 008125 1 00013284 00013216 000 343 43063.8216359491
24.11.2017 19:43:09 +00.03860E+00  1021 008125 1 00013285 00013216 000 380 43063.8216403472
24.11.2017 19:43:10 +00.03860E+00  1032 008125 1 00013286 00013216 000 344 43063.8216443287
24.11.2017 19:43:10 +00.03860E+00  1050 008125 1 00013287 00013216 000 343 43063.8216482986
24.11.2017 19:43:10 +00.03860E+00  1066 008125 1 00013288 00013216 000 343 43063.8216522685
24.11.2017 19:43:11 +00.03861E+00  1078 008125 1 00013289 00013216 000 375 43063.8216566088
24.11.2017 19:43:11 +00.03860E+00  1094 008123 1 00013290 00013216 000 343 43063.8216605787
24.11.2017 19:43:11 +00.03860E+00  1109 008123 1 00013291 00013216 000 343 43063.8216645486
24.11.2017 19:43:12 +00.03860E+00  1130 008123 1 00013292 00013216 000 343 43063.8216685185
24.11.2017 19:43:12 +00.03860E+00  1140 008123 1 00013293 00013216 000 376 43063.8216728704
24.11.2017 19:43:12 +00.03859E+00  1158 008123 1 00013294 00013216 000 342 43063.8216768287
24.11.2017 19:43:13 +00.03860E+00  1165 008123 1 00013295 00013216 000 343 43063.8216807986
24.11.2017 19:43:13 +00.03859E+00  1187 008123 1 00013296 00013216 000 343 43063.8216847685
24.11.2017 19:43:13 +00.03859E+00  1198 008123 1 00013297 00013216 000 378 43063.8216891435
24.11.2017 19:43:14 +00.03860E+00  1210 008123 1 00013298 00013216 000 340 43063.8216930787
24.11.2017 19:43:14 +00.03859E+00  1227 008123 1 00013299 00013216 000 343 43063.8216970486
24.11.2017 19:43:14 +00.03859E+00  1244 008123 1 00013300 00013216 000 343 43063.8217010185
24.11.2017 19:43:15 +00.03860E+00  1258 008123 1 00013301 00013216 000 379 43063.8217054051
24.11.2017 19:43:20 +00.03879E+00  0013 008164 1 00013302 00013302 000 380 43063.8217704514
24.11.2017 19:43:21 +00.03879E+00  0031 008164 1 00013303 00013302 000 344 43063.8217744329
24.11.2017 19:43:21 +00.03880E+00  0045 008164 1 00013304 00013302 000 343 43063.8217784028
24.11.2017 19:43:21 +00.03879E+00  0057 008164 1 00013305 00013302 000 343 43063.8217823727
24.11.2017 19:43:22 +00.03879E+00  0068 008164 1 00013306 00013302 000 374 43063.8217867014
24.11.2017 19:43:22 +00.03879E+00  0087 008164 1 00013307 00013302 000 342 43063.8217906713
24.11.2017 19:43:23 +00.03879E+00  0102 008164 1 00013308 00013302 000 343 43063.8217946412
24.11.2017 19:43:23 +00.03879E+00  0117 008164 1 00013309 00013302 000 343 43063.8217986111
24.11.2017 19:43:23 +00.03879E+00  0139 008164 1 00013310 00013302 000 376 43063.821802963
24.11.2017 19:43:24 +00.03879E+00  0153 008164 1 00013311 00013302 000 342 43063.8218069213
24.11.2017 19:43:24 +00.03879E+00  0162 008164 1 00013312 00013302 000 343 43063.8218108912
24.11.2017 19:43:24 +00.03879E+00  0176 008164 1 00013313 00013302 000 343 43063.8218148611
24.11.2017 19:43:25 +00.03879E+00  0188 008164 1 00013314 00013302 000 378 43063.8218192477
24.11.2017 19:43:25 +00.03879E+00  0203 008164 1 00013315 00013302 000 340 43063.8218231829
24.11.2017 19:43:25 +00.03879E+00  0221 008166 1 00013316 00013302 000 342 43063.8218271412
24.11.2017 19:43:26 +00.03879E+00  0236 008166 1 00013317 00013302 000 343 43063.8218311111
24.11.2017 19:43:26 +00.03880E+00  0256 008166 1 00013318 00013302 000 379 43063.8218354977
24.11.2017 19:43:26 +00.03880E+00  0276 008166 1 00013319 00013302 000 340 43063.8218394329
24.11.2017 19:43:27 +00.03880E+00  0290 008166 1 00013320 00013302 000 342 43063.8218433912
24.11.2017 19:43:27 +00.03880E+00  0308 008166 1 00013321 00013302 000 343 43063.8218473611
24.11.2017 19:43:27 +00.03880E+00  0321 008166 1 00013322 00013302 000 380 43063.8218517593
24.11.2017 19:43:28 +00.03880E+00  0334 008166 1 00013323 00013302 000 344 43063.8218557407
24.11.2017 19:43:28 +00.03880E+00  0352 008166 1 00013324 00013302 000 343 43063.8218597106
24.11.2017 19:43:29 +00.03880E+00  0367 008166 1 00013325 00013302 000 343 43063.8218636806
24.11.2017 19:43:29 +00.03880E+00  0377 008166 1 00013326 00013302 000 375 43063.8218680208
24.11.2017 19:43:29 +00.03880E+00  0385 008166 1 00013327 00013302 000 343 43063.8218719907
24.11.2017 19:43:30 +00.03880E+00  0395 008166 1 00013328 00013302 000 343 43063.8218759606
24.11.2017 19:43:30 +00.03880E+00  0409 008166 1 00013329 00013302 000 343 43063.8218799306
24.11.2017 19:43:30 +00.03880E+00  0420 008166 1 00013330 00013302 000 376 43063.8218842824
24.11.2017 19:43:31 +00.03880E+00  0436 008166 1 00013331 00013302 000 342 43063.8218882407
24.11.2017 19:43:31 +00.03880E+00  0448 008166 1 00013332 00013302 000 342 43063.8218921991
24.11.2017 19:43:31 +00.03880E+00  0458 008166 1 00013333 00013302 000 342 43063.821896169
24.11.2017 19:43:32 +00.03880E+00  0470 008166 1 00013334 00013302 000 378 43063.821900544
24.11.2017 19:43:32 +00.03880E+00  0487 008166 1 00013335 00013302 000 341 43063.8219044907
24.11.2017 19:43:32 +00.03880E+00  0501 008166 1 00013336 00013302 000 342 43063.8219084491
24.11.2017 19:43:33 +00.03880E+00  0518 008166 1 00013337 00013302 000 343 43063.821912419
24.11.2017 19:43:33 +00.03880E+00  0534 008166 1 00013338 00013302 000 379 43063.8219168056
24.11.2017 19:43:33 +00.03880E+00  0550 008166 1 00013339 00013302 000 340 43063.8219207407
24.11.2017 19:43:34 +00.03880E+00  0565 008166 1 00013340 00013302 000 342 43063.8219246991
24.11.2017 19:43:34 +00.03880E+00  0576 008166 1 00013341 00013302 000 343 43063.821928669
24.11.2017 19:43:35 +00.03880E+00  0593 008166 1 00013342 00013302 000 380 43063.8219330671
24.11.2017 19:43:35 +00.03880E+00  0607 008166 1 00013343 00013302 000 344 43063.8219370486
24.11.2017 19:43:35 +00.03880E+00  0615 008166 1 00013344 00013302 000 343 43063.8219410185
24.11.2017 19:43:36 +00.03880E+00  0627 008166 1 00013345 00013302 000 343 43063.8219449884
24.11.2017 19:43:36 +00.03880E+00  0640 008166 1 00013346 00013302 000 375 43063.8219493287
24.11.2017 19:43:36 +00.03880E+00  0655 008166 1 00013347 00013302 000 343 43063.8219532986
24.11.2017 19:43:37 +00.03880E+00  0678 008166 1 00013348 00013302 000 343 43063.8219572685
24.11.2017 19:43:37 +00.03880E+00  0693 008166 1 00013349 00013302 000 343 43063.8219612384
24.11.2017 19:43:37 +00.03880E+00  0709 008166 1 00013350 00013302 000 376 43063.8219655903
24.11.2017 19:43:38 +00.03880E+00  0721 008166 1 00013351 00013302 000 342 43063.8219695486
24.11.2017 19:43:38 +00.03880E+00  0734 008166 1 00013352 00013302 000 342 43063.8219735069
24.11.2017 19:43:38 +00.03880E+00  0747 008166 1 00013353 00013302 000 343 43063.8219774884
24.11.2017 19:43:39 +00.03880E+00  0762 008166 1 00013354 00013302 000 377 43063.8219818518
24.11.2017 19:43:39 +00.03880E+00  0775 008166 1 00013355 00013302 000 341 43063.8219857986
24.11.2017 19:43:39 +00.03880E+00  0793 008166 1 00013356 00013302 000 343 43063.8219897685
24.11.2017 19:43:40 +00.03880E+00  0810 008166 1 00013357 00013302 000 343 43063.8219937384
24.11.2017 19:43:40 +00.03880E+00  0824 008166 1 00013358 00013302 000 378 43063.8219981134
24.11.2017 19:43:40 +00.03880E+00  0845 008166 1 00013359 00013302 000 340 43063.8220020486
24.11.2017 19:43:41 +00.03880E+00  0857 008166 1 00013360 00013302 000 341 43063.8220060069
24.11.2017 19:43:41 +00.03880E+00  0877 008166 1 00013361 00013302 000 344 43063.8220099884
24.11.2017 19:43:42 +00.03880E+00  0899 008166 1 00013362 00013302 000 379 43063.822014375
24.11.2017 19:43:42 +00.03880E+00  0918 008166 1 00013363 00013302 000 343 43063.8220183565
24.11.2017 19:43:42 +00.03880E+00  0931 008166 1 00013364 00013302 000 344 43063.822022338
24.11.2017 19:43:43 +00.03880E+00  0951 008166 1 00013365 00013302 000 342 43063.8220262963
24.11.2017 19:43:43 +00.03880E+00  0968 008166 1 00013366 00013302 000 374 43063.822030625
24.11.2017 19:43:43 +00.03880E+00  0984 008166 1 00013367 00013302 000 343 43063.8220346065
24.11.2017 19:43:44 +00.03880E+00  0999 008166 1 00013368 00013302 000 343 43063.8220385764
24.11.2017 19:43:44 +00.03880E+00  1009 008166 1 00013369 00013302 000 343 43063.8220425463
24.11.2017 19:43:44 +00.03880E+00  1020 008166 1 00013370 00013302 000 376 43063.8220468981
24.11.2017 19:43:45 +00.03880E+00  1040 008166 1 00013371 00013302 000 342 43063.8220508565
24.11.2017 19:43:45 +00.03880E+00  1063 008166 1 00013372 00013302 000 343 43063.8220548264
24.11.2017 19:43:45 +00.03880E+00  1080 008166 1 00013373 00013302 000 343 43063.8220587963
24.11.2017 19:43:46 +00.03880E+00  1092 008166 1 00013374 00013302 000 377 43063.8220631597
24.11.2017 19:43:46 +00.03880E+00  1115 008166 1 00013375 00013302 000 341 43063.8220671065
24.11.2017 19:43:46 +00.03880E+00  1129 008166 1 00013376 00013302 000 342 43063.8220710648
24.11.2017 19:43:47 +00.03880E+00  1139 008166 1 00013377 00013302 000 343 43063.8220750463
24.11.2017 19:43:47 +00.03880E+00  1156 008166 1 00013378 00013302 000 378 43063.8220794213
24.11.2017 19:43:48 +00.03880E+00  1169 008166 1 00013379 00013302 000 340 43063.8220833565
24.11.2017 19:43:48 +00.03880E+00  1187 008166 1 00013380 00013302 000 343 43063.8220873264
24.11.2017 19:43:48 +00.03880E+00  1206 008166 1 00013381 00013302 000 342 43063.8220912847
24.11.2017 19:43:49 +00.03880E+00  1220 008166 1 00013382 00013302 000 379 43063.8220956829
24.11.2017 19:43:49 +00.03880E+00  1237 008166 1 00013383 00013302 000 344 43063.8220996644
24.11.2017 19:43:49 +00.03880E+00  1253 008166 1 00013384 00013302 000 343 43063.8221036458
24.11.2017 19:43:50 +00.03880E+00  1265 008166 1 00013385 00013302 000 343 43063.8221076157
24.11.2017 19:43:50 +00.03880E+00  1278 008166 1 00013386 00013302 000 374 43063.8221119444
24.11.2017 19:43:50 +00.03880E+00  1295 008166 1 00013387 00013302 000 343 43063.8221159144
24.11.2017 19:43:56 +00.03899E+00  0016 008205 1 00013388 00013388 000 382 43063.8221769907
24.11.2017 19:43:56 +00.03899E+00  0033 008205 1 00013389 00013388 000 341 43063.8221809375
24.11.2017 19:43:56 +00.03899E+00  0049 008205 1 00013390 00013388 000 343 43063.8221849074
24.11.2017 19:43:57 +00.03899E+00  0062 008205 1 00013391 00013388 000 343 43063.8221888773
24.11.2017 19:43:57 +00.03899E+00  0076 008205 1 00013392 00013388 000 378 43063.8221932523
24.11.2017 19:43:57 +00.03899E+00  0087 008205 1 00013393 00013388 000 340 43063.8221971875
24.11.2017 19:43:58 +00.03899E+00  0103 008205 1 00013394 00013388 000 342 43063.8222011574
24.11.2017 19:43:58 +00.03899E+00  0120 008205 1 00013395 00013388 000 343 43063.8222051273
24.11.2017 19:43:58 +00.03899E+00  0132 008205 1 00013396 00013388 000 379 43063.8222095139
24.11.2017 19:43:59 +00.03899E+00  0141 008205 1 00013397 00013388 000 340 43063.8222134491
24.11.2017 19:43:59 +00.03899E+00  0153 008205 1 00013398 00013388 000 341 43063.8222173958
24.11.2017 19:43:59 +00.03899E+00  0162 008205 1 00013399 00013388 000 342 43063.8222213657
24.11.2017 19:44:00 +00.03899E+00  0174 008205 1 00013400 00013388 000 380 43063.8222257755
24.11.2017 19:44:00 +00.03899E+00  0184 008205 1 00013401 00013388 000 344 43063.8222297569
24.11.2017 19:44:00 +00.03899E+00  0200 008205 1 00013402 00013388 000 343 43063.8222337269
24.11.2017 19:44:01 +00.03899E+00  0214 008207 1 00013403 00013388 000 343 43063.8222376968
24.11.2017 19:44:01 +00.03899E+00  0224 008207 1 00013404 00013388 000 375 43063.822242037
24.11.2017 19:44:02 +00.03900E+00  0241 008207 1 00013405 00013388 000 342 43063.8222459954
24.11.2017 19:44:02 +00.03900E+00  0253 008207 1 00013406 00013388 000 344 43063.8222499769
24.11.2017 19:44:02 +00.03900E+00  0267 008207 1 00013407 00013388 000 343 43063.8222539468
24.11.2017 19:44:03 +00.03900E+00  0283 008207 1 00013408 00013388 000 376 43063.8222582986
24.11.2017 19:44:03 +00.03900E+00  0294 008207 1 00013409 00013388 000 341 43063.8222622454
24.11.2017 19:44:03 +00.03899E+00  0309 008207 1 00013410 00013388 000 343 43063.8222662153
24.11.2017 19:44:04 +00.03900E+00  0322 008207 1 00013411 00013388 000 343 43063.8222701852
24.11.2017 19:44:04 +00.03900E+00  0337 008207 1 00013412 00013388 000 378 43063.8222745602
24.11.2017 19:44:04 +00.03900E+00  0357 008207 1 00013413 00013388 000 340 43063.8222784954
24.11.2017 19:44:05 +00.03900E+00  0371 008207 1 00013414 00013388 000 343 43063.8222824653
24.11.2017 19:44:05 +00.03900E+00  0386 008207 1 00013415 00013388 000 343 43063.8222864352
24.11.2017 19:44:05 +00.03900E+00  0400 008207 1 00013416 00013388 000 379 43063.8222908218
24.11.2017 19:44:06 +00.03900E+00  0412 008207 1 00013417 00013388 000 340 43063.8222947569
24.11.2017 19:44:06 +00.03900E+00  0424 008207 1 00013418 00013388 000 341 43063.8222987153
24.11.2017 19:44:06 +00.03900E+00  0437 008207 1 00013419 00013388 000 343 43063.8223026852
24.11.2017 19:44:07 +00.03900E+00  0450 008207 1 00013420 00013388 000 380 43063.8223070833
24.11.2017 19:44:07 +00.03900E+00  0463 008207 1 00013421 00013388 000 344 43063.8223110648
24.11.2017 19:44:08 +00.03900E+00  0475 008207 1 00013422 00013388 000 343 43063.8223150347
24.11.2017 19:44:08 +00.03900E+00  0487 008207 1 00013423 00013388 000 343 43063.8223190046
24.11.2017 19:44:08 +00.03900E+00  0504 008207 1 00013424 00013388 000 375 43063.8223233449
24.11.2017 19:44:09 +00.03900E+00  0523 008207 1 00013425 00013388 000 343 43063.8223273148
24.11.2017 19:44:09 +00.03899E+00  0542 008207 1 00013426 00013388 000 343 43063.8223312847
24.11.2017 19:44:09 +00.03900E+00  0555 008207 1 00013427 00013388 000 343 43063.8223352546
24.11.2017 19:44:10 +00.03900E+00  0574 008207 1 00013428 00013388 000 376 43063.8223396065
24.11.2017 19:44:10 +00.03900E+00  0586 008207 1 00013429 00013388 000 341 43063.8223435532
24.11.2017 19:44:10 +00.03900E+00  0601 008207 1 00013430 00013388 000 342 43063.8223475231
24.11.2017 19:44:11 +00.03900E+00  0609 008207 1 00013431 00013388 000 343 43063.8223515046
24.11.2017 19:44:11 +00.03900E+00  0623 008207 1 00013432 00013388 000 377 43063.8223558681
24.11.2017 19:44:11 +00.03900E+00  0646 008207 1 00013433 00013388 000 340 43063.8223598032
24.11.2017 19:44:12 +00.03900E+00  0653 008207 1 00013434 00013388 000 343 43063.8223637731
24.11.2017 19:44:12 +00.03900E+00  0666 008207 1 00013435 00013388 000 342 43063.8223677431
24.11.2017 19:44:12 +00.03900E+00  0676 008207 1 00013436 00013388 000 378 43063.8223721296
24.11.2017 19:44:13 +00.03899E+00  0698 008207 1 00013437 00013388 000 340 43063.8223760648
24.11.2017 19:44:13 +00.03900E+00  0716 008207 1 00013438 00013388 000 342 43063.8223800231
24.11.2017 19:44:13 +00.03900E+00  0728 008207 1 00013439 00013388 000 343 43063.8223839931
24.11.2017 19:44:14 +00.03899E+00  0740 008207 1 00013440 00013388 000 380 43063.8223883912
24.11.2017 19:44:14 +00.03900E+00  0762 008207 1 00013441 00013388 000 344 43063.8223923727
24.11.2017 19:44:15 +00.03900E+00  0773 008207 1 00013442 00013388 000 343 43063.8223963426
24.11.2017 19:44:15 +00.03900E+00  0780 008207 1 00013443 00013388 000 343 43063.8224003125
24.11.2017 19:44:15 +00.03900E+00  0788 008207 1 00013444 00013388 000 375 43063.8224046528
24.11.2017 19:44:16 +00.03900E+00  0803 008207 1 00013445 00013388 000 343 43063.8224086227
24.11.2017 19:44:16 +00.03900E+00  0815 008207 1 00013446 00013388 000 343 43063.8224125926
24.11.2017 19:44:16 +00.03900E+00  0828 008207 1 00013447 00013388 000 343 43063.8224165625
24.11.2017 19:44:17 +00.03900E+00  0843 008207 1 00013448 00013388 000 376 43063.8224209144
24.11.2017 19:44:17 +00.03900E+00  0848 008207 1 00013449 00013388 000 342 43063.8224248727
24.11.2017 19:44:17 +00.03900E+00  0857 008207 1 00013450 00013388 000 343 43063.8224288426
24.11.2017 19:44:18 +00.03900E+00  0867 008207 1 00013451 00013388 000 343 43063.8224328125
24.11.2017 19:44:18 +00.03900E+00  0885 008207 1 00013452 00013388 000 377 43063.8224371759
24.11.2017 19:44:18 +00.03900E+00  0901 008207 1 00013453 00013388 000 341 43063.8224411227
24.11.2017 19:44:19 +00.03900E+00  0911 008207 1 00013454 00013388 000 343 43063.8224450926
24.11.2017 19:44:19 +00.03900E+00  0934 008207 1 00013455 00013388 000 343 43063.8224490625
24.11.2017 19:44:19 +00.03900E+00  0950 008207 1 00013456 00013388 000 378 43063.8224534375
24.11.2017 19:44:20 +00.03900E+00  0968 008207 1 00013457 00013388 000 345 43063.8224574421
24.11.2017 19:44:20 +00.03900E+00  0988 008207 1 00013458 00013388 000 343 43063.822461412
24.11.2017 19:44:21 +00.03900E+00  1006 008207 1 00013459 00013388 000 343 43063.8224653819
24.11.2017 19:44:21 +00.03900E+00  1017 008207 1 00013460 00013388 000 374 43063.8224697106
24.11.2017 19:44:21 +00.03900E+00  1028 008207 1 00013461 00013388 000 343 43063.8224736806
24.11.2017 19:44:22 +00.03900E+00  1047 008207 1 00013462 00013388 000 343 43063.822477662
24.11.2017 19:44:22 +00.03900E+00  1061 008207 1 00013463 00013388 000 343 43063.8224816319
24.11.2017 19:44:22 +00.03900E+00  1072 008207 1 00013464 00013388 000 375 43063.8224859722
24.11.2017 19:44:23 +00.03900E+00  1085 008207 1 00013465 00013388 000 342 43063.8224899306
24.11.2017 19:44:23 +00.03900E+00  1090 008207 1 00013466 00013388 000 342 43063.8224939005
24.11.2017 19:44:23 +00.03900E+00  1109 008207 1 00013467 00013388 000 343 43063.8224978704
24.11.2017 19:44:24 +00.03900E+00  1127 008207 1 00013468 00013388 000 376 43063.8225022222
24.11.2017 19:44:24 +00.03900E+00  1143 008207 1 00013469 00013388 000 342 43063.8225061806
24.11.2017 19:44:24 +00.03900E+00  1161 008207 1 00013470 00013388 000 343 43063.8225101505
24.11.2017 19:44:25 +00.03900E+00  1174 008207 1 00013471 00013388 000 343 43063.8225141204
24.11.2017 19:44:25 +00.03899E+00  1189 008207 1 00013472 00013388 000 377 43063.8225184838
24.11.2017 19:44:25 +00.03900E+00  1206 008207 1 00013473 00013388 000 341 43063.8225224306
24.11.2017 19:44:31 +00.03920E+00  0018 008250 1 00013474 00013474 000 380 43063.8225835417
24.11.2017 19:44:31 +00.03920E+00  0032 008250 1 00013475 00013474 000 344 43063.8225875232
24.11.2017 19:44:31 +00.03920E+00  0054 008250 1 00013476 00013474 000 343 43063.8225914931
24.11.2017 19:44:32 +00.03920E+00  0063 008250 1 00013477 00013474 000 343 43063.822595463
24.11.2017 19:44:32 +00.03920E+00  0078 008250 1 00013478 00013474 000 375 43063.8225998032
24.11.2017 19:44:32 +00.03920E+00  0090 008250 1 00013479 00013474 000 343 43063.8226037732
24.11.2017 19:44:33 +00.03920E+00  0099 008250 1 00013480 00013474 000 343 43063.8226077431
24.11.2017 19:44:33 +00.03920E+00  0117 008250 1 00013481 00013474 000 343 43063.822611713
24.11.2017 19:44:34 +00.03920E+00  0130 008250 1 00013482 00013474 000 376 43063.8226160648
24.11.2017 19:44:34 +00.03920E+00  0144 008250 1 00013483 00013474 000 341 43063.8226200116
24.11.2017 19:44:34 +00.03920E+00  0160 008250 1 00013484 00013474 000 344 43063.8226239931
24.11.2017 19:44:35 +00.03920E+00  0177 008250 1 00013485 00013474 000 342 43063.8226279514
24.11.2017 19:44:35 +00.03920E+00  0186 008250 1 00013486 00013474 000 377 43063.8226323264
24.11.2017 19:44:35 +00.03920E+00  0199 008250 1 00013487 00013474 000 340 43063.8226362616
24.11.2017 19:44:36 +00.03920E+00  0211 008250 1 00013488 00013474 000 342 43063.8226402315
24.11.2017 19:44:36 +00.03920E+00  0224 008250 1 00013489 00013474 000 344 43063.822644213
24.11.2017 19:44:36 +00.03920E+00  0233 008250 1 00013490 00013474 000 377 43063.8226485764
24.11.2017 19:44:37 +00.03920E+00  0245 008250 1 00013491 00013474 000 340 43063.8226525232
24.11.2017 19:44:37 +00.03920E+00  0257 008250 1 00013492 00013474 000 342 43063.8226564815
24.11.2017 19:44:37 +00.03920E+00  0271 008250 1 00013493 00013474 000 343 43063.8226604514
24.11.2017 19:44:38 +00.03920E+00  0284 008250 1 00013494 00013474 000 380 43063.8226648495
24.11.2017 19:44:38 +00.03920E+00  0313 008250 1 00013495 00013474 000 344 43063.822668831
24.11.2017 19:44:38 +00.03920E+00  0326 008250 1 00013496 00013474 000 343 43063.8226728009
24.11.2017 19:44:39 +00.03920E+00  0344 008250 1 00013497 00013474 000 343 43063.8226767708
24.11.2017 19:44:39 +00.03920E+00  0360 008250 1 00013498 00013474 000 375 43063.8226811111
24.11.2017 19:44:39 +00.03920E+00  0375 008250 1 00013499 00013474 000 343 43063.822685081
24.11.2017 19:44:40 +00.03920E+00  0388 008250 1 00013500 00013474 000 343 43063.8226890509
24.11.2017 19:44:40 +00.03920E+00  0401 008250 1 00013501 00013474 000 343 43063.8226930208
24.11.2017 19:44:41 +00.03920E+00  0412 008250 1 00013502 00013474 000 376 43063.8226973727
24.11.2017 19:44:41 +00.03920E+00  0428 008250 1 00013503 00013474 000 342 43063.822701331
24.11.2017 19:44:41 +00.03920E+00  0438 008250 1 00013504 00013474 000 343 43063.8227053009
24.11.2017 19:44:42 +00.03920E+00  0450 008250 1 00013505 00013474 000 343 43063.8227092708
24.11.2017 19:44:42 +00.03920E+00  0465 008250 1 00013506 00013474 000 377 43063.8227136343
24.11.2017 19:44:42 +00.03920E+00  0480 008250 1 00013507 00013474 000 341 43063.822717581
24.11.2017 19:44:43 +00.03920E+00  0490 008250 1 00013508 00013474 000 342 43063.8227215393
24.11.2017 19:44:43 +00.03920E+00  0507 008250 1 00013509 00013474 000 342 43063.8227255093
24.11.2017 19:44:43 +00.03920E+00  0522 008250 1 00013510 00013474 000 378 43063.8227298958
24.11.2017 19:44:44 +00.03920E+00  0534 008250 1 00013511 00013474 000 340 43063.822733831
24.11.2017 19:44:44 +00.03920E+00  0553 008250 1 00013512 00013474 000 341 43063.8227377893
24.11.2017 19:44:44 +00.03920E+00  0568 008250 1 00013513 00013474 000 342 43063.8227417593
24.11.2017 19:44:45 +00.03920E+00  0588 008250 1 00013514 00013474 000 379 43063.8227461458
24.11.2017 19:44:45 +00.03920E+00  0605 008250 1 00013515 00013474 000 344 43063.8227501389
24.11.2017 19:44:45 +00.03920E+00  0622 008250 1 00013516 00013474 000 344 43063.8227541204
24.11.2017 19:44:46 +00.03920E+00  0636 008250 1 00013517 00013474 000 342 43063.8227580787
24.11.2017 19:44:46 +00.03920E+00  0646 008250 1 00013518 00013474 000 373 43063.8227624074
24.11.2017 19:44:47 +00.03920E+00  0668 008250 1 00013519 00013474 000 343 43063.8227663889
24.11.2017 19:44:47 +00.03920E+00  0681 008250 1 00013520 00013474 000 343 43063.8227703588
24.11.2017 19:44:47 +00.03920E+00  0694 008250 1 00013521 00013474 000 342 43063.8227743287
24.11.2017 19:44:48 +00.03920E+00  0705 008250 1 00013522 00013474 000 376 43063.8227786806
24.11.2017 19:44:48 +00.03920E+00  0726 008250 1 00013523 00013474 000 342 43063.8227826389
24.11.2017 19:44:48 +00.03920E+00  0739 008250 1 00013524 00013474 000 343 43063.8227866088
24.11.2017 19:44:49 +00.03920E+00  0747 008250 1 00013525 00013474 000 343 43063.8227905787
24.11.2017 19:44:49 +00.03920E+00  0761 008250 1 00013526 00013474 000 377 43063.8227949421
24.11.2017 19:44:49 +00.03920E+00  0778 008250 1 00013527 00013474 000 341 43063.8227988889
24.11.2017 19:44:50 +00.03920E+00  0794 008250 1 00013528 00013474 000 343 43063.8228028588
24.11.2017 19:44:50 +00.03920E+00  0813 008250 1 00013529 00013474 000 343 43063.8228068287
24.11.2017 19:44:50 +00.03920E+00  0824 008250 1 00013530 00013474 000 378 43063.8228112037
24.11.2017 19:44:51 +00.03920E+00  0837 008250 1 00013531 00013474 000 340 43063.8228151389
24.11.2017 19:44:51 +00.03920E+00  0853 008250 1 00013532 00013474 000 343 43063.8228191088
24.11.2017 19:44:51 +00.03920E+00  0865 008250 1 00013533 00013474 000 343 43063.8228230787
24.11.2017 19:44:52 +00.03920E+00  0877 008250 1 00013534 00013474 000 379 43063.8228274653
24.11.2017 19:44:52 +00.03920E+00  0894 008250 1 00013535 00013474 000 345 43063.8228314583
24.11.2017 19:44:52 +00.03920E+00  0912 008250 1 00013536 00013474 000 343 43063.8228354282
24.11.2017 19:44:53 +00.03920E+00  0927 008250 1 00013537 00013474 000 343 43063.8228393981
24.11.2017 19:44:53 +00.03920E+00  0949 008250 1 00013538 00013474 000 374 43063.8228437269
24.11.2017 19:44:54 +00.03920E+00  0970 008250 1 00013539 00013474 000 343 43063.8228476968
24.11.2017 19:44:54 +00.03920E+00  0988 008250 1 00013540 00013474 000 344 43063.8228516782
24.11.2017 19:44:54 +00.03920E+00  0994 008250 1 00013541 00013474 000 342 43063.8228556366
24.11.2017 19:44:55 +00.03920E+00  1014 008250 1 00013542 00013474 000 374 43063.8228599769
24.11.2017 19:44:55 +00.03920E+00  1030 008250 1 00013543 00013474 000 342 43063.8228639468
24.11.2017 19:44:55 +00.03920E+00  1042 008250 1 00013544 00013474 000 343 43063.8228679167
24.11.2017 19:44:56 +00.03920E+00  1056 008250 1 00013545 00013474 000 343 43063.8228718866
24.11.2017 19:44:56 +00.03920E+00  1076 008250 1 00013546 00013474 000 377 43063.82287625
24.11.2017 19:44:56 +00.03920E+00  1093 008250 1 00013547 00013474 000 341 43063.8228801968
24.11.2017 19:44:57 +00.03920E+00  1106 008250 1 00013548 00013474 000 343 43063.8228841667
24.11.2017 19:44:57 +00.03920E+00  1119 008250 1 00013549 00013474 000 343 43063.8228881366
24.11.2017 19:44:57 +00.03920E+00  1134 008250 1 00013550 00013474 000 378 43063.8228925116
24.11.2017 19:44:58 +00.03920E+00  1149 008250 1 00013551 00013474 000 340 43063.8228964468
24.11.2017 19:44:58 +00.03920E+00  1168 008250 1 00013552 00013474 000 343 43063.8229004167
24.11.2017 19:44:58 +00.03920E+00  1182 008250 1 00013553 00013474 000 343 43063.8229043866
24.11.2017 19:44:59 +00.03920E+00  1199 008250 1 00013554 00013474 000 379 43063.8229087731
24.11.2017 19:44:59 +00.03920E+00  1215 008250 1 00013555 00013474 000 340 43063.8229127083
24.11.2017 19:45:00 +00.03920E+00  1236 008250 1 00013556 00013474 000 342 43063.8229166667
24.11.2017 19:45:00 +00.03920E+00  1249 008250 1 00013557 00013474 000 343 43063.8229206366
24.11.2017 19:45:00 +00.03920E+00  1264 008250 1 00013558 00013474 000 381 43063.8229250463
24.11.2017 19:45:01 +00.03920E+00  1274 008250 1 00013559 00013474 000 343 43063.8229290162