
24.11.2017 19:49:43 +00.04050E+00  0024 008524 -1 00014251 00014251 000 342 43063.8262010648
24.11.2017 19:49:44 +00.04051E+00  0043 008524 -1 00014252 00014251 000 343 43063.8262050347
24.11.2017 19:49:44 +00.04051E+00  0051 008524 -1 00014253 00014251 000 343 43063.8262090046
24.11.2017 19:49:44 +00.04051E+00  0072 008524 -1 00014254 00014251 000 360 43063.8262131713
24.11.2017 19:49:45 +00.04051E+00  0093 008524 -1 00014255 00014251 000 340 43063.8262171065
24.11.2017 19:49:45 +00.04050E+00  0112 008524 -1 00014256 00014251 000 342 43063.8262210648
24.11.2017 19:49:45 +00.04050E+00  0129 008524 -1 00014257 00014251 000 343 43063.8262250347
24.11.2017 19:49:46 +00.04051E+00  0142 008524 -1 00014258 00014251 000 380 43063.8262294329
24.11.2017 19:49:46 +00.04050E+00  0156 008524 -1 00014259 00014251 000 344 43063.8262334144
24.11.2017 19:49:46 +00.04050E+00  0172 008524 -1 00014260 00014251 000 343 43063.8262373843
24.11.2017 19:49:47 +00.04050E+00  0183 008524 -1 00014261 00014251 000 343 43063.8262413542
24.11.2017 19:49:47 +00.04051E+00  0195 008524 -1 00014262 00014251 000 375 43063.8262456944
24.11.2017 19:49:47 +00.04051E+00  0205 008524 -1 00014263 00014251 000 343 43063.8262496644
24.11.2017 19:49:48 +00.04051E+00  0220 008524 -1 00014264 00014251 000 343 43063.8262536343
24.11.2017 19:49:48 +00.04051E+00  0240 008524 -1 00014265 00014251 000 343 43063.8262576042
24.11.2017 19:49:49 +00.04050E+00  0256 008522 -1 00014266 00014251 000 376 43063.826261956
24.11.2017 19:49:49 +00.04050E+00  0272 008522 -1 00014267 00014251 000 342 43063.8262659144
24.11.2017 19:49:49 +00.04050E+00  0290 008522 -1 00014268 00014251 000 342 43063.8262698727
24.11.2017 19:49:50 +00.04050E+00  0303 008522 -1 00014269 00014251 000 343 43063.8262738542
24.11.2017 19:49:50 +00.04050E+00  0315 008522 -1 00014270 00014251 000 377 43063.8262782176
24.11.2017 19:49:50 +00.04050E+00  0338 008522 -1 00014271 00014251 000 340 43063.8262821528
24.11.2017 19:49:51 +00.04049E+00  0350 008522 -1 00014272 00014251 000 343 43063.8262861343
24.11.2017 19:49:51 +00.04050E+00  0368 008522 -1 00014273 00014251 000 342 43063.8262900926
24.11.2017 19:49:51 +00.04050E+00  0380 008522 -1 00014274 00014251 000 378 43063.8262944792
24.11.2017 19:49:52 +00.04050E+00  0393 008522 -1 00014275 00014251 000 345 43063.8262984838
24.11.2017 19:49:52 +00.04050E+00  0405 008522 -1 00014276 00014251 000 342 43063.8263024421
24.11.2017 19:49:52 +00.04050E+00  0419 008522 -1 00014277 00014251 000 342 43063.826306412
24.11.2017 19:49:53 +00.04050E+00  0433 008522 -1 00014278 00014251 000 374 43063.8263107523
24.11.2017 19:49:53 +00.04050E+00  0450 008522 -1 00014279 00014251 000 343 43063.8263147222
24.11.2017 19:49:53 +00.04049E+00  0469 008522 -1 00014280 00014251 000 343 43063.8263186921
24.11.2017 19:49:54 +00.04050E+00  0490 008524 -1 00014281 00014251 000 343 43063.826322662
24.11.2017 19:49:54 +00.04050E+00  0500 008524 -1 00014282 00014251 000 375 43063.8263270023
24.11.2017 19:49:54 +00.04050E+00  0516 008524 -1 00014283 00014251 000 343 43063.8263309722
24.11.2017 19:49:55 +00.04050E+00  0532 008524 -1 00014284 00014251 000 343 43063.8263349421
24.11.2017 19:49:55 +00.04050E+00  0546 008524 -1 00014285 00014251 000 343 43063.826338912
24.11.2017 19:49:56 +00.04050E+00  0557 008524 -1 00014286 00014251 000 376 43063.8263432639
24.11.2017 19:49:56 +00.04050E+00  0578 008524 -1 00014287 00014251 000 342 43063.8263472222
24.11.2017 19:49:56 +00.04050E+00  0592 008524 -1 00014288 00014251 000 343 43063.8263511921
24.11.2017 19:49:57 +00.04050E+00  0607 008524 -1 00014289 00014251 000 343 43063.826355162
24.11.2017 19:49:57 +00.04050E+00  0627 008524 -1 00014290 00014251 000 379 43063.8263595486
24.11.2017 19:49:57 +00.04051E+00  0645 008524 -1 00014291 00014251 000 345 43063.8263635417
24.11.2017 19:49:58 +00.04050E+00  0660 008524 -1 00014292 00014251 000 343 43063.8263675116
24.11.2017 19:49:58 +00.04050E+00  0675 008524 -1 00014293 00014251 000 343 43063.8263714815
24.11.2017 19:49:58 +00.04051E+00  0702 008524 -1 00014294 00014251 000 374 43063.8263758102
24.11.2017 19:49:59 +00.04051E+00  0715 008524 -1 00014295 00014251 000 344 43063.8263797917
24.11.2017 19:49:59 +00.04051E+00  0729 008522 -1 00014296 00014251 000 343 43063.8263837616
24.11.2017 19:49:59 +00.04050E+00  0753 008522 -1 00014297 00014251 000 343 43063.8263877315
24.11.2017 19:50:00 +00.04050E+00  0760 008522 -1 00014298 00014251 000 374 43063.8263920602
24.11.2017 19:50:00 +00.04050E+00  0778 008522 -1 00014299 00014251 000 343 43063.8263960301
24.11.2017 19:50:00 +00.04050E+00  0796 008522 -1 00014300 00014251 000 342 43063.8264
24.11.2017 19:50:01 +00.04050E+00  0817 008522 -1 00014301 00014251 000 342 43063.8264039699
24.11.2017 19:50:01 +00.04050E+00  0841 008522 -1 00014302 00014251 000 375 43063.8264083218
24.11.2017 19:50:02 +00.04050E+00  0853 008522 -1 00014303 00014251 000 342 43063.8264122801
24.11.2017 19:50:02 +00.04050E+00  0869 008522 -1 00014304 00014251 000 343 43063.82641625
24.11.2017 19:50:02 +00.04050E+00  0883 008522 -1 00014305 00014251 000 344 43063.8264202315
24.11.2017 19:50:03 +00.04050E+00  0905 008522 -1 00014306 00014251 000 375 43063.8264245718
24.11.2017 19:50:03 +00.04050E+00  0930 008522 -1 00014307 00014251 000 342 43063.8264285301
24.11.2017 19:50:03 +00.04049E+00  0946 008522 -1 00014308 00014251 000 343 43063.8264325
24.11.2017 19:50:04 +00.04050E+00  0952 008522 -1 00014309 00014251 000 343 43063.8264364699
24.11.2017 19:50:04 +00.04049E+00  0967 008522 -1 00014310 00014251 000 379 43063.8264408565
24.11.2017 19:50:04 +00.04049E+00  0984 008524 -1 00014311 00014251 000 345 43063.8264448495
24.11.2017 19:50:05 +00.04050E+00  1005 008524 -1 00014312 00014251 000 343 43063.8264488194
24.11.2017 19:50:05 +00.04050E+00  1021 008524 -1 00014313 00014251 000 343 43063.8264527894
24.11.2017 19:50:05 +00.04050E+00  1036 008524 -1 00014314 00014251 000 373 43063.8264571065
24.11.2017 19:50:06 +00.04051E+00  1054 008524 -1 00014315 00014251 000 340 43063.8264610417
24.11.2017 19:50:06 +00.04051E+00  1063 008524 -1 00014316 00014251 000 342 43063.826465
24.11.2017 19:50:06 +00.04050E+00  1073 008524 -1 00014317 00014251 000 343 43063.8264689699
24.11.2017 19:50:07 +00.04051E+00  1088 008524 -1 00014318 00014251 000 380 43063.8264733681
24.11.2017 19:50:07 +00.04051E+00  1113 008524 -1 00014319 00014251 000 344 43063.8264773495
24.11.2017 19:50:07 +00.04050E+00  1127 008524 -1 00014320 00014251 000 343 43063.8264813194
24.11.2017 19:50:08 +00.04050E+00  1145 008524 -1 00014321 00014251 000 343 43063.8264852894
24.11.2017 19:50:08 +00.04050E+00  1156 008524 -1 00014322 00014251 000 375 43063.8264896296
24.11.2017 19:50:09 +00.04050E+00  1173 008524 -1 00014323 00014251 000 343 43063.8264935995
24.11.2017 19:50:09 +00.04050E+00  1184 008524 -1 00014324 00014251 000 343 43063.8264975694
24.11.2017 19:50:09 +00.04051E+00  1200 008524 -1 00014325 00014251 000 343 43063.8265015394
24.11.2017 19:50:10 +00.04050E+00  1210 008522 -1 00014326 00014251 000 376 43063.8265058912
24.11.2017 19:50:10 +00.04050E+00  1233 008522 -1 00014327 00014251 000 341 43063.826509838
24.11.2017 19:50:10 +00.04050E+00  1253 008522 -1 00014328 00014251 000 343 43063.8265138079
24.11.2017 19:50:11 +00.04050E+00  1266 008522 -1 00014329 00014251 000 342 43063.8265177778
24.11.2017 19:50:11 +00.04050E+00  1285 008522 -1 00014330 00014251 000 377 43063.8265221412
24.11.2017 19:50:11 +00.04050E+00  1296 008522 -1 00014331 00014251 000 340 43063.826526088
24.11.2017 19:50:12 +00.04049E+00  1307 008522 -1 00014332 00014251 000 342 43063.8265300579
24.11.2017 19:50:12 +00.04050E+00  1317 008522 -1 00014333 00014251 000 343 43063.8265340278
24.11.2017 19:50:12 +00.04049E+00  1329 008522 -1 00014334 00014251 000 379 43063.8265384144
24.11.2017 19:50:13 +00.04050E+00  1345 008522 -1 00014335 00014251 000 340 43063.8265423495
24.11.2017 19:50:13 +00.04050E+00  1363 008522 -1 00014336 00014251 000 342 43063.8265463079
24.11.2017 19:50:13 +00.04050E+00  1374 008522 -1 00014337 00014251 000 343 43063.8265502778
24.11.2017 19:50:19 +00.04040E+00  0015 008502 -1 00014338 00014338 000 343 43063.8266108912
24.11.2017 19:50:19 +00.04040E+00  0026 008502 -1 00014339 00014338 000 343 43063.8266148611
24.11.2017 19:50:19 +00.04040E+00  0041 008502 -1 00014340 00014338 000 420 43063.8266197222
24.11.2017 19:50:20 +00.04040E+00  0054 008502 -1 00014341 00014338 000 342 43063.8266236806
24.11.2017 19:50:20 +00.04039E+00  0065 008502 -1 00014342 00014338 000 343 43063.8266276505
24.11.2017 19:50:20 +00.04040E+00  0075 008502 -1 00014343 00014338 000 343 43063.8266316204
24.11.2017 19:50:21 +00.04040E+00  0100 008502 -1 00014344 00014338 000 377 43063.8266359838
24.11.2017 19:50:21 +00.04040E+00  0117 008502 -1 00014345 00014338 000 340 43063.826639919
24.11.2017 19:50:22 +00.04040E+00  0131 008502 -1 00014346 00014338 000 342 43063.8266438889
24.11.2017 19:50:22 +00.04040E+00  0150 008502 -1 00014347 00014338 000 343 43063.8266478704
24.11.2017 19:50:22 +00.04040E+00  0161 008502 -1 00014348 00014338 000 377 43063.8266522338
24.11.2017 19:50:23 +00.04040E+00  0173 008502 -1 00014349 00014338 000 340 43063.8266561806
24.11.2017 19:50:23 +00.04040E+00  0183 008502 -1 00014350 00014338 000 341 43063.8266601389
24.11.2017 19:50:23 +00.04040E+00  0198 008502 -1 00014351 00014338 000 343 43063.8266641088
24.11.2017 19:50:24 +00.04040E+00  0215 008502 -1 00014352 00014338 000 380 43063.8266685069
24.11.2017 19:50:24 +00.04040E+00  0235 008502 -1 00014353 00014338 000 344 43063.8266724884
24.11.2017 19:50:24 +00.04040E+00  0253 008502 -1 00014354 00014338 000 343 43063.8266764583
24.11.2017 19:50:25 +00.04040E+00  0273 008502 -1 00014355 00014338 000 342 43063.8266804282
24.11.2017 19:50:25 +00.04040E+00  0285 008502 -1 00014356 00014338 000 375 43063.8266847685
24.11.2017 19:50:25 +00.04040E+00  0300 008502 -1 00014357 00014338 000 342 43063.8266887384
24.11.2017 19:50:26 +00.04040E+00  0313 008502 -1 00014358 00014338 000 343 43063.8266927083
24.11.2017 19:50:26 +00.04040E+00  0334 008502 -1 00014359 00014338 000 343 43063.8266966782
24.11.2017 19:50:26 +00.04040E+00  0355 008502 -1 00014360 00014338 000 376 43063.8267010301
24.11.2017 19:50:27 +00.04040E+00  0370 008502 -1 00014361 00014338 000 342 43063.8267049884
24.11.2017 19:50:27 +00.04040E+00  0387 008502 -1 00014362 00014338 000 343 43063.8267089583
24.11.2017 19:50:27 +00.04040E+00  0397 008502 -1 00014363 00014338 000 343 43063.8267129282
24.11.2017 19:50:28 +00.04040E+00  0411 008502 -1 00014364 00014338 000 377 43063.8267172917
24.11.2017 19:50:28 +00.04040E+00  0431 008502 -1 00014365 00014338 000 341 43063.8267212384
24.11.2017 19:50:29 +00.04040E+00  0449 008502 -1 00014366 00014338 000 343 43063.8267252083
24.11.2017 19:50:29 +00.04040E+00  0468 008502 -1 00014367 00014338 000 343 43063.8267291782
24.11.2017 19:50:29 +00.04040E+00  0483 008502 -1 00014368 00014338 000 378 43063.8267335532
24.11.2017 19:50:30 +00.04040E+00  0497 008502 -1 00014369 00014338 000 340 43063.8267374884
24.11.2017 19:50:30 +00.04040E+00  0514 008502 -1 00014370 00014338 000 343 43063.8267414583
24.11.2017 19:50:30 +00.04040E+00  0525 008502 -1 00014371 00014338 000 343 43063.8267454282
24.11.2017 19:50:31 +00.04040E+00  0533 008502 -1 00014372 00014338 000 379 43063.8267498148
24.11.2017 19:50:31 +00.04040E+00  0555 008502 -1 00014373 00014338 000 345 43063.8267538079
24.11.2017 19:50:31 +00.04040E+00  0573 008502 -1 00014374 00014338 000 343 43063.8267577778
24.11.2017 19:50:32 +00.04040E+00  0584 008502 -1 00014375 00014338 000 343 43063.8267617477
24.11.2017 19:50:32 +00.04040E+00  0605 008502 -1 00014376 00014338 000 374 43063.8267660764
24.11.2017 19:50:32 +00.04040E+00  0620 008502 -1 00014377 00014338 000 343 43063.8267700463
24.11.2017 19:50:33 +00.04040E+00  0634 008502 -1 00014378 00014338 000 342 43063.8267740162
24.11.2017 19:50:33 +00.04040E+00  0649 008502 -1 00014379 00014338 000 342 43063.8267779861
24.11.2017 19:50:33 +00.04040E+00  0661 008502 -1 00014380 00014338 000 375 43063.826782338
24.11.2017 19:50:34 +00.04040E+00  0679 008502 -1 00014381 00014338 000 342 43063.8267862963
24.11.2017 19:50:34 +00.04040E+00  0700 008502 -1 00014382 00014338 000 343 43063.8267902662
24.11.2017 19:50:35 +00.04040E+00  0710 008502 -1 00014383 00014338 000 343 43063.8267942477
24.11.2017 19:50:35 +00.04040E+00  0720 008502 -1 00014384 00014338 000 376 43063.8267985995
24.11.2017 19:50:35 +00.04040E+00  0738 008502 -1 00014385 00014338 000 340 43063.8268025463
24.11.2017 19:50:36 +00.04040E+00  0752 008502 -1 00014386 00014338 000 342 43063.8268065162
24.11.2017 19:50:36 +00.04040E+00  0767 008502 -1 00014387 00014338 000 343 43063.8268104861
24.11.2017 19:50:36 +00.04040E+00  0778 008502 -1 00014388 00014338 000 378 43063.8268148611
24.11.2017 19:50:37 +00.04040E+00  0798 008502 -1 00014389 00014338 000 340 43063.8268187963
24.11.2017 19:50:37 +00.04040E+00  0815 008502 -1 00014390 00014338 000 342 43063.8268227662
24.11.2017 19:50:37 +00.04040E+00  0835 008502 -1 00014391 00014338 000 343 43063.8268267361
24.11.2017 19:50:38 +00.04040E+00  0850 008502 -1 00014392 00014338 000 379 43063.8268311227
24.11.2017 19:50:38 +00.04040E+00  0859 008502 -1 00014393 00014338 000 340 43063.8268350579
24.11.2017 19:50:38 +00.04040E+00  0867 008502 -1 00014394 00014338 000 341 43063.8268390046
24.11.2017 19:50:39 +00.04040E+00  0880 008502 -1 00014395 00014338 000 342 43063.8268429745
24.11.2017 19:50:39 +00.04040E+00  0898 008502 -1 00014396 00014338 000 380 43063.8268473843
24.11.2017 19:50:39 +00.04040E+00  0906 008502 -1 00014397 00014338 000 344 43063.8268513657
24.11.2017 19:50:40 +00.04040E+00  0919 008502 -1 00014398 00014338 000 343 43063.8268553356
24.11.2017 19:50:40 +00.04040E+00  0931 008502 -1 00014399 00014338 000 343 43063.8268593056
24.11.2017 19:50:41 +00.04040E+00  0949 008502 -1 00014400 00014338 000 375 43063.8268636458
24.11.2017 19:50:41 +00.04040E+00  0959 008502 -1 00014401 00014338 000 343 43063.8268676157
24.11.2017 19:50:41 +00.04040E+00  0969 008502 -1 00014402 00014338 000 342 43063.8268715741
24.11.2017 19:50:42 +00.04040E+00  0980 008502 -1 00014403 00014338 000 342 43063.826875544
24.11.2017 19:50:42 +00.04040E+00  1000 008502 -1 00014404 00014338 000 376 43063.8268799074
24.11.2017 19:50:42 +00.04040E+00  1012 008502 -1 00014405 00014338 000 341 43063.8268838542
24.11.2017 19:50:43 +00.04040E+00  1027 008502 -1 00014406 00014338 000 343 43063.8268878241
24.11.2017 19:50:43 +00.04040E+00  1036 008502 -1 00014407 00014338 000 342 43063.826891794
24.11.2017 19:50:43 +00.04040E+00  1048 008502 -1 00014408 00014338 000 377 43063.826896169
24.11.2017 19:50:44 +00.04040E+00  1068 008502 -1 00014409 00014338 000 340 43063.8269001157
24.11.2017 19:50:44 +00.04040E+00  1086 008502 -1 00014410 00014338 000 342 43063.8269040741
24.11.2017 19:50:44 +00.04040E+00  1100 008502 -1 00014411 00014338 000 343 43063.826908044
24.11.2017 19:50:45 +00.04040E+00  1118 008502 -1 00014412 00014338 000 379 43063.8269124306
24.11.2017 19:50:45 +00.04040E+00  1138 008502 -1 00014413 00014338 000 340 43063.8269163657
24.11.2017 19:50:45 +00.04040E+00  1147 008502 -1 00014414 00014338 000 342 43063.8269203241
24.11.2017 19:50:46 +00.04040E+00  1162 008502 -1 00014415 00014338 000 343 43063.826924294
24.11.2017 19:50:46 +00.04040E+00  1176 008502 -1 00014416 00014338 000 380 43063.8269286921
24.11.2017 19:50:46 +00.04040E+00  1187 008502 -1 00014417 00014338 000 344 43063.8269326736
24.11.2017 19:50:47 +00.04040E+00  1203 008502 -1 00014418 00014338 000 343 43063.8269366435
24.11.2017 19:50:47 +00.04040E+00  1218 008502 -1 00014419 00014338 000 343 43063.8269406134
24.11.2017 19:50:48 +00.04040E+00  1234 008502 -1 00014420 00014338 000 375 43063.8269449537
24.11.2017 19:50:48 +00.04040E+00  1252 008502 -1 00014421 00014338 000 343 43063.8269489236
24.11.2017 19:50:48 +00.04040E+00  1269 008502 -1 00014422 00014338 000 343 43063.8269528935
24.11.2017 19:50:49 +00.04040E+00  1278 008502 -1 00014423 00014338 000 343 43063.8269568634
24.11.2017 19:50:54 +00.04031E+00  0024 008482 -1 00014424 00014424 000 342 43063.8270215972
24.11.2017 19:50:55 +00.04030E+00  0034 008482 -1 00014425 00014424 000 403 43063.8270262616
24.11.2017 19:50:55 +00.04031E+00  0047 008482 -1 00014426 00014424 000 340 43063.8270302083
24.11.2017 19:50:55 +00.04031E+00  0059 008482 -1 00014427 00014424 000 342 43063.8270341667
24.11.2017 19:50:56 +00.04031E+00  0075 008482 -1 00014428 00014424 000 342 43063.8270381366
24.11.2017 19:50:56 +00.04031E+00  0093 008482 -1 00014429 00014424 000 378 43063.8270425231
24.11.2017 19:50:56 +00.04031E+00  0110 008482 -1 00014430 00014424 000 344 43063.8270465162
24.11.2017 19:50:57 +00.04031E+00  0124 008482 -1 00014431 00014424 000 342 43063.8270504861
24.11.2017 19:50:57 +00.04030E+00  0138 008482 -1 00014432 00014424 000 343 43063.8270544676
24.11.2017 19:50:57 +00.04031E+00  0151 008482 -1 00014433 00014424 000 374 43063.8270587963
24.11.2017 19:50:58 +00.04031E+00  0168 008482 -1 00014434 00014424 000 343 43063.8270627662
24.11.2017 19:50:58 +00.04030E+00  0188 008482 -1 00014435 00014424 000 344 43063.8270667477
24.11.2017 19:50:58 +00.04031E+00  0204 008482 -1 00014436 00014424 000 342 43063.827070706
24.11.2017 19:50:59 +00.04030E+00  0223 008482 -1 00014437 00014424 000 376 43063.8270750579
24.11.2017 19:50:59 +00.04030E+00  0248 008482 -1 00014438 00014424 000 342 43063.8270790162
24.11.2017 19:50:59 +00.04031E+00  0259 008482 -1 00014439 00014424 000 343 43063.8270829861
24.11.2017 19:51:00 +00.04031E+00  0272 008482 -1 00014440 00014424 000 343 43063.827086956
24.11.2017 19:51:00 +00.04030E+00  0290 008482 -1 00014441 00014424 000 376 43063.8270913079
24.11.2017 19:51:01 +00.04031E+00  0303 008482 -1 00014442 00014424 000 342 43063.8270952662
24.11.2017 19:51:01 +00.04031E+00  0313 008482 -1 00014443 00014424 000 343 43063.8270992361
24.11.2017 19:51:01 +00.04031E+00  0326 008482 -1 00014444 00014424 000 343 43063.827103206
24.11.2017 19:51:02 +00.04031E+00  0330 008482 -1 00014445 00014424 000 379 43063.8271075926
24.11.2017 19:51:02 +00.04031E+00  0345 008482 -1 00014446 00014424 000 340 43063.8271115278
24.11.2017 19:51:02 +00.04031E+00  0360 008482 -1 00014447 00014424 000 342 43063.8271154861
24.11.2017 19:51:03 +00.04030E+00  0369 008482 -1 00014448 00014424 000 343 43063.827119456
24.11.2017 19:51:03 +00.04031E+00  0386 008482 -1 00014449 00014424 000 379 43063.8271238426
24.11.2017 19:51:03 +00.04031E+00  0401 008482 -1 00014450 00014424 000 345 43063.8271278356
24.11.2017 19:51:04 +00.04030E+00  0419 008482 -1 00014451 00014424 000 343 43063.8271318056
24.11.2017 19:51:04 +00.04031E+00  0437 008482 -1 00014452 00014424 000 343 43063.8271357755
24.11.2017 19:51:04 +00.04031E+00  0452 008480 -1 00014453 00014424 000 374 43063.8271401042
24.11.2017 19:51:05 +00.04030E+00  0465 008480 -1 00014454 00014424 000 344 43063.8271440856
24.11.2017 19:51:05 +00.04030E+00  0479 008480 -1 00014455 00014424 000 343 43063.8271480556
24.11.2017 19:51:05 +00.04030E+00  0494 008480 -1 00014456 00014424 000 343 43063.8271520255
24.11.2017 19:51:06 +00.04030E+00  0513 008480 -1 00014457 00014424 000 375 43063.8271563657
24.11.2017 19:51:06 +00.04030E+00  0529 008480 -1 00014458 00014424 000 342 43063.8271603241
24.11.2017 19:51:06 +00.04029E+00  0543 008480 -1 00014459 00014424 000 344 43063.8271643056
24.11.2017 19:51:07 +00.04029E+00  0567 008480 -1 00014460 00014424 000 343 43063.8271682755
24.11.2017 19:51:07 +00.04030E+00  0581 008480 -1 00014461 00014424 000 376 43063.8271726273
24.11.2017 19:51:08 +00.04030E+00  0598 008480 -1 00014462 00014424 000 341 43063.8271765741
24.11.2017 19:51:08 +00.04030E+00  0610 008480 -1 00014463 00014424 000 343 43063.827180544
24.11.2017 19:51:08 +00.04030E+00  0626 008480 -1 00014464 00014424 000 343 43063.8271845139
24.11.2017 19:51:09 +00.04029E+00  0636 008480 -1 00014465 00014424 000 379 43063.8271889005
24.11.2017 19:51:09 +00.04029E+00  0644 008480 -1 00014466 00014424 000 340 43063.8271928356
24.11.2017 19:51:09 +00.04030E+00  0655 008480 -1 00014467 00014424 000 342 43063.827196794
24.11.2017 19:51:10 +00.04030E+00  0673 008480 -1 00014468 00014424 000 343 43063.8272007639
24.11.2017 19:51:10 +00.04030E+00  0686 008480 -1 00014469 00014424 000 379 43063.8272051505
24.11.2017 19:51:10 +00.04030E+00  0695 008480 -1 00014470 00014424 000 340 43063.8272090856
24.11.2017 19:51:11 +00.04029E+00  0712 008480 -1 00014471 00014424 000 342 43063.827213044
24.11.2017 19:51:11 +00.04030E+00  0730 008480 -1 00014472 00014424 000 343 43063.8272170139
24.11.2017 19:51:11 +00.04029E+00  0741 008480 -1 00014473 00014424 000 380 43063.827221412
24.11.2017 19:51:12 +00.04030E+00  0763 008480 -1 00014474 00014424 000 344 43063.8272253935
24.11.2017 19:51:12 +00.04029E+00  0770 008480 -1 00014475 00014424 000 343 43063.8272293634
24.11.2017 19:51:12 +00.04030E+00  0781 008480 -1 00014476 00014424 000 343 43063.8272333333
24.11.2017 19:51:13 +00.04029E+00  0794 008480 -1 00014477 00014424 000 375 43063.8272376736
24.11.2017 19:51:13 +00.04029E+00  0805 008480 -1 00014478 00014424 000 343 43063.8272416435
24.11.2017 19:51:14 +00.04030E+00  0817 008480 -1 00014479 00014424 000 343 43063.8272456134
24.11.2017 19:51:14 +00.04030E+00  0833 008480 -1 00014480 00014424 000 343 43063.8272495833
24.11.2017 19:51:14 +00.04029E+00  0846 008480 -1 00014481 00014424 000 376 43063.8272539352
24.11.2017 19:51:15 +00.04029E+00  0858 008480 -1 00014482 00014424 000 341 43063.8272578819
24.11.2017 19:51:15 +00.04030E+00  0875 008482 -1 00014483 00014424 000 343 43063.8272618519
24.11.2017 19:51:15 +00.04030E+00  0888 008482 -1 00014484 00014424 000 343 43063.8272658333
24.11.2017 19:51:16 +00.04030E+00  0906 008482 -1 00014485 00014424 000 377 43063.8272701968
24.11.2017 19:51:16 +00.04031E+00  0923 008482 -1 00014486 00014424 000 340 43063.8272741319
24.11.2017 19:51:16 +00.04030E+00  0943 008482 -1 00014487 00014424 000 344 43063.8272781134
24.11.2017 19:51:17 +00.04030E+00  0955 008482 -1 00014488 00014424 000 342 43063.8272820718
24.11.2017 19:51:17 +00.04031E+00  0972 008482 -1 00014489 00014424 000 378 43063.8272864583
24.11.2017 19:51:17 +00.04030E+00  0989 008482 -1 00014490 00014424 000 341 43063.8272904051
24.11.2017 19:51:18 +00.04030E+00  1002 008482 -1 00014491 00014424 000 341 43063.8272943519
24.11.2017 19:51:18 +00.04030E+00  1013 008482 -1 00014492 00014424 000 343 43063.8272983218
24.11.2017 19:51:18 +00.04030E+00  1033 008482 -1 00014493 00014424 000 380 43063.8273027199
24.11.2017 19:51:19 +00.04031E+00  1054 008482 -1 00014494 00014424 000 344 43063.8273067014
24.11.2017 19:51:19 +00.04031E+00  1070 008482 -1 00014495 00014424 000 343 43063.8273106713
24.11.2017 19:51:19 +00.04031E+00  1087 008482 -1 00014496 00014424 000 343 43063.8273146412
24.11.2017 19:51:20 +00.04031E+00  1099 008482 -1 00014497 00014424 000 375 43063.8273189815
24.11.2017 19:51:20 +00.04030E+00  1117 008480 -1 00014498 00014424 000 343 43063.8273229514
24.11.2017 19:51:21 +00.04030E+00  1135 008480 -1 00014499 00014424 000 343 43063.8273269213
24.11.2017 19:51:21 +00.04030E+00  1152 008480 -1 00014500 00014424 000 343 43063.8273308912
24.11.2017 19:51:21 +00.04030E+00  1163 008480 -1 00014501 00014424 000 376 43063.8273352431
24.11.2017 19:51:22 +00.04029E+00  1178 008480 -1 00014502 00014424 000 342 43063.8273392014
24.11.2017 19:51:22 +00.04030E+00  1193 008480 -1 00014503 00014424 000 343 43063.8273431713
24.11.2017 19:51:22 +00.04030E+00  1206 008480 -1 00014504 00014424 000 343 43063.8273471412
24.11.2017 19:51:23 +00.04029E+00  1217 008480 -1 00014505 00014424 000 377 43063.8273515046
24.11.2017 19:51:23 +00.04030E+00  1230 008480 -1 00014506 00014424 000 340 43063.8273554398
24.11.2017 19:51:23 +00.04030E+00  1245 008480 -1 00014507 00014424 000 343 43063.8273594213
24.11.2017 19:51:24 +00.04030E+00  1260 008480 -1 00014508 00014424 000 343 43063.8273633912
24.11.2017 19:51:29 +00.04020E+00  0011 008460 -1 00014509 00014509 000 343 43063.827428206
24.11.2017 19:51:30 +00.04020E+00  0024 008460 -1 00014510 00014509 000 398 43063.8274328125
24.11.2017 19:51:30 +00.04020E+00  0036 008460 -1 00014511 00014509 000 344 43063.8274368056
24.11.2017 19:51:30 +00.04020E+00  0050 008460 -1 00014512 00014509 000 343 43063.8274407755
24.11.2017 19:51:31 +00.04020E+00  0059 008460 -1 00014513 00014509 000 342 43063.8274447338
24.11.2017 19:51:31 +00.04020E+00  0076 008460 -1 00014514 00014509 000 374 43063.8274490741
24.11.2017 19:51:31 +00.04020E+00  0094 008460 -1 00014515 00014509 000 342 43063.827453044
24.11.2017 19:51:32 +00.04020E+00  0111 008460 -1 00014516 00014509 000 343 43063.8274570139
24.11.2017 19:51:32 +00.04020E+00  0130 008460 -1 00014517 00014509 000 343 43063.8274609838
24.11.2017 19:51:33 +00.04020E+00  0141 008460 -1 00014518 00014509 000 376 43063.8274653356
24.11.2017 19:51:33 +00.04020E+00  0156 008460 -1 00014519 00014509 000 342 43063.827469294
24.11.2017 19:51:33 +00.04020E+00  0175 008460 -1 00014520 00014509 000 343 43063.8274732639
24.11.2017 19:51:34 +00.04020E+00  0188 008460 -1 00014521 00014509 000 343 43063.8274772338
24.11.2017 19:51:34 +00.04020E+00  0204 008460 -1 00014522 00014509 000 377 43063.8274815972
24.11.2017 19:51:34 +00.04020E+00  0228 008460 -1 00014523 00014509 000 341 43063.827485544
24.11.2017 19:51:35 +00.04020E+00  0244 008460 -1 00014524 00014509 000 343 43063.8274895139
24.11.2017 19:51:35 +00.04020E+00  0260 008460 -1 00014525 00014509 000 343 43063.8274934838
24.11.2017 19:51:35 +00.04020E+00  0274 008460 -1 00014526 00014509 000 378 43063.8274978588
24.11.2017 19:51:36 +00.04020E+00  0286 008460 -1 00014527 00014509 000 340 43063.827501794
24.11.2017 19:51:36 +00.04020E+00  0301 008460 -1 00014528 00014509 000 343 43063.8275057639
24.11.2017 19:51:36 +00.04020E+00  0319 008460 -1 00014529 00014509 000 343 43063.8275097338
24.11.2017 19:51:37 +00.04020E+00  0335 008460 -1 00014530 00014509 000 379 43063.8275141204
24.11.2017 19:51:37 +00.04020E+00  0349 008460 -1 00014531 00014509 000 345 43063.8275181134
24.11.2017 19:51:37 +00.04020E+00  0362 008460 -1 00014532 00014509 000 343 43063.8275220833
24.11.2017 19:51:38 +00.04020E+00  0381 008460 -1 00014533 00014509 000 343 43063.8275260532
24.11.2017 19:51:38 +00.04020E+00  0399 008460 -1 00014534 00014509 000 374 43063.8275303819
24.11.2017 19:51:38 +00.04020E+00  0414 008460 -1 00014535 00014509 000 344 43063.8275343634
24.11.2017 19:51:39 +00.04020E+00  0431 008460 -1 00014536 00014509 000 343 43063.8275383333
24.11.2017 19:51:39 +00.04020E+00  0453 008460 -1 00014537 00014509 000 343 43063.8275423032
24.11.2017 19:51:40 +00.04020E+00  0467 008460 -1 00014538 00014509 000 375 43063.8275466435
24.11.2017 19:51:40 +00.04020E+00  0483 008460 -1 00014539 00014509 000 342 43063.8275506019
24.11.2017 19:51:40 +00.04020E+00  0491 008460 -1 00014540 00014509 000 343 43063.8275545718
24.11.2017 19:51:41 +00.04020E+00  0509 008460 -1 00014541 00014509 000 344 43063.8275585532
24.11.2017 19:51:41 +00.04020E+00  0528 008460 -1 00014542 00014509 000 376 43063.8275629051
24.11.2017 19:51:41 +00.04020E+00  0546 008460 -1 00014543 00014509 000 341 43063.8275668519
24.11.2017 19:51:42 +00.04020E+00  0563 008460 -1 00014544 00014509 000 343 43063.8275708218
24.11.2017 19:51:42 +00.04020E+00  0575 008460 -1 00014545 00014509 000 343 43063.8275747917
24.11.2017 19:51:42 +00.04020E+00  0592 008460 -1 00014546 00014509 000 378 43063.8275791667
24.11.2017 19:51:43 +00.04020E+00  0612 008460 -1 00014547 00014509 000 341 43063.8275831134
24.11.2017 19:51:43 +00.04020E+00  0626 008460 -1 00014548 00014509 000 342 43063.8275870718
24.11.2017 19:51:43 +00.04020E+00  0637 008460 -1 00014549 00014509 000 344 43063.8275910532
24.11.2017 19:51:44 +00.04020E+00  0648 008460 -1 00014550 00014509 000 378 43063.8275954282
24.11.2017 19:51:44 +00.04020E+00  0661 008460 -1 00014551 00014509 000 340 43063.8275993634
24.11.2017 19:51:44 +00.04020E+00  0674 008460 -1 00014552 00014509 000 342 43063.8276033218
24.11.2017 19:51:45 +00.04020E+00  0688 008460 -1 00014553 00014509 000 343 43063.8276072917
24.11.2017 19:51:45 +00.04020E+00  0700 008460 -1 00014554 00014509 000 380 43063.8276116898
24.11.2017 19:51:45 +00.04020E+00  0714 008460 -1 00014555 00014509 000 344 43063.8276156713
24.11.2017 19:51:46 +00.04020E+00  0729 008460 -1 00014556 00014509 000 343 43063.8276196412
24.11.2017 19:51:46 +00.04020E+00  0740 008460 -1 00014557 00014509 000 343 43063.8276236111
24.11.2017 19:51:47 +00.04020E+00  0751 008460 -1 00014558 00014509 000 375 43063.8276279514
24.11.2017 19:51:47 +00.04020E+00  0773 008460 -1 00014559 00014509 000 343 43063.8276319213
24.11.2017 19:51:47 +00.04020E+00  0786 008460 -1 00014560 00014509 000 342 43063.8276358912
24.11.2017 19:51:48 +00.04020E+00  0799 008460 -1 00014561 00014509 000 343 43063.8276398611
24.11.2017 19:51:48 +00.04020E+00  0812 008460 -1 00014562 00014509 000 376 43063.827644213
24.11.2017 19:51:48 +00.04020E+00  0822 008460 -1 00014563 00014509 000 342 43063.8276481713
24.11.2017 19:51:49 +00.04020E+00  0845 008460 -1 00014564 00014509 000 342 43063.8276521296
24.11.2017 19:51:49 +00.04020E+00  0857 008460 -1 00014565 00014509 000 342 43063.8276560995
24.11.2017 19:51:49 +00.04020E+00  0869 008460 -1 00014566 00014509 000 377 43063.8276604745
24.11.2017 19:51:50 +00.04020E+00  0884 008460 -1 00014567 00014509 000 340 43063.8276644097
24.11.2017 19:51:50 +00.04020E+00  0902 008460 -1 00014568 00014509 000 343 43063.8276683796
24.11.2017 19:51:50 +00.04020E+00  0918 008460 -1 00014569 00014509 000 343 43063.8276723495
24.11.2017 19:51:51 +00.04020E+00  0933 008460 -1 00014570 00014509 000 379 43063.8276767361
24.11.2017 19:51:51 +00.04020E+00  0945 008460 -1 00014571 00014509 000 340 43063.8276806713
24.11.2017 19:51:51 +00.04020E+00  0962 008460 -1 00014572 00014509 000 342 43063.8276846296
24.11.2017 19:51:52 +00.04020E+00  0976 008460 -1 00014573 00014509 000 343 43063.8276885995
24.11.2017 19:51:52 +00.04020E+00  0986 008460 -1 00014574 00014509 000 380 43063.8276929977
24.11.2017 19:51:53 +00.04020E+00  1005 008460 -1 00014575 00014509 000 344 43063.8276969792
24.11.2017 19:51:53 +00.04020E+00  1022 008460 -1 00014576 00014509 000 343 43063.8277009491
24.11.2017 19:51:53 +00.04020E+00  1035 008460 -1 00014577 00014509 000 343 43063.827704919
24.11.2017 19:51:54 +00.04020E+00  1048 008460 -1 00014578 00014509 000 375 43063.8277092593
24.11.2017 19:51:54 +00.04020E+00  1056 008460 -1 00014579 00014509 000 343 43063.8277132292
24.11.2017 19:51:54 +00.04020E+00  1072 008460 -1 00014580 00014509 000 343 43063.8277171991
24.11.2017 19:51:55 +00.04020E+00  1091 008460 -1 00014581 00014509 000 343 43063.827721169
24.11.2017 19:51:55 +00.04020E+00  1106 008460 -1 00014582 00014509 000 376 43063.8277255208
24.11.2017 19:51:55 +00.04020E+00  1121 008460 -1 00014583 00014509 000 342 43063.8277294792
24.11.2017 19:51:56 +00.04020E+00  1134 008460 -1 00014584 00014509 000 343 43063.8277334491
24.11.2017 19:51:56 +00.04020E+00  1150 008460 -1 00014585 00014509 000 343 43063.827737419
24.11.2017 19:51:56 +00.04020E+00  1169 008460 -1 00014586 00014509 000 377 43063.8277417824
24.11.2017 19:51:57 +00.04020E+00  1180 008460 -1 00014587 00014509 000 340 43063.8277457176
24.11.2017 19:51:57 +00.04020E+00  1191 008460 -1 00014588 00014509 000 342 43063.8277496875
24.11.2017 19:51:57 +00.04020E+00  1203 008460 -1 00014589 00014509 000 343 43063.827753669
24.11.2017 19:51:58 +00.04020E+00  1220 008460 -1 00014590 00014509 000 378 43063.827758044
24.11.2017 19:51:58 +00.04020E+00  1233 008460 -1 00014591 00014509 000 340 43063.8277619792
24.11.2017 19:51:58 +00.04020E+00  1243 008460 -1 00014592 00014509 000 342 43063.8277659375
24.11.2017 19:51:59 +00.04020E+00  1258 008460 -1 00014593 00014509 000 343 43063.8277699074
24.11.2017 19:52:04 +00.04010E+00  0014 008440 -1 00014594 00014594 000 342 43063.8278347222
24.11.2017 19:52:05 +00.04011E+00  0029 008440 -1 00014595 00014594 000 399 43063.8278393518
24.11.2017 19:52:05 +00.04011E+00  0046 008440 -1 00014596 00014594 000 342 43063.8278433218
24.11.2017 19:52:06 +00.04010E+00  0056 008440 -1 00014597 00014594 000 344 43063.8278473032
24.11.2017 19:52:06 +00.04010E+00  0072 008440 -1 00014598 00014594 000 342 43063.8278512616
24.11.2017 19:52:06 +00.04011E+00  0089 008440 -1 00014599 00014594 000 376 43063.8278556134
24.11.2017 19:52:07 +00.04010E+00  0105 008440 -1 00014600 00014594 000 341 43063.8278595718
24.11.2017 19:52:07 +00.04010E+00  0124 008440 -1 00014601 00014594 000 343 43063.8278635417
24.11.2017 19:52:07 +00.04011E+00  0140 008440 -1 00014602 00014594 000 343 43063.8278675116
24.11.2017 19:52:08 +00.04010E+00  0152 008440 -1 00014603 00014594 000 377 43063.827871875
24.11.2017 19:52:08 +00.04011E+00  0173 008440 -1 00014604 00014594 000 341 43063.8278758218
24.11.2017 19:52:08 +00.04011E+00  0189 008440 -1 00014605 00014594 000 343 43063.8278797917
24.11.2017 19:52:09 +00.04010E+00  0196 008440 -1 00014606 00014594 000 343 43063.8278837616
24.11.2017 19:52:09 +00.04011E+00  0204 008440 -1 00014607 00014594 000 379 43063.8278881481
24.11.2017 19:52:09 +00.04011E+00  0219 008438 -1 00014608 00014594 000 340 43063.8278920833
24.11.2017 19:52:10 +00.04010E+00  0226 008438 -1 00014609 00014594 000 341 43063.8278960417
24.11.2017 19:52:10 +00.04010E+00  0240 008438 -1 00014610 00014594 000 343 43063.8279000116
24.11.2017 19:52:10 +00.04010E+00  0259 008438 -1 00014611 00014594 000 380 43063.8279044097
24.11.2017 19:52:11 +00.04010E+00  0277 008438 -1 00014612 00014594 000 344 43063.8279083912
24.11.2017 19:52:11 +00.04010E+00  0301 008438 -1 00014613 00014594 000 343 43063.8279123611
24.11.2017 19:52:11 +00.04010E+00  0318 008438 -1 00014614 00014594 000 343 43063.827916331
24.11.2017 19:52:12 +00.04010E+00  0328 008438 -1 00014615 00014594 000 375 43063.8279206713
24.11.2017 19:52:12 +00.04010E+00  0353 008438 -1 00014616 00014594 000 342 43063.8279246296
24.11.2017 19:52:13 +00.04010E+00  0364 008438 -1 00014617 00014594 000 342 43063.8279285995
24.11.2017 19:52:13 +00.04010E+00  0378 008438 -1 00014618 00014594 000 343 43063.827932581
24.11.2017 19:52:13 +00.04009E+00  0390 008438 -1 00014619 00014594 000 376 43063.8279369329
24.11.2017 19:52:14 +00.04009E+00  0402 008438 -1 00014620 00014594 000 341 43063.8279408796
24.11.2017 19:52:14 +00.04009E+00  0414 008438 -1 00014621 00014594 000 343 43063.8279448495
24.11.2017 19:52:14 +00.04009E+00  0430 008438 -1 00014622 00014594 000 343 43063.8279488194
24.11.2017 19:52:15 +00.04010E+00  0443 008440 -1 00014623 00014594 000 378 43063.8279531944
24.11.2017 19:52:15 +00.04010E+00  0461 008440 -1 00014624 00014594 000 341 43063.8279571412
24.11.2017 19:52:15 +00.04010E+00  0478 008440 -1 00014625 00014594 000 342 43063.8279610995
24.11.2017 19:52:16 +00.04010E+00  0493 008440 -1 00014626 00014594 000 343 43063.8279650694
24.11.2017 19:52:16 +00.04011E+00  0510 008440 -1 00014627 00014594 000 379 43063.827969456
24.11.2017 19:52:16 +00.04010E+00  0525 008440 -1 00014628 00014594 000 340 43063.8279733912
24.11.2017 19:52:17 +00.04011E+00  0542 008440 -1 00014629 00014594 000 342 43063.8279773495
24.11.2017 19:52:17 +00.04010E+00  0561 008440 -1 00014630 00014594 000 343 43063.8279813194
24.11.2017 19:52:17 +00.04010E+00  0571 008440 -1 00014631 00014594 000 380 43063.8279857176
24.11.2017 19:52:18 +00.04010E+00  0586 008440 -1 00014632 00014594 000 344 43063.8279896991
24.11.2017 19:52:18 +00.04010E+00  0611 008440 -1 00014633 00014594 000 343 43063.827993669
24.11.2017 19:52:18 +00.04010E+00  0634 008440 -1 00014634 00014594 000 343 43063.8279976389
24.11.2017 19:52:19 +00.04010E+00  0642 008440 -1 00014635 00014594 000 375 43063.8280019792
24.11.2017 19:52:19 +00.04010E+00  0658 008440 -1 00014636 00014594 000 343 43063.8280059491
24.11.2017 19:52:20 +00.04010E+00  0672 008440 -1 00014637 00014594 000 343 43063.828009919
24.11.2017 19:52:20 +00.04010E+00  0687 008440 -1 00014638 00014594 000 343 43063.8280138889
24.11.2017 19:52:20 +00.04011E+00  0701 008440 -1 00014639 00014594 000 376 43063.8280182407
24.11.2017 19:52:21 +00.04011E+00  0722 008440 -1 00014640 00014594 000 341 43063.8280221875
24.11.2017 19:52:21 +00.04011E+00  0733 008440 -1 00014641 00014594 000 343 43063.828026169
24.11.2017 19:52:21 +00.04011E+00  0745 008440 -1 00014642 00014594 000 343 43063.8280301389
24.11.2017 19:52:22 +00.04011E+00  0757 008440 -1 00014643 00014594 000 377 43063.8280345023
24.11.2017 19:52:22 +00.04010E+00  0768 008440 -1 00014644 00014594 000 340 43063.8280384375
24.11.2017 19:52:22 +00.04011E+00  0785 008440 -1 00014645 00014594 000 342 43063.8280424074
24.11.2017 19:52:23 +00.04011E+00  0797 008440 -1 00014646 00014594 000 343 43063.8280463773
24.11.2017 19:52:23 +00.04011E+00  0812 008440 -1 00014647 00014594 000 379 43063.8280507639
24.11.2017 19:52:23 +00.04011E+00  0830 008440 -1 00014648 00014594 000 340 43063.8280546991
24.11.2017 19:52:24 +00.04011E+00  0841 008440 -1 00014649 00014594 000 341 43063.8280586574
24.11.2017 19:52:24 +00.04010E+00  0854 008440 -1 00014650 00014594 000 343 43063.8280626273
24.11.2017 19:52:24 +00.04010E+00  0871 008440 -1 00014651 00014594 000 380 43063.8280670255
24.11.2017 19:52:25 +00.04011E+00  0884 008440 -1 00014652 00014594 000 344 43063.8280710069
24.11.2017 19:52:25 +00.04010E+00  0901 008438 -1 00014653 00014594 000 343 43063.8280749769
24.11.2017 19:52:26 +00.04010E+00  0913 008438 -1 00014654 00014594 000 343 43063.8280789468
24.11.2017 19:52:26 +00.04010E+00  0924 008438 -1 00014655 00014594 000 374 43063.8280832755
24.11.2017 19:52:26 +00.04010E+00  0942 008438 -1 00014656 00014594 000 343 43063.8280872569
24.11.2017 19:52:27 +00.04010E+00  0956 008438 -1 00014657 00014594 000 343 43063.8280912269
24.11.2017 19:52:27 +00.04010E+00  0973 008438 -1 00014658 00014594 000 343 43063.8280951968
24.11.2017 19:52:27 +00.04010E+00  0984 008438 -1 00014659 00014594 000 376 43063.8280995486
24.11.2017 19:52:28 +00.04010E+00  0999 008438 -1 00014660 00014594 000 342 43063.8281035069
24.11.2017 19:52:28 +00.04009E+00  1009 008438 -1 00014661 00014594 000 343 43063.8281074769
24.11.2017 19:52:28 +00.04010E+00  1030 008438 -1 00014662 00014594 000 343 43063.8281114468
24.11.2017 19:52:29 +00.04009E+00  1044 008438 -1 00014663 00014594 000 377 43063.8281158102
24.11.2017 19:52:29 +00.04010E+00  1059 008438 -1 00014664 00014594 000 341 43063.8281197569
24.11.2017 19:52:29 +00.04010E+00  1074 008438 -1 00014665 00014594 000 343 43063.8281237269
24.11.2017 19:52:30 +00.04009E+00  1092 008438 -1 00014666 00014594 000 343 43063.8281276968
24.11.2017 19:52:30 +00.04010E+00  1102 008438 -1 00014667 00014594 000 378 43063.8281320718
24.11.2017 19:52:30 +00.04010E+00  1115 008438 -1 00014668 00014594 000 340 43063.8281360069
24.11.2017 19:52:31 +00.04010E+00  1130 008438 -1 00014669 00014594 000 342 43063.8281399769
24.11.2017 19:52:31 +00.04009E+00  1148 008438 -1 00014670 00014594 000 343 43063.8281439468
24.11.2017 19:52:32 +00.04010E+00  1163 008438 -1 00014671 00014594 000 379 43063.8281483333
24.11.2017 19:52:32 +00.04010E+00  1176 008438 -1 00014672 00014594 000 344 43063.8281523148
24.11.2017 19:52:32 +00.04010E+00  1191 008438 -1 00014673 00014594 000 343 43063.8281562963
24.11.2017 19:52:33 +00.04010E+00  1210 008438 -1 00014674 00014594 000 343 43063.8281602662
24.11.2017 19:52:33 +00.04010E+00  1225 008438 -1 00014675 00014594 000 374 43063.8281645949
24.11.2017 19:52:33 +00.04010E+00  1237 008438 -1 00014676 00014594 000 343 43063.8281685648
24.11.2017 19:52:34 +00.04010E+00  1254 008438 -1 00014677 00014594 000 343 43063.8281725347
24.11.2017 19:52:34 +00.04010E+00  1265 008438 -1 00014678 00014594 000 342 43063.8281765046
24.11.2017 19:52:34 +00.04009E+00  1273 008438 -1 00014679 00014594 000 374 43063.8281808449
24.11.2017 19:52:40 +00.04000E+00  0016 008418 -1 00014680 00014680 000 343 43063.8282412384
24.11.2017 19:52:40 +00.04000E+00  0029 008418 -1 00014681 00014680 000 403 43063.8282459028
24.11.2017 19:52:40 +00.04000E+00  0042 008418 -1 00014682 00014680 000 340 43063.828249838
24.11.2017 19:52:41 +00.04000E+00  0052 008418 -1 00014683 00014680 000 343 43063.8282538079
24.11.2017 19:52:41 +00.04000E+00  0071 008418 -1 00014684 00014680 000 343 43063.8282577778
24.11.2017 19:52:41 +00.04000E+00  0087 008418 -1 00014685 00014680 000 379 43063.8282621644
24.11.2017 19:52:42 +00.04000E+00  0096 008418 -1 00014686 00014680 000 340 43063.8282660995
24.11.2017 19:52:42 +00.04000E+00  0115 008418 -1 00014687 00014680 000 342 43063.8282700579
24.11.2017 19:52:42 +00.04000E+00  0129 008418 -1 00014688 00014680 000 342 43063.8282740162
24.11.2017 19:52:43 +00.04000E+00  0139 008418 -1 00014689 00014680 000 380 43063.8282784259
24.11.2017 19:52:43 +00.04000E+00  0156 008418 -1 00014690 00014680 000 344 43063.8282824074
24.11.2017 19:52:43 +00.04000E+00  0172 008418 -1 00014691 00014680 000 343 43063.8282863773
24.11.2017 19:52:44 +00.04000E+00  0179 008418 -1 00014692 00014680 000 343 43063.8282903472
24.11.2017 19:52:44 +00.04000E+00  0200 008418 -1 00014693 00014680 000 375 43063.8282946875
24.11.2017 19:52:45 +00.04000E+00  0216 008418 -1 00014694 00014680 000 342 43063.8282986458
24.11.2017 19:52:45 +00.04000E+00  0239 008418 -1 00014695 00014680 000 343 43063.8283026273
24.11.2017 19:52:45 +00.04000E+00  0250 008418 -1 00014696 00014680 000 343 43063.8283065972
24.11.2017 19:52:46 +00.04000E+00  0266 008418 -1 00014697 00014680 000 376 43063.8283109491
24.11.2017 19:52:46 +00.04000E+00  0284 008418 -1 00014698 00014680 000 341 43063.8283148958
24.11.2017 19:52:46 +00.04000E+00  0301 008418 -1 00014699 00014680 000 343 43063.8283188657
24.11.2017 19:52:47 +00.04000E+00  0315 008418 -1 00014700 00014680 000 343 43063.8283228356
24.11.2017 19:52:47 +00.04000E+00  0324 008418 -1 00014701 00014680 000 378 43063.8283272106
24.11.2017 19:52:47 +00.04000E+00  0337 008418 -1 00014702 00014680 000 340 43063.8283311458
24.11.2017 19:52:48 +00.04000E+00  0344 008418 -1 00014703 00014680 000 343 43063.8283351157
24.11.2017 19:52:48 +00.04000E+00  0355 008418 -1 00014704 00014680 000 343 43063.8283390856
24.11.2017 19:52:48 +00.04000E+00  0365 008418 -1 00014705 00014680 000 379 43063.8283434722
24.11.2017 19:52:49 +00.04000E+00  0380 008418 -1 00014706 00014680 000 340 43063.8283474074
24.11.2017 19:52:49 +00.04000E+00  0399 008418 -1 00014707 00014680 000 342 43063.8283513657
24.11.2017 19:52:49 +00.04000E+00  0410 008418 -1 00014708 00014680 000 343 43063.8283553356
24.11.2017 19:52:50 +00.04000E+00  0419 008418 -1 00014709 00014680 000 380 43063.8283597338
24.11.2017 19:52:50 +00.04000E+00  0441 008418 -1 00014710 00014680 000 344 43063.8283637153
24.11.2017 19:52:50 +00.04000E+00  0454 008418 -1 00014711 00014680 000 343 43063.8283676852
24.11.2017 19:52:51 +00.04000E+00  0465 008418 -1 00014712 00014680 000 343 43063.8283716551
24.11.2017 19:52:51 +00.04000E+00  0476 008418 -1 00014713 00014680 000 375 43063.8283759954
24.11.2017 19:52:52 +00.04000E+00  0486 008418 -1 00014714 00014680 000 343 43063.8283799653
24.11.2017 19:52:52 +00.04000E+00  0506 008418 -1 00014715 00014680 000 343 43063.8283839352
24.11.2017 19:52:52 +00.04000E+00  0529 008418 -1 00014716 00014680 000 343 43063.8283879051
24.11.2017 19:52:53 +00.04000E+00  0544 008418 -1 00014717 00014680 000 376 43063.8283922569
24.11.2017 19:52:53 +00.04000E+00  0560 008418 -1 00014718 00014680 000 342 43063.8283962153
24.11.2017 19:52:53 +00.04000E+00  0578 008418 -1 00014719 00014680 000 343 43063.8284001852
24.11.2017 19:52:54 +00.04000E+00  0593 008418 -1 00014720 00014680 000 342 43063.8284041435
24.11.2017 19:52:54 +00.04000E+00  0612 008418 -1 00014721 00014680 000 377 43063.8284085185
24.11.2017 19:52:54 +00.04000E+00  0635 008418 -1 00014722 00014680 000 341 43063.8284124653
24.11.2017 19:52:55 +00.04000E+00  0652 008418 -1 00014723 00014680 000 342 43063.8284164236
24.11.2017 19:52:55 +00.04000E+00  0670 008418 -1 00014724 00014680 000 343 43063.8284203935
24.11.2017 19:52:55 +00.04000E+00  0684 008418 -1 00014725 00014680 000 378 43063.8284247801
24.11.2017 19:52:56 +00.04000E+00  0692 008418 -1 00014726 00014680 000 344 43063.8284287732
24.11.2017 19:52:56 +00.04000E+00  0706 008418 -1 00014727 00014680 000 343 43063.8284327431
24.11.2017 19:52:56 +00.04000E+00  0721 008418 -1 00014728 00014680 000 343 43063.8284367245
24.11.2017 19:52:57 +00.04000E+00  0737 008418 -1 00014729 00014680 000 373 43063.8284410417
24.11.2017 19:52:57 +00.04000E+00  0744 008418 -1 00014730 00014680 000 344 43063.8284450232
24.11.2017 19:52:57 +00.04000E+00  0750 008418 -1 00014731 00014680 000 343 43063.8284489931
24.11.2017 19:52:58 +00.04000E+00  0766 008418 -1 00014732 00014680 000 343 43063.828452963
24.11.2017 19:52:58 +00.04000E+00  0775 008418 -1 00014733 00014680 000 375 43063.8284573032
24.11.2017 19:52:59 +00.04000E+00  0789 008418 -1 00014734 00014680 000 343 43063.8284612732
24.11.2017 19:52:59 +00.04000E+00  0806 008418 -1 00014735 00014680 000 343 43063.8284652431
24.11.2017 19:52:59 +00.04000E+00  0822 008418 -1 00014736 00014680 000 343 43063.828469213
24.11.2017 19:53:00 +00.04000E+00  0838 008418 -1 00014737 00014680 000 376 43063.8284735648
24.11.2017 19:53:00 +00.04000E+00  0851 008418 -1 00014738 00014680 000 342 43063.8284775232
24.11.2017 19:53:00 +00.04000E+00  0865 008418 -1 00014739 00014680 000 343 43063.8284814931
24.11.2017 19:53:01 +00.04000E+00  0888 008418 -1 00014740 00014680 000 343 43063.828485463
24.11.2017 19:53:01 +00.04000E+00  0901 008418 -1 00014741 00014680 000 377 43063.8284898264
24.11.2017 19:53:01 +00.04000E+00  0914 008418 -1 00014742 00014680 000 341 43063.8284937732
24.11.2017 19:53:02 +00.04000E+00  0932 008418 -1 00014743 00014680 000 343 43063.8284977431
24.11.2017 19:53:02 +00.04000E+00  0955 008418 -1 00014744 00014680 000 343 43063.828501713
24.11.2017 19:53:02 +00.04000E+00  0971 008418 -1 00014745 00014680 000 380 43063.8285061111
24.11.2017 19:53:03 +00.04000E+00  0988 008418 -1 00014746 00014680 000 344 43063.8285100926
24.11.2017 19:53:03 +00.04000E+00  1001 008418 -1 00014747 00014680 000 343 43063.8285140625
24.11.2017 19:53:03 +00.04000E+00  1012 008418 -1 00014748 00014680 000 343 43063.8285180324
24.11.2017 19:53:04 +00.04000E+00  1031 008418 -1 00014749 00014680 000 373 43063.8285223495
24.11.2017 19:53:04 +00.04000E+00  1043 008418 -1 00014750 00014680 000 344 43063.828526331
24.11.2017 19:53:05 +00.04000E+00  1062 008418 -1 00014751 00014680 000 342 43063.8285303009
24.11.2017 19:53:05 +00.04000E+00  1075 008418 -1 00014752 00014680 000 343 43063.8285342824
24.11.2017 19:53:05 +00.04000E+00  1089 008418 -1 00014753 00014680 000 375 43063.8285386227
24.11.2017 19:53:06 +00.04000E+00  1104 008418 -1 00014754 00014680 000 342 43063.828542581
24.11.2017 19:53:06 +00.04000E+00  1114 008418 -1 00014755 00014680 000 343 43063.8285465509
24.11.2017 19:53:06 +00.04000E+00  1133 008418 -1 00014756 00014680 000 343 43063.8285505208
24.11.2017 19:53:07 +00.04000E+00  1148 008418 -1 00014757 00014680 000 376 43063.8285548727
24.11.2017 19:53:07 +00.04000E+00  1171 008418 -1 00014758 00014680 000 342 43063.828558831
24.11.2017 19:53:07 +00.04000E+00  1188 008418 -1 00014759 00014680 000 343 43063.8285628009
24.11.2017 19:53:08 +00.04000E+00  1203 008418 -1 00014760 00014680 000 343 43063.8285667708
24.11.2017 19:53:08 +00.04000E+00  1223 008418 -1 00014761 00014680 000 377 43063.8285711343
24.11.2017 19:53:08 +00.04000E+00  1241 008418 -1 00014762 00014680 000 341 43063.828575081
24.11.2017 19:53:09 +00.04000E+00  1253 008418 -1 00014763 00014680 000 343 43063.8285790509
24.11.2017 19:53:09 +00.04000E+00  1266 008418 -1 00014764 00014680 000 343 43063.8285830208
24.11.2017 19:53:09 +00.04000E+00  1277 008418 -1 00014765 00014680 000 378 43063.8285873958
24.11.2017 19:53:10 +00.04000E+00  1293 008418 -1 00014766 00014680 000 340 43063.828591331
24.11.2017 19:53:15 +00.03990E+00  0017 008398 -1 00014767 00014767 000 380 43063.8286524421
24.11.2017 19:53:15 +00.03991E+00  0031 008398 -1 00014768 00014767 000 343 43063.8286564236
24.11.2017 19:53:16 +00.03991E+00  0045 008398 -1 00014769 00014767 000 343 43063.8286603935
24.11.2017 19:53:16 +00.03991E+00  0061 008398 -1 00014770 00014767 000 343 43063.8286643634
24.11.2017 19:53:16 +00.03991E+00  0080 008398 -1 00014771 00014767 000 376 43063.8286687153
24.11.2017 19:53:17 +00.03991E+00  0095 008398 -1 00014772 00014767 000 341 43063.828672662
24.11.2017 19:53:17 +00.03991E+00  0108 008398 -1 00014773 00014767 000 344 43063.8286766435
24.11.2017 19:53:18 +00.03991E+00  0124 008398 -1 00014774 00014767 000 342 43063.8286806019
24.11.2017 19:53:18 +00.03991E+00  0134 008398 -1 00014775 00014767 000 376 43063.8286849653
24.11.2017 19:53:18 +00.03991E+00  0146 008398 -1 00014776 00014767 000 340 43063.828688912
24.11.2017 19:53:19 +00.03990E+00  0162 008398 -1 00014777 00014767 000 342 43063.8286928819
24.11.2017 19:53:19 +00.03991E+00  0181 008398 -1 00014778 00014767 000 342 43063.8286968519
24.11.2017 19:53:19 +00.03990E+00  0193 008398 -1 00014779 00014767 000 377 43063.8287012268
24.11.2017 19:53:20 +00.03991E+00  0218 008398 -1 00014780 00014767 000 340 43063.828705162
24.11.2017 19:53:20 +00.03991E+00  0235 008398 -1 00014781 00014767 000 343 43063.8287091319
24.11.2017 19:53:20 +00.03991E+00  0250 008396 -1 00014782 00014767 000 343 43063.8287131019
24.11.2017 19:53:21 +00.03990E+00  0258 008396 -1 00014783 00014767 000 380 43063.8287175
24.11.2017 19:53:21 +00.03990E+00  0269 008396 -1 00014784 00014767 000 344 43063.8287214815
24.11.2017 19:53:21 +00.03990E+00  0284 008396 -1 00014785 00014767 000 343 43063.8287254514
24.11.2017 19:53:22 +00.03989E+00  0296 008396 -1 00014786 00014767 000 343 43063.8287294213
24.11.2017 19:53:22 +00.03990E+00  0309 008396 -1 00014787 00014767 000 375 43063.8287337616
24.11.2017 19:53:22 +00.03990E+00  0326 008396 -1 00014788 00014767 000 343 43063.8287377315
24.11.2017 19:53:23 +00.03990E+00  0344 008396 -1 00014789 00014767 000 343 43063.8287417014
24.11.2017 19:53:23 +00.03989E+00  0360 008396 -1 00014790 00014767 000 343 43063.8287456713
24.11.2017 19:53:24 +00.03990E+00  0379 008396 -1 00014791 00014767 000 376 43063.8287500231
24.11.2017 19:53:24 +00.03990E+00  0394 008396 -1 00014792 00014767 000 342 43063.8287539815
24.11.2017 19:53:24 +00.03990E+00  0409 008396 -1 00014793 00014767 000 343 43063.8287579514
24.11.2017 19:53:25 +00.03990E+00  0421 008396 -1 00014794 00014767 000 343 43063.8287619213
24.11.2017 19:53:25 +00.03990E+00  0437 008396 -1 00014795 00014767 000 377 43063.8287662847
24.11.2017 19:53:25 +00.03990E+00  0453 008396 -1 00014796 00014767 000 341 43063.8287702315
24.11.2017 19:53:26 +00.03990E+00  0465 008396 -1 00014797 00014767 000 343 43063.8287742014
24.11.2017 19:53:26 +00.03989E+00  0481 008396 -1 00014798 00014767 000 343 43063.8287781713
24.11.2017 19:53:26 +00.03990E+00  0494 008396 -1 00014799 00014767 000 378 43063.8287825463
24.11.2017 19:53:27 +00.03990E+00  0508 008396 -1 00014800 00014767 000 341 43063.8287864931
24.11.2017 19:53:27 +00.03990E+00  0525 008396 -1 00014801 00014767 000 341 43063.8287904398
24.11.2017 19:53:27 +00.03990E+00  0542 008396 -1 00014802 00014767 000 343 43063.8287944097
24.11.2017 19:53:28 +00.03990E+00  0553 008396 -1 00014803 00014767 000 380 43063.8287988079
24.11.2017 19:53:28 +00.03990E+00  0571 008396 -1 00014804 00014767 000 344 43063.8288027894
24.11.2017 19:53:28 +00.03990E+00  0583 008396 -1 00014805 00014767 000 343 43063.8288067593
24.11.2017 19:53:29 +00.03989E+00  0607 008396 -1 00014806 00014767 000 343 43063.8288107292
24.11.2017 19:53:29 +00.03990E+00  0615 008396 -1 00014807 00014767 000 375 43063.8288150694
24.11.2017 19:53:29 +00.03990E+00  0628 008396 -1 00014808 00014767 000 343 43063.8288190394
24.11.2017 19:53:30 +00.03990E+00  0647 008396 -1 00014809 00014767 000 343 43063.8288230093
24.11.2017 19:53:30 +00.03990E+00  0665 008396 -1 00014810 00014767 000 343 43063.8288269792
24.11.2017 19:53:31 +00.03989E+00  0680 008396 -1 00014811 00014767 000 376 43063.828831331
24.11.2017 19:53:31 +00.03990E+00  0696 008398 -1 00014812 00014767 000 342 43063.8288352894
24.11.2017 19:53:31 +00.03990E+00  0718 008398 -1 00014813 00014767 000 343 43063.8288392593
24.11.2017 19:53:32 +00.03990E+00  0734 008398 -1 00014814 00014767 000 343 43063.8288432292
24.11.2017 19:53:32 +00.03990E+00  0746 008398 -1 00014815 00014767 000 377 43063.8288475926
24.11.2017 19:53:32 +00.03991E+00  0765 008398 -1 00014816 00014767 000 341 43063.8288515394
24.11.2017 19:53:33 +00.03991E+00  0778 008398 -1 00014817 00014767 000 343 43063.8288555093
24.11.2017 19:53:33 +00.03991E+00  0791 008398 -1 00014818 00014767 000 343 43063.8288594792
24.11.2017 19:53:33 +00.03990E+00  0806 008398 -1 00014819 00014767 000 378 43063.8288638542
24.11.2017 19:53:34 +00.03991E+00  0817 008398 -1 00014820 00014767 000 340 43063.8288677894
24.11.2017 19:53:34 +00.03990E+00  0839 008398 -1 00014821 00014767 000 342 43063.8288717593
24.11.2017 19:53:34 +00.03990E+00  0845 008398 -1 00014822 00014767 000 343 43063.8288757292
24.11.2017 19:53:35 +00.03990E+00  0856 008398 -1 00014823 00014767 000 379 43063.8288801157
24.11.2017 19:53:35 +00.03991E+00  0877 008398 -1 00014824 00014767 000 345 43063.8288841088
24.11.2017 19:53:35 +00.03991E+00  0886 008398 -1 00014825 00014767 000 343 43063.8288880787
24.11.2017 19:53:36 +00.03991E+00  0899 008398 -1 00014826 00014767 000 343 43063.8288920486
24.11.2017 19:53:36 +00.03990E+00  0920 008396 -1 00014827 00014767 000 374 43063.8288963773
24.11.2017 19:53:36 +00.03990E+00  0943 008396 -1 00014828 00014767 000 343 43063.8289003472
24.11.2017 19:53:37 +00.03990E+00  0951 008396 -1 00014829 00014767 000 342 43063.8289043171
24.11.2017 19:53:37 +00.03990E+00  0971 008396 -1 00014830 00014767 000 343 43063.8289082986
24.11.2017 19:53:38 +00.03990E+00  0983 008396 -1 00014831 00014767 000 375 43063.8289126389
24.11.2017 19:53:38 +00.03990E+00  0999 008396 -1 00014832 00014767 000 342 43063.8289165972
24.11.2017 19:53:38 +00.03990E+00  1015 008396 -1 00014833 00014767 000 343 43063.8289205671
24.11.2017 19:53:39 +00.03990E+00  1031 008396 -1 00014834 00014767 000 343 43063.828924537
24.11.2017 19:53:39 +00.03990E+00  1046 008396 -1 00014835 00014767 000 377 43063.8289289005
24.11.2017 19:53:39 +00.03990E+00  1070 008396 -1 00014836 00014767 000 341 43063.8289328472
24.11.2017 19:53:40 +00.03990E+00  1081 008396 -1 00014837 00014767 000 343 43063.8289368171
24.11.2017 19:53:40 +00.03990E+00  1100 008396 -1 00014838 00014767 000 343 43063.828940787
24.11.2017 19:53:40 +00.03989E+00  1118 008396 -1 00014839 00014767 000 378 43063.828945162
24.11.2017 19:53:41 +00.03990E+00  1137 008396 -1 00014840 00014767 000 340 43063.8289490972
24.11.2017 19:53:41 +00.03990E+00  1153 008396 -1 00014841 00014767 000 343 43063.8289530671
24.11.2017 19:53:41 +00.03989E+00  1173 008396 -1 00014842 00014767 000 343 43063.828957037
24.11.2017 19:53:42 +00.03990E+00  1181 008396 -1 00014843 00014767 000 379 43063.8289614236
24.11.2017 19:53:42 +00.03990E+00  1202 008396 -1 00014844 00014767 000 340 43063.8289653588
24.11.2017 19:53:42 +00.03990E+00  1214 008396 -1 00014845 00014767 000 342 43063.8289693171
24.11.2017 19:53:43 +00.03990E+00  1223 008396 -1 00014846 00014767 000 343 43063.828973287
24.11.2017 19:53:43 +00.03990E+00  1231 008396 -1 00014847 00014767 000 380 43063.8289776852
24.11.2017 19:53:44 +00.03990E+00  1241 008396 -1 00014848 00014767 000 344 43063.8289816667
24.11.2017 19:53:44 +00.03990E+00  1260 008396 -1 00014849 00014767 000 343 43063.8289856366
24.11.2017 19:53:44 +00.03989E+00  1281 008396 -1 00014850 00014767 000 343 43063.8289896065
24.11.2017 19:53:45 +00.03990E+00  1294 008396 -1 00014851 00014767 000 375 43063.8289939468
24.11.2017 19:53:45 +00.03990E+00  1312 008396 -1 00014852 00014767 000 342 43063.8289979051
24.11.2017 19:53:51 +00.03980E+00  0011 008376 -1 00014853 00014853 000 342 43063.8290631597
24.11.2017 19:53:51 +00.03980E+00  0022 008376 -1 00014854 00014853 000 343 43063.8290671296
24.11.2017 19:53:51 +00.03980E+00  0034 008376 -1 00014855 00014853 000 421 43063.8290720023
24.11.2017 19:53:52 +00.03980E+00  0053 008376 -1 00014856 00014853 000 341 43063.8290759491
24.11.2017 19:53:52 +00.03980E+00  0063 008376 -1 00014857 00014853 000 342 43063.829079919
24.11.2017 19:53:52 +00.03980E+00  0079 008376 -1 00014858 00014853 000 344 43063.8290839005
24.11.2017 19:53:53 +00.03980E+00  0096 008376 -1 00014859 00014853 000 377 43063.8290882639
24.11.2017 19:53:53 +00.03980E+00  0112 008376 -1 00014860 00014853 000 341 43063.8290922106
24.11.2017 19:53:53 +00.03980E+00  0122 008376 -1 00014861 00014853 000 342 43063.829096169
24.11.2017 19:53:54 +00.03980E+00  0135 008376 -1 00014862 00014853 000 343 43063.8291001389
24.11.2017 19:53:54 +00.03980E+00  0147 008376 -1 00014863 00014853 000 379 43063.8291045255
24.11.2017 19:53:54 +00.03980E+00  0160 008376 -1 00014864 00014853 000 341 43063.8291084722
24.11.2017 19:53:55 +00.03980E+00  0171 008376 -1 00014865 00014853 000 341 43063.829112419
24.11.2017 19:53:55 +00.03980E+00  0185 008376 -1 00014866 00014853 000 343 43063.8291163889
24.11.2017 19:53:56 +00.03980E+00  0204 008376 -1 00014867 00014853 000 380 43063.829120787
24.11.2017 19:53:56 +00.03980E+00  0224 008376 -1 00014868 00014853 000 344 43063.8291247685
24.11.2017 19:53:56 +00.03980E+00  0239 008376 -1 00014869 00014853 000 343 43063.8291287384
24.11.2017 19:53:57 +00.03980E+00  0259 008376 -1 00014870 00014853 000 343 43063.8291327083
24.11.2017 19:53:57 +00.03980E+00  0278 008376 -1 00014871 00014853 000 375 43063.8291370486
24.11.2017 19:53:57 +00.03980E+00  0286 008376 -1 00014872 00014853 000 343 43063.8291410185
24.11.2017 19:53:58 +00.03980E+00  0303 008376 -1 00014873 00014853 000 343 43063.8291449884
24.11.2017 19:53:58 +00.03980E+00  0318 008376 -1 00014874 00014853 000 343 43063.8291489583
24.11.2017 19:53:58 +00.03980E+00  0334 008376 -1 00014875 00014853 000 376 43063.8291533102
24.11.2017 19:53:59 +00.03980E+00  0353 008376 -1 00014876 00014853 000 342 43063.8291572685
24.11.2017 19:53:59 +00.03980E+00  0366 008376 -1 00014877 00014853 000 342 43063.8291612269
24.11.2017 19:53:59 +00.03980E+00  0373 008376 -1 00014878 00014853 000 343 43063.8291652083
24.11.2017 19:54:00 +00.03980E+00  0392 008376 -1 00014879 00014853 000 377 43063.8291695718
24.11.2017 19:54:00 +00.03980E+00  0405 008376 -1 00014880 00014853 000 340 43063.8291735069
24.11.2017 19:54:00 +00.03980E+00  0416 008376 -1 00014881 00014853 000 343 43063.8291774769
24.11.2017 19:54:01 +00.03980E+00  0431 008376 -1 00014882 00014853 000 342 43063.8291814468
24.11.2017 19:54:01 +00.03980E+00  0443 008376 -1 00014883 00014853 000 378 43063.8291858333
24.11.2017 19:54:01 +00.03980E+00  0463 008376 -1 00014884 00014853 000 340 43063.8291897685
24.11.2017 19:54:02 +00.03980E+00  0486 008376 -1 00014885 00014853 000 342 43063.8291937384
24.11.2017 19:54:02 +00.03980E+00  0495 008376 -1 00014886 00014853 000 342 43063.8291976968
24.11.2017 19:54:03 +00.03980E+00  0510 008376 -1 00014887 00014853 000 380 43063.8292020949
24.11.2017 19:54:03 +00.03980E+00  0522 008376 -1 00014888 00014853 000 343 43063.8292060764
24.11.2017 19:54:03 +00.03980E+00  0535 008376 -1 00014889 00014853 000 343 43063.8292100463
24.11.2017 19:54:04 +00.03980E+00  0543 008376 -1 00014890 00014853 000 342 43063.8292140162
24.11.2017 19:54:04 +00.03980E+00  0556 008376 -1 00014891 00014853 000 375 43063.8292183565
24.11.2017 19:54:04 +00.03980E+00  0578 008376 -1 00014892 00014853 000 342 43063.8292223264
24.11.2017 19:54:05 +00.03980E+00  0598 008376 -1 00014893 00014853 000 343 43063.8292262963
24.11.2017 19:54:05 +00.03980E+00  0606 008376 -1 00014894 00014853 000 343 43063.8292302662
24.11.2017 19:54:05 +00.03980E+00  0611 008376 -1 00014895 00014853 000 376 43063.8292346181
24.11.2017 19:54:06 +00.03980E+00  0627 008376 -1 00014896 00014853 000 342 43063.8292385764
24.11.2017 19:54:06 +00.03980E+00  0643 008376 -1 00014897 00014853 000 343 43063.8292425463
24.11.2017 19:54:06 +00.03980E+00  0661 008376 -1 00014898 00014853 000 343 43063.8292465162
24.11.2017 19:54:07 +00.03980E+00  0670 008376 -1 00014899 00014853 000 377 43063.8292508796
24.11.2017 19:54:07 +00.03980E+00  0691 008376 -1 00014900 00014853 000 341 43063.8292548264
24.11.2017 19:54:07 +00.03980E+00  0707 008376 -1 00014901 00014853 000 343 43063.8292587963
24.11.2017 19:54:08 +00.03980E+00  0728 008376 -1 00014902 00014853 000 343 43063.8292627662
24.11.2017 19:54:08 +00.03980E+00  0747 008376 -1 00014903 00014853 000 378 43063.8292671412
24.11.2017 19:54:09 +00.03980E+00  0761 008376 -1 00014904 00014853 000 341 43063.829271088
24.11.2017 19:54:09 +00.03980E+00  0780 008376 -1 00014905 00014853 000 342 43063.8292750463
24.11.2017 19:54:09 +00.03980E+00  0799 008376 -1 00014906 00014853 000 343 43063.8292790162
24.11.2017 19:54:10 +00.03980E+00  0810 008376 -1 00014907 00014853 000 381 43063.8292834259
24.11.2017 19:54:10 +00.03980E+00  0822 008376 -1 00014908 00014853 000 342 43063.8292873843
24.11.2017 19:54:10 +00.03980E+00  0832 008376 -1 00014909 00014853 000 342 43063.8292913542
24.11.2017 19:54:11 +00.03980E+00  0854 008376 -1 00014910 00014853 000 343 43063.8292953357
24.11.2017 19:54:11 +00.03980E+00  0865 008376 -1 00014911 00014853 000 374 43063.8292996644
24.11.2017 19:54:11 +00.03980E+00  0880 008376 -1 00014912 00014853 000 344 43063.8293036458
24.11.2017 19:54:12 +00.03980E+00  0893 008376 -1 00014913 00014853 000 343 43063.8293076157
24.11.2017 19:54:12 +00.03980E+00  0901 008376 -1 00014914 00014853 000 342 43063.8293115741
24.11.2017 19:54:12 +00.03980E+00  0911 008376 -1 00014915 00014853 000 375 43063.8293159259
24.11.2017 19:54:13 +00.03980E+00  0927 008376 -1 00014916 00014853 000 342 43063.8293198843
24.11.2017 19:54:13 +00.03980E+00  0942 008376 -1 00014917 00014853 000 343 43063.8293238542
24.11.2017 19:54:13 +00.03980E+00  0952 008376 -1 00014918 00014853 000 343 43063.8293278241
24.11.2017 19:54:14 +00.03980E+00  0965 008376 -1 00014919 00014853 000 377 43063.8293321875
24.11.2017 19:54:14 +00.03980E+00  0976 008376 -1 00014920 00014853 000 341 43063.8293361343
24.11.2017 19:54:14 +00.03980E+00  0994 008376 -1 00014921 00014853 000 343 43063.8293401042
24.11.2017 19:54:15 +00.03980E+00  1011 008376 -1 00014922 00014853 000 343 43063.8293440741
24.11.2017 19:54:15 +00.03980E+00  1026 008376 -1 00014923 00014853 000 379 43063.8293484606
24.11.2017 19:54:16 +00.03980E+00  1040 008376 -1 00014924 00014853 000 341 43063.8293524074
24.11.2017 19:54:16 +00.03980E+00  1048 008376 -1 00014925 00014853 000 341 43063.8293563542
24.11.2017 19:54:16 +00.03980E+00  1060 008376 -1 00014926 00014853 000 343 43063.8293603241
24.11.2017 19:54:17 +00.03980E+00  1079 008376 -1 00014927 00014853 000 380 43063.8293647222
24.11.2017 19:54:17 +00.03980E+00  1093 008376 -1 00014928 00014853 000 344 43063.8293687037
24.11.2017 19:54:17 +00.03980E+00  1109 008376 -1 00014929 00014853 000 343 43063.8293726736
24.11.2017 19:54:18 +00.03980E+00  1126 008376 -1 00014930 00014853 000 343 43063.8293766435
24.11.2017 19:54:18 +00.03980E+00  1134 008376 -1 00014931 00014853 000 375 43063.8293809838
24.11.2017 19:54:18 +00.03980E+00  1146 008376 -1 00014932 00014853 000 343 43063.8293849537
24.11.2017 19:54:19 +00.03980E+00  1160 008376 -1 00014933 00014853 000 343 43063.8293889236
24.11.2017 19:54:19 +00.03980E+00  1172 008376 -1 00014934 00014853 000 343 43063.8293928935
24.11.2017 19:54:19 +00.03980E+00  1183 008376 -1 00014935 00014853 000 376 43063.8293972454
24.11.2017 19:54:20 +00.03980E+00  1195 008376 -1 00014936 00014853 000 341 43063.8294011921
24.11.2017 19:54:20 +00.03980E+00  1208 008376 -1 00014937 00014853 000 343 43063.829405162