
24.11.2017 19:54:25 +00.03922E+00  0016 008255 -1 00014938 00014938 000 343 43063.829456713
24.11.2017 19:54:25 +00.03922E+00  0033 008255 -1 00014939 00014938 000 343 43063.8294606829
24.11.2017 19:54:25 +00.03922E+00  0055 008255 -1 00014940 00014938 000 420 43063.829465544
24.11.2017 19:54:26 +00.03923E+00  0079 008255 -1 00014941 00014938 000 342 43063.8294695023
24.11.2017 19:54:26 +00.03922E+00  0088 008255 -1 00014942 00014938 000 343 43063.8294734722
24.11.2017 19:54:26 +00.03923E+00  0099 008255 -1 00014943 00014938 000 343 43063.8294774421
24.11.2017 19:54:27 +00.03923E+00  0111 008255 -1 00014944 00014938 000 377 43063.8294818056
24.11.2017 19:54:27 +00.03923E+00  0123 008255 -1 00014945 00014938 000 341 43063.8294857523
24.11.2017 19:54:27 +00.03923E+00  0138 008255 -1 00014946 00014938 000 343 43063.8294897222
24.11.2017 19:54:28 +00.03922E+00  0147 008255 -1 00014947 00014938 000 343 43063.8294936921
24.11.2017 19:54:28 +00.03923E+00  0165 008255 -1 00014948 00014938 000 378 43063.8294980671
24.11.2017 19:54:28 +00.03923E+00  0182 008255 -1 00014949 00014938 000 340 43063.8295020023
24.11.2017 19:54:29 +00.03923E+00  0194 008255 -1 00014950 00014938 000 342 43063.8295059606
24.11.2017 19:54:29 +00.03923E+00  0204 008255 -1 00014951 00014938 000 343 43063.8295099306
24.11.2017 19:54:30 +00.03922E+00  0217 008255 -1 00014952 00014938 000 379 43063.8295143171
24.11.2017 19:54:30 +00.03922E+00  0235 008251 -1 00014953 00014938 000 344 43063.8295183102
24.11.2017 19:54:30 +00.03922E+00  0244 008251 -1 00014954 00014938 000 342 43063.8295222801
24.11.2017 19:54:31 +00.03921E+00  0253 008251 -1 00014955 00014938 000 343 43063.82952625
24.11.2017 19:54:31 +00.03921E+00  0266 008251 -1 00014956 00014938 000 374 43063.8295305903
24.11.2017 19:54:31 +00.03921E+00  0280 008251 -1 00014957 00014938 000 343 43063.8295345602
24.11.2017 19:54:32 +00.03921E+00  0297 008251 -1 00014958 00014938 000 343 43063.8295385301
24.11.2017 19:54:32 +00.03920E+00  0311 008251 -1 00014959 00014938 000 343 43063.8295425
24.11.2017 19:54:32 +00.03920E+00  0321 008251 -1 00014960 00014938 000 376 43063.8295468519
24.11.2017 19:54:33 +00.03921E+00  0340 008251 -1 00014961 00014938 000 342 43063.8295508102
24.11.2017 19:54:33 +00.03921E+00  0348 008251 -1 00014962 00014938 000 343 43063.8295547801
24.11.2017 19:54:33 +00.03921E+00  0358 008251 -1 00014963 00014938 000 343 43063.82955875
24.11.2017 19:54:34 +00.03921E+00  0376 008251 -1 00014964 00014938 000 377 43063.8295631134
24.11.2017 19:54:34 +00.03921E+00  0397 008251 -1 00014965 00014938 000 341 43063.8295670602
24.11.2017 19:54:34 +00.03921E+00  0404 008251 -1 00014966 00014938 000 343 43063.8295710301
24.11.2017 19:54:35 +00.03920E+00  0418 008251 -1 00014967 00014938 000 343 43063.829575
24.11.2017 19:54:35 +00.03921E+00  0431 008251 -1 00014968 00014938 000 378 43063.829579375
24.11.2017 19:54:35 +00.03921E+00  0444 008251 -1 00014969 00014938 000 340 43063.8295833102
24.11.2017 19:54:36 +00.03921E+00  0455 008251 -1 00014970 00014938 000 341 43063.8295872685
24.11.2017 19:54:36 +00.03921E+00  0461 008251 -1 00014971 00014938 000 343 43063.82959125
24.11.2017 19:54:37 +00.03921E+00  0469 008251 -1 00014972 00014938 000 379 43063.8295956366
24.11.2017 19:54:37 +00.03921E+00  0490 008251 -1 00014973 00014938 000 344 43063.8295996181
24.11.2017 19:54:37 +00.03920E+00  0507 008251 -1 00014974 00014938 000 343 43063.8296035995
24.11.2017 19:54:38 +00.03921E+00  0518 008251 -1 00014975 00014938 000 343 43063.8296075694
24.11.2017 19:54:38 +00.03921E+00  0529 008251 -1 00014976 00014938 000 374 43063.8296118981
24.11.2017 19:54:38 +00.03921E+00  0547 008251 -1 00014977 00014938 000 343 43063.8296158681
24.11.2017 19:54:39 +00.03921E+00  0559 008251 -1 00014978 00014938 000 343 43063.829619838
24.11.2017 19:54:39 +00.03921E+00  0573 008251 -1 00014979 00014938 000 342 43063.8296238079
24.11.2017 19:54:39 +00.03921E+00  0583 008251 -1 00014980 00014938 000 376 43063.8296281597
24.11.2017 19:54:40 +00.03921E+00  0599 008251 -1 00014981 00014938 000 342 43063.8296321181
24.11.2017 19:54:40 +00.03921E+00  0612 008251 -1 00014982 00014938 000 343 43063.829636088
24.11.2017 19:54:40 +00.03921E+00  0619 008249 -1 00014983 00014938 000 343 43063.8296400579
24.11.2017 19:54:41 +00.03920E+00  0630 008249 -1 00014984 00014938 000 377 43063.8296444213
24.11.2017 19:54:41 +00.03920E+00  0645 008249 -1 00014985 00014938 000 341 43063.8296483681
24.11.2017 19:54:41 +00.03920E+00  0666 008249 -1 00014986 00014938 000 343 43063.829652338
24.11.2017 19:54:42 +00.03920E+00  0686 008249 -1 00014987 00014938 000 343 43063.8296563079
24.11.2017 19:54:42 +00.03920E+00  0700 008249 -1 00014988 00014938 000 378 43063.8296606829
24.11.2017 19:54:43 +00.03920E+00  0718 008249 -1 00014989 00014938 000 341 43063.8296646296
24.11.2017 19:54:43 +00.03920E+00  0734 008249 -1 00014990 00014938 000 342 43063.829668588
24.11.2017 19:54:43 +00.03920E+00  0748 008249 -1 00014991 00014938 000 343 43063.8296725579
24.11.2017 19:54:44 +00.03919E+00  0758 008249 -1 00014992 00014938 000 379 43063.8296769444
24.11.2017 19:54:44 +00.03920E+00  0768 008249 -1 00014993 00014938 000 345 43063.8296809375
24.11.2017 19:54:44 +00.03920E+00  0779 008249 -1 00014994 00014938 000 343 43063.8296849074
24.11.2017 19:54:45 +00.03920E+00  0785 008249 -1 00014995 00014938 000 343 43063.8296888773
24.11.2017 19:54:45 +00.03920E+00  0798 008249 -1 00014996 00014938 000 374 43063.829693206
24.11.2017 19:54:45 +00.03920E+00  0816 008249 -1 00014997 00014938 000 344 43063.8296971875
24.11.2017 19:54:46 +00.03920E+00  0827 008249 -1 00014998 00014938 000 343 43063.8297011574
24.11.2017 19:54:46 +00.03920E+00  0840 008249 -1 00014999 00014938 000 343 43063.8297051273
24.11.2017 19:54:46 +00.03920E+00  0854 008249 -1 00015000 00014938 000 375 43063.8297094676
24.11.2017 19:54:47 +00.03920E+00  0873 008249 -1 00015001 00014938 000 343 43063.8297134375
24.11.2017 19:54:47 +00.03920E+00  0886 008249 -1 00015002 00014938 000 342 43063.8297173958
24.11.2017 19:54:47 +00.03920E+00  0900 008249 -1 00015003 00014938 000 343 43063.8297213773
24.11.2017 19:54:48 +00.03920E+00  0911 008249 -1 00015004 00014938 000 376 43063.8297257292
24.11.2017 19:54:48 +00.03920E+00  0926 008249 -1 00015005 00014938 000 341 43063.8297296759
24.11.2017 19:54:48 +00.03920E+00  0945 008249 -1 00015006 00014938 000 343 43063.8297336458
24.11.2017 19:54:49 +00.03920E+00  0967 008249 -1 00015007 00014938 000 343 43063.8297376157
24.11.2017 19:54:49 +00.03920E+00  0989 008249 -1 00015008 00014938 000 378 43063.8297419907
24.11.2017 19:54:50 +00.03920E+00  1009 008249 -1 00015009 00014938 000 341 43063.8297459375
24.11.2017 19:54:50 +00.03920E+00  1022 008249 -1 00015010 00014938 000 342 43063.8297498958
24.11.2017 19:54:50 +00.03920E+00  1033 008249 -1 00015011 00014938 000 343 43063.8297538657
24.11.2017 19:54:51 +00.03920E+00  1047 008249 -1 00015012 00014938 000 379 43063.8297582523
24.11.2017 19:54:51 +00.03920E+00  1066 008249 -1 00015013 00014938 000 340 43063.8297621875
24.11.2017 19:54:51 +00.03920E+00  1081 008249 -1 00015014 00014938 000 342 43063.8297661458
24.11.2017 19:54:52 +00.03920E+00  1096 008249 -1 00015015 00014938 000 343 43063.8297701157
24.11.2017 19:54:52 +00.03919E+00  1110 008249 -1 00015016 00014938 000 380 43063.8297745139
24.11.2017 19:54:52 +00.03919E+00  1128 008249 -1 00015017 00014938 000 344 43063.8297784954
24.11.2017 19:54:53 +00.03920E+00  1144 008249 -1 00015018 00014938 000 343 43063.8297824653
24.11.2017 19:54:53 +00.03920E+00  1157 008249 -1 00015019 00014938 000 343 43063.8297864352
24.11.2017 19:54:53 +00.03920E+00  1172 008249 -1 00015020 00014938 000 375 43063.8297907755
24.11.2017 19:54:54 +00.03920E+00  1191 008249 -1 00015021 00014938 000 343 43063.8297947454
24.11.2017 19:54:54 +00.03920E+00  1202 008249 -1 00015022 00014938 000 343 43063.8297987153
24.11.2017 19:54:54 +00.03920E+00  1216 008249 -1 00015023 00014938 000 343 43063.8298026852
24.11.2017 19:55:00 +00.03900E+00  0015 008208 -1 00015024 00015024 000 343 43063.8298674306
24.11.2017 19:55:00 +00.03900E+00  0028 008208 -1 00015025 00015024 000 402 43063.8298720833
24.11.2017 19:55:01 +00.03900E+00  0055 008208 -1 00015026 00015024 000 340 43063.8298760185
24.11.2017 19:55:01 +00.03900E+00  0070 008208 -1 00015027 00015024 000 343 43063.8298799884
24.11.2017 19:55:01 +00.03900E+00  0086 008208 -1 00015028 00015024 000 344 43063.8298839699
24.11.2017 19:55:02 +00.03900E+00  0099 008208 -1 00015029 00015024 000 378 43063.8298883449
24.11.2017 19:55:02 +00.03900E+00  0109 008208 -1 00015030 00015024 000 340 43063.8298922801
24.11.2017 19:55:03 +00.03900E+00  0126 008208 -1 00015031 00015024 000 342 43063.8298962384
24.11.2017 19:55:03 +00.03900E+00  0138 008208 -1 00015032 00015024 000 343 43063.8299002083
24.11.2017 19:55:03 +00.03900E+00  0149 008208 -1 00015033 00015024 000 380 43063.8299046065
24.11.2017 19:55:04 +00.03900E+00  0157 008208 -1 00015034 00015024 000 344 43063.829908588
24.11.2017 19:55:04 +00.03900E+00  0171 008208 -1 00015035 00015024 000 343 43063.8299125579
24.11.2017 19:55:04 +00.03900E+00  0188 008208 -1 00015036 00015024 000 343 43063.8299165278
24.11.2017 19:55:05 +00.03900E+00  0194 008208 -1 00015037 00015024 000 374 43063.8299208681
24.11.2017 19:55:05 +00.03900E+00  0214 008208 -1 00015038 00015024 000 343 43063.829924838
24.11.2017 19:55:05 +00.03900E+00  0228 008208 -1 00015039 00015024 000 343 43063.8299288079
24.11.2017 19:55:06 +00.03900E+00  0236 008208 -1 00015040 00015024 000 343 43063.8299327778
24.11.2017 19:55:06 +00.03900E+00  0255 008208 -1 00015041 00015024 000 376 43063.8299371296
24.11.2017 19:55:06 +00.03900E+00  0274 008208 -1 00015042 00015024 000 342 43063.829941088
24.11.2017 19:55:07 +00.03900E+00  0289 008208 -1 00015043 00015024 000 343 43063.8299450579
24.11.2017 19:55:07 +00.03900E+00  0303 008208 -1 00015044 00015024 000 343 43063.8299490278
24.11.2017 19:55:07 +00.03900E+00  0310 008208 -1 00015045 00015024 000 377 43063.8299533912
24.11.2017 19:55:08 +00.03900E+00  0332 008208 -1 00015046 00015024 000 341 43063.829957338
24.11.2017 19:55:08 +00.03900E+00  0345 008208 -1 00015047 00015024 000 343 43063.8299613079
24.11.2017 19:55:09 +00.03900E+00  0354 008208 -1 00015048 00015024 000 343 43063.8299652778
24.11.2017 19:55:09 +00.03900E+00  0374 008208 -1 00015049 00015024 000 378 43063.8299696528
24.11.2017 19:55:09 +00.03900E+00  0389 008208 -1 00015050 00015024 000 341 43063.8299735995
24.11.2017 19:55:10 +00.03900E+00  0412 008208 -1 00015051 00015024 000 341 43063.8299775463
24.11.2017 19:55:10 +00.03900E+00  0431 008208 -1 00015052 00015024 000 343 43063.8299815278
24.11.2017 19:55:10 +00.03900E+00  0455 008208 -1 00015053 00015024 000 379 43063.8299859144
24.11.2017 19:55:11 +00.03900E+00  0485 008208 -1 00015054 00015024 000 345 43063.8299899074
24.11.2017 19:55:11 +00.03900E+00  0501 008208 -1 00015055 00015024 000 343 43063.8299938773
24.11.2017 19:55:11 +00.03900E+00  0511 008208 -1 00015056 00015024 000 343 43063.8299978472
24.11.2017 19:55:12 +00.03900E+00  0521 008208 -1 00015057 00015024 000 375 43063.8300021875
24.11.2017 19:55:12 +00.03900E+00  0535 008208 -1 00015058 00015024 000 342 43063.8300061458
24.11.2017 19:55:12 +00.03900E+00  0551 008208 -1 00015059 00015024 000 344 43063.8300101273
24.11.2017 19:55:13 +00.03900E+00  0563 008208 -1 00015060 00015024 000 343 43063.8300140972
24.11.2017 19:55:13 +00.03900E+00  0574 008208 -1 00015061 00015024 000 375 43063.8300184375
24.11.2017 19:55:13 +00.03900E+00  0588 008208 -1 00015062 00015024 000 341 43063.8300223958
24.11.2017 19:55:14 +00.03900E+00  0607 008208 -1 00015063 00015024 000 343 43063.8300263657
24.11.2017 19:55:14 +00.03900E+00  0623 008208 -1 00015064 00015024 000 343 43063.8300303356
24.11.2017 19:55:14 +00.03900E+00  0635 008208 -1 00015065 00015024 000 377 43063.8300346991
24.11.2017 19:55:15 +00.03900E+00  0653 008208 -1 00015066 00015024 000 341 43063.8300386458
24.11.2017 19:55:15 +00.03900E+00  0671 008208 -1 00015067 00015024 000 343 43063.8300426157
24.11.2017 19:55:16 +00.03900E+00  0684 008208 -1 00015068 00015024 000 343 43063.8300465856
24.11.2017 19:55:16 +00.03900E+00  0696 008208 -1 00015069 00015024 000 378 43063.8300509606
24.11.2017 19:55:16 +00.03900E+00  0715 008208 -1 00015070 00015024 000 340 43063.8300548958
24.11.2017 19:55:17 +00.03900E+00  0735 008208 -1 00015071 00015024 000 342 43063.8300588657
24.11.2017 19:55:17 +00.03900E+00  0748 008208 -1 00015072 00015024 000 343 43063.8300628356
24.11.2017 19:55:17 +00.03900E+00  0763 008208 -1 00015073 00015024 000 380 43063.8300672338
24.11.2017 19:55:18 +00.03900E+00  0774 008208 -1 00015074 00015024 000 344 43063.8300712153
24.11.2017 19:55:18 +00.03900E+00  0785 008208 -1 00015075 00015024 000 343 43063.8300751852
24.11.2017 19:55:18 +00.03900E+00  0802 008208 -1 00015076 00015024 000 343 43063.8300791551
24.11.2017 19:55:19 +00.03900E+00  0818 008208 -1 00015077 00015024 000 375 43063.8300834954
24.11.2017 19:55:19 +00.03900E+00  0829 008208 -1 00015078 00015024 000 343 43063.8300874653
24.11.2017 19:55:19 +00.03900E+00  0843 008208 -1 00015079 00015024 000 343 43063.8300914352
24.11.2017 19:55:20 +00.03900E+00  0860 008208 -1 00015080 00015024 000 343 43063.8300954051
24.11.2017 19:55:20 +00.03900E+00  0878 008208 -1 00015081 00015024 000 376 43063.8300997569
24.11.2017 19:55:20 +00.03900E+00  0892 008208 -1 00015082 00015024 000 341 43063.8301037037
24.11.2017 19:55:21 +00.03901E+00  0905 008208 -1 00015083 00015024 000 342 43063.8301076736
24.11.2017 19:55:21 +00.03900E+00  0922 008208 -1 00015084 00015024 000 344 43063.8301116551
24.11.2017 19:55:22 +00.03900E+00  0939 008208 -1 00015085 00015024 000 376 43063.8301160069
24.11.2017 19:55:22 +00.03900E+00  0956 008208 -1 00015086 00015024 000 341 43063.8301199653
24.11.2017 19:55:22 +00.03901E+00  0971 008208 -1 00015087 00015024 000 342 43063.8301239236
24.11.2017 19:55:23 +00.03900E+00  0993 008208 -1 00015088 00015024 000 343 43063.8301278935
24.11.2017 19:55:23 +00.03900E+00  1006 008208 -1 00015089 00015024 000 379 43063.8301322801
24.11.2017 19:55:23 +00.03900E+00  1014 008208 -1 00015090 00015024 000 340 43063.8301362153
24.11.2017 19:55:24 +00.03900E+00  1028 008208 -1 00015091 00015024 000 342 43063.8301401736
24.11.2017 19:55:24 +00.03900E+00  1044 008208 -1 00015092 00015024 000 343 43063.8301441435
24.11.2017 19:55:24 +00.03900E+00  1055 008208 -1 00015093 00015024 000 379 43063.8301485301
24.11.2017 19:55:25 +00.03900E+00  1069 008208 -1 00015094 00015024 000 340 43063.8301524653
24.11.2017 19:55:25 +00.03900E+00  1080 008208 -1 00015095 00015024 000 342 43063.8301564236
24.11.2017 19:55:25 +00.03900E+00  1091 008208 -1 00015096 00015024 000 344 43063.8301604051
24.11.2017 19:55:26 +00.03900E+00  1107 008208 -1 00015097 00015024 000 380 43063.8301648032
24.11.2017 19:55:26 +00.03900E+00  1124 008208 -1 00015098 00015024 000 343 43063.8301687732
24.11.2017 19:55:26 +00.03900E+00  1137 008208 -1 00015099 00015024 000 343 43063.8301727431
24.11.2017 19:55:27 +00.03900E+00  1151 008208 -1 00015100 00015024 000 343 43063.830176713
24.11.2017 19:55:27 +00.03900E+00  1157 008208 -1 00015101 00015024 000 376 43063.8301810648
24.11.2017 19:55:27 +00.03900E+00  1172 008208 -1 00015102 00015024 000 342 43063.8301850232
24.11.2017 19:55:28 +00.03900E+00  1185 008208 -1 00015103 00015024 000 343 43063.8301889931
24.11.2017 19:55:28 +00.03900E+00  1200 008208 -1 00015104 00015024 000 343 43063.830192963
24.11.2017 19:55:29 +00.03900E+00  1214 008208 -1 00015105 00015024 000 377 43063.8301973264
24.11.2017 19:55:29 +00.03900E+00  1228 008208 -1 00015106 00015024 000 340 43063.8302012616
24.11.2017 19:55:29 +00.03900E+00  1244 008208 -1 00015107 00015024 000 343 43063.8302052315
24.11.2017 19:55:30 +00.03900E+00  1260 008208 -1 00015108 00015024 000 342 43063.8302092014
24.11.2017 19:55:35 +00.03881E+00  0013 008167 -1 00015109 00015109 000 343 43063.8302740278
24.11.2017 19:55:36 +00.03880E+00  0026 008167 -1 00015110 00015109 000 397 43063.8302786227
24.11.2017 19:55:36 +00.03881E+00  0045 008167 -1 00015111 00015109 000 344 43063.8302826157
24.11.2017 19:55:36 +00.03880E+00  0054 008167 -1 00015112 00015109 000 344 43063.8302865972
24.11.2017 19:55:37 +00.03881E+00  0071 008167 -1 00015113 00015109 000 342 43063.8302905556
24.11.2017 19:55:37 +00.03880E+00  0094 008167 -1 00015114 00015109 000 374 43063.8302948958
24.11.2017 19:55:37 +00.03881E+00  0111 008167 -1 00015115 00015109 000 343 43063.8302988657
24.11.2017 19:55:38 +00.03881E+00  0132 008167 -1 00015116 00015109 000 343 43063.8303028356
24.11.2017 19:55:38 +00.03880E+00  0146 008167 -1 00015117 00015109 000 342 43063.8303068056
24.11.2017 19:55:38 +00.03880E+00  0158 008167 -1 00015118 00015109 000 374 43063.8303111458
24.11.2017 19:55:39 +00.03881E+00  0177 008167 -1 00015119 00015109 000 343 43063.8303151157
24.11.2017 19:55:39 +00.03881E+00  0193 008167 -1 00015120 00015109 000 343 43063.8303190856
24.11.2017 19:55:39 +00.03880E+00  0209 008167 -1 00015121 00015109 000 343 43063.8303230556
24.11.2017 19:55:40 +00.03880E+00  0223 008167 -1 00015122 00015109 000 377 43063.830327419
24.11.2017 19:55:40 +00.03880E+00  0230 008167 -1 00015123 00015109 000 341 43063.8303313657
24.11.2017 19:55:40 +00.03880E+00  0239 008167 -1 00015124 00015109 000 343 43063.8303353356
24.11.2017 19:55:41 +00.03880E+00  0249 008167 -1 00015125 00015109 000 343 43063.8303393056
24.11.2017 19:55:41 +00.03880E+00  0264 008167 -1 00015126 00015109 000 378 43063.8303436806
24.11.2017 19:55:42 +00.03880E+00  0276 008167 -1 00015127 00015109 000 340 43063.8303476157
24.11.2017 19:55:42 +00.03880E+00  0290 008167 -1 00015128 00015109 000 342 43063.8303515856
24.11.2017 19:55:42 +00.03880E+00  0299 008167 -1 00015129 00015109 000 343 43063.8303555556
24.11.2017 19:55:43 +00.03880E+00  0312 008167 -1 00015130 00015109 000 379 43063.8303599421
24.11.2017 19:55:43 +00.03881E+00  0331 008167 -1 00015131 00015109 000 345 43063.8303639352
24.11.2017 19:55:43 +00.03880E+00  0354 008167 -1 00015132 00015109 000 343 43063.8303679051
24.11.2017 19:55:44 +00.03880E+00  0371 008167 -1 00015133 00015109 000 343 43063.830371875
24.11.2017 19:55:44 +00.03880E+00  0394 008167 -1 00015134 00015109 000 374 43063.8303762037
24.11.2017 19:55:44 +00.03880E+00  0407 008167 -1 00015135 00015109 000 344 43063.8303801852
24.11.2017 19:55:45 +00.03880E+00  0422 008167 -1 00015136 00015109 000 343 43063.8303841551
24.11.2017 19:55:45 +00.03881E+00  0440 008167 -1 00015137 00015109 000 343 43063.830388125
24.11.2017 19:55:45 +00.03880E+00  0455 008165 -1 00015138 00015109 000 375 43063.8303924653
24.11.2017 19:55:46 +00.03880E+00  0465 008165 -1 00015139 00015109 000 342 43063.8303964236
24.11.2017 19:55:46 +00.03880E+00  0485 008165 -1 00015140 00015109 000 343 43063.8304003935
24.11.2017 19:55:46 +00.03880E+00  0491 008165 -1 00015141 00015109 000 343 43063.8304043634
24.11.2017 19:55:47 +00.03880E+00  0508 008165 -1 00015142 00015109 000 377 43063.8304087269
24.11.2017 19:55:47 +00.03880E+00  0524 008165 -1 00015143 00015109 000 342 43063.8304126852
24.11.2017 19:55:47 +00.03879E+00  0532 008165 -1 00015144 00015109 000 342 43063.8304166435
24.11.2017 19:55:48 +00.03879E+00  0541 008165 -1 00015145 00015109 000 343 43063.8304206134
24.11.2017 19:55:48 +00.03879E+00  0551 008165 -1 00015146 00015109 000 378 43063.8304249884
24.11.2017 19:55:49 +00.03880E+00  0564 008165 -1 00015147 00015109 000 341 43063.8304289352
24.11.2017 19:55:49 +00.03880E+00  0579 008165 -1 00015148 00015109 000 342 43063.8304328935
24.11.2017 19:55:49 +00.03880E+00  0588 008165 -1 00015149 00015109 000 343 43063.8304368634
24.11.2017 19:55:50 +00.03880E+00  0600 008165 -1 00015150 00015109 000 379 43063.83044125
24.11.2017 19:55:50 +00.03880E+00  0619 008165 -1 00015151 00015109 000 340 43063.8304451852
24.11.2017 19:55:50 +00.03880E+00  0629 008165 -1 00015152 00015109 000 341 43063.8304491435
24.11.2017 19:55:51 +00.03880E+00  0648 008165 -1 00015153 00015109 000 343 43063.8304531134
24.11.2017 19:55:51 +00.03880E+00  0660 008165 -1 00015154 00015109 000 380 43063.8304575116
24.11.2017 19:55:51 +00.03879E+00  0672 008165 -1 00015155 00015109 000 344 43063.8304614931
24.11.2017 19:55:52 +00.03879E+00  0689 008165 -1 00015156 00015109 000 343 43063.830465463
24.11.2017 19:55:52 +00.03880E+00  0701 008165 -1 00015157 00015109 000 343 43063.8304694329
24.11.2017 19:55:52 +00.03880E+00  0713 008165 -1 00015158 00015109 000 375 43063.8304737731
24.11.2017 19:55:53 +00.03879E+00  0728 008165 -1 00015159 00015109 000 343 43063.8304777431
24.11.2017 19:55:53 +00.03880E+00  0743 008165 -1 00015160 00015109 000 343 43063.830481713
24.11.2017 19:55:53 +00.03879E+00  0763 008165 -1 00015161 00015109 000 343 43063.8304856829
24.11.2017 19:55:54 +00.03879E+00  0774 008165 -1 00015162 00015109 000 376 43063.8304900347
24.11.2017 19:55:54 +00.03880E+00  0788 008165 -1 00015163 00015109 000 341 43063.8304939815
24.11.2017 19:55:55 +00.03879E+00  0801 008165 -1 00015164 00015109 000 343 43063.8304979514
24.11.2017 19:55:55 +00.03879E+00  0812 008165 -1 00015165 00015109 000 343 43063.8305019329
24.11.2017 19:55:55 +00.03880E+00  0826 008165 -1 00015166 00015109 000 377 43063.8305062963
24.11.2017 19:55:56 +00.03879E+00  0850 008165 -1 00015167 00015109 000 340 43063.8305102315
24.11.2017 19:55:56 +00.03879E+00  0862 008167 -1 00015168 00015109 000 342 43063.8305142014
24.11.2017 19:55:56 +00.03880E+00  0881 008167 -1 00015169 00015109 000 343 43063.8305181713
24.11.2017 19:55:57 +00.03880E+00  0899 008167 -1 00015170 00015109 000 379 43063.8305225579
24.11.2017 19:55:57 +00.03880E+00  0915 008167 -1 00015171 00015109 000 344 43063.8305265509
24.11.2017 19:55:57 +00.03881E+00  0934 008167 -1 00015172 00015109 000 343 43063.8305305208
24.11.2017 19:55:58 +00.03881E+00  0949 008167 -1 00015173 00015109 000 343 43063.8305344907
24.11.2017 19:55:58 +00.03881E+00  0964 008167 -1 00015174 00015109 000 373 43063.8305388194
24.11.2017 19:55:58 +00.03881E+00  0980 008167 -1 00015175 00015109 000 344 43063.8305428009
24.11.2017 19:55:59 +00.03880E+00  0992 008167 -1 00015176 00015109 000 343 43063.8305467708
24.11.2017 19:55:59 +00.03880E+00  1003 008167 -1 00015177 00015109 000 343 43063.8305507407
24.11.2017 19:55:59 +00.03880E+00  1014 008167 -1 00015178 00015109 000 375 43063.830555081
24.11.2017 19:56:00 +00.03880E+00  1032 008167 -1 00015179 00015109 000 343 43063.8305590509
24.11.2017 19:56:00 +00.03880E+00  1048 008167 -1 00015180 00015109 000 343 43063.8305630208
24.11.2017 19:56:00 +00.03880E+00  1062 008167 -1 00015181 00015109 000 342 43063.8305669907
24.11.2017 19:56:01 +00.03880E+00  1072 008167 -1 00015182 00015109 000 376 43063.8305713426
24.11.2017 19:56:01 +00.03880E+00  1079 008167 -1 00015183 00015109 000 342 43063.8305753009
24.11.2017 19:56:02 +00.03880E+00  1094 008167 -1 00015184 00015109 000 343 43063.8305792708
24.11.2017 19:56:02 +00.03880E+00  1111 008167 -1 00015185 00015109 000 343 43063.8305832407
24.11.2017 19:56:02 +00.03880E+00  1136 008167 -1 00015186 00015109 000 377 43063.8305876042
24.11.2017 19:56:03 +00.03880E+00  1150 008167 -1 00015187 00015109 000 340 43063.8305915394
24.11.2017 19:56:03 +00.03881E+00  1166 008167 -1 00015188 00015109 000 343 43063.8305955093
24.11.2017 19:56:03 +00.03880E+00  1178 008167 -1 00015189 00015109 000 343 43063.8305994907
24.11.2017 19:56:04 +00.03880E+00  1195 008167 -1 00015190 00015109 000 378 43063.8306038657
24.11.2017 19:56:04 +00.03880E+00  1208 008167 -1 00015191 00015109 000 341 43063.8306078125
24.11.2017 19:56:04 +00.03881E+00  1221 008167 -1 00015192 00015109 000 341 43063.8306117593
24.11.2017 19:56:05 +00.03880E+00  1235 008167 -1 00015193 00015109 000 343 43063.8306157292
24.11.2017 19:56:05 +00.03881E+00  1248 008167 -1 00015194 00015109 000 380 43063.8306201273
24.11.2017 19:56:10 +00.03861E+00  0014 008127 -1 00015195 00015195 000 343 43063.8306805324
24.11.2017 19:56:11 +00.03861E+00  0029 008127 -1 00015196 00015195 000 401 43063.8306851736
24.11.2017 19:56:11 +00.03861E+00  0040 008127 -1 00015197 00015195 000 342 43063.8306891319
24.11.2017 19:56:11 +00.03861E+00  0049 008127 -1 00015198 00015195 000 343 43063.8306931019
24.11.2017 19:56:12 +00.03861E+00  0067 008127 -1 00015199 00015195 000 343 43063.8306970718
24.11.2017 19:56:12 +00.03861E+00  0079 008127 -1 00015200 00015195 000 377 43063.8307014352
24.11.2017 19:56:12 +00.03861E+00  0091 008127 -1 00015201 00015195 000 341 43063.8307053819
24.11.2017 19:56:13 +00.03861E+00  0105 008127 -1 00015202 00015195 000 343 43063.8307093519
24.11.2017 19:56:13 +00.03862E+00  0120 008127 -1 00015203 00015195 000 343 43063.8307133218
24.11.2017 19:56:14 +00.03861E+00  0145 008127 -1 00015204 00015195 000 378 43063.8307176968
24.11.2017 19:56:14 +00.03861E+00  0170 008127 -1 00015205 00015195 000 340 43063.8307216319
24.11.2017 19:56:14 +00.03862E+00  0192 008127 -1 00015206 00015195 000 343 43063.8307256019
24.11.2017 19:56:15 +00.03861E+00  0202 008127 -1 00015207 00015195 000 343 43063.8307295718
24.11.2017 19:56:15 +00.03862E+00  0218 008127 -1 00015208 00015195 000 380 43063.8307339699
24.11.2017 19:56:15 +00.03861E+00  0236 008127 -1 00015209 00015195 000 344 43063.8307379514
24.11.2017 19:56:16 +00.03862E+00  0250 008125 -1 00015210 00015195 000 343 43063.8307419213
24.11.2017 19:56:16 +00.03861E+00  0266 008125 -1 00015211 00015195 000 343 43063.8307458912
24.11.2017 19:56:16 +00.03861E+00  0282 008125 -1 00015212 00015195 000 374 43063.8307502199
24.11.2017 19:56:17 +00.03861E+00  0295 008125 -1 00015213 00015195 000 344 43063.8307542014
24.11.2017 19:56:17 +00.03860E+00  0311 008125 -1 00015214 00015195 000 342 43063.8307581597
24.11.2017 19:56:17 +00.03860E+00  0323 008125 -1 00015215 00015195 000 344 43063.8307621412
24.11.2017 19:56:18 +00.03860E+00  0336 008125 -1 00015216 00015195 000 375 43063.8307664815
24.11.2017 19:56:18 +00.03860E+00  0348 008125 -1 00015217 00015195 000 342 43063.8307704398
24.11.2017 19:56:18 +00.03861E+00  0365 008125 -1 00015218 00015195 000 343 43063.8307744097
24.11.2017 19:56:19 +00.03860E+00  0381 008125 -1 00015219 00015195 000 342 43063.8307783796
24.11.2017 19:56:19 +00.03860E+00  0392 008125 -1 00015220 00015195 000 377 43063.8307827431
24.11.2017 19:56:19 +00.03860E+00  0411 008125 -1 00015221 00015195 000 340 43063.8307866898
24.11.2017 19:56:20 +00.03861E+00  0417 008125 -1 00015222 00015195 000 343 43063.8307906597
24.11.2017 19:56:20 +00.03861E+00  0431 008125 -1 00015223 00015195 000 343 43063.8307946296
24.11.2017 19:56:21 +00.03861E+00  0450 008125 -1 00015224 00015195 000 378 43063.8307990046
24.11.2017 19:56:21 +00.03860E+00  0469 008123 -1 00015225 00015195 000 340 43063.8308029398
24.11.2017 19:56:21 +00.03860E+00  0483 008123 -1 00015226 00015195 000 343 43063.8308069097
24.11.2017 19:56:22 +00.03860E+00  0493 008123 -1 00015227 00015195 000 343 43063.8308108796
24.11.2017 19:56:22 +00.03860E+00  0501 008123 -1 00015228 00015195 000 380 43063.8308152778
24.11.2017 19:56:22 +00.03860E+00  0512 008123 -1 00015229 00015195 000 344 43063.8308192593
24.11.2017 19:56:23 +00.03860E+00  0528 008123 -1 00015230 00015195 000 343 43063.8308232292
24.11.2017 19:56:23 +00.03860E+00  0544 008123 -1 00015231 00015195 000 343 43063.8308271991
24.11.2017 19:56:23 +00.03859E+00  0558 008123 -1 00015232 00015195 000 376 43063.8308315509
24.11.2017 19:56:24 +00.03859E+00  0565 008123 -1 00015233 00015195 000 342 43063.8308355093
24.11.2017 19:56:24 +00.03860E+00  0581 008123 -1 00015234 00015195 000 343 43063.8308394792
24.11.2017 19:56:24 +00.03859E+00  0602 008123 -1 00015235 00015195 000 343 43063.8308434491
24.11.2017 19:56:25 +00.03860E+00  0629 008123 -1 00015236 00015195 000 375 43063.8308477894
24.11.2017 19:56:25 +00.03860E+00  0642 008123 -1 00015237 00015195 000 342 43063.8308517477
24.11.2017 19:56:25 +00.03860E+00  0656 008123 -1 00015238 00015195 000 342 43063.8308557176
24.11.2017 19:56:26 +00.03859E+00  0664 008123 -1 00015239 00015195 000 344 43063.8308596991
24.11.2017 19:56:26 +00.03860E+00  0673 008125 -1 00015240 00015195 000 377 43063.8308640625
24.11.2017 19:56:26 +00.03860E+00  0687 008125 -1 00015241 00015195 000 340 43063.8308679977
24.11.2017 19:56:27 +00.03860E+00  0702 008125 -1 00015242 00015195 000 343 43063.8308719676
24.11.2017 19:56:27 +00.03860E+00  0718 008125 -1 00015243 00015195 000 343 43063.8308759375
24.11.2017 19:56:28 +00.03860E+00  0734 008125 -1 00015244 00015195 000 379 43063.8308803241
24.11.2017 19:56:28 +00.03860E+00  0748 008125 -1 00015245 00015195 000 341 43063.8308842708
24.11.2017 19:56:28 +00.03860E+00  0767 008125 -1 00015246 00015195 000 341 43063.8308882176
24.11.2017 19:56:29 +00.03861E+00  0786 008125 -1 00015247 00015195 000 343 43063.8308921875
24.11.2017 19:56:29 +00.03861E+00  0790 008125 -1 00015248 00015195 000 379 43063.8308965741
24.11.2017 19:56:29 +00.03861E+00  0802 008125 -1 00015249 00015195 000 340 43063.8309005093
24.11.2017 19:56:30 +00.03861E+00  0821 008125 -1 00015250 00015195 000 342 43063.8309044676
24.11.2017 19:56:30 +00.03860E+00  0838 008125 -1 00015251 00015195 000 343 43063.8309084375
24.11.2017 19:56:30 +00.03860E+00  0851 008125 -1 00015252 00015195 000 381 43063.8309128472
24.11.2017 19:56:31 +00.03861E+00  0865 008125 -1 00015253 00015195 000 343 43063.8309168171
24.11.2017 19:56:31 +00.03860E+00  0881 008123 -1 00015254 00015195 000 343 43063.830920787
24.11.2017 19:56:31 +00.03860E+00  0907 008123 -1 00015255 00015195 000 343 43063.8309247569
24.11.2017 19:56:32 +00.03860E+00  0923 008123 -1 00015256 00015195 000 376 43063.8309291088
24.11.2017 19:56:32 +00.03860E+00  0938 008123 -1 00015257 00015195 000 342 43063.8309330671
24.11.2017 19:56:32 +00.03859E+00  0948 008123 -1 00015258 00015195 000 343 43063.830937037
24.11.2017 19:56:33 +00.03860E+00  0960 008123 -1 00015259 00015195 000 343 43063.8309410069
24.11.2017 19:56:33 +00.03859E+00  0968 008123 -1 00015260 00015195 000 377 43063.8309453704
24.11.2017 19:56:34 +00.03859E+00  0990 008123 -1 00015261 00015195 000 340 43063.8309493056
24.11.2017 19:56:34 +00.03860E+00  1000 008123 -1 00015262 00015195 000 343 43063.830953287
24.11.2017 19:56:34 +00.03859E+00  1012 008123 -1 00015263 00015195 000 343 43063.8309572569
24.11.2017 19:56:35 +00.03860E+00  1029 008123 -1 00015264 00015195 000 378 43063.8309616319
24.11.2017 19:56:35 +00.03859E+00  1037 008123 -1 00015265 00015195 000 340 43063.8309655671
24.11.2017 19:56:35 +00.03860E+00  1047 008123 -1 00015266 00015195 000 342 43063.8309695255
24.11.2017 19:56:36 +00.03860E+00  1061 008123 -1 00015267 00015195 000 343 43063.8309734954
24.11.2017 19:56:36 +00.03860E+00  1083 008123 -1 00015268 00015195 000 379 43063.8309778819
24.11.2017 19:56:36 +00.03859E+00  1099 008123 -1 00015269 00015195 000 344 43063.830981875
24.11.2017 19:56:37 +00.03859E+00  1116 008123 -1 00015270 00015195 000 342 43063.8309858449
24.11.2017 19:56:37 +00.03859E+00  1138 008123 -1 00015271 00015195 000 343 43063.8309898264
24.11.2017 19:56:37 +00.03860E+00  1151 008123 -1 00015272 00015195 000 374 43063.8309941551
24.11.2017 19:56:38 +00.03859E+00  1167 008123 -1 00015273 00015195 000 343 43063.830998125
24.11.2017 19:56:38 +00.03860E+00  1178 008123 -1 00015274 00015195 000 343 43063.8310020949
24.11.2017 19:56:38 +00.03859E+00  1190 008123 -1 00015275 00015195 000 342 43063.8310060532
24.11.2017 19:56:39 +00.03859E+00  1207 008123 -1 00015276 00015195 000 376 43063.8310104051
24.11.2017 19:56:39 +00.03859E+00  1224 008123 -1 00015277 00015195 000 342 43063.831014375
24.11.2017 19:56:39 +00.03860E+00  1239 008123 -1 00015278 00015195 000 343 43063.8310183449
24.11.2017 19:56:40 +00.03859E+00  1249 008123 -1 00015279 00015195 000 344 43063.8310223264
24.11.2017 19:56:40 +00.03859E+00  1257 008123 -1 00015280 00015195 000 376 43063.8310266782
24.11.2017 19:56:46 +00.03840E+00  0015 008082 -1 00015281 00015281 000 378 43063.8310917245
24.11.2017 19:56:46 +00.03840E+00  0032 008082 -1 00015282 00015281 000 340 43063.8310956597
24.11.2017 19:56:47 +00.03840E+00  0054 008082 -1 00015283 00015281 000 343 43063.8310996296
24.11.2017 19:56:47 +00.03840E+00  0067 008082 -1 00015284 00015281 000 343 43063.8311035995
24.11.2017 19:56:47 +00.03840E+00  0082 008082 -1 00015285 00015281 000 379 43063.8311079861
24.11.2017 19:56:48 +00.03840E+00  0092 008082 -1 00015286 00015281 000 345 43063.8311119792
24.11.2017 19:56:48 +00.03840E+00  0109 008082 -1 00015287 00015281 000 343 43063.8311159491
24.11.2017 19:56:48 +00.03840E+00  0125 008082 -1 00015288 00015281 000 343 43063.831119919
24.11.2017 19:56:49 +00.03840E+00  0135 008082 -1 00015289 00015281 000 374 43063.8311242477
24.11.2017 19:56:49 +00.03840E+00  0157 008082 -1 00015290 00015281 000 344 43063.8311282292
24.11.2017 19:56:49 +00.03840E+00  0167 008082 -1 00015291 00015281 000 343 43063.8311321991
24.11.2017 19:56:50 +00.03840E+00  0183 008082 -1 00015292 00015281 000 343 43063.831136169
24.11.2017 19:56:50 +00.03840E+00  0204 008082 -1 00015293 00015281 000 375 43063.8311405093
24.11.2017 19:56:50 +00.03840E+00  0225 008082 -1 00015294 00015281 000 342 43063.8311444676
24.11.2017 19:56:51 +00.03840E+00  0235 008082 -1 00015295 00015281 000 342 43063.8311484375
24.11.2017 19:56:51 +00.03840E+00  0248 008082 -1 00015296 00015281 000 344 43063.831152419
24.11.2017 19:56:51 +00.03840E+00  0264 008082 -1 00015297 00015281 000 376 43063.8311567708
24.11.2017 19:56:52 +00.03840E+00  0285 008082 -1 00015298 00015281 000 341 43063.8311607176
24.11.2017 19:56:52 +00.03840E+00  0298 008082 -1 00015299 00015281 000 343 43063.8311646875
24.11.2017 19:56:52 +00.03840E+00  0310 008082 -1 00015300 00015281 000 343 43063.8311686574
24.11.2017 19:56:53 +00.03840E+00  0325 008082 -1 00015301 00015281 000 378 43063.8311730324
24.11.2017 19:56:53 +00.03840E+00  0342 008082 -1 00015302 00015281 000 341 43063.8311769792
24.11.2017 19:56:54 +00.03840E+00  0353 008082 -1 00015303 00015281 000 342 43063.8311809375
24.11.2017 19:56:54 +00.03840E+00  0370 008082 -1 00015304 00015281 000 343 43063.8311849074
24.11.2017 19:56:54 +00.03840E+00  0383 008082 -1 00015305 00015281 000 379 43063.831189294
24.11.2017 19:56:55 +00.03840E+00  0391 008082 -1 00015306 00015281 000 340 43063.8311932292
24.11.2017 19:56:55 +00.03840E+00  0409 008082 -1 00015307 00015281 000 342 43063.8311971875
24.11.2017 19:56:55 +00.03840E+00  0426 008082 -1 00015308 00015281 000 343 43063.8312011574
24.11.2017 19:56:56 +00.03840E+00  0438 008082 -1 00015309 00015281 000 380 43063.8312055556
24.11.2017 19:56:56 +00.03840E+00  0457 008082 -1 00015310 00015281 000 344 43063.831209537
24.11.2017 19:56:56 +00.03840E+00  0476 008082 -1 00015311 00015281 000 343 43063.8312135069
24.11.2017 19:56:57 +00.03840E+00  0490 008082 -1 00015312 00015281 000 343 43063.8312174769
24.11.2017 19:56:57 +00.03840E+00  0499 008082 -1 00015313 00015281 000 375 43063.8312218171
24.11.2017 19:56:57 +00.03840E+00  0519 008082 -1 00015314 00015281 000 343 43063.831225787
24.11.2017 19:56:58 +00.03840E+00  0531 008082 -1 00015315 00015281 000 343 43063.8312297569
24.11.2017 19:56:58 +00.03840E+00  0536 008082 -1 00015316 00015281 000 343 43063.8312337269
24.11.2017 19:56:58 +00.03840E+00  0550 008082 -1 00015317 00015281 000 376 43063.8312380787
24.11.2017 19:56:59 +00.03840E+00  0563 008082 -1 00015318 00015281 000 342 43063.831242037
24.11.2017 19:56:59 +00.03840E+00  0575 008082 -1 00015319 00015281 000 343 43063.8312460069
24.11.2017 19:56:59 +00.03840E+00  0590 008082 -1 00015320 00015281 000 343 43063.8312499769
24.11.2017 19:57:00 +00.03840E+00  0606 008082 -1 00015321 00015281 000 377 43063.8312543403
24.11.2017 19:57:00 +00.03840E+00  0622 008082 -1 00015322 00015281 000 340 43063.8312582755
24.11.2017 19:57:01 +00.03840E+00  0634 008082 -1 00015323 00015281 000 343 43063.8312622454
24.11.2017 19:57:01 +00.03840E+00  0648 008082 -1 00015324 00015281 000 343 43063.8312662153
24.11.2017 19:57:01 +00.03840E+00  0655 008082 -1 00015325 00015281 000 379 43063.8312706019
24.11.2017 19:57:02 +00.03840E+00  0662 008082 -1 00015326 00015281 000 340 43063.831274537
24.11.2017 19:57:02 +00.03840E+00  0673 008082 -1 00015327 00015281 000 342 43063.8312785069
24.11.2017 19:57:02 +00.03840E+00  0687 008082 -1 00015328 00015281 000 342 43063.8312824653
24.11.2017 19:57:03 +00.03840E+00  0705 008082 -1 00015329 00015281 000 380 43063.8312868634
24.11.2017 19:57:03 +00.03840E+00  0722 008082 -1 00015330 00015281 000 344 43063.8312908449
24.11.2017 19:57:03 +00.03840E+00  0737 008082 -1 00015331 00015281 000 343 43063.8312948148
24.11.2017 19:57:04 +00.03840E+00  0749 008082 -1 00015332 00015281 000 343 43063.8312987847
24.11.2017 19:57:04 +00.03840E+00  0766 008082 -1 00015333 00015281 000 375 43063.831303125
24.11.2017 19:57:04 +00.03840E+00  0782 008082 -1 00015334 00015281 000 343 43063.8313070949
24.11.2017 19:57:05 +00.03840E+00  0790 008082 -1 00015335 00015281 000 343 43063.8313110648
24.11.2017 19:57:05 +00.03840E+00  0809 008082 -1 00015336 00015281 000 343 43063.8313150347
24.11.2017 19:57:05 +00.03840E+00  0828 008082 -1 00015337 00015281 000 376 43063.8313193866
24.11.2017 19:57:06 +00.03840E+00  0842 008082 -1 00015338 00015281 000 342 43063.8313233449
24.11.2017 19:57:06 +00.03840E+00  0855 008082 -1 00015339 00015281 000 343 43063.8313273148
24.11.2017 19:57:07 +00.03840E+00  0868 008082 -1 00015340 00015281 000 343 43063.8313312847
24.11.2017 19:57:07 +00.03840E+00  0882 008082 -1 00015341 00015281 000 377 43063.8313356481
24.11.2017 19:57:07 +00.03840E+00  0891 008082 -1 00015342 00015281 000 340 43063.8313395833
24.11.2017 19:57:08 +00.03840E+00  0907 008082 -1 00015343 00015281 000 343 43063.8313435648
24.11.2017 19:57:08 +00.03840E+00  0926 008082 -1 00015344 00015281 000 343 43063.8313475347
24.11.2017 19:57:08 +00.03840E+00  0939 008082 -1 00015345 00015281 000 378 43063.8313519097
24.11.2017 19:57:09 +00.03840E+00  0955 008082 -1 00015346 00015281 000 341 43063.8313558565
24.11.2017 19:57:09 +00.03840E+00  0962 008082 -1 00015347 00015281 000 341 43063.8313598032
24.11.2017 19:57:09 +00.03840E+00  0982 008082 -1 00015348 00015281 000 343 43063.8313637731
24.11.2017 19:57:10 +00.03840E+00  0995 008082 -1 00015349 00015281 000 380 43063.8313681713
24.11.2017 19:57:10 +00.03840E+00  1014 008082 -1 00015350 00015281 000 345 43063.8313721643
24.11.2017 19:57:10 +00.03840E+00  1023 008082 -1 00015351 00015281 000 342 43063.8313761227
24.11.2017 19:57:11 +00.03840E+00  1035 008082 -1 00015352 00015281 000 344 43063.8313801042
24.11.2017 19:57:11 +00.03840E+00  1046 008082 -1 00015353 00015281 000 374 43063.8313844329
24.11.2017 19:57:11 +00.03840E+00  1062 008082 -1 00015354 00015281 000 343 43063.8313884028
24.11.2017 19:57:12 +00.03840E+00  1074 008082 -1 00015355 00015281 000 343 43063.8313923727
24.11.2017 19:57:12 +00.03840E+00  1089 008082 -1 00015356 00015281 000 343 43063.8313963426
24.11.2017 19:57:13 +00.03840E+00  1102 008082 -1 00015357 00015281 000 376 43063.8314006944
24.11.2017 19:57:13 +00.03840E+00  1124 008082 -1 00015358 00015281 000 341 43063.8314046528
24.11.2017 19:57:13 +00.03840E+00  1140 008082 -1 00015359 00015281 000 343 43063.8314086227
24.11.2017 19:57:14 +00.03840E+00  1155 008082 -1 00015360 00015281 000 343 43063.8314125926
24.11.2017 19:57:14 +00.03840E+00  1167 008082 -1 00015361 00015281 000 377 43063.831416956
24.11.2017 19:57:14 +00.03840E+00  1185 008082 -1 00015362 00015281 000 341 43063.8314209028
24.11.2017 19:57:15 +00.03840E+00  1198 008082 -1 00015363 00015281 000 343 43063.8314248727
24.11.2017 19:57:15 +00.03840E+00  1208 008082 -1 00015364 00015281 000 343 43063.8314288426
24.11.2017 19:57:15 +00.03840E+00  1221 008082 -1 00015365 00015281 000 378 43063.8314332176
24.11.2017 19:57:21 +00.03820E+00  0015 008041 -1 00015366 00015366 000 379 43063.8314982639
24.11.2017 19:57:21 +00.03820E+00  0035 008041 -1 00015367 00015366 000 345 43063.8315022569
24.11.2017 19:57:22 +00.03820E+00  0053 008041 -1 00015368 00015366 000 343 43063.8315062269
24.11.2017 19:57:22 +00.03821E+00  0070 008041 -1 00015369 00015366 000 343 43063.8315101968
24.11.2017 19:57:22 +00.03821E+00  0079 008041 -1 00015370 00015366 000 375 43063.831514537
24.11.2017 19:57:23 +00.03820E+00  0096 008041 -1 00015371 00015366 000 343 43063.8315185069
24.11.2017 19:57:23 +00.03820E+00  0112 008041 -1 00015372 00015366 000 343 43063.8315224769
24.11.2017 19:57:23 +00.03820E+00  0122 008041 -1 00015373 00015366 000 342 43063.8315264352
24.11.2017 19:57:24 +00.03820E+00  0136 008041 -1 00015374 00015366 000 375 43063.831530787
24.11.2017 19:57:24 +00.03821E+00  0151 008041 -1 00015375 00015366 000 342 43063.8315347454
24.11.2017 19:57:24 +00.03821E+00  0165 008041 -1 00015376 00015366 000 343 43063.8315387153
24.11.2017 19:57:25 +00.03821E+00  0180 008041 -1 00015377 00015366 000 343 43063.8315426852
24.11.2017 19:57:25 +00.03821E+00  0205 008041 -1 00015378 00015366 000 376 43063.8315470486
24.11.2017 19:57:26 +00.03821E+00  0217 008041 -1 00015379 00015366 000 341 43063.8315509954
24.11.2017 19:57:26 +00.03820E+00  0233 008041 -1 00015380 00015366 000 343 43063.8315549653
24.11.2017 19:57:26 +00.03820E+00  0248 008041 -1 00015381 00015366 000 343 43063.8315589352
24.11.2017 19:57:27 +00.03820E+00  0263 008041 -1 00015382 00015366 000 378 43063.8315633102
24.11.2017 19:57:27 +00.03820E+00  0275 008041 -1 00015383 00015366 000 340 43063.8315672454
24.11.2017 19:57:27 +00.03821E+00  0286 008041 -1 00015384 00015366 000 343 43063.8315712153
24.11.2017 19:57:28 +00.03821E+00  0305 008041 -1 00015385 00015366 000 343 43063.8315751852
24.11.2017 19:57:28 +00.03820E+00  0324 008041 -1 00015386 00015366 000 379 43063.8315795718
24.11.2017 19:57:28 +00.03820E+00  0344 008041 -1 00015387 00015366 000 340 43063.8315835069
24.11.2017 19:57:29 +00.03820E+00  0353 008041 -1 00015388 00015366 000 342 43063.8315874653
24.11.2017 19:57:29 +00.03821E+00  0365 008041 -1 00015389 00015366 000 343 43063.8315914352
24.11.2017 19:57:29 +00.03820E+00  0389 008041 -1 00015390 00015366 000 381 43063.8315958449
24.11.2017 19:57:30 +00.03821E+00  0405 008041 -1 00015391 00015366 000 343 43063.8315998148
24.11.2017 19:57:30 +00.03820E+00  0420 008041 -1 00015392 00015366 000 343 43063.8316037847
24.11.2017 19:57:30 +00.03820E+00  0430 008041 -1 00015393 00015366 000 343 43063.8316077546
24.11.2017 19:57:31 +00.03820E+00  0444 008041 -1 00015394 00015366 000 376 43063.8316121065
24.11.2017 19:57:31 +00.03821E+00  0457 008041 -1 00015395 00015366 000 342 43063.8316160648
24.11.2017 19:57:31 +00.03820E+00  0470 008041 -1 00015396 00015366 000 343 43063.8316200347
24.11.2017 19:57:32 +00.03821E+00  0484 008041 -1 00015397 00015366 000 343 43063.8316240046
24.11.2017 19:57:32 +00.03820E+00  0496 008041 -1 00015398 00015366 000 377 43063.8316283681
24.11.2017 19:57:33 +00.03820E+00  0509 008041 -1 00015399 00015366 000 340 43063.8316323032
24.11.2017 19:57:33 +00.03821E+00  0529 008041 -1 00015400 00015366 000 342 43063.8316362731
24.11.2017 19:57:33 +00.03821E+00  0540 008041 -1 00015401 00015366 000 343 43063.8316402431
24.11.2017 19:57:34 +00.03820E+00  0557 008041 -1 00015402 00015366 000 378 43063.8316446296
24.11.2017 19:57:34 +00.03820E+00  0578 008041 -1 00015403 00015366 000 341 43063.8316485764
24.11.2017 19:57:34 +00.03821E+00  0594 008041 -1 00015404 00015366 000 341 43063.8316525231
24.11.2017 19:57:35 +00.03820E+00  0613 008041 -1 00015405 00015366 000 344 43063.8316565046
24.11.2017 19:57:35 +00.03820E+00  0623 008041 -1 00015406 00015366 000 378 43063.8316608796
24.11.2017 19:57:35 +00.03820E+00  0637 008041 -1 00015407 00015366 000 340 43063.8316648148
24.11.2017 19:57:36 +00.03820E+00  0654 008041 -1 00015408 00015366 000 342 43063.8316687731
24.11.2017 19:57:36 +00.03821E+00  0669 008041 -1 00015409 00015366 000 343 43063.8316727431
24.11.2017 19:57:36 +00.03820E+00  0682 008039 -1 00015410 00015366 000 381 43063.8316771528
24.11.2017 19:57:37 +00.03820E+00  0703 008039 -1 00015411 00015366 000 343 43063.8316811227
24.11.2017 19:57:37 +00.03820E+00  0718 008039 -1 00015412 00015366 000 343 43063.8316850926
24.11.2017 19:57:37 +00.03820E+00  0729 008039 -1 00015413 00015366 000 343 43063.8316890625
24.11.2017 19:57:38 +00.03820E+00  0749 008039 -1 00015414 00015366 000 375 43063.8316934028
24.11.2017 19:57:38 +00.03819E+00  0772 008039 -1 00015415 00015366 000 343 43063.8316973727
24.11.2017 19:57:38 +00.03819E+00  0793 008039 -1 00015416 00015366 000 343 43063.8317013426
24.11.2017 19:57:39 +00.03820E+00  0803 008039 -1 00015417 00015366 000 343 43063.8317053125
24.11.2017 19:57:39 +00.03820E+00  0815 008039 -1 00015418 00015366 000 377 43063.8317096759
24.11.2017 19:57:40 +00.03819E+00  0828 008039 -1 00015419 00015366 000 341 43063.8317136227
24.11.2017 19:57:40 +00.03820E+00  0838 008039 -1 00015420 00015366 000 343 43063.8317175926
24.11.2017 19:57:40 +00.03820E+00  0849 008039 -1 00015421 00015366 000 343 43063.8317215625
24.11.2017 19:57:41 +00.03819E+00  0865 008039 -1 00015422 00015366 000 378 43063.8317259375
24.11.2017 19:57:41 +00.03820E+00  0882 008039 -1 00015423 00015366 000 340 43063.8317298727
24.11.2017 19:57:41 +00.03819E+00  0894 008039 -1 00015424 00015366 000 341 43063.831733831
24.11.2017 19:57:42 +00.03820E+00  0910 008041 -1 00015425 00015366 000 343 43063.8317378125
24.11.2017 19:57:42 +00.03820E+00  0916 008041 -1 00015426 00015366 000 379 43063.8317421991
24.11.2017 19:57:42 +00.03820E+00  0930 008041 -1 00015427 00015366 000 345 43063.8317461921
24.11.2017 19:57:43 +00.03820E+00  0938 008041 -1 00015428 00015366 000 343 43063.831750162
24.11.2017 19:57:43 +00.03820E+00  0944 008041 -1 00015429 00015366 000 343 43063.8317541319
24.11.2017 19:57:43 +00.03820E+00  0960 008041 -1 00015430 00015366 000 374 43063.8317584606
24.11.2017 19:57:44 +00.03820E+00  0982 008041 -1 00015431 00015366 000 343 43063.8317624306
24.11.2017 19:57:44 +00.03820E+00  0991 008041 -1 00015432 00015366 000 344 43063.831766412
24.11.2017 19:57:44 +00.03821E+00  1011 008041 -1 00015433 00015366 000 343 43063.8317703819
24.11.2017 19:57:45 +00.03820E+00  1031 008041 -1 00015434 00015366 000 375 43063.8317747222
24.11.2017 19:57:45 +00.03820E+00  1046 008041 -1 00015435 00015366 000 342 43063.8317786806
24.11.2017 19:57:46 +00.03820E+00  1065 008041 -1 00015436 00015366 000 343 43063.8317826505
24.11.2017 19:57:46 +00.03820E+00  1079 008041 -1 00015437 00015366 000 343 43063.8317866204
24.11.2017 19:57:46 +00.03821E+00  1101 008041 -1 00015438 00015366 000 377 43063.8317909838
24.11.2017 19:57:47 +00.03820E+00  1115 008041 -1 00015439 00015366 000 341 43063.8317949306
24.11.2017 19:57:47 +00.03821E+00  1127 008041 -1 00015440 00015366 000 343 43063.8317989005
24.11.2017 19:57:47 +00.03820E+00  1144 008041 -1 00015441 00015366 000 343 43063.8318028704
24.11.2017 19:57:48 +00.03821E+00  1159 008041 -1 00015442 00015366 000 378 43063.8318072454
24.11.2017 19:57:48 +00.03821E+00  1175 008041 -1 00015443 00015366 000 340 43063.8318111806
24.11.2017 19:57:48 +00.03821E+00  1191 008041 -1 00015444 00015366 000 343 43063.8318151505
24.11.2017 19:57:49 +00.03820E+00  1202 008041 -1 00015445 00015366 000 343 43063.8318191204
24.11.2017 19:57:49 +00.03821E+00  1212 008041 -1 00015446 00015366 000 379 43063.8318235069
24.11.2017 19:57:49 +00.03820E+00  1231 008041 -1 00015447 00015366 000 345 43063.8318275
24.11.2017 19:57:50 +00.03820E+00  1241 008041 -1 00015448 00015366 000 343 43063.8318314699
24.11.2017 19:57:50 +00.03820E+00  1257 008041 -1 00015449 00015366 000 343 43063.8318354398
24.11.2017 19:57:50 +00.03821E+00  1273 008041 -1 00015450 00015366 000 374 43063.8318397685
24.11.2017 19:57:51 +00.03820E+00  1289 008041 -1 00015451 00015366 000 344 43063.83184375
24.11.2017 19:57:56 +00.03800E+00  0009 007998 -1 00015452 00015452 000 382 43063.8319048148
24.11.2017 19:57:56 +00.03800E+00  0031 007998 -1 00015453 00015452 000 341 43063.8319087616
24.11.2017 19:57:57 +00.03800E+00  0047 007998 -1 00015454 00015452 000 343 43063.8319127315
24.11.2017 19:57:57 +00.03800E+00  0060 007998 -1 00015455 00015452 000 343 43063.8319167014
24.11.2017 19:57:57 +00.03800E+00  0074 007998 -1 00015456 00015452 000 378 43063.8319210764
24.11.2017 19:57:58 +00.03800E+00  0085 007998 -1 00015457 00015452 000 340 43063.8319250116
24.11.2017 19:57:58 +00.03800E+00  0105 007998 -1 00015458 00015452 000 343 43063.8319289815
24.11.2017 19:57:59 +00.03800E+00  0123 007998 -1 00015459 00015452 000 343 43063.8319329514
24.11.2017 19:57:59 +00.03800E+00  0134 007998 -1 00015460 00015452 000 379 43063.831937338
24.11.2017 19:57:59 +00.03800E+00  0151 007998 -1 00015461 00015452 000 340 43063.8319412732
24.11.2017 19:58:00 +00.03800E+00  0167 007998 -1 00015462 00015452 000 342 43063.8319452315
24.11.2017 19:58:00 +00.03800E+00  0182 007998 -1 00015463 00015452 000 343 43063.8319492014
24.11.2017 19:58:00 +00.03800E+00  0194 007998 -1 00015464 00015452 000 380 43063.8319535995
24.11.2017 19:58:01 +00.03800E+00  0216 007998 -1 00015465 00015452 000 344 43063.831957581
24.11.2017 19:58:01 +00.03800E+00  0236 007998 -1 00015466 00015452 000 343 43063.8319615509
24.11.2017 19:58:01 +00.03800E+00  0247 007998 -1 00015467 00015452 000 343 43063.8319655208
24.11.2017 19:58:02 +00.03800E+00  0271 007998 -1 00015468 00015452 000 375 43063.8319698611
24.11.2017 19:58:02 +00.03800E+00  0290 007998 -1 00015469 00015452 000 343 43063.831973831
24.11.2017 19:58:02 +00.03800E+00  0303 007998 -1 00015470 00015452 000 343 43063.8319778009
24.11.2017 19:58:03 +00.03800E+00  0317 007998 -1 00015471 00015452 000 343 43063.8319817708
24.11.2017 19:58:03 +00.03800E+00  0329 007998 -1 00015472 00015452 000 376 43063.8319861227
24.11.2017 19:58:03 +00.03800E+00  0339 007998 -1 00015473 00015452 000 342 43063.831990081
24.11.2017 19:58:04 +00.03800E+00  0354 007998 -1 00015474 00015452 000 343 43063.8319940509
24.11.2017 19:58:04 +00.03800E+00  0366 007998 -1 00015475 00015452 000 343 43063.8319980208
24.11.2017 19:58:05 +00.03800E+00  0380 007998 -1 00015476 00015452 000 377 43063.8320023843
24.11.2017 19:58:05 +00.03800E+00  0393 007998 -1 00015477 00015452 000 340 43063.8320063194
24.11.2017 19:58:05 +00.03800E+00  0417 007998 -1 00015478 00015452 000 343 43063.8320102893
24.11.2017 19:58:06 +00.03800E+00  0435 007998 -1 00015479 00015452 000 343 43063.8320142593
24.11.2017 19:58:06 +00.03800E+00  0450 007998 -1 00015480 00015452 000 379 43063.8320186458
24.11.2017 19:58:06 +00.03800E+00  0463 007998 -1 00015481 00015452 000 345 43063.8320226505
24.11.2017 19:58:07 +00.03800E+00  0478 007998 -1 00015482 00015452 000 343 43063.8320266204
24.11.2017 19:58:07 +00.03800E+00  0495 007998 -1 00015483 00015452 000 342 43063.8320305787
24.11.2017 19:58:07 +00.03800E+00  0512 007998 -1 00015484 00015452 000 373 43063.8320349074
24.11.2017 19:58:08 +00.03800E+00  0530 007998 -1 00015485 00015452 000 344 43063.8320388889
24.11.2017 19:58:08 +00.03800E+00  0548 007998 -1 00015486 00015452 000 343 43063.8320428588
24.11.2017 19:58:08 +00.03800E+00  0556 007998 -1 00015487 00015452 000 343 43063.8320468287
24.11.2017 19:58:09 +00.03800E+00  0571 007998 -1 00015488 00015452 000 375 43063.832051169
24.11.2017 19:58:09 +00.03800E+00  0588 007998 -1 00015489 00015452 000 343 43063.8320551389
24.11.2017 19:58:09 +00.03800E+00  0604 007998 -1 00015490 00015452 000 343 43063.8320591088
24.11.2017 19:58:10 +00.03800E+00  0618 007998 -1 00015491 00015452 000 343 43063.8320630787
24.11.2017 19:58:10 +00.03800E+00  0634 007998 -1 00015492 00015452 000 376 43063.8320674306
24.11.2017 19:58:10 +00.03800E+00  0649 007998 -1 00015493 00015452 000 342 43063.8320713889
24.11.2017 19:58:11 +00.03800E+00  0663 007998 -1 00015494 00015452 000 343 43063.8320753588
24.11.2017 19:58:11 +00.03800E+00  0683 007998 -1 00015495 00015452 000 343 43063.8320793287
24.11.2017 19:58:12 +00.03800E+00  0696 007998 -1 00015496 00015452 000 377 43063.8320836921
24.11.2017 19:58:12 +00.03800E+00  0708 007998 -1 00015497 00015452 000 340 43063.8320876273
24.11.2017 19:58:12 +00.03800E+00  0720 007998 -1 00015498 00015452 000 343 43063.8320916088
24.11.2017 19:58:13 +00.03800E+00  0729 007998 -1 00015499 00015452 000 343 43063.8320955787
24.11.2017 19:58:13 +00.03800E+00  0747 007998 -1 00015500 00015452 000 378 43063.8320999537
24.11.2017 19:58:13 +00.03800E+00  0759 007998 -1 00015501 00015452 000 340 43063.8321038889
24.11.2017 19:58:14 +00.03800E+00  0766 007998 -1 00015502 00015452 000 342 43063.8321078472
24.11.2017 19:58:14 +00.03800E+00  0781 007998 -1 00015503 00015452 000 342 43063.8321118171
24.11.2017 19:58:14 +00.03800E+00  0798 007998 -1 00015504 00015452 000 380 43063.8321162153
24.11.2017 19:58:15 +00.03800E+00  0812 007998 -1 00015505 00015452 000 345 43063.8321202083
24.11.2017 19:58:15 +00.03800E+00  0830 007998 -1 00015506 00015452 000 343 43063.8321241782
24.11.2017 19:58:15 +00.03800E+00  0847 007998 -1 00015507 00015452 000 343 43063.8321281481
24.11.2017 19:58:16 +00.03800E+00  0865 007998 -1 00015508 00015452 000 374 43063.8321324769
24.11.2017 19:58:16 +00.03800E+00  0890 007998 -1 00015509 00015452 000 343 43063.8321364468
24.11.2017 19:58:16 +00.03800E+00  0905 007998 -1 00015510 00015452 000 343 43063.8321404167
24.11.2017 19:58:17 +00.03800E+00  0921 007998 -1 00015511 00015452 000 343 43063.8321443866
24.11.2017 19:58:17 +00.03800E+00  0938 007998 -1 00015512 00015452 000 376 43063.8321487384
24.11.2017 19:58:17 +00.03800E+00  0951 007998 -1 00015513 00015452 000 342 43063.8321526968
24.11.2017 19:58:18 +00.03800E+00  0967 007998 -1 00015514 00015452 000 343 43063.8321566667
24.11.2017 19:58:18 +00.03800E+00  0983 007998 -1 00015515 00015452 000 343 43063.8321606366
24.11.2017 19:58:19 +00.03800E+00  0995 007998 -1 00015516 00015452 000 377 43063.832165
24.11.2017 19:58:19 +00.03800E+00  1012 007998 -1 00015517 00015452 000 341 43063.8321689468
24.11.2017 19:58:19 +00.03800E+00  1034 007998 -1 00015518 00015452 000 343 43063.8321729167
24.11.2017 19:58:20 +00.03800E+00  1054 007998 -1 00015519 00015452 000 343 43063.8321768866
24.11.2017 19:58:20 +00.03800E+00  1074 007998 -1 00015520 00015452 000 378 43063.8321812616
24.11.2017 19:58:20 +00.03800E+00  1091 007998 -1 00015521 00015452 000 341 43063.8321852083
24.11.2017 19:58:21 +00.03800E+00  1108 007998 -1 00015522 00015452 000 342 43063.8321891667
24.11.2017 19:58:21 +00.03800E+00  1125 007998 -1 00015523 00015452 000 343 43063.8321931366
24.11.2017 19:58:21 +00.03800E+00  1139 007998 -1 00015524 00015452 000 379 43063.8321975231
24.11.2017 19:58:22 +00.03800E+00  1154 007998 -1 00015525 00015452 000 345 43063.8322015162
24.11.2017 19:58:22 +00.03800E+00  1162 007998 -1 00015526 00015452 000 343 43063.8322054861
24.11.2017 19:58:22 +00.03800E+00  1180 007998 -1 00015527 00015452 000 343 43063.832209456
24.11.2017 19:58:23 +00.03800E+00  1199 007998 -1 00015528 00015452 000 374 43063.8322137847
24.11.2017 19:58:23 +00.03800E+00  1214 007998 -1 00015529 00015452 000 344 43063.8322177662
24.11.2017 19:58:23 +00.03800E+00  1234 007998 -1 00015530 00015452 000 343 43063.8322217361
24.11.2017 19:58:24 +00.03800E+00  1250 007998 -1 00015531 00015452 000 343 43063.832225706
24.11.2017 19:58:24 +00.03800E+00  1258 007998 -1 00015532 00015452 000 375 43063.8322300463
24.11.2017 19:58:25 +00.03800E+00  1275 007998 -1 00015533 00015452 000 342 43063.8322340046
24.11.2017 19:58:25 +00.03800E+00  1290 007998 -1 00015534 00015452 000 342 43063.8322379745
24.11.2017 19:58:25 +00.03800E+00  1306 007998 -1 00015535 00015452 000 343 43063.832241956
24.11.2017 19:58:26 +00.03800E+00  1314 007998 -1 00015536 00015452 000 376 43063.8322463079
24.11.2017 19:58:26 +00.03800E+00  1327 007998 -1 00015537 00015452 000 341 43063.8322502662