
24.11.2017 20:02:33 +00.03978E+00  0023 008372 1 00016138 00016138 000 381 43063.8351051389
24.11.2017 20:02:33 +00.03978E+00  0044 008372 1 00016139 00016138 000 342 43063.8351090972
24.11.2017 20:02:33 +00.03978E+00  0066 008372 1 00016140 00016138 000 343 43063.8351130671
24.11.2017 20:02:34 +00.03978E+00  0090 008372 1 00016141 00016138 000 343 43063.8351170486
24.11.2017 20:02:34 +00.03978E+00  0104 008372 1 00016142 00016138 000 376 43063.8351214005
24.11.2017 20:02:34 +00.03978E+00  0116 008372 1 00016143 00016138 000 340 43063.8351253472
24.11.2017 20:02:35 +00.03978E+00  0135 008372 1 00016144 00016138 000 342 43063.8351293171
24.11.2017 20:02:35 +00.03978E+00  0151 008372 1 00016145 00016138 000 343 43063.835133287
24.11.2017 20:02:35 +00.03978E+00  0167 008372 1 00016146 00016138 000 378 43063.835137662
24.11.2017 20:02:36 +00.03978E+00  0175 008372 1 00016147 00016138 000 340 43063.8351416088
24.11.2017 20:02:36 +00.03978E+00  0191 008372 1 00016148 00016138 000 341 43063.8351455671
24.11.2017 20:02:36 +00.03978E+00  0215 008372 1 00016149 00016138 000 343 43063.835149537
24.11.2017 20:02:37 +00.03978E+00  0236 008372 1 00016150 00016138 000 379 43063.8351539236
24.11.2017 20:02:37 +00.03978E+00  0250 008372 1 00016151 00016138 000 341 43063.8351578704
24.11.2017 20:02:37 +00.03978E+00  0264 008372 1 00016152 00016138 000 341 43063.8351618171
24.11.2017 20:02:38 +00.03978E+00  0285 008376 1 00016153 00016138 000 343 43063.835165787
24.11.2017 20:02:38 +00.03980E+00  0299 008376 1 00016154 00016138 000 380 43063.8351701852
24.11.2017 20:02:39 +00.03980E+00  0314 008376 1 00016155 00016138 000 344 43063.8351741667
24.11.2017 20:02:39 +00.03980E+00  0326 008376 1 00016156 00016138 000 343 43063.8351781366
24.11.2017 20:02:39 +00.03980E+00  0342 008376 1 00016157 00016138 000 343 43063.8351821065
24.11.2017 20:02:40 +00.03980E+00  0356 008376 1 00016158 00016138 000 375 43063.8351864468
24.11.2017 20:02:40 +00.03980E+00  0372 008376 1 00016159 00016138 000 343 43063.8351904167
24.11.2017 20:02:40 +00.03980E+00  0391 008376 1 00016160 00016138 000 343 43063.8351943866
24.11.2017 20:02:41 +00.03980E+00  0407 008376 1 00016161 00016138 000 343 43063.8351983565
24.11.2017 20:02:41 +00.03980E+00  0423 008376 1 00016162 00016138 000 376 43063.8352027083
24.11.2017 20:02:41 +00.03980E+00  0443 008376 1 00016163 00016138 000 342 43063.8352066667
24.11.2017 20:02:42 +00.03980E+00  0459 008376 1 00016164 00016138 000 343 43063.8352106366
24.11.2017 20:02:42 +00.03980E+00  0476 008376 1 00016165 00016138 000 343 43063.8352146065
24.11.2017 20:02:42 +00.03980E+00  0494 008376 1 00016166 00016138 000 377 43063.8352189699
24.11.2017 20:02:43 +00.03980E+00  0513 008376 1 00016167 00016138 000 340 43063.8352229167
24.11.2017 20:02:43 +00.03980E+00  0528 008376 1 00016168 00016138 000 342 43063.835226875
24.11.2017 20:02:43 +00.03980E+00  0540 008376 1 00016169 00016138 000 343 43063.8352308449
24.11.2017 20:02:44 +00.03980E+00  0562 008376 1 00016170 00016138 000 379 43063.8352352315
24.11.2017 20:02:44 +00.03980E+00  0576 008376 1 00016171 00016138 000 340 43063.8352391667
24.11.2017 20:02:45 +00.03980E+00  0585 008376 1 00016172 00016138 000 342 43063.835243125
24.11.2017 20:02:45 +00.03980E+00  0597 008376 1 00016173 00016138 000 343 43063.8352470949
24.11.2017 20:02:45 +00.03980E+00  0614 008376 1 00016174 00016138 000 380 43063.8352514931
24.11.2017 20:02:46 +00.03980E+00  0628 008376 1 00016175 00016138 000 344 43063.8352554745
24.11.2017 20:02:46 +00.03980E+00  0634 008376 1 00016176 00016138 000 343 43063.8352594444
24.11.2017 20:02:46 +00.03980E+00  0656 008376 1 00016177 00016138 000 343 43063.8352634144
24.11.2017 20:02:47 +00.03980E+00  0668 008376 1 00016178 00016138 000 375 43063.8352677546
24.11.2017 20:02:47 +00.03980E+00  0691 008376 1 00016179 00016138 000 343 43063.8352717245
24.11.2017 20:02:47 +00.03980E+00  0703 008376 1 00016180 00016138 000 343 43063.8352756944
24.11.2017 20:02:48 +00.03980E+00  0715 008376 1 00016181 00016138 000 343 43063.8352796644
24.11.2017 20:02:48 +00.03980E+00  0734 008376 1 00016182 00016138 000 376 43063.8352840162
24.11.2017 20:02:48 +00.03980E+00  0752 008376 1 00016183 00016138 000 342 43063.8352879745
24.11.2017 20:02:49 +00.03980E+00  0766 008376 1 00016184 00016138 000 343 43063.8352919444
24.11.2017 20:02:49 +00.03980E+00  0784 008376 1 00016185 00016138 000 343 43063.8352959144
24.11.2017 20:02:49 +00.03980E+00  0802 008376 1 00016186 00016138 000 377 43063.8353002778
24.11.2017 20:02:50 +00.03980E+00  0820 008376 1 00016187 00016138 000 340 43063.835304213
24.11.2017 20:02:50 +00.03980E+00  0833 008376 1 00016188 00016138 000 342 43063.8353081829
24.11.2017 20:02:50 +00.03980E+00  0849 008376 1 00016189 00016138 000 343 43063.8353121644
24.11.2017 20:02:51 +00.03980E+00  0864 008376 1 00016190 00016138 000 378 43063.8353165393
24.11.2017 20:02:51 +00.03980E+00  0882 008376 1 00016191 00016138 000 341 43063.8353204861
24.11.2017 20:02:52 +00.03980E+00  0899 008376 1 00016192 00016138 000 341 43063.8353244329
24.11.2017 20:02:52 +00.03980E+00  0919 008376 1 00016193 00016138 000 343 43063.8353284028
24.11.2017 20:02:52 +00.03980E+00  0929 008376 1 00016194 00016138 000 380 43063.8353328009
24.11.2017 20:02:53 +00.03980E+00  0948 008376 1 00016195 00016138 000 345 43063.835336794
24.11.2017 20:02:53 +00.03980E+00  0963 008376 1 00016196 00016138 000 342 43063.8353407523
24.11.2017 20:02:53 +00.03980E+00  0978 008376 1 00016197 00016138 000 343 43063.8353447338
24.11.2017 20:02:54 +00.03980E+00  0988 008376 1 00016198 00016138 000 374 43063.8353490625
24.11.2017 20:02:54 +00.03980E+00  1008 008376 1 00016199 00016138 000 342 43063.8353530324
24.11.2017 20:02:54 +00.03980E+00  1024 008376 1 00016200 00016138 000 343 43063.8353570023
24.11.2017 20:02:55 +00.03980E+00  1033 008376 1 00016201 00016138 000 343 43063.8353609722
24.11.2017 20:02:55 +00.03980E+00  1049 008376 1 00016202 00016138 000 376 43063.8353653241
24.11.2017 20:02:55 +00.03980E+00  1068 008376 1 00016203 00016138 000 342 43063.8353692824
24.11.2017 20:02:56 +00.03980E+00  1079 008376 1 00016204 00016138 000 343 43063.8353732523
24.11.2017 20:02:56 +00.03980E+00  1088 008376 1 00016205 00016138 000 343 43063.8353772222
24.11.2017 20:02:56 +00.03980E+00  1103 008376 1 00016206 00016138 000 378 43063.8353815972
24.11.2017 20:02:57 +00.03980E+00  1122 008376 1 00016207 00016138 000 340 43063.8353855324
24.11.2017 20:02:57 +00.03980E+00  1132 008376 1 00016208 00016138 000 342 43063.8353895023
24.11.2017 20:02:57 +00.03980E+00  1152 008376 1 00016209 00016138 000 343 43063.8353934722
24.11.2017 20:02:58 +00.03980E+00  1161 008376 1 00016210 00016138 000 379 43063.8353978588
24.11.2017 20:02:58 +00.03980E+00  1178 008376 1 00016211 00016138 000 345 43063.8354018519
24.11.2017 20:02:59 +00.03980E+00  1194 008376 1 00016212 00016138 000 343 43063.8354058218
24.11.2017 20:02:59 +00.03980E+00  1204 008376 1 00016213 00016138 000 343 43063.8354097917
24.11.2017 20:02:59 +00.03980E+00  1214 008376 1 00016214 00016138 000 374 43063.8354141204
24.11.2017 20:03:00 +00.03980E+00  1227 008376 1 00016215 00016138 000 344 43063.8354181019
24.11.2017 20:03:00 +00.03980E+00  1233 008376 1 00016216 00016138 000 343 43063.8354220718
24.11.2017 20:03:00 +00.03980E+00  1245 008376 1 00016217 00016138 000 343 43063.8354260417
24.11.2017 20:03:01 +00.03981E+00  1257 008376 1 00016218 00016138 000 375 43063.8354303819
24.11.2017 20:03:01 +00.03980E+00  1275 008376 1 00016219 00016138 000 342 43063.8354343403
24.11.2017 20:03:01 +00.03980E+00  1286 008376 1 00016220 00016138 000 343 43063.8354383218
24.11.2017 20:03:02 +00.03980E+00  1306 008376 1 00016221 00016138 000 343 43063.8354422917
24.11.2017 20:03:02 +00.03980E+00  1319 008376 1 00016222 00016138 000 376 43063.8354466435
24.11.2017 20:03:02 +00.03980E+00  1336 008376 1 00016223 00016138 000 341 43063.8354505903
24.11.2017 20:03:08 +00.03990E+00  0013 008396 1 00016224 00016224 000 377 43063.8355116782
24.11.2017 20:03:08 +00.03990E+00  0026 008396 1 00016225 00016224 000 340 43063.8355156134
24.11.2017 20:03:08 +00.03990E+00  0055 008396 1 00016226 00016224 000 343 43063.8355195833
24.11.2017 20:03:09 +00.03990E+00  0070 008396 1 00016227 00016224 000 343 43063.8355235532
24.11.2017 20:03:09 +00.03989E+00  0092 008396 1 00016228 00016224 000 380 43063.8355279514
24.11.2017 20:03:09 +00.03989E+00  0105 008396 1 00016229 00016224 000 344 43063.8355319329
24.11.2017 20:03:10 +00.03990E+00  0111 008396 1 00016230 00016224 000 343 43063.8355359028
24.11.2017 20:03:10 +00.03990E+00  0117 008396 1 00016231 00016224 000 343 43063.8355398727
24.11.2017 20:03:11 +00.03990E+00  0135 008396 1 00016232 00016224 000 375 43063.835544213
24.11.2017 20:03:11 +00.03990E+00  0152 008396 1 00016233 00016224 000 343 43063.8355481829
24.11.2017 20:03:11 +00.03990E+00  0167 008396 1 00016234 00016224 000 343 43063.8355521528
24.11.2017 20:03:12 +00.03990E+00  0189 008396 1 00016235 00016224 000 343 43063.8355561227
24.11.2017 20:03:12 +00.03989E+00  0200 008396 1 00016236 00016224 000 376 43063.8355604745
24.11.2017 20:03:12 +00.03990E+00  0219 008396 1 00016237 00016224 000 342 43063.8355644329
24.11.2017 20:03:13 +00.03990E+00  0226 008396 1 00016238 00016224 000 343 43063.8355684028
24.11.2017 20:03:13 +00.03990E+00  0242 008396 1 00016239 00016224 000 343 43063.8355723727
24.11.2017 20:03:13 +00.03990E+00  0253 008396 1 00016240 00016224 000 377 43063.8355767361
24.11.2017 20:03:14 +00.03990E+00  0268 008396 1 00016241 00016224 000 340 43063.8355806713
24.11.2017 20:03:14 +00.03990E+00  0291 008396 1 00016242 00016224 000 344 43063.8355846528
24.11.2017 20:03:14 +00.03989E+00  0307 008396 1 00016243 00016224 000 343 43063.8355886227
24.11.2017 20:03:15 +00.03990E+00  0318 008396 1 00016244 00016224 000 377 43063.8355929861
24.11.2017 20:03:15 +00.03990E+00  0334 008396 1 00016245 00016224 000 341 43063.8355969444
24.11.2017 20:03:15 +00.03990E+00  0347 008396 1 00016246 00016224 000 341 43063.8356008912
24.11.2017 20:03:16 +00.03990E+00  0362 008396 1 00016247 00016224 000 343 43063.8356048611
24.11.2017 20:03:16 +00.03990E+00  0382 008396 1 00016248 00016224 000 379 43063.8356092593
24.11.2017 20:03:16 +00.03990E+00  0400 008396 1 00016249 00016224 000 344 43063.8356132407
24.11.2017 20:03:17 +00.03989E+00  0417 008396 1 00016250 00016224 000 343 43063.8356172107
24.11.2017 20:03:17 +00.03990E+00  0426 008396 1 00016251 00016224 000 344 43063.8356211921
24.11.2017 20:03:18 +00.03990E+00  0444 008396 1 00016252 00016224 000 373 43063.8356255093
24.11.2017 20:03:18 +00.03990E+00  0467 008396 1 00016253 00016224 000 343 43063.8356294907
24.11.2017 20:03:18 +00.03990E+00  0483 008396 1 00016254 00016224 000 343 43063.8356334607
24.11.2017 20:03:19 +00.03990E+00  0499 008396 1 00016255 00016224 000 343 43063.8356374306
24.11.2017 20:03:19 +00.03990E+00  0506 008396 1 00016256 00016224 000 376 43063.8356417824
24.11.2017 20:03:19 +00.03989E+00  0517 008396 1 00016257 00016224 000 342 43063.8356457407
24.11.2017 20:03:20 +00.03990E+00  0529 008396 1 00016258 00016224 000 343 43063.8356497107
24.11.2017 20:03:20 +00.03990E+00  0549 008396 1 00016259 00016224 000 343 43063.8356536806
24.11.2017 20:03:20 +00.03989E+00  0560 008396 1 00016260 00016224 000 377 43063.835658044
24.11.2017 20:03:21 +00.03990E+00  0578 008396 1 00016261 00016224 000 341 43063.8356619907
24.11.2017 20:03:21 +00.03990E+00  0594 008396 1 00016262 00016224 000 343 43063.8356659607
24.11.2017 20:03:21 +00.03989E+00  0613 008396 1 00016263 00016224 000 343 43063.8356699306
24.11.2017 20:03:22 +00.03989E+00  0629 008396 1 00016264 00016224 000 378 43063.8356743056
24.11.2017 20:03:22 +00.03990E+00  0645 008396 1 00016265 00016224 000 340 43063.8356782407
24.11.2017 20:03:22 +00.03990E+00  0659 008396 1 00016266 00016224 000 342 43063.8356821991
24.11.2017 20:03:23 +00.03990E+00  0678 008396 1 00016267 00016224 000 344 43063.8356861806
24.11.2017 20:03:23 +00.03990E+00  0695 008396 1 00016268 00016224 000 378 43063.8356905556
24.11.2017 20:03:24 +00.03990E+00  0707 008396 1 00016269 00016224 000 345 43063.8356945602
24.11.2017 20:03:24 +00.03990E+00  0730 008396 1 00016270 00016224 000 342 43063.8356985185
24.11.2017 20:03:24 +00.03990E+00  0744 008396 1 00016271 00016224 000 343 43063.8357025
24.11.2017 20:03:25 +00.03990E+00  0762 008396 1 00016272 00016224 000 374 43063.8357068287
24.11.2017 20:03:25 +00.03990E+00  0782 008396 1 00016273 00016224 000 343 43063.8357107986
24.11.2017 20:03:25 +00.03989E+00  0794 008396 1 00016274 00016224 000 343 43063.8357147685
24.11.2017 20:03:26 +00.03990E+00  0807 008396 1 00016275 00016224 000 343 43063.83571875
24.11.2017 20:03:26 +00.03989E+00  0824 008396 1 00016276 00016224 000 376 43063.8357231019
24.11.2017 20:03:26 +00.03990E+00  0837 008396 1 00016277 00016224 000 341 43063.8357270602
24.11.2017 20:03:27 +00.03990E+00  0848 008396 1 00016278 00016224 000 342 43063.8357310185
24.11.2017 20:03:27 +00.03989E+00  0868 008396 1 00016279 00016224 000 343 43063.8357349884
24.11.2017 20:03:27 +00.03989E+00  0882 008396 1 00016280 00016224 000 377 43063.8357393519
24.11.2017 20:03:28 +00.03990E+00  0890 008396 1 00016281 00016224 000 341 43063.8357432986
24.11.2017 20:03:28 +00.03990E+00  0910 008396 1 00016282 00016224 000 343 43063.8357472685
24.11.2017 20:03:28 +00.03989E+00  0924 008396 1 00016283 00016224 000 343 43063.8357512384
24.11.2017 20:03:29 +00.03990E+00  0939 008396 1 00016284 00016224 000 378 43063.8357556134
24.11.2017 20:03:29 +00.03990E+00  0964 008396 1 00016285 00016224 000 340 43063.8357595486
24.11.2017 20:03:29 +00.03989E+00  0979 008396 1 00016286 00016224 000 343 43063.8357635185
24.11.2017 20:03:30 +00.03989E+00  0999 008396 1 00016287 00016224 000 343 43063.8357674884
24.11.2017 20:03:30 +00.03990E+00  1011 008396 1 00016288 00016224 000 379 43063.835771875
24.11.2017 20:03:31 +00.03989E+00  1033 008396 1 00016289 00016224 000 345 43063.8357758681
24.11.2017 20:03:31 +00.03989E+00  1052 008396 1 00016290 00016224 000 343 43063.835779838
24.11.2017 20:03:31 +00.03989E+00  1066 008396 1 00016291 00016224 000 344 43063.8357838194
24.11.2017 20:03:32 +00.03990E+00  1085 008396 1 00016292 00016224 000 373 43063.8357881366
24.11.2017 20:03:32 +00.03989E+00  1104 008396 1 00016293 00016224 000 344 43063.8357921181
24.11.2017 20:03:32 +00.03990E+00  1115 008396 1 00016294 00016224 000 343 43063.835796088
24.11.2017 20:03:33 +00.03989E+00  1126 008396 1 00016295 00016224 000 343 43063.8358000579
24.11.2017 20:03:33 +00.03990E+00  1142 008396 1 00016296 00016224 000 375 43063.8358043981
24.11.2017 20:03:33 +00.03989E+00  1157 008396 1 00016297 00016224 000 342 43063.8358083565
24.11.2017 20:03:34 +00.03990E+00  1179 008398 1 00016298 00016224 000 343 43063.835812338
24.11.2017 20:03:34 +00.03990E+00  1196 008398 1 00016299 00016224 000 343 43063.8358163079
24.11.2017 20:03:34 +00.03990E+00  1215 008398 1 00016300 00016224 000 376 43063.8358206597
24.11.2017 20:03:35 +00.03991E+00  1235 008398 1 00016301 00016224 000 341 43063.8358246065
24.11.2017 20:03:35 +00.03991E+00  1254 008398 1 00016302 00016224 000 343 43063.8358285764
24.11.2017 20:03:35 +00.03991E+00  1268 008398 1 00016303 00016224 000 343 43063.8358325463
24.11.2017 20:03:36 +00.03990E+00  1277 008398 1 00016304 00016224 000 378 43063.8358369213
24.11.2017 20:03:36 +00.03990E+00  1292 008398 1 00016305 00016224 000 341 43063.8358408681
24.11.2017 20:03:36 +00.03991E+00  1299 008398 1 00016306 00016224 000 342 43063.8358448264
24.11.2017 20:03:37 +00.03990E+00  1309 008398 1 00016307 00016224 000 343 43063.8358487963
24.11.2017 20:03:37 +00.03991E+00  1321 008398 1 00016308 00016224 000 379 43063.8358531829
24.11.2017 20:03:38 +00.03990E+00  1334 008398 1 00016309 00016224 000 340 43063.8358571181
24.11.2017 20:03:43 +00.04000E+00  0012 008418 1 00016310 00016310 000 381 43063.8359214815
24.11.2017 20:03:43 +00.04000E+00  0030 008418 1 00016311 00016310 000 343 43063.8359254514
24.11.2017 20:03:44 +00.04000E+00  0042 008418 1 00016312 00016310 000 343 43063.8359294213
24.11.2017 20:03:44 +00.04000E+00  0063 008418 1 00016313 00016310 000 343 43063.8359333912
24.11.2017 20:03:45 +00.04000E+00  0077 008418 1 00016314 00016310 000 376 43063.8359377431
24.11.2017 20:03:45 +00.04000E+00  0091 008418 1 00016315 00016310 000 341 43063.8359416898
24.11.2017 20:03:45 +00.04000E+00  0104 008418 1 00016316 00016310 000 343 43063.8359456713
24.11.2017 20:03:46 +00.04000E+00  0121 008418 1 00016317 00016310 000 343 43063.8359496412
24.11.2017 20:03:46 +00.04000E+00  0136 008418 1 00016318 00016310 000 377 43063.8359540046
24.11.2017 20:03:46 +00.04000E+00  0152 008418 1 00016319 00016310 000 340 43063.8359579398
24.11.2017 20:03:47 +00.04000E+00  0169 008418 1 00016320 00016310 000 342 43063.8359619097
24.11.2017 20:03:47 +00.04000E+00  0178 008418 1 00016321 00016310 000 344 43063.8359658912
24.11.2017 20:03:47 +00.04000E+00  0193 008418 1 00016322 00016310 000 378 43063.8359702662
24.11.2017 20:03:48 +00.04000E+00  0205 008418 1 00016323 00016310 000 340 43063.8359742014
24.11.2017 20:03:48 +00.04000E+00  0227 008418 1 00016324 00016310 000 342 43063.8359781597
24.11.2017 20:03:48 +00.04000E+00  0241 008418 1 00016325 00016310 000 343 43063.8359821296
24.11.2017 20:03:49 +00.04000E+00  0255 008418 1 00016326 00016310 000 380 43063.8359865278
24.11.2017 20:03:49 +00.04000E+00  0276 008418 1 00016327 00016310 000 344 43063.8359905093
24.11.2017 20:03:49 +00.04000E+00  0293 008418 1 00016328 00016310 000 343 43063.8359944792
24.11.2017 20:03:50 +00.04000E+00  0314 008418 1 00016329 00016310 000 343 43063.8359984491
24.11.2017 20:03:50 +00.04000E+00  0329 008418 1 00016330 00016310 000 375 43063.8360027894
24.11.2017 20:03:50 +00.04000E+00  0339 008418 1 00016331 00016310 000 343 43063.8360067593
24.11.2017 20:03:51 +00.04000E+00  0351 008418 1 00016332 00016310 000 343 43063.8360107292
24.11.2017 20:03:51 +00.04000E+00  0362 008418 1 00016333 00016310 000 343 43063.8360146991
24.11.2017 20:03:52 +00.04000E+00  0371 008418 1 00016334 00016310 000 376 43063.8360190509
24.11.2017 20:03:52 +00.04000E+00  0393 008418 1 00016335 00016310 000 342 43063.8360230093
24.11.2017 20:03:52 +00.04000E+00  0412 008418 1 00016336 00016310 000 343 43063.8360269792
24.11.2017 20:03:53 +00.04000E+00  0423 008418 1 00016337 00016310 000 343 43063.8360309491
24.11.2017 20:03:53 +00.04000E+00  0428 008418 1 00016338 00016310 000 377 43063.8360353125
24.11.2017 20:03:53 +00.04000E+00  0441 008418 1 00016339 00016310 000 341 43063.8360392593
24.11.2017 20:03:54 +00.04000E+00  0457 008418 1 00016340 00016310 000 343 43063.8360432292
24.11.2017 20:03:54 +00.04000E+00  0473 008418 1 00016341 00016310 000 343 43063.8360471991
24.11.2017 20:03:54 +00.04000E+00  0494 008418 1 00016342 00016310 000 378 43063.8360515741
24.11.2017 20:03:55 +00.04000E+00  0509 008418 1 00016343 00016310 000 341 43063.8360555208
24.11.2017 20:03:55 +00.04000E+00  0520 008418 1 00016344 00016310 000 341 43063.8360594676
24.11.2017 20:03:55 +00.04000E+00  0539 008418 1 00016345 00016310 000 343 43063.8360634491
24.11.2017 20:03:56 +00.04000E+00  0556 008418 1 00016346 00016310 000 379 43063.8360678356
24.11.2017 20:03:56 +00.04000E+00  0577 008418 1 00016347 00016310 000 344 43063.8360718171
24.11.2017 20:03:56 +00.04000E+00  0596 008418 1 00016348 00016310 000 343 43063.8360757986
24.11.2017 20:03:57 +00.04000E+00  0613 008418 1 00016349 00016310 000 342 43063.8360797569
24.11.2017 20:03:57 +00.04000E+00  0632 008418 1 00016350 00016310 000 375 43063.8360841088
24.11.2017 20:03:58 +00.04000E+00  0650 008418 1 00016351 00016310 000 342 43063.8360880671
24.11.2017 20:03:58 +00.04000E+00  0663 008418 1 00016352 00016310 000 343 43063.836092037
24.11.2017 20:03:58 +00.04000E+00  0674 008418 1 00016353 00016310 000 343 43063.8360960069
24.11.2017 20:03:59 +00.04000E+00  0688 008418 1 00016354 00016310 000 378 43063.8361003819
24.11.2017 20:03:59 +00.04000E+00  0712 008418 1 00016355 00016310 000 340 43063.8361043171
24.11.2017 20:03:59 +00.04000E+00  0728 008418 1 00016356 00016310 000 342 43063.836108287
24.11.2017 20:04:00 +00.04000E+00  0744 008418 1 00016357 00016310 000 343 43063.8361122569
24.11.2017 20:04:00 +00.04000E+00  0758 008418 1 00016358 00016310 000 377 43063.8361166204
24.11.2017 20:04:00 +00.04000E+00  0783 008418 1 00016359 00016310 000 341 43063.8361205671
24.11.2017 20:04:01 +00.04000E+00  0801 008418 1 00016360 00016310 000 343 43063.836124537
24.11.2017 20:04:01 +00.04000E+00  0818 008418 1 00016361 00016310 000 343 43063.8361285069
24.11.2017 20:04:01 +00.04000E+00  0835 008418 1 00016362 00016310 000 378 43063.8361328819
24.11.2017 20:04:02 +00.04000E+00  0854 008418 1 00016363 00016310 000 341 43063.8361368287
24.11.2017 20:04:02 +00.04000E+00  0874 008418 1 00016364 00016310 000 342 43063.836140787
24.11.2017 20:04:02 +00.04000E+00  0887 008418 1 00016365 00016310 000 343 43063.8361447569
24.11.2017 20:04:03 +00.04000E+00  0900 008418 1 00016366 00016310 000 380 43063.8361491551
24.11.2017 20:04:03 +00.04000E+00  0911 008418 1 00016367 00016310 000 344 43063.8361531366
24.11.2017 20:04:03 +00.04000E+00  0927 008418 1 00016368 00016310 000 343 43063.8361571065
24.11.2017 20:04:04 +00.04000E+00  0941 008418 1 00016369 00016310 000 343 43063.8361610764
24.11.2017 20:04:04 +00.04000E+00  0953 008418 1 00016370 00016310 000 375 43063.8361654167
24.11.2017 20:04:05 +00.04000E+00  0971 008418 1 00016371 00016310 000 343 43063.8361693866
24.11.2017 20:04:05 +00.04000E+00  0984 008418 1 00016372 00016310 000 343 43063.8361733565
24.11.2017 20:04:05 +00.04000E+00  0993 008418 1 00016373 00016310 000 343 43063.8361773264
24.11.2017 20:04:06 +00.04000E+00  1004 008418 1 00016374 00016310 000 375 43063.8361816667
24.11.2017 20:04:06 +00.04000E+00  1022 008418 1 00016375 00016310 000 343 43063.8361856366
24.11.2017 20:04:06 +00.04000E+00  1035 008418 1 00016376 00016310 000 343 43063.8361896065
24.11.2017 20:04:07 +00.04000E+00  1052 008418 1 00016377 00016310 000 342 43063.8361935648
24.11.2017 20:04:07 +00.04000E+00  1063 008418 1 00016378 00016310 000 377 43063.8361979398
24.11.2017 20:04:07 +00.04000E+00  1080 008418 1 00016379 00016310 000 340 43063.836201875
24.11.2017 20:04:08 +00.04000E+00  1095 008418 1 00016380 00016310 000 343 43063.8362058449
24.11.2017 20:04:08 +00.04000E+00  1108 008418 1 00016381 00016310 000 343 43063.8362098148
24.11.2017 20:04:08 +00.04000E+00  1125 008418 1 00016382 00016310 000 378 43063.8362141898
24.11.2017 20:04:09 +00.04000E+00  1144 008418 1 00016383 00016310 000 340 43063.836218125
24.11.2017 20:04:09 +00.04000E+00  1159 008418 1 00016384 00016310 000 343 43063.8362220949
24.11.2017 20:04:09 +00.04000E+00  1178 008418 1 00016385 00016310 000 343 43063.8362260648
24.11.2017 20:04:10 +00.04000E+00  1191 008418 1 00016386 00016310 000 380 43063.836230463
24.11.2017 20:04:10 +00.04000E+00  1206 008418 1 00016387 00016310 000 344 43063.8362344444
24.11.2017 20:04:10 +00.04000E+00  1216 008418 1 00016388 00016310 000 343 43063.8362384144
24.11.2017 20:04:11 +00.04000E+00  1228 008418 1 00016389 00016310 000 343 43063.8362423843
24.11.2017 20:04:11 +00.04000E+00  1243 008418 1 00016390 00016310 000 374 43063.836246713
24.11.2017 20:04:12 +00.04000E+00  1264 008418 1 00016391 00016310 000 344 43063.8362506944
24.11.2017 20:04:12 +00.04000E+00  1279 008418 1 00016392 00016310 000 343 43063.8362546644
24.11.2017 20:04:12 +00.04000E+00  1297 008418 1 00016393 00016310 000 343 43063.8362586343
24.11.2017 20:04:13 +00.04000E+00  1315 008418 1 00016394 00016310 000 376 43063.8362629861
24.11.2017 20:04:13 +00.04000E+00  1332 008418 1 00016395 00016310 000 342 43063.8362669444
24.11.2017 20:04:18 +00.04010E+00  0013 008438 1 00016396 00016396 000 378 43063.8363280324
24.11.2017 20:04:19 +00.04010E+00  0037 008438 1 00016397 00016396 000 340 43063.8363319676
24.11.2017 20:04:19 +00.04009E+00  0054 008438 1 00016398 00016396 000 341 43063.8363359259
24.11.2017 20:04:19 +00.04010E+00  0063 008438 1 00016399 00016396 000 342 43063.8363398958
24.11.2017 20:04:20 +00.04010E+00  0078 008438 1 00016400 00016396 000 379 43063.8363442824
24.11.2017 20:04:20 +00.04010E+00  0099 008438 1 00016401 00016396 000 344 43063.8363482755
24.11.2017 20:04:20 +00.04010E+00  0110 008438 1 00016402 00016396 000 344 43063.8363522569
24.11.2017 20:04:21 +00.04009E+00  0125 008438 1 00016403 00016396 000 342 43063.8363562153
24.11.2017 20:04:21 +00.04010E+00  0145 008438 1 00016404 00016396 000 373 43063.836360544
24.11.2017 20:04:21 +00.04009E+00  0165 008438 1 00016405 00016396 000 343 43063.8363645255
24.11.2017 20:04:22 +00.04010E+00  0179 008438 1 00016406 00016396 000 343 43063.8363684954
24.11.2017 20:04:22 +00.04009E+00  0185 008438 1 00016407 00016396 000 343 43063.8363724653
24.11.2017 20:04:22 +00.04009E+00  0199 008438 1 00016408 00016396 000 376 43063.8363768171
24.11.2017 20:04:23 +00.04010E+00  0215 008438 1 00016409 00016396 000 342 43063.8363807755
24.11.2017 20:04:23 +00.04010E+00  0230 008438 1 00016410 00016396 000 343 43063.8363847454
24.11.2017 20:04:23 +00.04010E+00  0240 008438 1 00016411 00016396 000 343 43063.8363887153
24.11.2017 20:04:24 +00.04009E+00  0249 008438 1 00016412 00016396 000 377 43063.8363930787
24.11.2017 20:04:24 +00.04009E+00  0268 008438 1 00016413 00016396 000 341 43063.8363970255
24.11.2017 20:04:25 +00.04009E+00  0279 008438 1 00016414 00016396 000 343 43063.8364009954
24.11.2017 20:04:25 +00.04010E+00  0295 008438 1 00016415 00016396 000 343 43063.8364049653
24.11.2017 20:04:25 +00.04010E+00  0316 008438 1 00016416 00016396 000 378 43063.8364093403
24.11.2017 20:04:26 +00.04010E+00  0327 008438 1 00016417 00016396 000 340 43063.8364132755
24.11.2017 20:04:26 +00.04009E+00  0336 008438 1 00016418 00016396 000 341 43063.8364172338
24.11.2017 20:04:26 +00.04009E+00  0346 008438 1 00016419 00016396 000 342 43063.8364212037
24.11.2017 20:04:27 +00.04010E+00  0360 008438 1 00016420 00016396 000 378 43063.8364255903
24.11.2017 20:04:27 +00.04010E+00  0379 008438 1 00016421 00016396 000 344 43063.8364295833
24.11.2017 20:04:27 +00.04010E+00  0397 008438 1 00016422 00016396 000 343 43063.8364335648
24.11.2017 20:04:28 +00.04010E+00  0410 008438 1 00016423 00016396 000 343 43063.8364375347
24.11.2017 20:04:28 +00.04009E+00  0425 008438 1 00016424 00016396 000 374 43063.8364418634
24.11.2017 20:04:28 +00.04010E+00  0446 008438 1 00016425 00016396 000 343 43063.8364458333
24.11.2017 20:04:29 +00.04010E+00  0455 008438 1 00016426 00016396 000 342 43063.8364498032
24.11.2017 20:04:29 +00.04010E+00  0467 008438 1 00016427 00016396 000 342 43063.8364537731
24.11.2017 20:04:29 +00.04010E+00  0488 008438 1 00016428 00016396 000 374 43063.8364581134
24.11.2017 20:04:30 +00.04010E+00  0506 008438 1 00016429 00016396 000 342 43063.8364620833
24.11.2017 20:04:30 +00.04010E+00  0516 008438 1 00016430 00016396 000 343 43063.8364660532
24.11.2017 20:04:31 +00.04010E+00  0530 008438 1 00016431 00016396 000 342 43063.8364700231
24.11.2017 20:04:31 +00.04010E+00  0537 008438 1 00016432 00016396 000 376 43063.8364743866
24.11.2017 20:04:31 +00.04010E+00  0547 008438 1 00016433 00016396 000 340 43063.8364783333
24.11.2017 20:04:32 +00.04010E+00  0568 008438 1 00016434 00016396 000 343 43063.8364823032
24.11.2017 20:04:32 +00.04009E+00  0579 008438 1 00016435 00016396 000 343 43063.8364862731
24.11.2017 20:04:32 +00.04010E+00  0587 008438 1 00016436 00016396 000 378 43063.8364906482
24.11.2017 20:04:33 +00.04010E+00  0607 008438 1 00016437 00016396 000 340 43063.8364945833
24.11.2017 20:04:33 +00.04010E+00  0618 008438 1 00016438 00016396 000 343 43063.8364985532
24.11.2017 20:04:33 +00.04010E+00  0635 008438 1 00016439 00016396 000 343 43063.8365025231
24.11.2017 20:04:34 +00.04009E+00  0654 008438 1 00016440 00016396 000 379 43063.8365069097
24.11.2017 20:04:34 +00.04009E+00  0671 008438 1 00016441 00016396 000 345 43063.8365109028
24.11.2017 20:04:34 +00.04010E+00  0685 008438 1 00016442 00016396 000 343 43063.8365148727
24.11.2017 20:04:35 +00.04010E+00  0695 008438 1 00016443 00016396 000 343 43063.8365188426
24.11.2017 20:04:35 +00.04009E+00  0710 008438 1 00016444 00016396 000 374 43063.8365231713
24.11.2017 20:04:35 +00.04009E+00  0720 008438 1 00016445 00016396 000 344 43063.8365271528
24.11.2017 20:04:36 +00.04010E+00  0732 008438 1 00016446 00016396 000 343 43063.8365311227
24.11.2017 20:04:36 +00.04009E+00  0751 008438 1 00016447 00016396 000 343 43063.8365350926
24.11.2017 20:04:37 +00.04010E+00  0770 008438 1 00016448 00016396 000 375 43063.8365394329
24.11.2017 20:04:37 +00.04010E+00  0781 008438 1 00016449 00016396 000 342 43063.8365433912
24.11.2017 20:04:37 +00.04009E+00  0795 008438 1 00016450 00016396 000 342 43063.8365473611
24.11.2017 20:04:38 +00.04010E+00  0803 008438 1 00016451 00016396 000 342 43063.836551331
24.11.2017 20:04:38 +00.04010E+00  0819 008438 1 00016452 00016396 000 376 43063.8365556944
24.11.2017 20:04:38 +00.04009E+00  0832 008438 1 00016453 00016396 000 341 43063.8365596412
24.11.2017 20:04:39 +00.04010E+00  0843 008438 1 00016454 00016396 000 342 43063.8365636111
24.11.2017 20:04:39 +00.04010E+00  0859 008438 1 00016455 00016396 000 342 43063.836567581
24.11.2017 20:04:39 +00.04009E+00  0875 008438 1 00016456 00016396 000 377 43063.836571956
24.11.2017 20:04:40 +00.04009E+00  0887 008438 1 00016457 00016396 000 341 43063.8365759143
24.11.2017 20:04:40 +00.04010E+00  0896 008438 1 00016458 00016396 000 341 43063.8365798611
24.11.2017 20:04:40 +00.04009E+00  0913 008438 1 00016459 00016396 000 343 43063.836583831
24.11.2017 20:04:41 +00.04009E+00  0929 008438 1 00016460 00016396 000 379 43063.8365882176
24.11.2017 20:04:41 +00.04010E+00  0948 008438 1 00016461 00016396 000 340 43063.8365921528
24.11.2017 20:04:41 +00.04010E+00  0961 008438 1 00016462 00016396 000 342 43063.8365961111
24.11.2017 20:04:42 +00.04010E+00  0971 008438 1 00016463 00016396 000 343 43063.836600081
24.11.2017 20:04:42 +00.04010E+00  0984 008438 1 00016464 00016396 000 380 43063.8366044792
24.11.2017 20:04:42 +00.04010E+00  1005 008438 1 00016465 00016396 000 344 43063.8366084606
24.11.2017 20:04:43 +00.04010E+00  1012 008438 1 00016466 00016396 000 343 43063.8366124306
24.11.2017 20:04:43 +00.04009E+00  1025 008438 1 00016467 00016396 000 343 43063.8366164005
24.11.2017 20:04:44 +00.04010E+00  1036 008438 1 00016468 00016396 000 375 43063.8366207407
24.11.2017 20:04:44 +00.04010E+00  1057 008438 1 00016469 00016396 000 343 43063.8366247106
24.11.2017 20:04:44 +00.04010E+00  1074 008438 1 00016470 00016396 000 343 43063.8366286806
24.11.2017 20:04:45 +00.04009E+00  1090 008438 1 00016471 00016396 000 343 43063.8366326505
24.11.2017 20:04:45 +00.04010E+00  1103 008438 1 00016472 00016396 000 376 43063.8366370023
24.11.2017 20:04:45 +00.04009E+00  1120 008438 1 00016473 00016396 000 341 43063.8366409491
24.11.2017 20:04:46 +00.04009E+00  1132 008438 1 00016474 00016396 000 342 43063.836644919
24.11.2017 20:04:46 +00.04009E+00  1147 008438 1 00016475 00016396 000 343 43063.8366489005
24.11.2017 20:04:46 +00.04010E+00  1164 008438 1 00016476 00016396 000 377 43063.8366532639
24.11.2017 20:04:47 +00.04010E+00  1171 008438 1 00016477 00016396 000 340 43063.8366571991
24.11.2017 20:04:47 +00.04010E+00  1190 008438 1 00016478 00016396 000 343 43063.8366611806
24.11.2017 20:04:47 +00.04010E+00  1203 008438 1 00016479 00016396 000 342 43063.8366651389
24.11.2017 20:04:48 +00.04009E+00  1215 008438 1 00016480 00016396 000 378 43063.8366695255
24.11.2017 20:04:53 +00.04020E+00  0012 008459 1 00016481 00016481 000 379 43063.8367345718
24.11.2017 20:04:54 +00.04019E+00  0031 008459 1 00016482 00016481 000 343 43063.8367385532
24.11.2017 20:04:54 +00.04020E+00  0040 008459 1 00016483 00016481 000 343 43063.8367425231
24.11.2017 20:04:54 +00.04020E+00  0052 008459 1 00016484 00016481 000 342 43063.8367464931
24.11.2017 20:04:55 +00.04020E+00  0063 008459 1 00016485 00016481 000 374 43063.8367508333
24.11.2017 20:04:55 +00.04020E+00  0083 008459 1 00016486 00016481 000 342 43063.8367548032
24.11.2017 20:04:55 +00.04020E+00  0096 008459 1 00016487 00016481 000 343 43063.8367587731
24.11.2017 20:04:56 +00.04020E+00  0110 008459 1 00016488 00016481 000 343 43063.8367627431
24.11.2017 20:04:56 +00.04020E+00  0122 008459 1 00016489 00016481 000 376 43063.8367670949
24.11.2017 20:04:57 +00.04020E+00  0135 008459 1 00016490 00016481 000 342 43063.8367710532
24.11.2017 20:04:57 +00.04020E+00  0147 008459 1 00016491 00016481 000 343 43063.8367750231
24.11.2017 20:04:57 +00.04020E+00  0165 008459 1 00016492 00016481 000 343 43063.8367789931
24.11.2017 20:04:58 +00.04020E+00  0186 008459 1 00016493 00016481 000 377 43063.8367833565
24.11.2017 20:04:58 +00.04019E+00  0196 008459 1 00016494 00016481 000 341 43063.8367873032
24.11.2017 20:04:58 +00.04020E+00  0215 008459 1 00016495 00016481 000 343 43063.8367912731
24.11.2017 20:04:59 +00.04019E+00  0231 008459 1 00016496 00016481 000 343 43063.8367952431
24.11.2017 20:04:59 +00.04020E+00  0243 008459 1 00016497 00016481 000 379 43063.8367996296
24.11.2017 20:04:59 +00.04020E+00  0256 008459 1 00016498 00016481 000 345 43063.8368036227
24.11.2017 20:05:00 +00.04020E+00  0266 008459 1 00016499 00016481 000 343 43063.8368075926
24.11.2017 20:05:00 +00.04020E+00  0282 008459 1 00016500 00016481 000 343 43063.8368115625
24.11.2017 20:05:00 +00.04020E+00  0298 008459 1 00016501 00016481 000 373 43063.8368158796
24.11.2017 20:05:01 +00.04020E+00  0315 008459 1 00016502 00016481 000 344 43063.8368198611
24.11.2017 20:05:01 +00.04019E+00  0344 008459 1 00016503 00016481 000 343 43063.8368238426
24.11.2017 20:05:01 +00.04020E+00  0358 008459 1 00016504 00016481 000 343 43063.8368278125
24.11.2017 20:05:02 +00.04020E+00  0374 008459 1 00016505 00016481 000 374 43063.8368321412
24.11.2017 20:05:02 +00.04020E+00  0390 008459 1 00016506 00016481 000 343 43063.8368361111
24.11.2017 20:05:02 +00.04020E+00  0405 008459 1 00016507 00016481 000 342 43063.836840081
24.11.2017 20:05:03 +00.04019E+00  0419 008459 1 00016508 00016481 000 344 43063.8368440625
24.11.2017 20:05:03 +00.04020E+00  0435 008459 1 00016509 00016481 000 375 43063.8368484028
24.11.2017 20:05:04 +00.04020E+00  0450 008459 1 00016510 00016481 000 342 43063.8368523611
24.11.2017 20:05:04 +00.04020E+00  0465 008459 1 00016511 00016481 000 343 43063.836856331
24.11.2017 20:05:04 +00.04020E+00  0474 008459 1 00016512 00016481 000 343 43063.8368603009
24.11.2017 20:05:05 +00.04020E+00  0486 008459 1 00016513 00016481 000 377 43063.8368646644
24.11.2017 20:05:05 +00.04020E+00  0497 008459 1 00016514 00016481 000 341 43063.8368686111
24.11.2017 20:05:05 +00.04020E+00  0508 008459 1 00016515 00016481 000 343 43063.836872581
24.11.2017 20:05:06 +00.04020E+00  0528 008459 1 00016516 00016481 000 343 43063.8368765509
24.11.2017 20:05:06 +00.04020E+00  0545 008459 1 00016517 00016481 000 378 43063.8368809259
24.11.2017 20:05:06 +00.04020E+00  0563 008459 1 00016518 00016481 000 341 43063.8368848727
24.11.2017 20:05:07 +00.04019E+00  0574 008459 1 00016519 00016481 000 342 43063.836888831
24.11.2017 20:05:07 +00.04020E+00  0586 008459 1 00016520 00016481 000 343 43063.8368928009
24.11.2017 20:05:07 +00.04020E+00  0604 008459 1 00016521 00016481 000 379 43063.8368971875
24.11.2017 20:05:08 +00.04020E+00  0624 008459 1 00016522 00016481 000 345 43063.8369011806
24.11.2017 20:05:08 +00.04020E+00  0635 008459 1 00016523 00016481 000 343 43063.8369051505
24.11.2017 20:05:08 +00.04020E+00  0651 008459 1 00016524 00016481 000 343 43063.8369091204
24.11.2017 20:05:09 +00.04019E+00  0663 008459 1 00016525 00016481 000 374 43063.8369134491
24.11.2017 20:05:09 +00.04020E+00  0676 008461 1 00016526 00016481 000 343 43063.836917419
24.11.2017 20:05:10 +00.04020E+00  0698 008461 1 00016527 00016481 000 343 43063.8369214005
24.11.2017 20:05:10 +00.04020E+00  0708 008461 1 00016528 00016481 000 343 43063.8369253704
24.11.2017 20:05:10 +00.04020E+00  0729 008461 1 00016529 00016481 000 375 43063.8369297106
24.11.2017 20:05:11 +00.04021E+00  0748 008461 1 00016530 00016481 000 342 43063.836933669
24.11.2017 20:05:11 +00.04020E+00  0763 008461 1 00016531 00016481 000 342 43063.8369376389
24.11.2017 20:05:11 +00.04021E+00  0780 008461 1 00016532 00016481 000 344 43063.8369416204
24.11.2017 20:05:12 +00.04021E+00  0790 008461 1 00016533 00016481 000 376 43063.8369459722
24.11.2017 20:05:12 +00.04020E+00  0806 008461 1 00016534 00016481 000 340 43063.836949919
24.11.2017 20:05:12 +00.04021E+00  0820 008461 1 00016535 00016481 000 343 43063.8369538889
24.11.2017 20:05:13 +00.04021E+00  0831 008461 1 00016536 00016481 000 342 43063.8369578588
24.11.2017 20:05:13 +00.04021E+00  0846 008461 1 00016537 00016481 000 379 43063.8369622454
24.11.2017 20:05:13 +00.04020E+00  0867 008461 1 00016538 00016481 000 340 43063.8369661806
24.11.2017 20:05:14 +00.04021E+00  0885 008461 1 00016539 00016481 000 341 43063.8369701273
24.11.2017 20:05:14 +00.04021E+00  0902 008461 1 00016540 00016481 000 344 43063.8369741088
24.11.2017 20:05:14 +00.04020E+00  0917 008459 1 00016541 00016481 000 379 43063.8369784954
24.11.2017 20:05:15 +00.04020E+00  0940 008459 1 00016542 00016481 000 340 43063.8369824306
24.11.2017 20:05:15 +00.04020E+00  0951 008459 1 00016543 00016481 000 342 43063.8369863889
24.11.2017 20:05:15 +00.04019E+00  0960 008459 1 00016544 00016481 000 343 43063.8369903588
24.11.2017 20:05:16 +00.04020E+00  0971 008459 1 00016545 00016481 000 381 43063.8369947685
24.11.2017 20:05:16 +00.04020E+00  0984 008459 1 00016546 00016481 000 343 43063.8369987384
24.11.2017 20:05:17 +00.04020E+00  0992 008459 1 00016547 00016481 000 343 43063.8370027083
24.11.2017 20:05:17 +00.04020E+00  1002 008459 1 00016548 00016481 000 343 43063.8370066782
24.11.2017 20:05:17 +00.04020E+00  1021 008459 1 00016549 00016481 000 376 43063.8370110301
24.11.2017 20:05:18 +00.04020E+00  1039 008459 1 00016550 00016481 000 341 43063.8370149769
24.11.2017 20:05:18 +00.04019E+00  1054 008459 1 00016551 00016481 000 343 43063.8370189583
24.11.2017 20:05:18 +00.04019E+00  1073 008459 1 00016552 00016481 000 343 43063.8370229282
24.11.2017 20:05:19 +00.04019E+00  1095 008459 1 00016553 00016481 000 377 43063.8370272917
24.11.2017 20:05:19 +00.04020E+00  1102 008459 1 00016554 00016481 000 340 43063.8370312269
24.11.2017 20:05:19 +00.04020E+00  1114 008459 1 00016555 00016481 000 342 43063.8370351968
24.11.2017 20:05:20 +00.04019E+00  1125 008459 1 00016556 00016481 000 342 43063.8370391667
24.11.2017 20:05:20 +00.04020E+00  1142 008459 1 00016557 00016481 000 377 43063.8370435417
24.11.2017 20:05:20 +00.04019E+00  1161 008459 1 00016558 00016481 000 340 43063.8370474884
24.11.2017 20:05:21 +00.04020E+00  1173 008459 1 00016559 00016481 000 343 43063.8370514583
24.11.2017 20:05:21 +00.04019E+00  1187 008459 1 00016560 00016481 000 342 43063.8370554167
24.11.2017 20:05:21 +00.04020E+00  1199 008459 1 00016561 00016481 000 378 43063.8370598032
24.11.2017 20:05:22 +00.04019E+00  1214 008459 1 00016562 00016481 000 340 43063.8370637384
24.11.2017 20:05:22 +00.04019E+00  1232 008459 1 00016563 00016481 000 341 43063.8370676968
24.11.2017 20:05:22 +00.04020E+00  1244 008459 1 00016564 00016481 000 343 43063.8370716667
24.11.2017 20:05:23 +00.04019E+00  1263 008459 1 00016565 00016481 000 381 43063.8370760764
24.11.2017 20:05:23 +00.04020E+00  1277 008459 1 00016566 00016481 000 343 43063.8370800463
24.11.2017 20:05:24 +00.04020E+00  1292 008459 1 00016567 00016481 000 343 43063.8370840162
24.11.2017 20:05:29 +00.04030E+00  0013 008481 1 00016568 00016568 000 378 43063.837144375
24.11.2017 20:05:29 +00.04030E+00  0032 008481 1 00016569 00016568 000 340 43063.8371483102
24.11.2017 20:05:29 +00.04030E+00  0055 008481 1 00016570 00016568 000 343 43063.8371522801
24.11.2017 20:05:30 +00.04030E+00  0069 008481 1 00016571 00016568 000 343 43063.83715625
24.11.2017 20:05:30 +00.04030E+00  0084 008481 1 00016572 00016568 000 379 43063.8371606366
24.11.2017 20:05:31 +00.04030E+00  0101 008481 1 00016573 00016568 000 345 43063.8371646296
24.11.2017 20:05:31 +00.04030E+00  0113 008481 1 00016574 00016568 000 343 43063.8371685995
24.11.2017 20:05:31 +00.04030E+00  0134 008481 1 00016575 00016568 000 343 43063.8371725694
24.11.2017 20:05:32 +00.04030E+00  0153 008481 1 00016576 00016568 000 374 43063.8371768981
24.11.2017 20:05:32 +00.04030E+00  0171 008481 1 00016577 00016568 000 343 43063.8371808681
24.11.2017 20:05:32 +00.04030E+00  0186 008481 1 00016578 00016568 000 342 43063.837184838
24.11.2017 20:05:33 +00.04030E+00  0201 008481 1 00016579 00016568 000 343 43063.8371888194
24.11.2017 20:05:33 +00.04030E+00  0214 008481 1 00016580 00016568 000 374 43063.8371931481
24.11.2017 20:05:33 +00.04030E+00  0226 008481 1 00016581 00016568 000 342 43063.8371971181
24.11.2017 20:05:34 +00.04030E+00  0239 008481 1 00016582 00016568 000 343 43063.837201088
24.11.2017 20:05:34 +00.04030E+00  0256 008481 1 00016583 00016568 000 342 43063.8372050579
24.11.2017 20:05:34 +00.04030E+00  0273 008481 1 00016584 00016568 000 376 43063.8372094213
24.11.2017 20:05:35 +00.04030E+00  0290 008481 1 00016585 00016568 000 341 43063.8372133681
24.11.2017 20:05:35 +00.04030E+00  0302 008481 1 00016586 00016568 000 343 43063.837217338
24.11.2017 20:05:35 +00.04030E+00  0320 008481 1 00016587 00016568 000 343 43063.8372213079
24.11.2017 20:05:36 +00.04030E+00  0340 008481 1 00016588 00016568 000 378 43063.8372256829
24.11.2017 20:05:36 +00.04030E+00  0356 008481 1 00016589 00016568 000 340 43063.8372296181
24.11.2017 20:05:36 +00.04030E+00  0379 008481 1 00016590 00016568 000 343 43063.837233588
24.11.2017 20:05:37 +00.04030E+00  0391 008481 1 00016591 00016568 000 343 43063.8372375579
24.11.2017 20:05:37 +00.04030E+00  0403 008481 1 00016592 00016568 000 379 43063.8372419444
24.11.2017 20:05:38 +00.04030E+00  0426 008481 1 00016593 00016568 000 340 43063.8372458796
24.11.2017 20:05:38 +00.04030E+00  0439 008481 1 00016594 00016568 000 342 43063.837249838
24.11.2017 20:05:38 +00.04030E+00  0453 008481 1 00016595 00016568 000 343 43063.8372538079
24.11.2017 20:05:39 +00.04030E+00  0471 008481 1 00016596 00016568 000 380 43063.837258206
24.11.2017 20:05:39 +00.04030E+00  0481 008481 1 00016597 00016568 000 344 43063.8372621875
24.11.2017 20:05:39 +00.04030E+00  0495 008481 1 00016598 00016568 000 343 43063.8372661574
24.11.2017 20:05:40 +00.04030E+00  0509 008481 1 00016599 00016568 000 343 43063.8372701273
24.11.2017 20:05:40 +00.04030E+00  0525 008481 1 00016600 00016568 000 375 43063.8372744676
24.11.2017 20:05:40 +00.04030E+00  0539 008481 1 00016601 00016568 000 343 43063.8372784375
24.11.2017 20:05:41 +00.04030E+00  0560 008481 1 00016602 00016568 000 342 43063.8372823958
24.11.2017 20:05:41 +00.04030E+00  0571 008481 1 00016603 00016568 000 343 43063.8372863773
24.11.2017 20:05:41 +00.04030E+00  0584 008481 1 00016604 00016568 000 376 43063.8372907292
24.11.2017 20:05:42 +00.04030E+00  0600 008481 1 00016605 00016568 000 341 43063.8372946759
24.11.2017 20:05:42 +00.04030E+00  0618 008481 1 00016606 00016568 000 343 43063.8372986458
24.11.2017 20:05:42 +00.04030E+00  0632 008481 1 00016607 00016568 000 342 43063.8373026157
24.11.2017 20:05:43 +00.04030E+00  0644 008481 1 00016608 00016568 000 377 43063.8373069907
24.11.2017 20:05:43 +00.04030E+00  0659 008481 1 00016609 00016568 000 340 43063.8373109375
24.11.2017 20:05:44 +00.04030E+00  0670 008481 1 00016610 00016568 000 341 43063.8373148958
24.11.2017 20:05:44 +00.04030E+00  0688 008481 1 00016611 00016568 000 343 43063.8373188657
24.11.2017 20:05:44 +00.04030E+00  0708 008481 1 00016612 00016568 000 378 43063.8373232523
24.11.2017 20:05:45 +00.04030E+00  0724 008481 1 00016613 00016568 000 344 43063.8373272454
24.11.2017 20:05:45 +00.04030E+00  0738 008481 1 00016614 00016568 000 343 43063.8373312153
24.11.2017 20:05:45 +00.04030E+00  0755 008481 1 00016615 00016568 000 343 43063.8373351852
24.11.2017 20:05:46 +00.04030E+00  0768 008481 1 00016616 00016568 000 373 43063.8373395139
24.11.2017 20:05:46 +00.04030E+00  0780 008481 1 00016617 00016568 000 344 43063.8373434954
24.11.2017 20:05:46 +00.04030E+00  0807 008481 1 00016618 00016568 000 343 43063.8373474653
24.11.2017 20:05:47 +00.04030E+00  0822 008481 1 00016619 00016568 000 343 43063.8373514352
24.11.2017 20:05:47 +00.04030E+00  0841 008481 1 00016620 00016568 000 375 43063.8373557755
24.11.2017 20:05:47 +00.04030E+00  0858 008481 1 00016621 00016568 000 343 43063.8373597454
24.11.2017 20:05:48 +00.04030E+00  0881 008481 1 00016622 00016568 000 343 43063.8373637153
24.11.2017 20:05:48 +00.04030E+00  0890 008481 1 00016623 00016568 000 343 43063.8373676852
24.11.2017 20:05:48 +00.04030E+00  0901 008481 1 00016624 00016568 000 376 43063.837372037
24.11.2017 20:05:49 +00.04030E+00  0914 008481 1 00016625 00016568 000 342 43063.8373759954
24.11.2017 20:05:49 +00.04030E+00  0923 008481 1 00016626 00016568 000 342 43063.8373799537
24.11.2017 20:05:49 +00.04030E+00  0931 008481 1 00016627 00016568 000 343 43063.8373839352
24.11.2017 20:05:50 +00.04030E+00  0939 008481 1 00016628 00016568 000 377 43063.8373882986
24.11.2017 20:05:50 +00.04030E+00  0948 008481 1 00016629 00016568 000 340 43063.8373922338
24.11.2017 20:05:51 +00.04030E+00  0971 008481 1 00016630 00016568 000 343 43063.8373962037
24.11.2017 20:05:51 +00.04030E+00  0986 008481 1 00016631 00016568 000 342 43063.8374001736
24.11.2017 20:05:51 +00.04030E+00  0996 008481 1 00016632 00016568 000 378 43063.8374045602
24.11.2017 20:05:52 +00.04030E+00  1009 008481 1 00016633 00016568 000 340 43063.8374084954
24.11.2017 20:05:52 +00.04030E+00  1018 008481 1 00016634 00016568 000 341 43063.8374124537
24.11.2017 20:05:52 +00.04030E+00  1027 008481 1 00016635 00016568 000 343 43063.8374164236
24.11.2017 20:05:53 +00.04030E+00  1042 008481 1 00016636 00016568 000 379 43063.8374208218
24.11.2017 20:05:53 +00.04030E+00  1066 008481 1 00016637 00016568 000 344 43063.8374248032
24.11.2017 20:05:53 +00.04030E+00  1077 008481 1 00016638 00016568 000 342 43063.8374287731
24.11.2017 20:05:54 +00.04030E+00  1087 008481 1 00016639 00016568 000 342 43063.8374327431
24.11.2017 20:05:54 +00.04030E+00  1105 008481 1 00016640 00016568 000 375 43063.8374370833
24.11.2017 20:05:54 +00.04030E+00  1117 008481 1 00016641 00016568 000 342 43063.8374410532
24.11.2017 20:05:55 +00.04030E+00  1128 008481 1 00016642 00016568 000 343 43063.8374450231
24.11.2017 20:05:55 +00.04030E+00  1135 008481 1 00016643 00016568 000 343 43063.8374489931
24.11.2017 20:05:55 +00.04030E+00  1154 008481 1 00016644 00016568 000 376 43063.8374533449
24.11.2017 20:05:56 +00.04030E+00  1173 008481 1 00016645 00016568 000 342 43063.8374573032
24.11.2017 20:05:56 +00.04030E+00  1186 008481 1 00016646 00016568 000 343 43063.8374612731
24.11.2017 20:05:56 +00.04030E+00  1202 008481 1 00016647 00016568 000 343 43063.8374652431