
24.11.2017 18:22:08 +00.04050E+00  0012 008522 -1 00001296 00001296 000 382 43063.7653744444
24.11.2017 18:22:08 +00.04050E+00  0025 008522 -1 00001297 00001296 000 342 43063.7653784028
24.11.2017 18:22:09 +00.04050E+00  0041 008522 -1 00001298 00001296 000 343 43063.7653823727
24.11.2017 18:22:09 +00.04050E+00  0063 008522 -1 00001299 00001296 000 342 43063.765386331
24.11.2017 18:22:09 +00.04050E+00  0079 008522 -1 00001300 00001296 000 378 43063.7653907176
24.11.2017 18:22:10 +00.04050E+00  0098 008522 -1 00001301 00001296 000 340 43063.7653946528
24.11.2017 18:22:10 +00.04050E+00  0107 008522 -1 00001302 00001296 000 342 43063.7653986111
24.11.2017 18:22:10 +00.04049E+00  0115 008522 -1 00001303 00001296 000 343 43063.765402581
24.11.2017 18:22:11 +00.04049E+00  0133 008522 -1 00001304 00001296 000 379 43063.7654069676
24.11.2017 18:22:11 +00.04050E+00  0151 008522 -1 00001305 00001296 000 344 43063.7654109606
24.11.2017 18:22:11 +00.04050E+00  0162 008522 -1 00001306 00001296 000 343 43063.7654149306
24.11.2017 18:22:12 +00.04050E+00  0176 008522 -1 00001307 00001296 000 342 43063.7654189005
24.11.2017 18:22:12 +00.04050E+00  0192 008522 -1 00001308 00001296 000 374 43063.7654232292
24.11.2017 18:22:12 +00.04050E+00  0204 008522 -1 00001309 00001296 000 343 43063.7654272106
24.11.2017 18:22:13 +00.04049E+00  0219 008522 -1 00001310 00001296 000 343 43063.7654311806
24.11.2017 18:22:13 +00.04050E+00  0232 008524 -1 00001311 00001296 000 343 43063.7654351505
24.11.2017 18:22:13 +00.04050E+00  0240 008524 -1 00001312 00001296 000 375 43063.7654394907
24.11.2017 18:22:14 +00.04050E+00  0254 008524 -1 00001313 00001296 000 343 43063.7654434606
24.11.2017 18:22:14 +00.04051E+00  0263 008524 -1 00001314 00001296 000 343 43063.7654474306
24.11.2017 18:22:15 +00.04051E+00  0281 008524 -1 00001315 00001296 000 343 43063.7654514005
24.11.2017 18:22:15 +00.04051E+00  0297 008524 -1 00001316 00001296 000 376 43063.7654557523
24.11.2017 18:22:15 +00.04051E+00  0309 008524 -1 00001317 00001296 000 342 43063.7654597106
24.11.2017 18:22:16 +00.04050E+00  0324 008524 -1 00001318 00001296 000 343 43063.7654636806
24.11.2017 18:22:16 +00.04050E+00  0334 008524 -1 00001319 00001296 000 343 43063.7654676505
24.11.2017 18:22:16 +00.04050E+00  0344 008524 -1 00001320 00001296 000 378 43063.7654720255
24.11.2017 18:22:17 +00.04050E+00  0359 008524 -1 00001321 00001296 000 340 43063.7654759606
24.11.2017 18:22:17 +00.04051E+00  0376 008524 -1 00001322 00001296 000 343 43063.7654799306
24.11.2017 18:22:17 +00.04050E+00  0392 008524 -1 00001323 00001296 000 343 43063.7654839005
24.11.2017 18:22:18 +00.04051E+00  0407 008524 -1 00001324 00001296 000 379 43063.765488287
24.11.2017 18:22:18 +00.04051E+00  0421 008522 -1 00001325 00001296 000 345 43063.7654922801
24.11.2017 18:22:18 +00.04050E+00  0432 008522 -1 00001326 00001296 000 343 43063.76549625
24.11.2017 18:22:19 +00.04050E+00  0449 008522 -1 00001327 00001296 000 343 43063.7655002199
24.11.2017 18:22:19 +00.04050E+00  0461 008522 -1 00001328 00001296 000 373 43063.765504537
24.11.2017 18:22:19 +00.04050E+00  0479 008522 -1 00001329 00001296 000 345 43063.7655085301
24.11.2017 18:22:20 +00.04050E+00  0494 008522 -1 00001330 00001296 000 342 43063.7655124884
24.11.2017 18:22:20 +00.04050E+00  0505 008522 -1 00001331 00001296 000 343 43063.7655164699
24.11.2017 18:22:20 +00.04050E+00  0521 008522 -1 00001332 00001296 000 375 43063.7655208102
24.11.2017 18:22:21 +00.04050E+00  0532 008522 -1 00001333 00001296 000 342 43063.7655247685
24.11.2017 18:22:21 +00.04050E+00  0550 008522 -1 00001334 00001296 000 343 43063.7655287384
24.11.2017 18:22:22 +00.04050E+00  0562 008522 -1 00001335 00001296 000 343 43063.7655327083
24.11.2017 18:22:22 +00.04050E+00  0577 008522 -1 00001336 00001296 000 376 43063.7655370602
24.11.2017 18:22:22 +00.04050E+00  0603 008522 -1 00001337 00001296 000 342 43063.7655410185
24.11.2017 18:22:23 +00.04050E+00  0620 008522 -1 00001338 00001296 000 343 43063.7655449884
24.11.2017 18:22:23 +00.04050E+00  0636 008522 -1 00001339 00001296 000 343 43063.7655489583
24.11.2017 18:22:23 +00.04049E+00  0649 008522 -1 00001340 00001296 000 379 43063.7655533449
24.11.2017 18:22:24 +00.04049E+00  0664 008522 -1 00001341 00001296 000 340 43063.7655572801
24.11.2017 18:22:24 +00.04050E+00  0681 008522 -1 00001342 00001296 000 342 43063.7655612384
24.11.2017 18:22:24 +00.04050E+00  0693 008522 -1 00001343 00001296 000 343 43063.7655652083
24.11.2017 18:22:25 +00.04050E+00  0710 008522 -1 00001344 00001296 000 379 43063.7655695949
24.11.2017 18:22:25 +00.04050E+00  0723 008522 -1 00001345 00001296 000 340 43063.7655735301
24.11.2017 18:22:25 +00.04050E+00  0745 008522 -1 00001346 00001296 000 342 43063.7655774884
24.11.2017 18:22:26 +00.04049E+00  0763 008522 -1 00001347 00001296 000 343 43063.7655814583
24.11.2017 18:22:26 +00.04050E+00  0778 008522 -1 00001348 00001296 000 381 43063.7655858681
24.11.2017 18:22:26 +00.04050E+00  0790 008522 -1 00001349 00001296 000 343 43063.765589838
24.11.2017 18:22:27 +00.04049E+00  0797 008522 -1 00001350 00001296 000 343 43063.7655938079
24.11.2017 18:22:27 +00.04050E+00  0802 008522 -1 00001351 00001296 000 343 43063.7655977778
24.11.2017 18:22:28 +00.04049E+00  0811 008522 -1 00001352 00001296 000 375 43063.7656021181
24.11.2017 18:22:28 +00.04049E+00  0827 008522 -1 00001353 00001296 000 343 43063.765606088
24.11.2017 18:22:28 +00.04050E+00  0845 008524 -1 00001354 00001296 000 343 43063.7656100579
24.11.2017 18:22:29 +00.04050E+00  0854 008524 -1 00001355 00001296 000 342 43063.7656140162
24.11.2017 18:22:29 +00.04050E+00  0863 008524 -1 00001356 00001296 000 376 43063.7656183796
24.11.2017 18:22:29 +00.04051E+00  0881 008524 -1 00001357 00001296 000 341 43063.7656223264
24.11.2017 18:22:30 +00.04051E+00  0891 008524 -1 00001358 00001296 000 343 43063.7656262963
24.11.2017 18:22:30 +00.04051E+00  0909 008524 -1 00001359 00001296 000 343 43063.7656302662
24.11.2017 18:22:30 +00.04050E+00  0928 008524 -1 00001360 00001296 000 376 43063.7656346296
24.11.2017 18:22:31 +00.04050E+00  0945 008524 -1 00001361 00001296 000 340 43063.7656385764
24.11.2017 18:22:31 +00.04050E+00  0958 008524 -1 00001362 00001296 000 343 43063.7656425463
24.11.2017 18:22:31 +00.04050E+00  0967 008524 -1 00001363 00001296 000 343 43063.7656465162
24.11.2017 18:22:32 +00.04051E+00  0976 008524 -1 00001364 00001296 000 379 43063.7656509028
24.11.2017 18:22:32 +00.04050E+00  0989 008524 -1 00001365 00001296 000 340 43063.765654838
24.11.2017 18:22:32 +00.04051E+00  1008 008524 -1 00001366 00001296 000 342 43063.7656587963
24.11.2017 18:22:33 +00.04051E+00  1020 008524 -1 00001367 00001296 000 343 43063.7656627662
24.11.2017 18:22:33 +00.04051E+00  1041 008522 -1 00001368 00001296 000 380 43063.7656671643
24.11.2017 18:22:33 +00.04050E+00  1060 008522 -1 00001369 00001296 000 344 43063.7656711458
24.11.2017 18:22:34 +00.04050E+00  1085 008522 -1 00001370 00001296 000 343 43063.7656751157
24.11.2017 18:22:34 +00.04050E+00  1095 008522 -1 00001371 00001296 000 343 43063.7656790856
24.11.2017 18:22:35 +00.04050E+00  1106 008522 -1 00001372 00001296 000 375 43063.7656834259
24.11.2017 18:22:35 +00.04049E+00  1119 008522 -1 00001373 00001296 000 343 43063.7656873958
24.11.2017 18:22:35 +00.04050E+00  1140 008522 -1 00001374 00001296 000 343 43063.7656913657
24.11.2017 18:22:36 +00.04050E+00  1157 008522 -1 00001375 00001296 000 343 43063.7656953356
24.11.2017 18:22:36 +00.04050E+00  1175 008522 -1 00001376 00001296 000 376 43063.7656996875
24.11.2017 18:22:36 +00.04050E+00  1188 008522 -1 00001377 00001296 000 341 43063.7657036343
24.11.2017 18:22:37 +00.04050E+00  1200 008522 -1 00001378 00001296 000 343 43063.7657076157
24.11.2017 18:22:37 +00.04050E+00  1219 008522 -1 00001379 00001296 000 343 43063.7657115856
24.11.2017 18:22:37 +00.04049E+00  1234 008522 -1 00001380 00001296 000 377 43063.7657159491
24.11.2017 18:22:38 +00.04050E+00  1247 008522 -1 00001381 00001296 000 340 43063.7657198843
24.11.2017 18:22:38 +00.04049E+00  1260 008522 -1 00001382 00001296 000 343 43063.7657238542
24.11.2017 18:22:43 +00.04040E+00  0016 008502 -1 00001383 00001383 000 380 43063.7657842477
24.11.2017 18:22:44 +00.04040E+00  0027 008502 -1 00001384 00001383 000 343 43063.7657882176
24.11.2017 18:22:44 +00.04040E+00  0043 008502 -1 00001385 00001383 000 343 43063.7657921875
24.11.2017 18:22:44 +00.04040E+00  0064 008502 -1 00001386 00001383 000 343 43063.7657961574
24.11.2017 18:22:45 +00.04040E+00  0073 008502 -1 00001387 00001383 000 375 43063.7658005093
24.11.2017 18:22:45 +00.04040E+00  0094 008502 -1 00001388 00001383 000 342 43063.7658044676
24.11.2017 18:22:45 +00.04040E+00  0105 008502 -1 00001389 00001383 000 343 43063.7658084375
24.11.2017 18:22:46 +00.04040E+00  0115 008502 -1 00001390 00001383 000 343 43063.7658124074
24.11.2017 18:22:46 +00.04040E+00  0128 008502 -1 00001391 00001383 000 377 43063.7658167708
24.11.2017 18:22:46 +00.04040E+00  0141 008502 -1 00001392 00001383 000 341 43063.7658207176
24.11.2017 18:22:47 +00.04040E+00  0154 008502 -1 00001393 00001383 000 343 43063.7658246875
24.11.2017 18:22:47 +00.04040E+00  0170 008502 -1 00001394 00001383 000 343 43063.7658286574
24.11.2017 18:22:47 +00.04040E+00  0186 008502 -1 00001395 00001383 000 378 43063.7658330324
24.11.2017 18:22:48 +00.04040E+00  0200 008502 -1 00001396 00001383 000 340 43063.7658369676
24.11.2017 18:22:48 +00.04040E+00  0211 008502 -1 00001397 00001383 000 343 43063.7658409375
24.11.2017 18:22:49 +00.04040E+00  0222 008502 -1 00001398 00001383 000 343 43063.7658449074
24.11.2017 18:22:49 +00.04040E+00  0243 008502 -1 00001399 00001383 000 379 43063.765849294
24.11.2017 18:22:49 +00.04040E+00  0267 008502 -1 00001400 00001383 000 343 43063.7658532755
24.11.2017 18:22:50 +00.04040E+00  0288 008502 -1 00001401 00001383 000 343 43063.7658572569
24.11.2017 18:22:50 +00.04040E+00  0298 008502 -1 00001402 00001383 000 343 43063.7658612268
24.11.2017 18:22:50 +00.04040E+00  0310 008502 -1 00001403 00001383 000 374 43063.7658655556
24.11.2017 18:22:51 +00.04040E+00  0330 008502 -1 00001404 00001383 000 343 43063.7658695255
24.11.2017 18:22:51 +00.04040E+00  0350 008502 -1 00001405 00001383 000 343 43063.7658735069
24.11.2017 18:22:51 +00.04040E+00  0355 008502 -1 00001406 00001383 000 342 43063.7658774653
24.11.2017 18:22:52 +00.04040E+00  0370 008502 -1 00001407 00001383 000 375 43063.7658818171
24.11.2017 18:22:52 +00.04040E+00  0381 008502 -1 00001408 00001383 000 342 43063.7658857755
24.11.2017 18:22:52 +00.04040E+00  0395 008502 -1 00001409 00001383 000 343 43063.7658897454
24.11.2017 18:22:53 +00.04040E+00  0408 008502 -1 00001410 00001383 000 343 43063.7658937153
24.11.2017 18:22:53 +00.04040E+00  0419 008502 -1 00001411 00001383 000 377 43063.7658980787
24.11.2017 18:22:53 +00.04040E+00  0428 008502 -1 00001412 00001383 000 340 43063.7659020255
24.11.2017 18:22:54 +00.04040E+00  0448 008502 -1 00001413 00001383 000 342 43063.7659059954
24.11.2017 18:22:54 +00.04040E+00  0465 008502 -1 00001414 00001383 000 343 43063.7659099653
24.11.2017 18:22:54 +00.04040E+00  0480 008502 -1 00001415 00001383 000 378 43063.7659143403
24.11.2017 18:22:55 +00.04040E+00  0496 008502 -1 00001416 00001383 000 340 43063.7659182755
24.11.2017 18:22:55 +00.04040E+00  0512 008502 -1 00001417 00001383 000 343 43063.7659222454
24.11.2017 18:22:56 +00.04040E+00  0521 008502 -1 00001418 00001383 000 343 43063.7659262153
24.11.2017 18:22:56 +00.04040E+00  0536 008502 -1 00001419 00001383 000 379 43063.7659306019
24.11.2017 18:22:56 +00.04040E+00  0552 008502 -1 00001420 00001383 000 340 43063.765934537
24.11.2017 18:22:57 +00.04040E+00  0564 008502 -1 00001421 00001383 000 341 43063.7659384838
24.11.2017 18:22:57 +00.04040E+00  0579 008502 -1 00001422 00001383 000 343 43063.7659424653
24.11.2017 18:22:57 +00.04040E+00  0597 008502 -1 00001423 00001383 000 380 43063.7659468634
24.11.2017 18:22:58 +00.04040E+00  0611 008502 -1 00001424 00001383 000 344 43063.7659508449
24.11.2017 18:22:58 +00.04040E+00  0625 008502 -1 00001425 00001383 000 343 43063.7659548148
24.11.2017 18:22:58 +00.04040E+00  0651 008502 -1 00001426 00001383 000 343 43063.7659587847
24.11.2017 18:22:59 +00.04040E+00  0662 008502 -1 00001427 00001383 000 375 43063.765963125
24.11.2017 18:22:59 +00.04040E+00  0673 008502 -1 00001428 00001383 000 342 43063.7659670833
24.11.2017 18:22:59 +00.04040E+00  0686 008502 -1 00001429 00001383 000 342 43063.7659710532
24.11.2017 18:23:00 +00.04040E+00  0698 008502 -1 00001430 00001383 000 343 43063.7659750347
24.11.2017 18:23:00 +00.04040E+00  0711 008502 -1 00001431 00001383 000 376 43063.7659793866
24.11.2017 18:23:00 +00.04040E+00  0730 008502 -1 00001432 00001383 000 341 43063.7659833333
24.11.2017 18:23:01 +00.04040E+00  0749 008502 -1 00001433 00001383 000 343 43063.7659873032
24.11.2017 18:23:01 +00.04040E+00  0762 008502 -1 00001434 00001383 000 343 43063.7659912731
24.11.2017 18:23:02 +00.04040E+00  0776 008502 -1 00001435 00001383 000 378 43063.7659956482
24.11.2017 18:23:02 +00.04040E+00  0793 008502 -1 00001436 00001383 000 340 43063.7659995833
24.11.2017 18:23:02 +00.04040E+00  0801 008502 -1 00001437 00001383 000 343 43063.7660035532
24.11.2017 18:23:03 +00.04040E+00  0822 008502 -1 00001438 00001383 000 343 43063.7660075231
24.11.2017 18:23:03 +00.04040E+00  0834 008502 -1 00001439 00001383 000 379 43063.7660119097
24.11.2017 18:23:03 +00.04040E+00  0853 008502 -1 00001440 00001383 000 340 43063.7660158449
24.11.2017 18:23:04 +00.04040E+00  0870 008502 -1 00001441 00001383 000 342 43063.7660198032
24.11.2017 18:23:04 +00.04040E+00  0885 008502 -1 00001442 00001383 000 343 43063.7660237731
24.11.2017 18:23:04 +00.04040E+00  0901 008502 -1 00001443 00001383 000 380 43063.7660281713
24.11.2017 18:23:05 +00.04040E+00  0922 008502 -1 00001444 00001383 000 344 43063.7660321528
24.11.2017 18:23:05 +00.04040E+00  0936 008502 -1 00001445 00001383 000 343 43063.7660361227
24.11.2017 18:23:05 +00.04040E+00  0952 008502 -1 00001446 00001383 000 343 43063.7660400926
24.11.2017 18:23:06 +00.04040E+00  0972 008502 -1 00001447 00001383 000 375 43063.7660444329
24.11.2017 18:23:06 +00.04040E+00  0981 008502 -1 00001448 00001383 000 343 43063.7660484028
24.11.2017 18:23:06 +00.04040E+00  0995 008502 -1 00001449 00001383 000 343 43063.7660523727
24.11.2017 18:23:07 +00.04040E+00  1008 008502 -1 00001450 00001383 000 343 43063.7660563426
24.11.2017 18:23:07 +00.04040E+00  1022 008502 -1 00001451 00001383 000 377 43063.766060706
24.11.2017 18:23:07 +00.04040E+00  1040 008502 -1 00001452 00001383 000 340 43063.7660646412
24.11.2017 18:23:08 +00.04040E+00  1051 008502 -1 00001453 00001383 000 342 43063.7660686111
24.11.2017 18:23:08 +00.04040E+00  1064 008502 -1 00001454 00001383 000 343 43063.7660725926
24.11.2017 18:23:09 +00.04040E+00  1076 008502 -1 00001455 00001383 000 379 43063.7660769792
24.11.2017 18:23:09 +00.04040E+00  1092 008502 -1 00001456 00001383 000 345 43063.7660809722
24.11.2017 18:23:09 +00.04040E+00  1107 008502 -1 00001457 00001383 000 342 43063.7660849306
24.11.2017 18:23:10 +00.04040E+00  1117 008502 -1 00001458 00001383 000 343 43063.766088912
24.11.2017 18:23:10 +00.04040E+00  1134 008502 -1 00001459 00001383 000 373 43063.7660932292
24.11.2017 18:23:10 +00.04040E+00  1146 008502 -1 00001460 00001383 000 344 43063.7660972106
24.11.2017 18:23:11 +00.04040E+00  1158 008502 -1 00001461 00001383 000 342 43063.7661011806
24.11.2017 18:23:11 +00.04040E+00  1173 008502 -1 00001462 00001383 000 343 43063.766105162
24.11.2017 18:23:11 +00.04040E+00  1187 008502 -1 00001463 00001383 000 373 43063.7661094792
24.11.2017 18:23:12 +00.04040E+00  1202 008502 -1 00001464 00001383 000 343 43063.7661134606
24.11.2017 18:23:12 +00.04040E+00  1217 008502 -1 00001465 00001383 000 343 43063.7661174306
24.11.2017 18:23:12 +00.04040E+00  1228 008502 -1 00001466 00001383 000 343 43063.7661214005
24.11.2017 18:23:13 +00.04040E+00  1243 008502 -1 00001467 00001383 000 375 43063.7661257407
24.11.2017 18:23:13 +00.04040E+00  1259 008502 -1 00001468 00001383 000 343 43063.7661297106
24.11.2017 18:23:13 +00.04040E+00  1273 008502 -1 00001469 00001383 000 343 43063.7661336806
24.11.2017 18:23:14 +00.04040E+00  1282 008502 -1 00001470 00001383 000 343 43063.7661376505
24.11.2017 18:23:19 +00.04030E+00  0016 008482 -1 00001471 00001471 000 340 43063.7661981829
24.11.2017 18:23:19 +00.04031E+00  0033 008482 -1 00001472 00001471 000 343 43063.7662021528
24.11.2017 18:23:20 +00.04031E+00  0045 008482 -1 00001473 00001471 000 343 43063.7662061227
24.11.2017 18:23:20 +00.04030E+00  0066 008482 -1 00001474 00001471 000 361 43063.7662103125
24.11.2017 18:23:20 +00.04031E+00  0077 008482 -1 00001475 00001471 000 344 43063.766214294
24.11.2017 18:23:21 +00.04031E+00  0091 008482 -1 00001476 00001471 000 343 43063.7662182639
24.11.2017 18:23:21 +00.04031E+00  0103 008482 -1 00001477 00001471 000 343 43063.7662222338
24.11.2017 18:23:21 +00.04030E+00  0114 008482 -1 00001478 00001471 000 375 43063.7662265741
24.11.2017 18:23:22 +00.04030E+00  0125 008482 -1 00001479 00001471 000 342 43063.7662305324
24.11.2017 18:23:22 +00.04031E+00  0137 008482 -1 00001480 00001471 000 343 43063.7662345023
24.11.2017 18:23:23 +00.04031E+00  0158 008482 -1 00001481 00001471 000 343 43063.7662384722
24.11.2017 18:23:23 +00.04031E+00  0173 008482 -1 00001482 00001471 000 376 43063.7662428241
24.11.2017 18:23:23 +00.04031E+00  0195 008482 -1 00001483 00001471 000 342 43063.7662467824
24.11.2017 18:23:24 +00.04031E+00  0219 008482 -1 00001484 00001471 000 343 43063.7662507523
24.11.2017 18:23:24 +00.04031E+00  0230 008482 -1 00001485 00001471 000 343 43063.7662547222
24.11.2017 18:23:24 +00.04030E+00  0238 008480 -1 00001486 00001471 000 377 43063.7662590856
24.11.2017 18:23:25 +00.04030E+00  0245 008480 -1 00001487 00001471 000 341 43063.7662630324
24.11.2017 18:23:25 +00.04030E+00  0259 008480 -1 00001488 00001471 000 343 43063.7662670023
24.11.2017 18:23:25 +00.04030E+00  0281 008480 -1 00001489 00001471 000 343 43063.7662709722
24.11.2017 18:23:26 +00.04030E+00  0292 008480 -1 00001490 00001471 000 379 43063.7662753588
24.11.2017 18:23:26 +00.04029E+00  0303 008480 -1 00001491 00001471 000 340 43063.766279294
24.11.2017 18:23:26 +00.04029E+00  0315 008480 -1 00001492 00001471 000 342 43063.7662832523
24.11.2017 18:23:27 +00.04030E+00  0330 008480 -1 00001493 00001471 000 343 43063.7662872222
24.11.2017 18:23:27 +00.04030E+00  0343 008480 -1 00001494 00001471 000 380 43063.7662916204
24.11.2017 18:23:27 +00.04030E+00  0365 008480 -1 00001495 00001471 000 344 43063.7662956019
24.11.2017 18:23:28 +00.04030E+00  0379 008480 -1 00001496 00001471 000 343 43063.7662995718
24.11.2017 18:23:28 +00.04030E+00  0392 008480 -1 00001497 00001471 000 343 43063.7663035417
24.11.2017 18:23:29 +00.04030E+00  0410 008480 -1 00001498 00001471 000 375 43063.7663078819
24.11.2017 18:23:29 +00.04030E+00  0423 008480 -1 00001499 00001471 000 342 43063.7663118403
24.11.2017 18:23:29 +00.04030E+00  0438 008480 -1 00001500 00001471 000 342 43063.7663158102
24.11.2017 18:23:30 +00.04029E+00  0449 008480 -1 00001501 00001471 000 343 43063.7663197917
24.11.2017 18:23:30 +00.04030E+00  0463 008480 -1 00001502 00001471 000 376 43063.7663241435
24.11.2017 18:23:30 +00.04030E+00  0494 008480 -1 00001503 00001471 000 341 43063.7663280903
24.11.2017 18:23:31 +00.04029E+00  0507 008480 -1 00001504 00001471 000 343 43063.7663320602
24.11.2017 18:23:31 +00.04029E+00  0518 008480 -1 00001505 00001471 000 343 43063.7663360301
24.11.2017 18:23:31 +00.04029E+00  0534 008480 -1 00001506 00001471 000 376 43063.7663403935
24.11.2017 18:23:32 +00.04029E+00  0547 008480 -1 00001507 00001471 000 341 43063.7663443403
24.11.2017 18:23:32 +00.04030E+00  0561 008480 -1 00001508 00001471 000 343 43063.7663483102
24.11.2017 18:23:32 +00.04030E+00  0574 008480 -1 00001509 00001471 000 343 43063.7663522801
24.11.2017 18:23:33 +00.04030E+00  0589 008480 -1 00001510 00001471 000 378 43063.7663566551
24.11.2017 18:23:33 +00.04030E+00  0599 008480 -1 00001511 00001471 000 340 43063.7663605903
24.11.2017 18:23:33 +00.04029E+00  0614 008480 -1 00001512 00001471 000 343 43063.7663645602
24.11.2017 18:23:34 +00.04030E+00  0628 008480 -1 00001513 00001471 000 343 43063.7663685301
24.11.2017 18:23:34 +00.04030E+00  0643 008480 -1 00001514 00001471 000 380 43063.7663729282
24.11.2017 18:23:34 +00.04030E+00  0665 008480 -1 00001515 00001471 000 344 43063.7663769097
24.11.2017 18:23:35 +00.04030E+00  0675 008480 -1 00001516 00001471 000 343 43063.7663808796
24.11.2017 18:23:35 +00.04030E+00  0695 008480 -1 00001517 00001471 000 343 43063.7663848495
24.11.2017 18:23:36 +00.04029E+00  0712 008480 -1 00001518 00001471 000 375 43063.7663891898
24.11.2017 18:23:36 +00.04029E+00  0728 008480 -1 00001519 00001471 000 343 43063.7663931597
24.11.2017 18:23:36 +00.04030E+00  0741 008480 -1 00001520 00001471 000 343 43063.7663971296
24.11.2017 18:23:37 +00.04030E+00  0756 008480 -1 00001521 00001471 000 343 43063.7664010995
24.11.2017 18:23:37 +00.04030E+00  0768 008480 -1 00001522 00001471 000 376 43063.7664054514
24.11.2017 18:23:37 +00.04030E+00  0772 008480 -1 00001523 00001471 000 342 43063.7664094097
24.11.2017 18:23:38 +00.04030E+00  0788 008480 -1 00001524 00001471 000 343 43063.7664133796
24.11.2017 18:23:38 +00.04030E+00  0804 008480 -1 00001525 00001471 000 343 43063.7664173495
24.11.2017 18:23:38 +00.04030E+00  0820 008480 -1 00001526 00001471 000 377 43063.766421713
24.11.2017 18:23:39 +00.04029E+00  0836 008480 -1 00001527 00001471 000 340 43063.7664256482
24.11.2017 18:23:39 +00.04030E+00  0849 008480 -1 00001528 00001471 000 343 43063.7664296181
24.11.2017 18:23:39 +00.04030E+00  0867 008480 -1 00001529 00001471 000 343 43063.7664335995
24.11.2017 18:23:40 +00.04029E+00  0880 008480 -1 00001530 00001471 000 377 43063.766437963
24.11.2017 18:23:40 +00.04030E+00  0900 008480 -1 00001531 00001471 000 340 43063.7664419097
24.11.2017 18:23:40 +00.04030E+00  0924 008480 -1 00001532 00001471 000 342 43063.7664458681
24.11.2017 18:23:41 +00.04029E+00  0947 008480 -1 00001533 00001471 000 343 43063.766449838
24.11.2017 18:23:41 +00.04030E+00  0961 008480 -1 00001534 00001471 000 380 43063.7664542361
24.11.2017 18:23:41 +00.04030E+00  0982 008480 -1 00001535 00001471 000 344 43063.7664582176
24.11.2017 18:23:42 +00.04030E+00  0997 008480 -1 00001536 00001471 000 343 43063.7664621875
24.11.2017 18:23:42 +00.04030E+00  1014 008480 -1 00001537 00001471 000 343 43063.7664661574
24.11.2017 18:23:43 +00.04030E+00  1029 008480 -1 00001538 00001471 000 375 43063.7664704977
24.11.2017 18:23:43 +00.04030E+00  1045 008480 -1 00001539 00001471 000 343 43063.7664744676
24.11.2017 18:23:43 +00.04030E+00  1063 008480 -1 00001540 00001471 000 343 43063.7664784375
24.11.2017 18:23:44 +00.04030E+00  1076 008480 -1 00001541 00001471 000 343 43063.7664824074
24.11.2017 18:23:44 +00.04030E+00  1089 008480 -1 00001542 00001471 000 376 43063.7664867593
24.11.2017 18:23:44 +00.04030E+00  1109 008480 -1 00001543 00001471 000 341 43063.7664907176
24.11.2017 18:23:45 +00.04030E+00  1123 008480 -1 00001544 00001471 000 343 43063.7664946875
24.11.2017 18:23:45 +00.04030E+00  1142 008480 -1 00001545 00001471 000 343 43063.7664986574
24.11.2017 18:23:45 +00.04030E+00  1156 008480 -1 00001546 00001471 000 377 43063.7665030208
24.11.2017 18:23:46 +00.04030E+00  1170 008480 -1 00001547 00001471 000 341 43063.7665069676
24.11.2017 18:23:46 +00.04030E+00  1184 008480 -1 00001548 00001471 000 343 43063.7665109375
24.11.2017 18:23:46 +00.04029E+00  1197 008480 -1 00001549 00001471 000 343 43063.7665149074
24.11.2017 18:23:47 +00.04030E+00  1213 008480 -1 00001550 00001471 000 378 43063.7665192824
24.11.2017 18:23:47 +00.04030E+00  1236 008480 -1 00001551 00001471 000 341 43063.7665232292
24.11.2017 18:23:47 +00.04030E+00  1246 008480 -1 00001552 00001471 000 342 43063.7665271875
24.11.2017 18:23:48 +00.04030E+00  1260 008480 -1 00001553 00001471 000 343 43063.7665311574
24.11.2017 18:23:48 +00.04030E+00  1271 008480 -1 00001554 00001471 000 379 43063.766535544
24.11.2017 18:23:49 +00.04030E+00  1285 008480 -1 00001555 00001471 000 345 43063.766539537
24.11.2017 18:23:49 +00.04030E+00  1298 008480 -1 00001556 00001471 000 343 43063.7665435069
24.11.2017 18:23:49 +00.04029E+00  1321 008480 -1 00001557 00001471 000 343 43063.7665474769
24.11.2017 18:23:54 +00.04020E+00  0019 008460 -1 00001558 00001558 000 343 43063.7666080093
24.11.2017 18:23:55 +00.04020E+00  0032 008460 -1 00001559 00001558 000 343 43063.7666119792
24.11.2017 18:23:55 +00.04020E+00  0047 008460 -1 00001560 00001558 000 421 43063.7666168519
24.11.2017 18:23:56 +00.04020E+00  0064 008460 -1 00001561 00001558 000 341 43063.7666207986
24.11.2017 18:23:56 +00.04020E+00  0079 008460 -1 00001562 00001558 000 343 43063.7666247685
24.11.2017 18:23:56 +00.04020E+00  0091 008460 -1 00001563 00001558 000 343 43063.7666287384
24.11.2017 18:23:57 +00.04020E+00  0107 008460 -1 00001564 00001558 000 378 43063.7666331134
24.11.2017 18:23:57 +00.04020E+00  0122 008460 -1 00001565 00001558 000 340 43063.7666370486
24.11.2017 18:23:57 +00.04020E+00  0138 008460 -1 00001566 00001558 000 343 43063.7666410185
24.11.2017 18:23:58 +00.04020E+00  0147 008460 -1 00001567 00001558 000 343 43063.7666449884
24.11.2017 18:23:58 +00.04020E+00  0155 008460 -1 00001568 00001558 000 379 43063.766649375
24.11.2017 18:23:58 +00.04020E+00  0166 008460 -1 00001569 00001558 000 345 43063.7666533681
24.11.2017 18:23:59 +00.04020E+00  0191 008460 -1 00001570 00001558 000 343 43063.766657338
24.11.2017 18:23:59 +00.04020E+00  0208 008460 -1 00001571 00001558 000 343 43063.7666613079
24.11.2017 18:23:59 +00.04020E+00  0224 008460 -1 00001572 00001558 000 374 43063.7666656366
24.11.2017 18:24:00 +00.04020E+00  0241 008460 -1 00001573 00001558 000 343 43063.7666696065
24.11.2017 18:24:00 +00.04020E+00  0249 008460 -1 00001574 00001558 000 343 43063.766673588
24.11.2017 18:24:00 +00.04020E+00  0266 008460 -1 00001575 00001558 000 343 43063.7666775579
24.11.2017 18:24:01 +00.04020E+00  0286 008460 -1 00001576 00001558 000 375 43063.7666818981
24.11.2017 18:24:01 +00.04021E+00  0299 008460 -1 00001577 00001558 000 342 43063.7666858565
24.11.2017 18:24:02 +00.04020E+00  0309 008460 -1 00001578 00001558 000 342 43063.7666898264
24.11.2017 18:24:02 +00.04020E+00  0323 008460 -1 00001579 00001558 000 343 43063.7666938079
24.11.2017 18:24:02 +00.04020E+00  0336 008460 -1 00001580 00001558 000 376 43063.7666981597
24.11.2017 18:24:03 +00.04020E+00  0353 008460 -1 00001581 00001558 000 340 43063.7667021065
24.11.2017 18:24:03 +00.04020E+00  0367 008460 -1 00001582 00001558 000 343 43063.7667060764
24.11.2017 18:24:03 +00.04020E+00  0378 008460 -1 00001583 00001558 000 344 43063.7667100579
24.11.2017 18:24:04 +00.04020E+00  0394 008460 -1 00001584 00001558 000 376 43063.7667144213
24.11.2017 18:24:04 +00.04020E+00  0410 008460 -1 00001585 00001558 000 341 43063.7667183796
24.11.2017 18:24:04 +00.04020E+00  0420 008460 -1 00001586 00001558 000 341 43063.7667223264
24.11.2017 18:24:05 +00.04020E+00  0436 008460 -1 00001587 00001558 000 343 43063.7667262963
24.11.2017 18:24:05 +00.04020E+00  0452 008460 -1 00001588 00001558 000 379 43063.7667306829
24.11.2017 18:24:05 +00.04020E+00  0465 008460 -1 00001589 00001558 000 340 43063.7667346181
24.11.2017 18:24:06 +00.04020E+00  0477 008460 -1 00001590 00001558 000 342 43063.7667385764
24.11.2017 18:24:06 +00.04020E+00  0488 008460 -1 00001591 00001558 000 343 43063.7667425463
24.11.2017 18:24:06 +00.04020E+00  0498 008460 -1 00001592 00001558 000 380 43063.7667469444
24.11.2017 18:24:07 +00.04020E+00  0514 008460 -1 00001593 00001558 000 344 43063.7667509259
24.11.2017 18:24:07 +00.04020E+00  0528 008460 -1 00001594 00001558 000 343 43063.7667548958
24.11.2017 18:24:07 +00.04020E+00  0539 008460 -1 00001595 00001558 000 343 43063.7667588657
24.11.2017 18:24:08 +00.04020E+00  0558 008460 -1 00001596 00001558 000 375 43063.766763206
24.11.2017 18:24:08 +00.04020E+00  0570 008460 -1 00001597 00001558 000 343 43063.7667671759
24.11.2017 18:24:09 +00.04020E+00  0581 008460 -1 00001598 00001558 000 343 43063.7667711458
24.11.2017 18:24:09 +00.04020E+00  0597 008460 -1 00001599 00001558 000 343 43063.7667751157
24.11.2017 18:24:09 +00.04020E+00  0609 008460 -1 00001600 00001558 000 376 43063.7667794676
24.11.2017 18:24:10 +00.04020E+00  0626 008460 -1 00001601 00001558 000 341 43063.7667834144
24.11.2017 18:24:10 +00.04020E+00  0646 008460 -1 00001602 00001558 000 343 43063.7667873958
24.11.2017 18:24:10 +00.04020E+00  0657 008460 -1 00001603 00001558 000 343 43063.7667913657
24.11.2017 18:24:11 +00.04020E+00  0673 008460 -1 00001604 00001558 000 377 43063.7667957292
24.11.2017 18:24:11 +00.04020E+00  0686 008460 -1 00001605 00001558 000 341 43063.7667996759
24.11.2017 18:24:11 +00.04020E+00  0698 008460 -1 00001606 00001558 000 342 43063.7668036343
24.11.2017 18:24:12 +00.04020E+00  0717 008460 -1 00001607 00001558 000 343 43063.7668076042
24.11.2017 18:24:12 +00.04020E+00  0726 008460 -1 00001608 00001558 000 379 43063.7668119907
24.11.2017 18:24:12 +00.04020E+00  0740 008460 -1 00001609 00001558 000 344 43063.7668159838
24.11.2017 18:24:13 +00.04020E+00  0754 008460 -1 00001610 00001558 000 343 43063.7668199537
24.11.2017 18:24:13 +00.04020E+00  0767 008460 -1 00001611 00001558 000 343 43063.7668239352
24.11.2017 18:24:13 +00.04020E+00  0783 008460 -1 00001612 00001558 000 373 43063.7668282523
24.11.2017 18:24:14 +00.04020E+00  0797 008460 -1 00001613 00001558 000 343 43063.7668322338
24.11.2017 18:24:14 +00.04020E+00  0813 008460 -1 00001614 00001558 000 343 43063.7668362037
24.11.2017 18:24:14 +00.04020E+00  0832 008460 -1 00001615 00001558 000 343 43063.7668401736
24.11.2017 18:24:15 +00.04020E+00  0849 008460 -1 00001616 00001558 000 375 43063.7668445139
24.11.2017 18:24:15 +00.04020E+00  0863 008460 -1 00001617 00001558 000 343 43063.7668484838
24.11.2017 18:24:16 +00.04020E+00  0878 008460 -1 00001618 00001558 000 343 43063.7668524537
24.11.2017 18:24:16 +00.04020E+00  0890 008460 -1 00001619 00001558 000 343 43063.7668564236
24.11.2017 18:24:16 +00.04020E+00  0913 008460 -1 00001620 00001558 000 376 43063.7668607755
24.11.2017 18:24:17 +00.04020E+00  0938 008460 -1 00001621 00001558 000 342 43063.7668647338
24.11.2017 18:24:17 +00.04020E+00  0950 008460 -1 00001622 00001558 000 343 43063.7668687037
24.11.2017 18:24:17 +00.04020E+00  0971 008460 -1 00001623 00001558 000 343 43063.7668726736
24.11.2017 18:24:18 +00.04020E+00  0985 008460 -1 00001624 00001558 000 379 43063.7668770602
24.11.2017 18:24:18 +00.04020E+00  1004 008460 -1 00001625 00001558 000 345 43063.7668810532
24.11.2017 18:24:18 +00.04020E+00  1020 008460 -1 00001626 00001558 000 343 43063.7668850231
24.11.2017 18:24:19 +00.04020E+00  1036 008460 -1 00001627 00001558 000 343 43063.7668889931
24.11.2017 18:24:19 +00.04020E+00  1048 008460 -1 00001628 00001558 000 372 43063.7668932986
24.11.2017 18:24:19 +00.04020E+00  1052 008460 -1 00001629 00001558 000 340 43063.7668972338
24.11.2017 18:24:20 +00.04020E+00  1068 008460 -1 00001630 00001558 000 343 43063.7669012037
24.11.2017 18:24:20 +00.04020E+00  1079 008460 -1 00001631 00001558 000 343 43063.7669051736
24.11.2017 18:24:20 +00.04020E+00  1091 008460 -1 00001632 00001558 000 379 43063.7669095602
24.11.2017 18:24:21 +00.04020E+00  1108 008460 -1 00001633 00001558 000 345 43063.7669135532
24.11.2017 18:24:21 +00.04020E+00  1121 008460 -1 00001634 00001558 000 342 43063.7669175116
24.11.2017 18:24:22 +00.04020E+00  1136 008460 -1 00001635 00001558 000 343 43063.7669214931
24.11.2017 18:24:22 +00.04020E+00  1153 008460 -1 00001636 00001558 000 375 43063.7669258333
24.11.2017 18:24:22 +00.04020E+00  1170 008460 -1 00001637 00001558 000 342 43063.7669297917
24.11.2017 18:24:23 +00.04020E+00  1181 008460 -1 00001638 00001558 000 343 43063.7669337616
24.11.2017 18:24:23 +00.04020E+00  1198 008460 -1 00001639 00001558 000 343 43063.7669377315
24.11.2017 18:24:23 +00.04020E+00  1216 008460 -1 00001640 00001558 000 377 43063.7669420949
24.11.2017 18:24:24 +00.04020E+00  1229 008460 -1 00001641 00001558 000 341 43063.7669460417
24.11.2017 18:24:24 +00.04020E+00  1241 008460 -1 00001642 00001558 000 343 43063.7669500116
24.11.2017 18:24:24 +00.04020E+00  1256 008460 -1 00001643 00001558 000 343 43063.7669539815
24.11.2017 18:24:25 +00.04020E+00  1267 008460 -1 00001644 00001558 000 377 43063.7669583449
24.11.2017 18:24:30 +00.04011E+00  0015 008440 -1 00001645 00001645 000 378 43063.7670234028
24.11.2017 18:24:31 +00.04010E+00  0029 008440 -1 00001646 00001645 000 340 43063.767027338
24.11.2017 18:24:31 +00.04011E+00  0047 008440 -1 00001647 00001645 000 342 43063.7670312963
24.11.2017 18:24:31 +00.04011E+00  0058 008440 -1 00001648 00001645 000 343 43063.7670352662
24.11.2017 18:24:32 +00.04011E+00  0074 008440 -1 00001649 00001645 000 380 43063.7670396644
24.11.2017 18:24:32 +00.04010E+00  0095 008440 -1 00001650 00001645 000 344 43063.7670436458
24.11.2017 18:24:32 +00.04011E+00  0105 008440 -1 00001651 00001645 000 343 43063.7670476157
24.11.2017 18:24:33 +00.04010E+00  0124 008440 -1 00001652 00001645 000 343 43063.7670515857
24.11.2017 18:24:33 +00.04011E+00  0136 008440 -1 00001653 00001645 000 375 43063.7670559259
24.11.2017 18:24:33 +00.04010E+00  0153 008440 -1 00001654 00001645 000 343 43063.7670598958
24.11.2017 18:24:34 +00.04011E+00  0175 008440 -1 00001655 00001645 000 343 43063.7670638657
24.11.2017 18:24:34 +00.04011E+00  0183 008440 -1 00001656 00001645 000 343 43063.7670678357
24.11.2017 18:24:35 +00.04011E+00  0199 008440 -1 00001657 00001645 000 376 43063.7670721875
24.11.2017 18:24:35 +00.04011E+00  0214 008440 -1 00001658 00001645 000 341 43063.7670761343
24.11.2017 18:24:35 +00.04010E+00  0227 008438 -1 00001659 00001645 000 343 43063.7670801042
24.11.2017 18:24:36 +00.04010E+00  0245 008438 -1 00001660 00001645 000 343 43063.7670840741
24.11.2017 18:24:36 +00.04010E+00  0259 008438 -1 00001661 00001645 000 376 43063.7670884375
24.11.2017 18:24:36 +00.04009E+00  0283 008438 -1 00001662 00001645 000 340 43063.7670923843
24.11.2017 18:24:37 +00.04010E+00  0296 008438 -1 00001663 00001645 000 342 43063.7670963542
24.11.2017 18:24:37 +00.04009E+00  0313 008438 -1 00001664 00001645 000 343 43063.7671003241
24.11.2017 18:24:37 +00.04010E+00  0323 008438 -1 00001665 00001645 000 378 43063.7671046991
24.11.2017 18:24:38 +00.04010E+00  0337 008438 -1 00001666 00001645 000 340 43063.7671086343
24.11.2017 18:24:38 +00.04009E+00  0352 008438 -1 00001667 00001645 000 343 43063.7671126042
24.11.2017 18:24:38 +00.04009E+00  0370 008438 -1 00001668 00001645 000 343 43063.7671165741
24.11.2017 18:24:39 +00.04010E+00  0383 008438 -1 00001669 00001645 000 380 43063.7671209722
24.11.2017 18:24:39 +00.04010E+00  0400 008438 -1 00001670 00001645 000 344 43063.7671249537
24.11.2017 18:24:39 +00.04010E+00  0418 008438 -1 00001671 00001645 000 343 43063.7671289236
24.11.2017 18:24:40 +00.04010E+00  0432 008438 -1 00001672 00001645 000 343 43063.7671328935
24.11.2017 18:24:40 +00.04010E+00  0445 008438 -1 00001673 00001645 000 375 43063.7671372338
24.11.2017 18:24:41 +00.04010E+00  0463 008438 -1 00001674 00001645 000 343 43063.7671412037
24.11.2017 18:24:41 +00.04010E+00  0471 008438 -1 00001675 00001645 000 343 43063.7671451736
24.11.2017 18:24:41 +00.04010E+00  0490 008438 -1 00001676 00001645 000 343 43063.7671491435
24.11.2017 18:24:42 +00.04009E+00  0503 008438 -1 00001677 00001645 000 376 43063.7671534954
24.11.2017 18:24:42 +00.04009E+00  0518 008438 -1 00001678 00001645 000 341 43063.7671574421
24.11.2017 18:24:42 +00.04009E+00  0532 008438 -1 00001679 00001645 000 343 43063.7671614236
24.11.2017 18:24:43 +00.04010E+00  0543 008438 -1 00001680 00001645 000 343 43063.7671653935
24.11.2017 18:24:43 +00.04010E+00  0563 008438 -1 00001681 00001645 000 377 43063.7671697569
24.11.2017 18:24:43 +00.04010E+00  0582 008438 -1 00001682 00001645 000 340 43063.7671736921
24.11.2017 18:24:44 +00.04010E+00  0599 008438 -1 00001683 00001645 000 343 43063.7671776736
24.11.2017 18:24:44 +00.04010E+00  0611 008438 -1 00001684 00001645 000 343 43063.7671816435
24.11.2017 18:24:44 +00.04010E+00  0625 008438 -1 00001685 00001645 000 378 43063.7671860185
24.11.2017 18:24:45 +00.04010E+00  0641 008438 -1 00001686 00001645 000 340 43063.7671899537
24.11.2017 18:24:45 +00.04010E+00  0656 008438 -1 00001687 00001645 000 341 43063.767193912
24.11.2017 18:24:45 +00.04009E+00  0668 008438 -1 00001688 00001645 000 343 43063.7671978819
24.11.2017 18:24:46 +00.04010E+00  0681 008440 -1 00001689 00001645 000 379 43063.7672022685
24.11.2017 18:24:46 +00.04010E+00  0693 008440 -1 00001690 00001645 000 340 43063.7672062037
24.11.2017 18:24:46 +00.04010E+00  0708 008440 -1 00001691 00001645 000 341 43063.767210162
24.11.2017 18:24:47 +00.04010E+00  0723 008440 -1 00001692 00001645 000 343 43063.7672141319
24.11.2017 18:24:47 +00.04010E+00  0734 008440 -1 00001693 00001645 000 381 43063.7672185417
24.11.2017 18:24:48 +00.04011E+00  0753 008440 -1 00001694 00001645 000 343 43063.7672225116
24.11.2017 18:24:48 +00.04010E+00  0769 008440 -1 00001695 00001645 000 343 43063.7672264815
24.11.2017 18:24:48 +00.04011E+00  0786 008440 -1 00001696 00001645 000 343 43063.7672304514
24.11.2017 18:24:49 +00.04010E+00  0795 008440 -1 00001697 00001645 000 376 43063.7672348032
24.11.2017 18:24:49 +00.04010E+00  0813 008440 -1 00001698 00001645 000 341 43063.7672387616
24.11.2017 18:24:49 +00.04010E+00  0833 008440 -1 00001699 00001645 000 343 43063.7672427315
24.11.2017 18:24:50 +00.04010E+00  0850 008440 -1 00001700 00001645 000 343 43063.7672467014
24.11.2017 18:24:50 +00.04010E+00  0862 008440 -1 00001701 00001645 000 376 43063.7672510648
24.11.2017 18:24:50 +00.04011E+00  0881 008440 -1 00001702 00001645 000 341 43063.7672550116
24.11.2017 18:24:51 +00.04011E+00  0901 008438 -1 00001703 00001645 000 343 43063.7672589815
24.11.2017 18:24:51 +00.04010E+00  0915 008438 -1 00001704 00001645 000 343 43063.7672629514
24.11.2017 18:24:51 +00.04010E+00  0927 008438 -1 00001705 00001645 000 378 43063.7672673264
24.11.2017 18:24:52 +00.04010E+00  0946 008438 -1 00001706 00001645 000 341 43063.7672712732
24.11.2017 18:24:52 +00.04010E+00  0956 008438 -1 00001707 00001645 000 341 43063.7672752199
24.11.2017 18:24:52 +00.04010E+00  0974 008438 -1 00001708 00001645 000 343 43063.7672792014
24.11.2017 18:24:53 +00.04010E+00  0990 008438 -1 00001709 00001645 000 379 43063.767283588
24.11.2017 18:24:53 +00.04010E+00  1010 008438 -1 00001710 00001645 000 345 43063.767287581
24.11.2017 18:24:53 +00.04010E+00  1021 008438 -1 00001711 00001645 000 343 43063.7672915509
24.11.2017 18:24:54 +00.04010E+00  1033 008438 -1 00001712 00001645 000 343 43063.7672955208
24.11.2017 18:24:54 +00.04010E+00  1050 008438 -1 00001713 00001645 000 374 43063.7672998495
24.11.2017 18:24:55 +00.04010E+00  1067 008438 -1 00001714 00001645 000 344 43063.767303831
24.11.2017 18:24:55 +00.04010E+00  1083 008438 -1 00001715 00001645 000 343 43063.7673078009
24.11.2017 18:24:55 +00.04010E+00  1097 008438 -1 00001716 00001645 000 342 43063.7673117593
24.11.2017 18:24:56 +00.04010E+00  1112 008438 -1 00001717 00001645 000 375 43063.7673161111
24.11.2017 18:24:56 +00.04009E+00  1129 008438 -1 00001718 00001645 000 341 43063.7673200694
24.11.2017 18:24:56 +00.04009E+00  1151 008438 -1 00001719 00001645 000 343 43063.7673240393
24.11.2017 18:24:57 +00.04010E+00  1162 008438 -1 00001720 00001645 000 343 43063.7673280093
24.11.2017 18:24:57 +00.04010E+00  1168 008438 -1 00001721 00001645 000 377 43063.7673323727
24.11.2017 18:24:57 +00.04009E+00  1181 008438 -1 00001722 00001645 000 341 43063.7673363194
24.11.2017 18:24:58 +00.04010E+00  1195 008438 -1 00001723 00001645 000 343 43063.7673402893
24.11.2017 18:24:58 +00.04010E+00  1208 008438 -1 00001724 00001645 000 343 43063.7673442593
24.11.2017 18:24:58 +00.04009E+00  1225 008438 -1 00001725 00001645 000 378 43063.7673486343
24.11.2017 18:24:59 +00.04010E+00  1237 008438 -1 00001726 00001645 000 340 43063.7673525694
24.11.2017 18:24:59 +00.04010E+00  1247 008438 -1 00001727 00001645 000 343 43063.7673565393
24.11.2017 18:24:59 +00.04010E+00  1266 008438 -1 00001728 00001645 000 343 43063.7673605093
24.11.2017 18:25:00 +00.04010E+00  1285 008438 -1 00001729 00001645 000 379 43063.7673648958
24.11.2017 18:25:00 +00.04010E+00  1298 008438 -1 00001730 00001645 000 345 43063.7673688889
24.11.2017 18:25:01 +00.04010E+00  1317 008438 -1 00001731 00001645 000 343 43063.7673728588
24.11.2017 18:25:06 +00.04000E+00  0012 008418 -1 00001732 00001732 000 343 43063.7674373843
24.11.2017 18:25:06 +00.04000E+00  0024 008418 -1 00001733 00001732 000 343 43063.7674413542
24.11.2017 18:25:07 +00.04000E+00  0040 008418 -1 00001734 00001732 000 419 43063.7674462037
24.11.2017 18:25:07 +00.04000E+00  0053 008418 -1 00001735 00001732 000 342 43063.767450162
24.11.2017 18:25:08 +00.04000E+00  0070 008418 -1 00001736 00001732 000 343 43063.7674541435
24.11.2017 18:25:08 +00.04000E+00  0080 008418 -1 00001737 00001732 000 343 43063.7674581134
24.11.2017 18:25:08 +00.04000E+00  0098 008418 -1 00001738 00001732 000 376 43063.7674624653
24.11.2017 18:25:09 +00.04000E+00  0113 008418 -1 00001739 00001732 000 341 43063.767466412
24.11.2017 18:25:09 +00.04000E+00  0124 008418 -1 00001740 00001732 000 343 43063.7674703819
24.11.2017 18:25:09 +00.04000E+00  0143 008418 -1 00001741 00001732 000 344 43063.7674743634
24.11.2017 18:25:10 +00.04000E+00  0160 008418 -1 00001742 00001732 000 377 43063.7674787269
24.11.2017 18:25:10 +00.04000E+00  0176 008418 -1 00001743 00001732 000 340 43063.7674826736
24.11.2017 18:25:10 +00.04000E+00  0188 008418 -1 00001744 00001732 000 342 43063.7674866319
24.11.2017 18:25:11 +00.04000E+00  0203 008418 -1 00001745 00001732 000 343 43063.7674906019
24.11.2017 18:25:11 +00.04000E+00  0216 008418 -1 00001746 00001732 000 379 43063.7674949884
24.11.2017 18:25:11 +00.04000E+00  0229 008418 -1 00001747 00001732 000 340 43063.7674989236
24.11.2017 18:25:12 +00.04000E+00  0235 008418 -1 00001748 00001732 000 342 43063.7675028819
24.11.2017 18:25:12 +00.04000E+00  0250 008418 -1 00001749 00001732 000 343 43063.7675068519
24.11.2017 18:25:12 +00.04000E+00  0262 008418 -1 00001750 00001732 000 380 43063.76751125
24.11.2017 18:25:13 +00.04000E+00  0280 008418 -1 00001751 00001732 000 344 43063.7675152315
24.11.2017 18:25:13 +00.04000E+00  0295 008418 -1 00001752 00001732 000 343 43063.7675192014
24.11.2017 18:25:14 +00.04000E+00  0309 008418 -1 00001753 00001732 000 343 43063.7675231713
24.11.2017 18:25:14 +00.04000E+00  0319 008418 -1 00001754 00001732 000 375 43063.7675275116
24.11.2017 18:25:14 +00.04000E+00  0331 008418 -1 00001755 00001732 000 343 43063.7675314815
24.11.2017 18:25:15 +00.04000E+00  0342 008418 -1 00001756 00001732 000 343 43063.7675354514
24.11.2017 18:25:15 +00.04000E+00  0349 008418 -1 00001757 00001732 000 343 43063.7675394213
24.11.2017 18:25:15 +00.04000E+00  0365 008418 -1 00001758 00001732 000 376 43063.7675437731
24.11.2017 18:25:16 +00.04000E+00  0387 008418 -1 00001759 00001732 000 342 43063.7675477315
24.11.2017 18:25:16 +00.04000E+00  0398 008418 -1 00001760 00001732 000 343 43063.7675517014
24.11.2017 18:25:16 +00.04000E+00  0410 008418 -1 00001761 00001732 000 343 43063.7675556713
24.11.2017 18:25:17 +00.04000E+00  0420 008418 -1 00001762 00001732 000 378 43063.7675600463
24.11.2017 18:25:17 +00.04000E+00  0443 008418 -1 00001763 00001732 000 340 43063.7675639815
24.11.2017 18:25:17 +00.04000E+00  0461 008418 -1 00001764 00001732 000 342 43063.7675679398
24.11.2017 18:25:18 +00.04000E+00  0477 008418 -1 00001765 00001732 000 342 43063.7675719097
24.11.2017 18:25:18 +00.04000E+00  0487 008418 -1 00001766 00001732 000 378 43063.7675762963
24.11.2017 18:25:18 +00.04000E+00  0509 008418 -1 00001767 00001732 000 340 43063.7675802315
24.11.2017 18:25:19 +00.04000E+00  0522 008418 -1 00001768 00001732 000 341 43063.7675841898
24.11.2017 18:25:19 +00.04000E+00  0537 008418 -1 00001769 00001732 000 343 43063.7675881597
24.11.2017 18:25:19 +00.04000E+00  0553 008418 -1 00001770 00001732 000 380 43063.7675925579
24.11.2017 18:25:20 +00.04000E+00  0567 008418 -1 00001771 00001732 000 344 43063.7675965394
24.11.2017 18:25:20 +00.04000E+00  0584 008418 -1 00001772 00001732 000 343 43063.7676005093
24.11.2017 18:25:21 +00.04000E+00  0595 008418 -1 00001773 00001732 000 342 43063.7676044792
24.11.2017 18:25:21 +00.04000E+00  0617 008418 -1 00001774 00001732 000 375 43063.7676088194
24.11.2017 18:25:21 +00.04000E+00  0634 008418 -1 00001775 00001732 000 342 43063.7676127894
24.11.2017 18:25:22 +00.04000E+00  0652 008418 -1 00001776 00001732 000 343 43063.7676167593
24.11.2017 18:25:22 +00.04000E+00  0670 008418 -1 00001777 00001732 000 343 43063.7676207292
24.11.2017 18:25:22 +00.04000E+00  0683 008418 -1 00001778 00001732 000 376 43063.767625081
24.11.2017 18:25:23 +00.04000E+00  0701 008418 -1 00001779 00001732 000 342 43063.7676290394
24.11.2017 18:25:23 +00.04000E+00  0715 008418 -1 00001780 00001732 000 343 43063.7676330093
24.11.2017 18:25:23 +00.04000E+00  0728 008418 -1 00001781 00001732 000 343 43063.7676369792
24.11.2017 18:25:24 +00.04000E+00  0750 008418 -1 00001782 00001732 000 377 43063.7676413426
24.11.2017 18:25:24 +00.04000E+00  0764 008418 -1 00001783 00001732 000 341 43063.7676452894
24.11.2017 18:25:24 +00.04000E+00  0777 008418 -1 00001784 00001732 000 343 43063.7676492593
24.11.2017 18:25:25 +00.04000E+00  0800 008418 -1 00001785 00001732 000 343 43063.7676532292
24.11.2017 18:25:25 +00.04000E+00  0821 008418 -1 00001786 00001732 000 378 43063.7676576042
24.11.2017 18:25:25 +00.04000E+00  0844 008418 -1 00001787 00001732 000 340 43063.7676615394
24.11.2017 18:25:26 +00.04000E+00  0859 008418 -1 00001788 00001732 000 343 43063.7676655093
24.11.2017 18:25:26 +00.04000E+00  0874 008418 -1 00001789 00001732 000 343 43063.7676694792
24.11.2017 18:25:27 +00.04000E+00  0892 008418 -1 00001790 00001732 000 380 43063.7676738773
24.11.2017 18:25:27 +00.04000E+00  0900 008418 -1 00001791 00001732 000 343 43063.7676778472
24.11.2017 18:25:27 +00.04000E+00  0911 008418 -1 00001792 00001732 000 343 43063.7676818287
24.11.2017 18:25:28 +00.04000E+00  0924 008418 -1 00001793 00001732 000 343 43063.7676857986
24.11.2017 18:25:28 +00.04000E+00  0933 008418 -1 00001794 00001732 000 375 43063.7676901389
24.11.2017 18:25:28 +00.04000E+00  0949 008418 -1 00001795 00001732 000 342 43063.7676940972
24.11.2017 18:25:29 +00.04000E+00  0965 008418 -1 00001796 00001732 000 342 43063.7676980671
24.11.2017 18:25:29 +00.04000E+00  0989 008418 -1 00001797 00001732 000 342 43063.767702037
24.11.2017 18:25:29 +00.04000E+00  1007 008418 -1 00001798 00001732 000 375 43063.7677063889
24.11.2017 18:25:30 +00.04000E+00  1020 008418 -1 00001799 00001732 000 341 43063.7677103472
24.11.2017 18:25:30 +00.04000E+00  1039 008418 -1 00001800 00001732 000 343 43063.7677143171
24.11.2017 18:25:30 +00.04000E+00  1051 008418 -1 00001801 00001732 000 343 43063.767718287
24.11.2017 18:25:31 +00.04000E+00  1061 008418 -1 00001802 00001732 000 380 43063.7677226852
24.11.2017 18:25:31 +00.04000E+00  1074 008418 -1 00001803 00001732 000 344 43063.7677266667
24.11.2017 18:25:31 +00.04000E+00  1089 008418 -1 00001804 00001732 000 343 43063.7677306366
24.11.2017 18:25:32 +00.04000E+00  1112 008418 -1 00001805 00001732 000 343 43063.7677346065
24.11.2017 18:25:32 +00.04000E+00  1131 008418 -1 00001806 00001732 000 372 43063.767738912
24.11.2017 18:25:32 +00.04000E+00  1149 008418 -1 00001807 00001732 000 340 43063.7677428472
24.11.2017 18:25:33 +00.04000E+00  1159 008418 -1 00001808 00001732 000 343 43063.7677468171
24.11.2017 18:25:33 +00.04000E+00  1171 008418 -1 00001809 00001732 000 343 43063.767750787
24.11.2017 18:25:34 +00.04000E+00  1182 008418 -1 00001810 00001732 000 381 43063.7677551968
24.11.2017 18:25:34 +00.04000E+00  1200 008418 -1 00001811 00001732 000 343 43063.7677591667
24.11.2017 18:25:34 +00.04000E+00  1214 008418 -1 00001812 00001732 000 343 43063.7677631366
24.11.2017 18:25:35 +00.04000E+00  1233 008418 -1 00001813 00001732 000 343 43063.7677671065
24.11.2017 18:25:35 +00.04000E+00  1245 008418 -1 00001814 00001732 000 375 43063.7677714468
24.11.2017 18:25:35 +00.04000E+00  1266 008418 -1 00001815 00001732 000 343 43063.7677754167
24.11.2017 18:25:36 +00.04000E+00  1280 008418 -1 00001816 00001732 000 343 43063.7677793866
24.11.2017 18:25:36 +00.04000E+00  1295 008418 -1 00001817 00001732 000 343 43063.7677833565
24.11.2017 18:25:36 +00.04000E+00  1313 008418 -1 00001818 00001732 000 376 43063.7677877083
24.11.2017 18:25:42 +00.03991E+00  0008 008398 -1 00001819 00001819 000 342 43063.7678481481
24.11.2017 18:25:42 +00.03991E+00  0026 008398 -1 00001820 00001819 000 397 43063.7678527431
24.11.2017 18:25:42 +00.03991E+00  0038 008398 -1 00001821 00001819 000 340 43063.7678566782
24.11.2017 18:25:43 +00.03991E+00  0047 008398 -1 00001822 00001819 000 343 43063.7678606481
24.11.2017 18:25:43 +00.03991E+00  0064 008398 -1 00001823 00001819 000 343 43063.7678646181
24.11.2017 18:25:43 +00.03991E+00  0070 008398 -1 00001824 00001819 000 380 43063.7678690162
24.11.2017 18:25:44 +00.03991E+00  0088 008398 -1 00001825 00001819 000 344 43063.7678729977
24.11.2017 18:25:44 +00.03991E+00  0100 008398 -1 00001826 00001819 000 343 43063.7678769676
24.11.2017 18:25:44 +00.03991E+00  0112 008398 -1 00001827 00001819 000 343 43063.7678809375
24.11.2017 18:25:45 +00.03990E+00  0125 008398 -1 00001828 00001819 000 374 43063.7678852662
24.11.2017 18:25:45 +00.03991E+00  0146 008398 -1 00001829 00001819 000 343 43063.7678892477
24.11.2017 18:25:45 +00.03991E+00  0160 008398 -1 00001830 00001819 000 343 43063.7678932176
24.11.2017 18:25:46 +00.03991E+00  0170 008398 -1 00001831 00001819 000 343 43063.7678971875
24.11.2017 18:25:46 +00.03990E+00  0179 008398 -1 00001832 00001819 000 376 43063.7679015394
24.11.2017 18:25:47 +00.03991E+00  0193 008398 -1 00001833 00001819 000 342 43063.7679054977
24.11.2017 18:25:47 +00.03991E+00  0206 008398 -1 00001834 00001819 000 343 43063.7679094676
24.11.2017 18:25:47 +00.03990E+00  0224 008398 -1 00001835 00001819 000 343 43063.7679134375
24.11.2017 18:25:48 +00.03991E+00  0242 008398 -1 00001836 00001819 000 377 43063.7679178009
24.11.2017 18:25:48 +00.03991E+00  0264 008398 -1 00001837 00001819 000 341 43063.7679217477
24.11.2017 18:25:48 +00.03991E+00  0273 008398 -1 00001838 00001819 000 342 43063.767925706
24.11.2017 18:25:49 +00.03991E+00  0283 008398 -1 00001839 00001819 000 343 43063.7679296875
24.11.2017 18:25:49 +00.03991E+00  0297 008398 -1 00001840 00001819 000 378 43063.7679340625
24.11.2017 18:25:49 +00.03990E+00  0317 008398 -1 00001841 00001819 000 340 43063.7679379977
24.11.2017 18:25:50 +00.03990E+00  0329 008398 -1 00001842 00001819 000 342 43063.767941956
24.11.2017 18:25:50 +00.03990E+00  0341 008398 -1 00001843 00001819 000 343 43063.7679459375
24.11.2017 18:25:50 +00.03991E+00  0349 008398 -1 00001844 00001819 000 378 43063.7679503125
24.11.2017 18:25:51 +00.03991E+00  0370 008398 -1 00001845 00001819 000 344 43063.7679543056
24.11.2017 18:25:51 +00.03991E+00  0383 008398 -1 00001846 00001819 000 344 43063.767958287
24.11.2017 18:25:51 +00.03990E+00  0394 008398 -1 00001847 00001819 000 343 43063.7679622569
24.11.2017 18:25:52 +00.03990E+00  0410 008398 -1 00001848 00001819 000 374 43063.7679665856
24.11.2017 18:25:52 +00.03991E+00  0424 008398 -1 00001849 00001819 000 343 43063.7679705556
24.11.2017 18:25:52 +00.03990E+00  0436 008398 -1 00001850 00001819 000 343 43063.7679745255
24.11.2017 18:25:53 +00.03991E+00  0450 008398 -1 00001851 00001819 000 343 43063.7679784954
24.11.2017 18:25:53 +00.03990E+00  0466 008398 -1 00001852 00001819 000 375 43063.7679828472
24.11.2017 18:25:54 +00.03991E+00  0482 008398 -1 00001853 00001819 000 342 43063.7679868056
24.11.2017 18:25:54 +00.03990E+00  0492 008398 -1 00001854 00001819 000 343 43063.7679907755
24.11.2017 18:25:54 +00.03991E+00  0509 008398 -1 00001855 00001819 000 343 43063.7679947454
24.11.2017 18:25:55 +00.03991E+00  0520 008398 -1 00001856 00001819 000 377 43063.7679991088
24.11.2017 18:25:55 +00.03990E+00  0532 008398 -1 00001857 00001819 000 341 43063.7680030556
24.11.2017 18:25:55 +00.03990E+00  0546 008398 -1 00001858 00001819 000 343 43063.7680070255
24.11.2017 18:25:56 +00.03991E+00  0556 008398 -1 00001859 00001819 000 343 43063.7680109954
24.11.2017 18:25:56 +00.03991E+00  0566 008398 -1 00001860 00001819 000 378 43063.7680153704
24.11.2017 18:25:56 +00.03990E+00  0577 008398 -1 00001861 00001819 000 341 43063.7680193171
24.11.2017 18:25:57 +00.03991E+00  0590 008398 -1 00001862 00001819 000 342 43063.7680232755
24.11.2017 18:25:57 +00.03991E+00  0607 008398 -1 00001863 00001819 000 343 43063.7680272454
24.11.2017 18:25:57 +00.03991E+00  0621 008398 -1 00001864 00001819 000 379 43063.7680316319
24.11.2017 18:25:58 +00.03991E+00  0638 008398 -1 00001865 00001819 000 345 43063.768035625
24.11.2017 18:25:58 +00.03991E+00  0651 008398 -1 00001866 00001819 000 343 43063.7680395949
24.11.2017 18:25:58 +00.03991E+00  0662 008398 -1 00001867 00001819 000 343 43063.7680435648
24.11.2017 18:25:59 +00.03990E+00  0672 008398 -1 00001868 00001819 000 374 43063.7680478935
24.11.2017 18:25:59 +00.03991E+00  0686 008398 -1 00001869 00001819 000 344 43063.768051875
24.11.2017 18:26:00 +00.03991E+00  0697 008398 -1 00001870 00001819 000 343 43063.7680558449
24.11.2017 18:26:00 +00.03991E+00  0714 008398 -1 00001871 00001819 000 343 43063.7680598148
24.11.2017 18:26:00 +00.03991E+00  0734 008398 -1 00001872 00001819 000 374 43063.7680641435
24.11.2017 18:26:01 +00.03991E+00  0751 008398 -1 00001873 00001819 000 342 43063.7680681134
24.11.2017 18:26:01 +00.03991E+00  0763 008398 -1 00001874 00001819 000 342 43063.7680720833
24.11.2017 18:26:01 +00.03991E+00  0775 008398 -1 00001875 00001819 000 343 43063.7680760532
24.11.2017 18:26:02 +00.03991E+00  0794 008398 -1 00001876 00001819 000 377 43063.7680804167
24.11.2017 18:26:02 +00.03991E+00  0804 008396 -1 00001877 00001819 000 340 43063.7680843634
24.11.2017 18:26:02 +00.03990E+00  0817 008396 -1 00001878 00001819 000 343 43063.7680883333
24.11.2017 18:26:03 +00.03990E+00  0834 008396 -1 00001879 00001819 000 343 43063.7680923032
24.11.2017 18:26:03 +00.03990E+00  0850 008396 -1 00001880 00001819 000 378 43063.7680966782
24.11.2017 18:26:03 +00.03990E+00  0869 008396 -1 00001881 00001819 000 340 43063.7681006134
24.11.2017 18:26:04 +00.03990E+00  0885 008396 -1 00001882 00001819 000 343 43063.7681045833
24.11.2017 18:26:04 +00.03990E+00  0902 008396 -1 00001883 00001819 000 343 43063.7681085532
24.11.2017 18:26:04 +00.03990E+00  0916 008396 -1 00001884 00001819 000 379 43063.7681129398
24.11.2017 18:26:05 +00.03990E+00  0935 008396 -1 00001885 00001819 000 340 43063.768116875
24.11.2017 18:26:05 +00.03990E+00  0955 008396 -1 00001886 00001819 000 341 43063.7681208333
24.11.2017 18:26:05 +00.03989E+00  0963 008396 -1 00001887 00001819 000 343 43063.7681248032
24.11.2017 18:26:06 +00.03989E+00  0973 008396 -1 00001888 00001819 000 380 43063.7681292014
24.11.2017 18:26:06 +00.03989E+00  0991 008396 -1 00001889 00001819 000 344 43063.7681331829
24.11.2017 18:26:07 +00.03990E+00  1001 008396 -1 00001890 00001819 000 343 43063.7681371528
24.11.2017 18:26:07 +00.03990E+00  1012 008396 -1 00001891 00001819 000 343 43063.7681411227
24.11.2017 18:26:07 +00.03990E+00  1030 008396 -1 00001892 00001819 000 375 43063.768145463
24.11.2017 18:26:08 +00.03990E+00  1054 008396 -1 00001893 00001819 000 343 43063.7681494329
24.11.2017 18:26:08 +00.03989E+00  1069 008396 -1 00001894 00001819 000 343 43063.7681534028
24.11.2017 18:26:08 +00.03990E+00  1093 008396 -1 00001895 00001819 000 343 43063.7681573727
24.11.2017 18:26:09 +00.03990E+00  1103 008396 -1 00001896 00001819 000 376 43063.7681617245
24.11.2017 18:26:09 +00.03990E+00  1124 008396 -1 00001897 00001819 000 341 43063.7681656713
24.11.2017 18:26:09 +00.03990E+00  1137 008396 -1 00001898 00001819 000 344 43063.7681696528
24.11.2017 18:26:10 +00.03989E+00  1160 008396 -1 00001899 00001819 000 342 43063.7681736111
24.11.2017 18:26:10 +00.03990E+00  1174 008396 -1 00001900 00001819 000 378 43063.7681779861
24.11.2017 18:26:10 +00.03990E+00  1191 008396 -1 00001901 00001819 000 340 43063.7681819213
24.11.2017 18:26:11 +00.03990E+00  1208 008396 -1 00001902 00001819 000 343 43063.7681858912
24.11.2017 18:26:11 +00.03990E+00  1218 008396 -1 00001903 00001819 000 343 43063.7681898611
24.11.2017 18:26:11 +00.03990E+00  1227 008396 -1 00001904 00001819 000 379 43063.7681942477
24.11.2017 18:26:12 +00.03990E+00  1243 008396 -1 00001905 00001819 000 340 43063.7681981829
24.11.2017 18:26:17 +00.03980E+00  0010 008376 -1 00001906 00001906 000 343 43063.7682579051
24.11.2017 18:26:17 +00.03980E+00  0021 008376 -1 00001907 00001906 000 402 43063.7682625579
24.11.2017 18:26:18 +00.03980E+00  0042 008376 -1 00001908 00001906 000 341 43063.7682665046
24.11.2017 18:26:18 +00.03980E+00  0062 008376 -1 00001909 00001906 000 343 43063.7682704745
24.11.2017 18:26:18 +00.03980E+00  0079 008376 -1 00001910 00001906 000 343 43063.7682744444
24.11.2017 18:26:19 +00.03980E+00  0090 008376 -1 00001911 00001906 000 377 43063.7682788079
24.11.2017 18:26:19 +00.03980E+00  0112 008376 -1 00001912 00001906 000 340 43063.7682827431
24.11.2017 18:26:19 +00.03980E+00  0132 008376 -1 00001913 00001906 000 344 43063.7682867245
24.11.2017 18:26:20 +00.03980E+00  0148 008376 -1 00001914 00001906 000 342 43063.7682906829
24.11.2017 18:26:20 +00.03980E+00  0164 008376 -1 00001915 00001906 000 378 43063.7682950694
24.11.2017 18:26:21 +00.03980E+00  0182 008376 -1 00001916 00001906 000 340 43063.7682990046
24.11.2017 18:26:21 +00.03980E+00  0191 008376 -1 00001917 00001906 000 342 43063.768302963
24.11.2017 18:26:21 +00.03980E+00  0207 008376 -1 00001918 00001906 000 343 43063.7683069329
24.11.2017 18:26:22 +00.03980E+00  0218 008376 -1 00001919 00001906 000 380 43063.768311331
24.11.2017 18:26:22 +00.03980E+00  0232 008376 -1 00001920 00001906 000 343 43063.7683153125
24.11.2017 18:26:22 +00.03980E+00  0251 008376 -1 00001921 00001906 000 343 43063.7683192824
24.11.2017 18:26:23 +00.03980E+00  0258 008376 -1 00001922 00001906 000 343 43063.7683232523
24.11.2017 18:26:23 +00.03980E+00  0276 008376 -1 00001923 00001906 000 375 43063.7683275926
24.11.2017 18:26:23 +00.03980E+00  0295 008376 -1 00001924 00001906 000 342 43063.7683315625
24.11.2017 18:26:24 +00.03980E+00  0305 008376 -1 00001925 00001906 000 343 43063.7683355324
24.11.2017 18:26:24 +00.03980E+00  0322 008376 -1 00001926 00001906 000 343 43063.7683395023
24.11.2017 18:26:24 +00.03980E+00  0338 008376 -1 00001927 00001906 000 376 43063.7683438542
24.11.2017 18:26:25 +00.03980E+00  0350 008376 -1 00001928 00001906 000 342 43063.7683478125
24.11.2017 18:26:25 +00.03980E+00  0363 008376 -1 00001929 00001906 000 343 43063.7683517824
24.11.2017 18:26:25 +00.03980E+00  0376 008376 -1 00001930 00001906 000 343 43063.7683557523
24.11.2017 18:26:26 +00.03980E+00  0391 008376 -1 00001931 00001906 000 377 43063.7683601157
24.11.2017 18:26:26 +00.03980E+00  0403 008376 -1 00001932 00001906 000 341 43063.7683640625
24.11.2017 18:26:26 +00.03980E+00  0421 008376 -1 00001933 00001906 000 343 43063.7683680324
24.11.2017 18:26:27 +00.03980E+00  0432 008376 -1 00001934 00001906 000 343 43063.7683720023
24.11.2017 18:26:27 +00.03980E+00  0442 008376 -1 00001935 00001906 000 378 43063.7683763773
24.11.2017 18:26:28 +00.03980E+00  0457 008376 -1 00001936 00001906 000 340 43063.7683803125
24.11.2017 18:26:28 +00.03980E+00  0471 008376 -1 00001937 00001906 000 343 43063.7683842824
24.11.2017 18:26:28 +00.03980E+00  0488 008376 -1 00001938 00001906 000 342 43063.7683882407
24.11.2017 18:26:29 +00.03980E+00  0499 008376 -1 00001939 00001906 000 379 43063.7683926389
24.11.2017 18:26:29 +00.03980E+00  0517 008376 -1 00001940 00001906 000 345 43063.7683966319
24.11.2017 18:26:29 +00.03980E+00  0533 008376 -1 00001941 00001906 000 343 43063.7684006019
24.11.2017 18:26:30 +00.03980E+00  0545 008376 -1 00001942 00001906 000 343 43063.7684045718
24.11.2017 18:26:30 +00.03980E+00  0560 008376 -1 00001943 00001906 000 374 43063.7684089005
24.11.2017 18:26:30 +00.03980E+00  0573 008376 -1 00001944 00001906 000 343 43063.7684128704
24.11.2017 18:26:31 +00.03980E+00  0592 008376 -1 00001945 00001906 000 342 43063.7684168403
24.11.2017 18:26:31 +00.03980E+00  0604 008376 -1 00001946 00001906 000 343 43063.7684208102
24.11.2017 18:26:31 +00.03980E+00  0623 008376 -1 00001947 00001906 000 375 43063.768425162
24.11.2017 18:26:32 +00.03980E+00  0638 008376 -1 00001948 00001906 000 342 43063.7684291204
24.11.2017 18:26:32 +00.03980E+00  0650 008376 -1 00001949 00001906 000 343 43063.7684330903
24.11.2017 18:26:32 +00.03980E+00  0656 008376 -1 00001950 00001906 000 343 43063.7684370602
24.11.2017 18:26:33 +00.03980E+00  0667 008376 -1 00001951 00001906 000 377 43063.7684414236
24.11.2017 18:26:33 +00.03980E+00  0686 008376 -1 00001952 00001906 000 340 43063.7684453704
24.11.2017 18:26:34 +00.03980E+00  0704 008376 -1 00001953 00001906 000 343 43063.7684493403
24.11.2017 18:26:34 +00.03980E+00  0714 008376 -1 00001954 00001906 000 343 43063.7684533102
24.11.2017 18:26:34 +00.03980E+00  0732 008376 -1 00001955 00001906 000 378 43063.7684576852
24.11.2017 18:26:35 +00.03980E+00  0749 008376 -1 00001956 00001906 000 340 43063.7684616204
24.11.2017 18:26:35 +00.03980E+00  0762 008376 -1 00001957 00001906 000 343 43063.7684655903
24.11.2017 18:26:35 +00.03980E+00  0774 008376 -1 00001958 00001906 000 343 43063.7684695602
24.11.2017 18:26:36 +00.03980E+00  0786 008376 -1 00001959 00001906 000 381 43063.7684739699
24.11.2017 18:26:36 +00.03980E+00  0802 008376 -1 00001960 00001906 000 343 43063.7684779398
24.11.2017 18:26:36 +00.03980E+00  0816 008376 -1 00001961 00001906 000 343 43063.7684819097
24.11.2017 18:26:37 +00.03980E+00  0830 008376 -1 00001962 00001906 000 343 43063.7684858796
24.11.2017 18:26:37 +00.03980E+00  0842 008376 -1 00001963 00001906 000 375 43063.7684902199
24.11.2017 18:26:37 +00.03980E+00  0868 008376 -1 00001964 00001906 000 343 43063.7684941898
24.11.2017 18:26:38 +00.03980E+00  0885 008376 -1 00001965 00001906 000 343 43063.7684981597
24.11.2017 18:26:38 +00.03980E+00  0901 008376 -1 00001966 00001906 000 343 43063.7685021296
24.11.2017 18:26:38 +00.03980E+00  0912 008376 -1 00001967 00001906 000 376 43063.7685064815
24.11.2017 18:26:39 +00.03980E+00  0923 008376 -1 00001968 00001906 000 341 43063.7685104282
24.11.2017 18:26:39 +00.03980E+00  0941 008376 -1 00001969 00001906 000 342 43063.7685143982
24.11.2017 18:26:39 +00.03980E+00  0948 008376 -1 00001970 00001906 000 342 43063.7685183681
24.11.2017 18:26:40 +00.03980E+00  0971 008376 -1 00001971 00001906 000 376 43063.7685227315
24.11.2017 18:26:40 +00.03980E+00  0980 008376 -1 00001972 00001906 000 340 43063.7685266782
24.11.2017 18:26:41 +00.03980E+00  1004 008376 -1 00001973 00001906 000 342 43063.7685306482
24.11.2017 18:26:41 +00.03980E+00  1021 008376 -1 00001974 00001906 000 343 43063.7685346181
24.11.2017 18:26:41 +00.03980E+00  1039 008376 -1 00001975 00001906 000 378 43063.7685389931
24.11.2017 18:26:42 +00.03980E+00  1060 008376 -1 00001976 00001906 000 341 43063.7685429514
24.11.2017 18:26:42 +00.03980E+00  1080 008376 -1 00001977 00001906 000 341 43063.7685468982
24.11.2017 18:26:42 +00.03980E+00  1095 008376 -1 00001978 00001906 000 343 43063.7685508681
24.11.2017 18:26:43 +00.03980E+00  1112 008376 -1 00001979 00001906 000 379 43063.7685552546
24.11.2017 18:26:43 +00.03980E+00  1133 008376 -1 00001980 00001906 000 340 43063.7685591898
24.11.2017 18:26:43 +00.03980E+00  1140 008376 -1 00001981 00001906 000 342 43063.7685631482
24.11.2017 18:26:44 +00.03980E+00  1162 008376 -1 00001982 00001906 000 343 43063.7685671181
24.11.2017 18:26:44 +00.03980E+00  1174 008376 -1 00001983 00001906 000 381 43063.7685715278
24.11.2017 18:26:44 +00.03980E+00  1201 008376 -1 00001984 00001906 000 343 43063.7685754977
24.11.2017 18:26:45 +00.03980E+00  1213 008376 -1 00001985 00001906 000 343 43063.7685794676
24.11.2017 18:26:45 +00.03980E+00  1219 008376 -1 00001986 00001906 000 343 43063.7685834375
24.11.2017 18:26:45 +00.03980E+00  1234 008376 -1 00001987 00001906 000 376 43063.7685877894
24.11.2017 18:26:46 +00.03980E+00  1246 008376 -1 00001988 00001906 000 342 43063.7685917477
24.11.2017 18:26:46 +00.03980E+00  1260 008376 -1 00001989 00001906 000 343 43063.7685957176
24.11.2017 18:26:47 +00.03980E+00  1271 008376 -1 00001990 00001906 000 343 43063.7685996875
24.11.2017 18:26:47 +00.03980E+00  1289 008376 -1 00001991 00001906 000 377 43063.7686040509
24.11.2017 18:26:47 +00.03980E+00  1308 008376 -1 00001992 00001906 000 340 43063.7686079861
24.11.2017 18:26:48 +00.03980E+00  1322 008376 -1 00001993 00001906 000 342 43063.768611956