
24.11.2017 18:26:52 +00.03920E+00  0008 008251 -1 00001994 00001994 000 378 43063.7686593403
24.11.2017 18:26:52 +00.03920E+00  0028 008251 -1 00001995 00001994 000 341 43063.768663287
24.11.2017 18:26:52 +00.03920E+00  0043 008251 -1 00001996 00001994 000 342 43063.7686672454
24.11.2017 18:26:53 +00.03921E+00  0057 008251 -1 00001997 00001994 000 342 43063.7686712037
24.11.2017 18:26:53 +00.03921E+00  0075 008251 -1 00001998 00001994 000 379 43063.7686756019
24.11.2017 18:26:53 +00.03921E+00  0094 008251 -1 00001999 00001994 000 344 43063.7686795833
24.11.2017 18:26:54 +00.03921E+00  0112 008251 -1 00002000 00001994 000 343 43063.7686835648
24.11.2017 18:26:54 +00.03921E+00  0129 008251 -1 00002001 00001994 000 343 43063.7686875347
24.11.2017 18:26:54 +00.03921E+00  0143 008251 -1 00002002 00001994 000 374 43063.7686918634
24.11.2017 18:26:55 +00.03921E+00  0165 008251 -1 00002003 00001994 000 343 43063.7686958333
24.11.2017 18:26:55 +00.03921E+00  0187 008251 -1 00002004 00001994 000 343 43063.7686998032
24.11.2017 18:26:56 +00.03921E+00  0200 008251 -1 00002005 00001994 000 343 43063.7687037731
24.11.2017 18:26:56 +00.03921E+00  0216 008251 -1 00002006 00001994 000 374 43063.7687081134
24.11.2017 18:26:56 +00.03921E+00  0226 008251 -1 00002007 00001994 000 343 43063.7687120833
24.11.2017 18:26:57 +00.03921E+00  0238 008251 -1 00002008 00001994 000 343 43063.7687160532
24.11.2017 18:26:57 +00.03921E+00  0251 008249 -1 00002009 00001994 000 343 43063.7687200231
24.11.2017 18:26:57 +00.03920E+00  0267 008249 -1 00002010 00001994 000 377 43063.7687243866
24.11.2017 18:26:58 +00.03920E+00  0280 008249 -1 00002011 00001994 000 341 43063.7687283333
24.11.2017 18:26:58 +00.03920E+00  0296 008249 -1 00002012 00001994 000 344 43063.7687323148
24.11.2017 18:26:58 +00.03920E+00  0312 008249 -1 00002013 00001994 000 342 43063.7687362731
24.11.2017 18:26:59 +00.03920E+00  0327 008249 -1 00002014 00001994 000 378 43063.7687406481
24.11.2017 18:26:59 +00.03920E+00  0337 008249 -1 00002015 00001994 000 340 43063.7687445833
24.11.2017 18:26:59 +00.03920E+00  0351 008249 -1 00002016 00001994 000 343 43063.7687485532
24.11.2017 18:27:00 +00.03920E+00  0372 008249 -1 00002017 00001994 000 343 43063.7687525231
24.11.2017 18:27:00 +00.03920E+00  0387 008249 -1 00002018 00001994 000 379 43063.7687569097
24.11.2017 18:27:00 +00.03920E+00  0407 008249 -1 00002019 00001994 000 345 43063.7687609028
24.11.2017 18:27:01 +00.03920E+00  0426 008249 -1 00002020 00001994 000 343 43063.7687648727
24.11.2017 18:27:01 +00.03920E+00  0438 008249 -1 00002021 00001994 000 343 43063.7687688426
24.11.2017 18:27:02 +00.03920E+00  0449 008249 -1 00002022 00001994 000 374 43063.7687731713
24.11.2017 18:27:02 +00.03919E+00  0467 008249 -1 00002023 00001994 000 343 43063.7687771412
24.11.2017 18:27:02 +00.03920E+00  0482 008251 -1 00002024 00001994 000 343 43063.7687811227
24.11.2017 18:27:03 +00.03920E+00  0492 008251 -1 00002025 00001994 000 343 43063.7687850926
24.11.2017 18:27:03 +00.03920E+00  0507 008251 -1 00002026 00001994 000 375 43063.7687894329
24.11.2017 18:27:03 +00.03921E+00  0525 008251 -1 00002027 00001994 000 343 43063.7687934028
24.11.2017 18:27:04 +00.03921E+00  0533 008251 -1 00002028 00001994 000 343 43063.7687973727
24.11.2017 18:27:04 +00.03921E+00  0550 008251 -1 00002029 00001994 000 342 43063.768801331
24.11.2017 18:27:04 +00.03921E+00  0567 008251 -1 00002030 00001994 000 375 43063.7688056829
24.11.2017 18:27:05 +00.03920E+00  0584 008251 -1 00002031 00001994 000 341 43063.7688096412
24.11.2017 18:27:05 +00.03921E+00  0599 008251 -1 00002032 00001994 000 343 43063.7688136111
24.11.2017 18:27:05 +00.03921E+00  0612 008251 -1 00002033 00001994 000 343 43063.768817581
24.11.2017 18:27:06 +00.03921E+00  0629 008251 -1 00002034 00001994 000 378 43063.768821956
24.11.2017 18:27:06 +00.03920E+00  0650 008251 -1 00002035 00001994 000 340 43063.7688258912
24.11.2017 18:27:06 +00.03921E+00  0657 008251 -1 00002036 00001994 000 343 43063.7688298611
24.11.2017 18:27:07 +00.03921E+00  0675 008251 -1 00002037 00001994 000 343 43063.768833831
24.11.2017 18:27:07 +00.03921E+00  0688 008249 -1 00002038 00001994 000 379 43063.7688382176
24.11.2017 18:27:07 +00.03920E+00  0708 008249 -1 00002039 00001994 000 340 43063.7688421528
24.11.2017 18:27:08 +00.03920E+00  0730 008249 -1 00002040 00001994 000 341 43063.7688461111
24.11.2017 18:27:08 +00.03920E+00  0742 008249 -1 00002041 00001994 000 343 43063.768850081
24.11.2017 18:27:09 +00.03920E+00  0757 008249 -1 00002042 00001994 000 380 43063.7688544792
24.11.2017 18:27:09 +00.03920E+00  0781 008249 -1 00002043 00001994 000 344 43063.7688584607
24.11.2017 18:27:09 +00.03920E+00  0795 008249 -1 00002044 00001994 000 343 43063.7688624306
24.11.2017 18:27:10 +00.03920E+00  0809 008249 -1 00002045 00001994 000 343 43063.7688664005
24.11.2017 18:27:10 +00.03920E+00  0822 008249 -1 00002046 00001994 000 375 43063.7688707407
24.11.2017 18:27:10 +00.03920E+00  0844 008249 -1 00002047 00001994 000 342 43063.7688746991
24.11.2017 18:27:11 +00.03920E+00  0853 008249 -1 00002048 00001994 000 343 43063.7688786806
24.11.2017 18:27:11 +00.03920E+00  0871 008249 -1 00002049 00001994 000 343 43063.7688826505
24.11.2017 18:27:11 +00.03920E+00  0886 008249 -1 00002050 00001994 000 376 43063.7688870023
24.11.2017 18:27:12 +00.03920E+00  0906 008249 -1 00002051 00001994 000 341 43063.7688909491
24.11.2017 18:27:12 +00.03920E+00  0917 008249 -1 00002052 00001994 000 342 43063.768894919
24.11.2017 18:27:12 +00.03920E+00  0923 008249 -1 00002053 00001994 000 343 43063.7688988889
24.11.2017 18:27:13 +00.03920E+00  0937 008249 -1 00002054 00001994 000 378 43063.7689032755
24.11.2017 18:27:13 +00.03920E+00  0951 008249 -1 00002055 00001994 000 344 43063.7689072685
24.11.2017 18:27:13 +00.03920E+00  0960 008249 -1 00002056 00001994 000 343 43063.76891125
24.11.2017 18:27:14 +00.03920E+00  0969 008249 -1 00002057 00001994 000 343 43063.7689152199
24.11.2017 18:27:14 +00.03920E+00  0983 008249 -1 00002058 00001994 000 372 43063.7689195255
24.11.2017 18:27:14 +00.03920E+00  1002 008249 -1 00002059 00001994 000 340 43063.7689234607
24.11.2017 18:27:15 +00.03920E+00  1013 008249 -1 00002060 00001994 000 342 43063.768927419
24.11.2017 18:27:15 +00.03920E+00  1024 008249 -1 00002061 00001994 000 343 43063.7689313889
24.11.2017 18:27:16 +00.03920E+00  1039 008249 -1 00002062 00001994 000 380 43063.768935787
24.11.2017 18:27:16 +00.03920E+00  1065 008249 -1 00002063 00001994 000 344 43063.7689397685
24.11.2017 18:27:16 +00.03920E+00  1080 008249 -1 00002064 00001994 000 343 43063.7689437384
24.11.2017 18:27:17 +00.03920E+00  1093 008249 -1 00002065 00001994 000 343 43063.7689477083
24.11.2017 18:27:17 +00.03919E+00  1100 008249 -1 00002066 00001994 000 375 43063.7689520486
24.11.2017 18:27:17 +00.03920E+00  1112 008249 -1 00002067 00001994 000 345 43063.7689560417
24.11.2017 18:27:18 +00.03920E+00  1128 008249 -1 00002068 00001994 000 341 43063.7689599884
24.11.2017 18:27:18 +00.03919E+00  1144 008249 -1 00002069 00001994 000 343 43063.7689639583
24.11.2017 18:27:18 +00.03920E+00  1156 008249 -1 00002070 00001994 000 376 43063.7689683102
24.11.2017 18:27:19 +00.03920E+00  1171 008249 -1 00002071 00001994 000 341 43063.7689722569
24.11.2017 18:27:19 +00.03920E+00  1193 008249 -1 00002072 00001994 000 343 43063.7689762384
24.11.2017 18:27:19 +00.03920E+00  1208 008249 -1 00002073 00001994 000 343 43063.7689802083
24.11.2017 18:27:20 +00.03920E+00  1215 008249 -1 00002074 00001994 000 377 43063.7689845718
24.11.2017 18:27:20 +00.03920E+00  1230 008249 -1 00002075 00001994 000 341 43063.7689885185
24.11.2017 18:27:20 +00.03920E+00  1244 008249 -1 00002076 00001994 000 342 43063.7689924768
24.11.2017 18:27:21 +00.03920E+00  1255 008249 -1 00002077 00001994 000 342 43063.7689964468
24.11.2017 18:27:21 +00.03920E+00  1275 008249 -1 00002078 00001994 000 378 43063.7690008333
24.11.2017 18:27:22 +00.03920E+00  1290 008249 -1 00002079 00001994 000 340 43063.7690047685
24.11.2017 18:27:22 +00.03920E+00  1307 008249 -1 00002080 00001994 000 342 43063.7690087268
24.11.2017 18:27:22 +00.03920E+00  1326 008249 -1 00002081 00001994 000 343 43063.7690126968
24.11.2017 18:27:28 +00.03900E+00  0014 008208 -1 00002082 00002082 000 343 43063.7690775231
24.11.2017 18:27:28 +00.03900E+00  0021 008208 -1 00002083 00002082 000 399 43063.7690821412
24.11.2017 18:27:29 +00.03900E+00  0043 008208 -1 00002084 00002082 000 343 43063.7690861111
24.11.2017 18:27:29 +00.03900E+00  0055 008208 -1 00002085 00002082 000 343 43063.769090081
24.11.2017 18:27:29 +00.03900E+00  0075 008208 -1 00002086 00002082 000 343 43063.7690940509
24.11.2017 18:27:30 +00.03900E+00  0094 008208 -1 00002087 00002082 000 376 43063.7690984028
24.11.2017 18:27:30 +00.03900E+00  0110 008208 -1 00002088 00002082 000 342 43063.7691023611
24.11.2017 18:27:30 +00.03900E+00  0129 008208 -1 00002089 00002082 000 343 43063.769106331
24.11.2017 18:27:31 +00.03900E+00  0141 008208 -1 00002090 00002082 000 343 43063.7691103009
24.11.2017 18:27:31 +00.03900E+00  0152 008208 -1 00002091 00002082 000 377 43063.7691146643
24.11.2017 18:27:31 +00.03900E+00  0161 008208 -1 00002092 00002082 000 341 43063.7691186111
24.11.2017 18:27:32 +00.03900E+00  0173 008208 -1 00002093 00002082 000 343 43063.769122581
24.11.2017 18:27:32 +00.03900E+00  0193 008208 -1 00002094 00002082 000 343 43063.7691265509
24.11.2017 18:27:32 +00.03900E+00  0212 008208 -1 00002095 00002082 000 378 43063.7691309259
24.11.2017 18:27:33 +00.03900E+00  0225 008208 -1 00002096 00002082 000 340 43063.7691348611
24.11.2017 18:27:33 +00.03900E+00  0243 008208 -1 00002097 00002082 000 343 43063.769138831
24.11.2017 18:27:33 +00.03900E+00  0252 008208 -1 00002098 00002082 000 343 43063.7691428009
24.11.2017 18:27:34 +00.03900E+00  0264 008208 -1 00002099 00002082 000 379 43063.7691471875
24.11.2017 18:27:34 +00.03900E+00  0286 008208 -1 00002100 00002082 000 345 43063.7691511806
24.11.2017 18:27:35 +00.03900E+00  0298 008208 -1 00002101 00002082 000 343 43063.7691551505
24.11.2017 18:27:35 +00.03900E+00  0315 008208 -1 00002102 00002082 000 343 43063.7691591204
24.11.2017 18:27:35 +00.03900E+00  0324 008208 -1 00002103 00002082 000 374 43063.7691634491
24.11.2017 18:27:36 +00.03900E+00  0336 008208 -1 00002104 00002082 000 343 43063.769167419
24.11.2017 18:27:36 +00.03900E+00  0351 008208 -1 00002105 00002082 000 343 43063.7691714005
24.11.2017 18:27:36 +00.03900E+00  0369 008208 -1 00002106 00002082 000 343 43063.7691753704
24.11.2017 18:27:37 +00.03900E+00  0383 008208 -1 00002107 00002082 000 375 43063.7691797106
24.11.2017 18:27:37 +00.03900E+00  0396 008208 -1 00002108 00002082 000 342 43063.769183669
24.11.2017 18:27:37 +00.03900E+00  0418 008208 -1 00002109 00002082 000 343 43063.7691876389
24.11.2017 18:27:38 +00.03900E+00  0428 008208 -1 00002110 00002082 000 343 43063.7691916088
24.11.2017 18:27:38 +00.03900E+00  0439 008208 -1 00002111 00002082 000 378 43063.7691959954
24.11.2017 18:27:38 +00.03900E+00  0455 008208 -1 00002112 00002082 000 340 43063.7691999306
24.11.2017 18:27:39 +00.03900E+00  0476 008208 -1 00002113 00002082 000 342 43063.7692038889
24.11.2017 18:27:39 +00.03900E+00  0498 008208 -1 00002114 00002082 000 343 43063.7692078588
24.11.2017 18:27:39 +00.03900E+00  0510 008208 -1 00002115 00002082 000 378 43063.7692122338
24.11.2017 18:27:40 +00.03900E+00  0519 008208 -1 00002116 00002082 000 340 43063.769216169
24.11.2017 18:27:40 +00.03900E+00  0530 008208 -1 00002117 00002082 000 342 43063.7692201389
24.11.2017 18:27:40 +00.03900E+00  0546 008208 -1 00002118 00002082 000 343 43063.7692241088
24.11.2017 18:27:41 +00.03900E+00  0561 008208 -1 00002119 00002082 000 379 43063.7692284954
24.11.2017 18:27:41 +00.03900E+00  0575 008208 -1 00002120 00002082 000 340 43063.7692324306
24.11.2017 18:27:42 +00.03900E+00  0589 008208 -1 00002121 00002082 000 342 43063.7692363889
24.11.2017 18:27:42 +00.03900E+00  0605 008208 -1 00002122 00002082 000 343 43063.7692403588
24.11.2017 18:27:42 +00.03900E+00  0621 008208 -1 00002123 00002082 000 380 43063.7692447569
24.11.2017 18:27:43 +00.03900E+00  0641 008208 -1 00002124 00002082 000 344 43063.7692487384
24.11.2017 18:27:43 +00.03900E+00  0658 008208 -1 00002125 00002082 000 343 43063.7692527083
24.11.2017 18:27:43 +00.03900E+00  0678 008208 -1 00002126 00002082 000 343 43063.7692566782
24.11.2017 18:27:44 +00.03900E+00  0689 008208 -1 00002127 00002082 000 376 43063.7692610301
24.11.2017 18:27:44 +00.03900E+00  0705 008208 -1 00002128 00002082 000 342 43063.7692649884
24.11.2017 18:27:44 +00.03900E+00  0719 008208 -1 00002129 00002082 000 343 43063.7692689583
24.11.2017 18:27:45 +00.03900E+00  0735 008208 -1 00002130 00002082 000 343 43063.7692729282
24.11.2017 18:27:45 +00.03900E+00  0750 008208 -1 00002131 00002082 000 377 43063.7692772917
24.11.2017 18:27:45 +00.03900E+00  0769 008208 -1 00002132 00002082 000 340 43063.7692812269
24.11.2017 18:27:46 +00.03900E+00  0788 008208 -1 00002133 00002082 000 343 43063.7692851968
24.11.2017 18:27:46 +00.03900E+00  0804 008208 -1 00002134 00002082 000 343 43063.7692891782
24.11.2017 18:27:46 +00.03900E+00  0822 008208 -1 00002135 00002082 000 378 43063.7692935532
24.11.2017 18:27:47 +00.03900E+00  0843 008208 -1 00002136 00002082 000 340 43063.7692974884
24.11.2017 18:27:47 +00.03900E+00  0862 008208 -1 00002137 00002082 000 342 43063.7693014468
24.11.2017 18:27:47 +00.03900E+00  0874 008208 -1 00002138 00002082 000 343 43063.7693054167
24.11.2017 18:27:48 +00.03900E+00  0887 008208 -1 00002139 00002082 000 379 43063.7693098032
24.11.2017 18:27:48 +00.03900E+00  0899 008208 -1 00002140 00002082 000 341 43063.76931375
24.11.2017 18:27:49 +00.03900E+00  0907 008208 -1 00002141 00002082 000 341 43063.7693176968
24.11.2017 18:27:49 +00.03900E+00  0916 008208 -1 00002142 00002082 000 343 43063.7693216667
24.11.2017 18:27:49 +00.03900E+00  0935 008208 -1 00002143 00002082 000 381 43063.7693260764
24.11.2017 18:27:50 +00.03900E+00  0951 008208 -1 00002144 00002082 000 343 43063.7693300463
24.11.2017 18:27:50 +00.03900E+00  0963 008208 -1 00002145 00002082 000 343 43063.7693340162
24.11.2017 18:27:50 +00.03900E+00  0979 008208 -1 00002146 00002082 000 343 43063.7693379861
24.11.2017 18:27:51 +00.03900E+00  0988 008208 -1 00002147 00002082 000 376 43063.769342338
24.11.2017 18:27:51 +00.03900E+00  0996 008208 -1 00002148 00002082 000 342 43063.7693462963
24.11.2017 18:27:51 +00.03900E+00  1007 008208 -1 00002149 00002082 000 343 43063.7693502662
24.11.2017 18:27:52 +00.03900E+00  1017 008208 -1 00002150 00002082 000 343 43063.7693542361
24.11.2017 18:27:52 +00.03900E+00  1035 008208 -1 00002151 00002082 000 377 43063.7693585995
24.11.2017 18:27:52 +00.03900E+00  1044 008208 -1 00002152 00002082 000 341 43063.7693625463
24.11.2017 18:27:53 +00.03900E+00  1066 008208 -1 00002153 00002082 000 343 43063.7693665162
24.11.2017 18:27:53 +00.03900E+00  1077 008208 -1 00002154 00002082 000 343 43063.7693704861
24.11.2017 18:27:53 +00.03900E+00  1090 008208 -1 00002155 00002082 000 378 43063.7693748611
24.11.2017 18:27:54 +00.03900E+00  1102 008208 -1 00002156 00002082 000 341 43063.7693788079
24.11.2017 18:27:54 +00.03900E+00  1124 008208 -1 00002157 00002082 000 341 43063.7693827546
24.11.2017 18:27:55 +00.03900E+00  1140 008208 -1 00002158 00002082 000 342 43063.7693867245
24.11.2017 18:27:55 +00.03900E+00  1159 008208 -1 00002159 00002082 000 378 43063.7693911111
24.11.2017 18:27:55 +00.03900E+00  1178 008208 -1 00002160 00002082 000 344 43063.7693951042
24.11.2017 18:27:56 +00.03900E+00  1196 008208 -1 00002161 00002082 000 343 43063.7693990856
24.11.2017 18:27:56 +00.03900E+00  1212 008208 -1 00002162 00002082 000 343 43063.7694030556
24.11.2017 18:27:56 +00.03900E+00  1224 008208 -1 00002163 00002082 000 374 43063.7694073843
24.11.2017 18:27:57 +00.03900E+00  1238 008208 -1 00002164 00002082 000 343 43063.7694113542
24.11.2017 18:27:57 +00.03900E+00  1248 008208 -1 00002165 00002082 000 343 43063.7694153241
24.11.2017 18:27:57 +00.03900E+00  1263 008208 -1 00002166 00002082 000 343 43063.769419294
24.11.2017 18:27:58 +00.03900E+00  1273 008208 -1 00002167 00002082 000 375 43063.7694236343
24.11.2017 18:27:58 +00.03900E+00  1301 008208 -1 00002168 00002082 000 342 43063.7694276042
24.11.2017 18:28:03 +00.03881E+00  0007 008167 -1 00002169 00002169 000 377 43063.7694886921
24.11.2017 18:28:04 +00.03880E+00  0016 008167 -1 00002170 00002169 000 340 43063.7694926273
24.11.2017 18:28:04 +00.03881E+00  0035 008167 -1 00002171 00002169 000 343 43063.7694965972
24.11.2017 18:28:04 +00.03880E+00  0050 008167 -1 00002172 00002169 000 343 43063.7695005671
24.11.2017 18:28:05 +00.03881E+00  0064 008167 -1 00002173 00002169 000 379 43063.7695049537
24.11.2017 18:28:05 +00.03880E+00  0079 008167 -1 00002174 00002169 000 345 43063.7695089468
24.11.2017 18:28:05 +00.03880E+00  0089 008167 -1 00002175 00002169 000 343 43063.7695129167
24.11.2017 18:28:06 +00.03880E+00  0101 008167 -1 00002176 00002169 000 343 43063.7695168866
24.11.2017 18:28:06 +00.03880E+00  0111 008167 -1 00002177 00002169 000 374 43063.7695212153
24.11.2017 18:28:06 +00.03881E+00  0122 008167 -1 00002178 00002169 000 344 43063.7695251968
24.11.2017 18:28:07 +00.03881E+00  0140 008167 -1 00002179 00002169 000 343 43063.7695291667
24.11.2017 18:28:07 +00.03880E+00  0164 008167 -1 00002180 00002169 000 343 43063.7695331366
24.11.2017 18:28:08 +00.03881E+00  0187 008167 -1 00002181 00002169 000 375 43063.7695374769
24.11.2017 18:28:08 +00.03880E+00  0202 008167 -1 00002182 00002169 000 343 43063.7695414468
24.11.2017 18:28:08 +00.03880E+00  0216 008167 -1 00002183 00002169 000 342 43063.7695454051
24.11.2017 18:28:09 +00.03880E+00  0225 008167 -1 00002184 00002169 000 343 43063.7695493866
24.11.2017 18:28:09 +00.03880E+00  0239 008167 -1 00002185 00002169 000 376 43063.7695537384
24.11.2017 18:28:09 +00.03880E+00  0257 008167 -1 00002186 00002169 000 341 43063.7695576852
24.11.2017 18:28:10 +00.03881E+00  0270 008167 -1 00002187 00002169 000 343 43063.7695616551
24.11.2017 18:28:10 +00.03880E+00  0286 008167 -1 00002188 00002169 000 343 43063.769565625
24.11.2017 18:28:10 +00.03881E+00  0299 008167 -1 00002189 00002169 000 378 43063.76957
24.11.2017 18:28:11 +00.03881E+00  0317 008167 -1 00002190 00002169 000 340 43063.7695739352
24.11.2017 18:28:11 +00.03880E+00  0331 008167 -1 00002191 00002169 000 343 43063.7695779051
24.11.2017 18:28:11 +00.03881E+00  0343 008167 -1 00002192 00002169 000 343 43063.769581875
24.11.2017 18:28:12 +00.03881E+00  0350 008167 -1 00002193 00002169 000 379 43063.7695862616
24.11.2017 18:28:12 +00.03880E+00  0363 008167 -1 00002194 00002169 000 340 43063.7695901968
24.11.2017 18:28:12 +00.03880E+00  0384 008167 -1 00002195 00002169 000 342 43063.7695941551
24.11.2017 18:28:13 +00.03880E+00  0399 008167 -1 00002196 00002169 000 343 43063.769598125
24.11.2017 18:28:13 +00.03881E+00  0412 008167 -1 00002197 00002169 000 380 43063.7696025231
24.11.2017 18:28:14 +00.03880E+00  0429 008167 -1 00002198 00002169 000 344 43063.7696065046
24.11.2017 18:28:14 +00.03880E+00  0444 008167 -1 00002199 00002169 000 343 43063.7696104745
24.11.2017 18:28:14 +00.03880E+00  0460 008167 -1 00002200 00002169 000 343 43063.7696144444
24.11.2017 18:28:15 +00.03880E+00  0479 008167 -1 00002201 00002169 000 375 43063.7696187847
24.11.2017 18:28:15 +00.03881E+00  0495 008167 -1 00002202 00002169 000 343 43063.7696227546
24.11.2017 18:28:15 +00.03881E+00  0511 008167 -1 00002203 00002169 000 343 43063.7696267245
24.11.2017 18:28:16 +00.03880E+00  0523 008167 -1 00002204 00002169 000 343 43063.7696306944
24.11.2017 18:28:16 +00.03881E+00  0541 008167 -1 00002205 00002169 000 376 43063.7696350463
24.11.2017 18:28:16 +00.03880E+00  0558 008167 -1 00002206 00002169 000 341 43063.7696389931
24.11.2017 18:28:17 +00.03881E+00  0573 008167 -1 00002207 00002169 000 342 43063.769642963
24.11.2017 18:28:17 +00.03880E+00  0585 008167 -1 00002208 00002169 000 342 43063.7696469329
24.11.2017 18:28:17 +00.03880E+00  0601 008167 -1 00002209 00002169 000 377 43063.7696513079
24.11.2017 18:28:18 +00.03881E+00  0618 008167 -1 00002210 00002169 000 340 43063.7696552431
24.11.2017 18:28:18 +00.03881E+00  0633 008167 -1 00002211 00002169 000 343 43063.769659213
24.11.2017 18:28:18 +00.03880E+00  0646 008167 -1 00002212 00002169 000 343 43063.7696631829
24.11.2017 18:28:19 +00.03880E+00  0660 008167 -1 00002213 00002169 000 379 43063.7696675694
24.11.2017 18:28:19 +00.03880E+00  0680 008167 -1 00002214 00002169 000 340 43063.7696715046
24.11.2017 18:28:19 +00.03880E+00  0692 008167 -1 00002215 00002169 000 342 43063.769675463
24.11.2017 18:28:20 +00.03881E+00  0705 008167 -1 00002216 00002169 000 343 43063.7696794329
24.11.2017 18:28:20 +00.03880E+00  0718 008167 -1 00002217 00002169 000 380 43063.769683831
24.11.2017 18:28:21 +00.03881E+00  0726 008167 -1 00002218 00002169 000 344 43063.7696878125
24.11.2017 18:28:21 +00.03881E+00  0743 008167 -1 00002219 00002169 000 343 43063.7696917824
24.11.2017 18:28:21 +00.03880E+00  0763 008167 -1 00002220 00002169 000 343 43063.7696957523
24.11.2017 18:28:22 +00.03880E+00  0775 008167 -1 00002221 00002169 000 375 43063.7697000926
24.11.2017 18:28:22 +00.03881E+00  0790 008167 -1 00002222 00002169 000 342 43063.7697040625
24.11.2017 18:28:22 +00.03881E+00  0810 008167 -1 00002223 00002169 000 343 43063.7697080324
24.11.2017 18:28:23 +00.03881E+00  0829 008167 -1 00002224 00002169 000 343 43063.7697120023
24.11.2017 18:28:23 +00.03880E+00  0841 008167 -1 00002225 00002169 000 376 43063.7697163542
24.11.2017 18:28:23 +00.03881E+00  0853 008167 -1 00002226 00002169 000 342 43063.7697203125
24.11.2017 18:28:24 +00.03881E+00  0863 008167 -1 00002227 00002169 000 343 43063.7697242824
24.11.2017 18:28:24 +00.03880E+00  0871 008165 -1 00002228 00002169 000 343 43063.7697282523
24.11.2017 18:28:24 +00.03880E+00  0886 008165 -1 00002229 00002169 000 377 43063.7697326157
24.11.2017 18:28:25 +00.03880E+00  0907 008165 -1 00002230 00002169 000 341 43063.7697365625
24.11.2017 18:28:25 +00.03879E+00  0921 008165 -1 00002231 00002169 000 343 43063.7697405324
24.11.2017 18:28:25 +00.03880E+00  0940 008165 -1 00002232 00002169 000 343 43063.7697445023
24.11.2017 18:28:26 +00.03880E+00  0960 008165 -1 00002233 00002169 000 378 43063.7697488773
24.11.2017 18:28:26 +00.03880E+00  0968 008165 -1 00002234 00002169 000 340 43063.7697528125
24.11.2017 18:28:26 +00.03880E+00  0984 008165 -1 00002235 00002169 000 342 43063.7697567708
24.11.2017 18:28:27 +00.03880E+00  0997 008165 -1 00002236 00002169 000 343 43063.7697607407
24.11.2017 18:28:27 +00.03880E+00  1008 008165 -1 00002237 00002169 000 379 43063.7697651389
24.11.2017 18:28:28 +00.03880E+00  1022 008165 -1 00002238 00002169 000 344 43063.7697691204
24.11.2017 18:28:28 +00.03880E+00  1031 008165 -1 00002239 00002169 000 342 43063.7697730903
24.11.2017 18:28:28 +00.03879E+00  1050 008165 -1 00002240 00002169 000 343 43063.7697770718
24.11.2017 18:28:29 +00.03879E+00  1060 008165 -1 00002241 00002169 000 374 43063.7697814005
24.11.2017 18:28:29 +00.03880E+00  1078 008167 -1 00002242 00002169 000 344 43063.7697853819
24.11.2017 18:28:29 +00.03880E+00  1094 008167 -1 00002243 00002169 000 342 43063.7697893403
24.11.2017 18:28:30 +00.03880E+00  1114 008167 -1 00002244 00002169 000 343 43063.7697933102
24.11.2017 18:28:30 +00.03880E+00  1128 008167 -1 00002245 00002169 000 376 43063.769797662
24.11.2017 18:28:30 +00.03880E+00  1146 008167 -1 00002246 00002169 000 341 43063.7698016204
24.11.2017 18:28:31 +00.03880E+00  1163 008167 -1 00002247 00002169 000 343 43063.7698055903
24.11.2017 18:28:31 +00.03881E+00  1173 008167 -1 00002248 00002169 000 343 43063.7698095602
24.11.2017 18:28:31 +00.03881E+00  1187 008167 -1 00002249 00002169 000 377 43063.7698139236
24.11.2017 18:28:32 +00.03881E+00  1201 008167 -1 00002250 00002169 000 341 43063.7698178704
24.11.2017 18:28:32 +00.03881E+00  1212 008167 -1 00002251 00002169 000 343 43063.7698218403
24.11.2017 18:28:32 +00.03880E+00  1229 008167 -1 00002252 00002169 000 343 43063.7698258102
24.11.2017 18:28:33 +00.03881E+00  1248 008167 -1 00002253 00002169 000 378 43063.7698301852
24.11.2017 18:28:33 +00.03881E+00  1262 008167 -1 00002254 00002169 000 341 43063.7698341319
24.11.2017 18:28:34 +00.03881E+00  1276 008167 -1 00002255 00002169 000 342 43063.7698380903
24.11.2017 18:28:34 +00.03881E+00  1288 008167 -1 00002256 00002169 000 343 43063.7698420602
24.11.2017 18:28:39 +00.03861E+00  0016 008125 -1 00002257 00002257 000 343 43063.7699026736
24.11.2017 18:28:39 +00.03861E+00  0024 008125 -1 00002258 00002257 000 342 43063.7699066319
24.11.2017 18:28:40 +00.03861E+00  0034 008125 -1 00002259 00002257 000 419 43063.7699114931
24.11.2017 18:28:40 +00.03860E+00  0058 008125 -1 00002260 00002257 000 341 43063.7699154514
24.11.2017 18:28:41 +00.03860E+00  0071 008125 -1 00002261 00002257 000 343 43063.7699194213
24.11.2017 18:28:41 +00.03860E+00  0089 008125 -1 00002262 00002257 000 342 43063.7699233912
24.11.2017 18:28:41 +00.03861E+00  0110 008125 -1 00002263 00002257 000 377 43063.7699277662
24.11.2017 18:28:42 +00.03860E+00  0132 008125 -1 00002264 00002257 000 340 43063.7699317014
24.11.2017 18:28:42 +00.03860E+00  0149 008125 -1 00002265 00002257 000 343 43063.7699356713
24.11.2017 18:28:42 +00.03860E+00  0160 008125 -1 00002266 00002257 000 343 43063.7699396412
24.11.2017 18:28:43 +00.03860E+00  0170 008125 -1 00002267 00002257 000 378 43063.7699440162
24.11.2017 18:28:43 +00.03861E+00  0180 008125 -1 00002268 00002257 000 340 43063.7699479514
24.11.2017 18:28:43 +00.03860E+00  0191 008125 -1 00002269 00002257 000 343 43063.7699519213
24.11.2017 18:28:44 +00.03861E+00  0207 008125 -1 00002270 00002257 000 343 43063.7699558912
24.11.2017 18:28:44 +00.03860E+00  0225 008125 -1 00002271 00002257 000 379 43063.7699602778
24.11.2017 18:28:44 +00.03860E+00  0237 008125 -1 00002272 00002257 000 342 43063.7699642361
24.11.2017 18:28:45 +00.03860E+00  0251 008125 -1 00002273 00002257 000 340 43063.7699681713
24.11.2017 18:28:45 +00.03860E+00  0259 008125 -1 00002274 00002257 000 343 43063.7699721412
24.11.2017 18:28:45 +00.03860E+00  0270 008125 -1 00002275 00002257 000 381 43063.7699765509
24.11.2017 18:28:46 +00.03860E+00  0286 008125 -1 00002276 00002257 000 343 43063.7699805208
24.11.2017 18:28:46 +00.03860E+00  0306 008125 -1 00002277 00002257 000 343 43063.7699844907
24.11.2017 18:28:47 +00.03860E+00  0322 008125 -1 00002278 00002257 000 343 43063.7699884606
24.11.2017 18:28:47 +00.03861E+00  0339 008125 -1 00002279 00002257 000 375 43063.7699928009
24.11.2017 18:28:47 +00.03861E+00  0346 008125 -1 00002280 00002257 000 343 43063.7699967708
24.11.2017 18:28:48 +00.03861E+00  0356 008125 -1 00002281 00002257 000 343 43063.7700007407
24.11.2017 18:28:48 +00.03860E+00  0374 008125 -1 00002282 00002257 000 343 43063.7700047106
24.11.2017 18:28:48 +00.03861E+00  0389 008125 -1 00002283 00002257 000 377 43063.7700090741
24.11.2017 18:28:49 +00.03861E+00  0404 008125 -1 00002284 00002257 000 341 43063.7700130208
24.11.2017 18:28:49 +00.03861E+00  0422 008125 -1 00002285 00002257 000 342 43063.7700169792
24.11.2017 18:28:49 +00.03861E+00  0443 008125 -1 00002286 00002257 000 343 43063.7700209491
24.11.2017 18:28:50 +00.03860E+00  0457 008123 -1 00002287 00002257 000 377 43063.7700253241
24.11.2017 18:28:50 +00.03860E+00  0473 008123 -1 00002288 00002257 000 340 43063.7700292708
24.11.2017 18:28:50 +00.03860E+00  0484 008123 -1 00002289 00002257 000 342 43063.7700332292
24.11.2017 18:28:51 +00.03860E+00  0501 008123 -1 00002290 00002257 000 343 43063.7700371991
24.11.2017 18:28:51 +00.03860E+00  0514 008123 -1 00002291 00002257 000 379 43063.7700415856
24.11.2017 18:28:51 +00.03860E+00  0523 008123 -1 00002292 00002257 000 340 43063.7700455208
24.11.2017 18:28:52 +00.03860E+00  0543 008123 -1 00002293 00002257 000 341 43063.7700494792
24.11.2017 18:28:52 +00.03860E+00  0555 008123 -1 00002294 00002257 000 343 43063.7700534491
24.11.2017 18:28:52 +00.03860E+00  0570 008123 -1 00002295 00002257 000 381 43063.7700578588
24.11.2017 18:28:53 +00.03859E+00  0577 008123 -1 00002296 00002257 000 343 43063.7700618287
24.11.2017 18:28:53 +00.03860E+00  0598 008123 -1 00002297 00002257 000 343 43063.7700657986
24.11.2017 18:28:54 +00.03859E+00  0611 008123 -1 00002298 00002257 000 343 43063.7700697685
24.11.2017 18:28:54 +00.03860E+00  0620 008123 -1 00002299 00002257 000 375 43063.7700741088
24.11.2017 18:28:54 +00.03860E+00  0635 008123 -1 00002300 00002257 000 343 43063.7700780787
24.11.2017 18:28:55 +00.03859E+00  0648 008123 -1 00002301 00002257 000 343 43063.7700820486
24.11.2017 18:28:55 +00.03860E+00  0667 008123 -1 00002302 00002257 000 343 43063.7700860185
24.11.2017 18:28:55 +00.03859E+00  0677 008123 -1 00002303 00002257 000 377 43063.7700903819
24.11.2017 18:28:56 +00.03860E+00  0694 008123 -1 00002304 00002257 000 341 43063.7700943287
24.11.2017 18:28:56 +00.03860E+00  0712 008123 -1 00002305 00002257 000 343 43063.7700982986
24.11.2017 18:28:56 +00.03859E+00  0725 008123 -1 00002306 00002257 000 343 43063.7701022685
24.11.2017 18:28:57 +00.03860E+00  0734 008123 -1 00002307 00002257 000 378 43063.7701066435
24.11.2017 18:28:57 +00.03859E+00  0745 008123 -1 00002308 00002257 000 340 43063.7701105787
24.11.2017 18:28:57 +00.03859E+00  0763 008123 -1 00002309 00002257 000 342 43063.770114537
24.11.2017 18:28:58 +00.03859E+00  0775 008123 -1 00002310 00002257 000 342 43063.7701185069
24.11.2017 18:28:58 +00.03859E+00  0789 008123 -1 00002311 00002257 000 378 43063.7701228935
24.11.2017 18:28:58 +00.03860E+00  0805 008123 -1 00002312 00002257 000 344 43063.7701268866
24.11.2017 18:28:59 +00.03860E+00  0823 008123 -1 00002313 00002257 000 343 43063.7701308681
24.11.2017 18:28:59 +00.03859E+00  0841 008123 -1 00002314 00002257 000 343 43063.770134838
24.11.2017 18:29:00 +00.03860E+00  0860 008123 -1 00002315 00002257 000 374 43063.7701391667
24.11.2017 18:29:00 +00.03860E+00  0881 008123 -1 00002316 00002257 000 343 43063.7701431366
24.11.2017 18:29:00 +00.03860E+00  0890 008123 -1 00002317 00002257 000 343 43063.7701471065
24.11.2017 18:29:01 +00.03860E+00  0911 008123 -1 00002318 00002257 000 342 43063.7701510764
24.11.2017 18:29:01 +00.03860E+00  0925 008123 -1 00002319 00002257 000 374 43063.7701554167
24.11.2017 18:29:01 +00.03860E+00  0940 008123 -1 00002320 00002257 000 342 43063.7701593866
24.11.2017 18:29:02 +00.03859E+00  0962 008123 -1 00002321 00002257 000 343 43063.7701633565
24.11.2017 18:29:02 +00.03860E+00  0975 008123 -1 00002322 00002257 000 343 43063.7701673264
24.11.2017 18:29:02 +00.03860E+00  0988 008123 -1 00002323 00002257 000 377 43063.7701716898
24.11.2017 18:29:03 +00.03860E+00  1006 008123 -1 00002324 00002257 000 341 43063.7701756366
24.11.2017 18:29:03 +00.03860E+00  1017 008123 -1 00002325 00002257 000 343 43063.7701796065
24.11.2017 18:29:03 +00.03859E+00  1028 008123 -1 00002326 00002257 000 343 43063.7701835764
24.11.2017 18:29:04 +00.03859E+00  1043 008123 -1 00002327 00002257 000 378 43063.7701879514
24.11.2017 18:29:04 +00.03860E+00  1059 008123 -1 00002328 00002257 000 340 43063.7701918866
24.11.2017 18:29:04 +00.03859E+00  1078 008123 -1 00002329 00002257 000 342 43063.7701958565
24.11.2017 18:29:05 +00.03859E+00  1084 008125 -1 00002330 00002257 000 343 43063.7701998264
24.11.2017 18:29:05 +00.03860E+00  1098 008125 -1 00002331 00002257 000 379 43063.770204213
24.11.2017 18:29:05 +00.03860E+00  1113 008125 -1 00002332 00002257 000 345 43063.770208206
24.11.2017 18:29:06 +00.03860E+00  1123 008125 -1 00002333 00002257 000 343 43063.7702121759
24.11.2017 18:29:06 +00.03860E+00  1132 008125 -1 00002334 00002257 000 343 43063.7702161458
24.11.2017 18:29:07 +00.03860E+00  1148 008125 -1 00002335 00002257 000 374 43063.7702204745
24.11.2017 18:29:07 +00.03861E+00  1156 008125 -1 00002336 00002257 000 344 43063.770224456
24.11.2017 18:29:07 +00.03860E+00  1173 008125 -1 00002337 00002257 000 343 43063.7702284259
24.11.2017 18:29:08 +00.03860E+00  1191 008125 -1 00002338 00002257 000 343 43063.7702323958
24.11.2017 18:29:08 +00.03860E+00  1208 008125 -1 00002339 00002257 000 375 43063.7702367361
24.11.2017 18:29:08 +00.03860E+00  1236 008125 -1 00002340 00002257 000 342 43063.7702406944
24.11.2017 18:29:09 +00.03860E+00  1260 008125 -1 00002341 00002257 000 342 43063.7702446644
24.11.2017 18:29:09 +00.03861E+00  1274 008125 -1 00002342 00002257 000 343 43063.7702486343
24.11.2017 18:29:09 +00.03861E+00  1290 008125 -1 00002343 00002257 000 376 43063.7702529977
24.11.2017 18:29:10 +00.03860E+00  1303 008125 -1 00002344 00002257 000 341 43063.7702569444
24.11.2017 18:29:15 +00.03840E+00  0015 008082 -1 00002345 00002345 000 378 43063.770318044
24.11.2017 18:29:15 +00.03840E+00  0027 008082 -1 00002346 00002345 000 340 43063.7703219792
24.11.2017 18:29:16 +00.03840E+00  0045 008082 -1 00002347 00002345 000 341 43063.7703259375
24.11.2017 18:29:16 +00.03840E+00  0063 008082 -1 00002348 00002345 000 343 43063.7703299074
24.11.2017 18:29:16 +00.03840E+00  0074 008082 -1 00002349 00002345 000 380 43063.7703343056
24.11.2017 18:29:17 +00.03840E+00  0091 008082 -1 00002350 00002345 000 344 43063.770338287
24.11.2017 18:29:17 +00.03840E+00  0099 008082 -1 00002351 00002345 000 343 43063.7703422569
24.11.2017 18:29:17 +00.03840E+00  0116 008082 -1 00002352 00002345 000 343 43063.7703462269
24.11.2017 18:29:18 +00.03840E+00  0132 008082 -1 00002353 00002345 000 375 43063.7703505671
24.11.2017 18:29:18 +00.03840E+00  0146 008082 -1 00002354 00002345 000 343 43063.770354537
24.11.2017 18:29:18 +00.03840E+00  0161 008082 -1 00002355 00002345 000 343 43063.7703585069
24.11.2017 18:29:19 +00.03840E+00  0180 008082 -1 00002356 00002345 000 343 43063.7703624769
24.11.2017 18:29:19 +00.03840E+00  0189 008082 -1 00002357 00002345 000 376 43063.7703668287
24.11.2017 18:29:20 +00.03840E+00  0195 008082 -1 00002358 00002345 000 341 43063.7703707755
24.11.2017 18:29:20 +00.03840E+00  0210 008082 -1 00002359 00002345 000 343 43063.7703747569
24.11.2017 18:29:20 +00.03840E+00  0219 008082 -1 00002360 00002345 000 343 43063.7703787269
24.11.2017 18:29:21 +00.03840E+00  0239 008082 -1 00002361 00002345 000 377 43063.7703830903
24.11.2017 18:29:21 +00.03840E+00  0254 008082 -1 00002362 00002345 000 340 43063.7703870255
24.11.2017 18:29:21 +00.03840E+00  0270 008082 -1 00002363 00002345 000 344 43063.7703910069
24.11.2017 18:29:22 +00.03840E+00  0290 008082 -1 00002364 00002345 000 342 43063.7703949653
24.11.2017 18:29:22 +00.03840E+00  0308 008082 -1 00002365 00002345 000 378 43063.7703993519
24.11.2017 18:29:22 +00.03840E+00  0324 008082 -1 00002366 00002345 000 345 43063.7704033565
24.11.2017 18:29:23 +00.03840E+00  0338 008082 -1 00002367 00002345 000 342 43063.7704073148
24.11.2017 18:29:23 +00.03840E+00  0348 008082 -1 00002368 00002345 000 342 43063.7704112847
24.11.2017 18:29:23 +00.03840E+00  0360 008082 -1 00002369 00002345 000 373 43063.7704156134
24.11.2017 18:29:24 +00.03840E+00  0375 008082 -1 00002370 00002345 000 344 43063.7704195949
24.11.2017 18:29:24 +00.03840E+00  0389 008082 -1 00002371 00002345 000 343 43063.7704235648
24.11.2017 18:29:24 +00.03840E+00  0407 008082 -1 00002372 00002345 000 343 43063.7704275347
24.11.2017 18:29:25 +00.03840E+00  0434 008082 -1 00002373 00002345 000 375 43063.770431875
24.11.2017 18:29:25 +00.03840E+00  0445 008082 -1 00002374 00002345 000 343 43063.7704358449
24.11.2017 18:29:26 +00.03840E+00  0450 008082 -1 00002375 00002345 000 343 43063.7704398148
24.11.2017 18:29:26 +00.03840E+00  0468 008082 -1 00002376 00002345 000 343 43063.7704437847
24.11.2017 18:29:26 +00.03840E+00  0491 008082 -1 00002377 00002345 000 376 43063.7704481366
24.11.2017 18:29:27 +00.03840E+00  0511 008082 -1 00002378 00002345 000 342 43063.7704520949
24.11.2017 18:29:27 +00.03840E+00  0521 008082 -1 00002379 00002345 000 343 43063.7704560648
24.11.2017 18:29:27 +00.03840E+00  0540 008082 -1 00002380 00002345 000 343 43063.7704600347
24.11.2017 18:29:28 +00.03840E+00  0558 008082 -1 00002381 00002345 000 377 43063.7704643981
24.11.2017 18:29:28 +00.03840E+00  0577 008082 -1 00002382 00002345 000 340 43063.7704683333
24.11.2017 18:29:28 +00.03840E+00  0585 008082 -1 00002383 00002345 000 343 43063.7704723148
24.11.2017 18:29:29 +00.03840E+00  0606 008082 -1 00002384 00002345 000 343 43063.7704762847
24.11.2017 18:29:29 +00.03840E+00  0627 008082 -1 00002385 00002345 000 378 43063.7704806597
24.11.2017 18:29:29 +00.03840E+00  0641 008082 -1 00002386 00002345 000 340 43063.7704845949
24.11.2017 18:29:30 +00.03840E+00  0656 008082 -1 00002387 00002345 000 342 43063.7704885532
24.11.2017 18:29:30 +00.03840E+00  0673 008082 -1 00002388 00002345 000 342 43063.7704925231
24.11.2017 18:29:30 +00.03840E+00  0689 008082 -1 00002389 00002345 000 379 43063.7704969213
24.11.2017 18:29:31 +00.03840E+00  0707 008082 -1 00002390 00002345 000 343 43063.7705009028
24.11.2017 18:29:31 +00.03840E+00  0728 008082 -1 00002391 00002345 000 343 43063.7705048843
24.11.2017 18:29:31 +00.03840E+00  0738 008082 -1 00002392 00002345 000 343 43063.7705088542
24.11.2017 18:29:32 +00.03840E+00  0755 008082 -1 00002393 00002345 000 374 43063.7705131829
24.11.2017 18:29:32 +00.03840E+00  0768 008082 -1 00002394 00002345 000 342 43063.7705171528
24.11.2017 18:29:33 +00.03840E+00  0781 008082 -1 00002395 00002345 000 343 43063.7705211227
24.11.2017 18:29:33 +00.03840E+00  0793 008082 -1 00002396 00002345 000 343 43063.7705250926
24.11.2017 18:29:33 +00.03840E+00  0811 008082 -1 00002397 00002345 000 375 43063.7705294444
24.11.2017 18:29:34 +00.03840E+00  0824 008082 -1 00002398 00002345 000 341 43063.7705334028
24.11.2017 18:29:34 +00.03840E+00  0837 008082 -1 00002399 00002345 000 343 43063.7705373727
24.11.2017 18:29:34 +00.03840E+00  0853 008082 -1 00002400 00002345 000 343 43063.7705413426
24.11.2017 18:29:35 +00.03840E+00  0865 008082 -1 00002401 00002345 000 377 43063.770545706
24.11.2017 18:29:35 +00.03840E+00  0881 008082 -1 00002402 00002345 000 341 43063.7705496528
24.11.2017 18:29:35 +00.03840E+00  0896 008082 -1 00002403 00002345 000 343 43063.7705536227
24.11.2017 18:29:36 +00.03840E+00  0905 008082 -1 00002404 00002345 000 343 43063.7705575926
24.11.2017 18:29:36 +00.03840E+00  0923 008082 -1 00002405 00002345 000 378 43063.7705619676
24.11.2017 18:29:36 +00.03840E+00  0946 008082 -1 00002406 00002345 000 340 43063.7705659028
24.11.2017 18:29:37 +00.03840E+00  0963 008082 -1 00002407 00002345 000 343 43063.7705698727
24.11.2017 18:29:37 +00.03840E+00  0980 008082 -1 00002408 00002345 000 343 43063.7705738426
24.11.2017 18:29:37 +00.03840E+00  0992 008082 -1 00002409 00002345 000 379 43063.7705782292
24.11.2017 18:29:38 +00.03840E+00  1013 008082 -1 00002410 00002345 000 345 43063.7705822222
24.11.2017 18:29:38 +00.03840E+00  1034 008082 -1 00002411 00002345 000 343 43063.7705861921
24.11.2017 18:29:38 +00.03840E+00  1047 008082 -1 00002412 00002345 000 343 43063.770590162
24.11.2017 18:29:39 +00.03840E+00  1062 008082 -1 00002413 00002345 000 374 43063.7705944907
24.11.2017 18:29:39 +00.03840E+00  1073 008082 -1 00002414 00002345 000 343 43063.7705984607
24.11.2017 18:29:40 +00.03840E+00  1082 008082 -1 00002415 00002345 000 342 43063.7706024306
24.11.2017 18:29:40 +00.03840E+00  1098 008082 -1 00002416 00002345 000 343 43063.770606412
24.11.2017 18:29:40 +00.03840E+00  1114 008082 -1 00002417 00002345 000 375 43063.7706107523
24.11.2017 18:29:41 +00.03840E+00  1129 008082 -1 00002418 00002345 000 342 43063.7706147107
24.11.2017 18:29:41 +00.03840E+00  1147 008082 -1 00002419 00002345 000 343 43063.7706186806
24.11.2017 18:29:41 +00.03840E+00  1165 008082 -1 00002420 00002345 000 343 43063.7706226505
24.11.2017 18:29:42 +00.03840E+00  1172 008082 -1 00002421 00002345 000 377 43063.7706270139
24.11.2017 18:29:42 +00.03840E+00  1188 008082 -1 00002422 00002345 000 340 43063.7706309607
24.11.2017 18:29:42 +00.03840E+00  1195 008082 -1 00002423 00002345 000 343 43063.7706349306
24.11.2017 18:29:43 +00.03840E+00  1210 008082 -1 00002424 00002345 000 343 43063.7706389005
24.11.2017 18:29:43 +00.03840E+00  1220 008082 -1 00002425 00002345 000 378 43063.7706432755
24.11.2017 18:29:43 +00.03840E+00  1239 008082 -1 00002426 00002345 000 340 43063.7706472107
24.11.2017 18:29:44 +00.03840E+00  1265 008082 -1 00002427 00002345 000 343 43063.7706511806
24.11.2017 18:29:44 +00.03840E+00  1286 008082 -1 00002428 00002345 000 343 43063.7706551505
24.11.2017 18:29:44 +00.03840E+00  1299 008082 -1 00002429 00002345 000 379 43063.770659537
24.11.2017 18:29:45 +00.03840E+00  1312 008082 -1 00002430 00002345 000 340 43063.7706634722
24.11.2017 18:29:45 +00.03840E+00  1326 008082 -1 00002431 00002345 000 342 43063.7706674306
24.11.2017 18:29:46 +00.03840E+00  1343 008082 -1 00002432 00002345 000 343 43063.7706714005
24.11.2017 18:29:51 +00.03820E+00  0011 008041 -1 00002433 00002433 000 343 43063.7707320139
24.11.2017 18:29:51 +00.03820E+00  0019 008041 -1 00002434 00002433 000 342 43063.7707359722
24.11.2017 18:29:52 +00.03820E+00  0032 008041 -1 00002435 00002433 000 420 43063.7707408449
24.11.2017 18:29:52 +00.03821E+00  0045 008041 -1 00002436 00002433 000 340 43063.7707447917
24.11.2017 18:29:52 +00.03821E+00  0057 008041 -1 00002437 00002433 000 343 43063.7707487731
24.11.2017 18:29:53 +00.03820E+00  0069 008041 -1 00002438 00002433 000 342 43063.7707527315
24.11.2017 18:29:53 +00.03820E+00  0081 008041 -1 00002439 00002433 000 378 43063.7707571181
24.11.2017 18:29:53 +00.03821E+00  0093 008041 -1 00002440 00002433 000 340 43063.7707610532
24.11.2017 18:29:54 +00.03821E+00  0115 008041 -1 00002441 00002433 000 341 43063.7707650116
24.11.2017 18:29:54 +00.03821E+00  0129 008041 -1 00002442 00002433 000 343 43063.7707689815
24.11.2017 18:29:54 +00.03821E+00  0145 008041 -1 00002443 00002433 000 380 43063.7707733796
24.11.2017 18:29:55 +00.03821E+00  0157 008041 -1 00002444 00002433 000 345 43063.7707773727
24.11.2017 18:29:55 +00.03821E+00  0169 008041 -1 00002445 00002433 000 342 43063.770781331
24.11.2017 18:29:55 +00.03821E+00  0185 008041 -1 00002446 00002433 000 344 43063.7707853125
24.11.2017 18:29:56 +00.03820E+00  0198 008041 -1 00002447 00002433 000 373 43063.7707896296
24.11.2017 18:29:56 +00.03821E+00  0212 008041 -1 00002448 00002433 000 343 43063.7707936111
24.11.2017 18:29:56 +00.03820E+00  0224 008041 -1 00002449 00002433 000 343 43063.770797581
24.11.2017 18:29:57 +00.03821E+00  0241 008041 -1 00002450 00002433 000 343 43063.7708015509
24.11.2017 18:29:57 +00.03821E+00  0256 008041 -1 00002451 00002433 000 375 43063.7708058912
24.11.2017 18:29:57 +00.03820E+00  0280 008041 -1 00002452 00002433 000 343 43063.7708098611
24.11.2017 18:29:58 +00.03820E+00  0295 008041 -1 00002453 00002433 000 343 43063.770813831
24.11.2017 18:29:58 +00.03821E+00  0309 008041 -1 00002454 00002433 000 343 43063.7708178009
24.11.2017 18:29:59 +00.03821E+00  0326 008041 -1 00002455 00002433 000 377 43063.7708221644
24.11.2017 18:29:59 +00.03821E+00  0348 008041 -1 00002456 00002433 000 341 43063.7708261111
24.11.2017 18:29:59 +00.03821E+00  0365 008041 -1 00002457 00002433 000 343 43063.770830081
24.11.2017 18:30:00 +00.03821E+00  0372 008041 -1 00002458 00002433 000 343 43063.7708340509
24.11.2017 18:30:00 +00.03820E+00  0392 008041 -1 00002459 00002433 000 378 43063.7708384259
24.11.2017 18:30:00 +00.03821E+00  0413 008041 -1 00002460 00002433 000 340 43063.7708423611
24.11.2017 18:30:01 +00.03820E+00  0429 008041 -1 00002461 00002433 000 343 43063.770846331
24.11.2017 18:30:01 +00.03821E+00  0438 008041 -1 00002462 00002433 000 343 43063.7708503009
24.11.2017 18:30:01 +00.03820E+00  0446 008039 -1 00002463 00002433 000 379 43063.7708546875
24.11.2017 18:30:02 +00.03820E+00  0457 008039 -1 00002464 00002433 000 344 43063.770858669
24.11.2017 18:30:02 +00.03820E+00  0473 008039 -1 00002465 00002433 000 343 43063.7708626505
24.11.2017 18:30:02 +00.03820E+00  0487 008039 -1 00002466 00002433 000 343 43063.7708666204
24.11.2017 18:30:03 +00.03820E+00  0501 008039 -1 00002467 00002433 000 374 43063.7708709491
24.11.2017 18:30:03 +00.03820E+00  0522 008039 -1 00002468 00002433 000 343 43063.770874919
24.11.2017 18:30:03 +00.03820E+00  0532 008039 -1 00002469 00002433 000 343 43063.7708788889
24.11.2017 18:30:04 +00.03820E+00  0551 008039 -1 00002470 00002433 000 344 43063.7708828704
24.11.2017 18:30:04 +00.03819E+00  0570 008039 -1 00002471 00002433 000 374 43063.7708871991
24.11.2017 18:30:04 +00.03820E+00  0589 008039 -1 00002472 00002433 000 342 43063.770891169
24.11.2017 18:30:05 +00.03820E+00  0601 008039 -1 00002473 00002433 000 343 43063.7708951389
24.11.2017 18:30:05 +00.03820E+00  0613 008039 -1 00002474 00002433 000 343 43063.7708991088
24.11.2017 18:30:06 +00.03820E+00  0620 008039 -1 00002475 00002433 000 376 43063.7709034606
24.11.2017 18:30:06 +00.03820E+00  0629 008039 -1 00002476 00002433 000 342 43063.770907419
24.11.2017 18:30:06 +00.03820E+00  0640 008039 -1 00002477 00002433 000 343 43063.7709113889
24.11.2017 18:30:07 +00.03820E+00  0660 008039 -1 00002478 00002433 000 343 43063.7709153588
24.11.2017 18:30:07 +00.03820E+00  0677 008039 -1 00002479 00002433 000 378 43063.7709197338
24.11.2017 18:30:07 +00.03820E+00  0688 008039 -1 00002480 00002433 000 341 43063.7709236806
24.11.2017 18:30:08 +00.03820E+00  0701 008039 -1 00002481 00002433 000 341 43063.7709276389
24.11.2017 18:30:08 +00.03820E+00  0714 008039 -1 00002482 00002433 000 343 43063.7709316088
24.11.2017 18:30:08 +00.03820E+00  0729 008039 -1 00002483 00002433 000 379 43063.7709359954
24.11.2017 18:30:09 +00.03820E+00  0748 008039 -1 00002484 00002433 000 345 43063.7709399884
24.11.2017 18:30:09 +00.03819E+00  0759 008039 -1 00002485 00002433 000 343 43063.7709439583
24.11.2017 18:30:09 +00.03820E+00  0771 008039 -1 00002486 00002433 000 343 43063.7709479282
24.11.2017 18:30:10 +00.03819E+00  0784 008039 -1 00002487 00002433 000 374 43063.7709522569
24.11.2017 18:30:10 +00.03819E+00  0803 008039 -1 00002488 00002433 000 343 43063.7709562269
24.11.2017 18:30:10 +00.03820E+00  0816 008039 -1 00002489 00002433 000 343 43063.7709602083
24.11.2017 18:30:11 +00.03820E+00  0837 008039 -1 00002490 00002433 000 343 43063.7709641782
24.11.2017 18:30:11 +00.03819E+00  0853 008039 -1 00002491 00002433 000 375 43063.7709685185
24.11.2017 18:30:12 +00.03820E+00  0867 008041 -1 00002492 00002433 000 342 43063.7709724769
24.11.2017 18:30:12 +00.03820E+00  0881 008041 -1 00002493 00002433 000 343 43063.7709764468
24.11.2017 18:30:12 +00.03820E+00  0903 008041 -1 00002494 00002433 000 343 43063.7709804282
24.11.2017 18:30:13 +00.03820E+00  0915 008041 -1 00002495 00002433 000 376 43063.7709847801
24.11.2017 18:30:13 +00.03821E+00  0926 008041 -1 00002496 00002433 000 341 43063.7709887269
24.11.2017 18:30:13 +00.03821E+00  0939 008041 -1 00002497 00002433 000 343 43063.7709926968
24.11.2017 18:30:14 +00.03821E+00  0960 008041 -1 00002498 00002433 000 342 43063.7709966667
24.11.2017 18:30:14 +00.03820E+00  0980 008041 -1 00002499 00002433 000 378 43063.7710010417
24.11.2017 18:30:14 +00.03820E+00  0999 008041 -1 00002500 00002433 000 340 43063.7710049769
24.11.2017 18:30:15 +00.03821E+00  1012 008041 -1 00002501 00002433 000 343 43063.7710089468
24.11.2017 18:30:15 +00.03820E+00  1022 008041 -1 00002502 00002433 000 343 43063.7710129167
24.11.2017 18:30:15 +00.03821E+00  1033 008041 -1 00002503 00002433 000 379 43063.7710173032
24.11.2017 18:30:16 +00.03821E+00  1038 008041 -1 00002504 00002433 000 340 43063.7710212384
24.11.2017 18:30:16 +00.03820E+00  1047 008041 -1 00002505 00002433 000 342 43063.7710251968
24.11.2017 18:30:16 +00.03821E+00  1063 008041 -1 00002506 00002433 000 343 43063.7710291667
24.11.2017 18:30:17 +00.03820E+00  1082 008039 -1 00002507 00002433 000 380 43063.7710335648
24.11.2017 18:30:17 +00.03820E+00  1096 008039 -1 00002508 00002433 000 344 43063.7710375463
24.11.2017 18:30:17 +00.03820E+00  1114 008039 -1 00002509 00002433 000 343 43063.7710415162
24.11.2017 18:30:18 +00.03819E+00  1131 008039 -1 00002510 00002433 000 343 43063.7710454861
24.11.2017 18:30:18 +00.03820E+00  1143 008039 -1 00002511 00002433 000 375 43063.7710498264
24.11.2017 18:30:19 +00.03820E+00  1162 008039 -1 00002512 00002433 000 343 43063.7710537963
24.11.2017 18:30:19 +00.03820E+00  1179 008039 -1 00002513 00002433 000 343 43063.7710577662
24.11.2017 18:30:19 +00.03819E+00  1194 008039 -1 00002514 00002433 000 343 43063.7710617361
24.11.2017 18:30:20 +00.03820E+00  1210 008039 -1 00002515 00002433 000 376 43063.771066088
24.11.2017 18:30:20 +00.03820E+00  1224 008039 -1 00002516 00002433 000 342 43063.7710700463
24.11.2017 18:30:20 +00.03820E+00  1244 008039 -1 00002517 00002433 000 343 43063.7710740162
24.11.2017 18:30:21 +00.03820E+00  1261 008039 -1 00002518 00002433 000 343 43063.7710779861
24.11.2017 18:30:21 +00.03820E+00  1280 008039 -1 00002519 00002433 000 377 43063.7710823495
24.11.2017 18:30:21 +00.03819E+00  1297 008039 -1 00002520 00002433 000 340 43063.7710862847
24.11.2017 18:30:27 +00.03800E+00  0009 007998 -1 00002521 00002521 000 379 43063.7711473958
24.11.2017 18:30:27 +00.03800E+00  0023 007998 -1 00002522 00002521 000 344 43063.7711513773
24.11.2017 18:30:27 +00.03800E+00  0037 007998 -1 00002523 00002521 000 343 43063.7711553472
24.11.2017 18:30:28 +00.03800E+00  0050 007998 -1 00002524 00002521 000 343 43063.7711593171
24.11.2017 18:30:28 +00.03800E+00  0062 007998 -1 00002525 00002521 000 375 43063.7711636574
24.11.2017 18:30:28 +00.03800E+00  0078 007998 -1 00002526 00002521 000 343 43063.7711676273
24.11.2017 18:30:29 +00.03800E+00  0092 007998 -1 00002527 00002521 000 343 43063.7711715972
24.11.2017 18:30:29 +00.03800E+00  0104 007998 -1 00002528 00002521 000 343 43063.7711755671
24.11.2017 18:30:29 +00.03800E+00  0124 007998 -1 00002529 00002521 000 376 43063.771179919
24.11.2017 18:30:30 +00.03800E+00  0141 007998 -1 00002530 00002521 000 342 43063.7711838773
24.11.2017 18:30:30 +00.03800E+00  0156 007998 -1 00002531 00002521 000 343 43063.7711878472
24.11.2017 18:30:30 +00.03800E+00  0176 007998 -1 00002532 00002521 000 343 43063.7711918171
24.11.2017 18:30:31 +00.03800E+00  0192 007998 -1 00002533 00002521 000 377 43063.7711961806
24.11.2017 18:30:31 +00.03800E+00  0212 007998 -1 00002534 00002521 000 341 43063.7712001273
24.11.2017 18:30:32 +00.03800E+00  0225 007998 -1 00002535 00002521 000 343 43063.7712040972
24.11.2017 18:30:32 +00.03800E+00  0238 007998 -1 00002536 00002521 000 343 43063.7712080671
24.11.2017 18:30:32 +00.03800E+00  0249 007998 -1 00002537 00002521 000 378 43063.7712124421
24.11.2017 18:30:33 +00.03800E+00  0270 007998 -1 00002538 00002521 000 340 43063.7712163773
24.11.2017 18:30:33 +00.03800E+00  0290 007998 -1 00002539 00002521 000 341 43063.7712203356
24.11.2017 18:30:33 +00.03800E+00  0301 007998 -1 00002540 00002521 000 342 43063.7712243056
24.11.2017 18:30:34 +00.03800E+00  0326 007998 -1 00002541 00002521 000 379 43063.7712287037
24.11.2017 18:30:34 +00.03800E+00  0347 007998 -1 00002542 00002521 000 343 43063.7712326852
24.11.2017 18:30:34 +00.03800E+00  0355 007998 -1 00002543 00002521 000 343 43063.7712366667
24.11.2017 18:30:35 +00.03800E+00  0374 007998 -1 00002544 00002521 000 343 43063.7712406366
24.11.2017 18:30:35 +00.03800E+00  0383 007998 -1 00002545 00002521 000 374 43063.7712449653
24.11.2017 18:30:35 +00.03800E+00  0399 007998 -1 00002546 00002521 000 343 43063.7712489352
24.11.2017 18:30:36 +00.03800E+00  0416 007998 -1 00002547 00002521 000 343 43063.7712529051
24.11.2017 18:30:36 +00.03800E+00  0434 007998 -1 00002548 00002521 000 344 43063.7712568866
24.11.2017 18:30:36 +00.03800E+00  0447 007998 -1 00002549 00002521 000 375 43063.7712612269
24.11.2017 18:30:37 +00.03800E+00  0461 007998 -1 00002550 00002521 000 342 43063.7712651852
24.11.2017 18:30:37 +00.03800E+00  0472 007998 -1 00002551 00002521 000 343 43063.7712691551
24.11.2017 18:30:37 +00.03800E+00  0486 007998 -1 00002552 00002521 000 343 43063.771273125
24.11.2017 18:30:38 +00.03800E+00  0496 007998 -1 00002553 00002521 000 377 43063.7712774884
24.11.2017 18:30:38 +00.03800E+00  0513 007998 -1 00002554 00002521 000 341 43063.7712814352
24.11.2017 18:30:39 +00.03800E+00  0530 007998 -1 00002555 00002521 000 343 43063.7712854051
24.11.2017 18:30:39 +00.03800E+00  0542 007998 -1 00002556 00002521 000 343 43063.771289375
24.11.2017 18:30:39 +00.03800E+00  0556 007998 -1 00002557 00002521 000 378 43063.77129375
24.11.2017 18:30:40 +00.03800E+00  0574 007998 -1 00002558 00002521 000 341 43063.7712976968
24.11.2017 18:30:40 +00.03800E+00  0588 007998 -1 00002559 00002521 000 342 43063.7713016551
24.11.2017 18:30:40 +00.03800E+00  0606 007998 -1 00002560 00002521 000 343 43063.771305625
24.11.2017 18:30:41 +00.03800E+00  0628 007998 -1 00002561 00002521 000 379 43063.7713100116
24.11.2017 18:30:41 +00.03800E+00  0645 007998 -1 00002562 00002521 000 345 43063.7713140046
24.11.2017 18:30:41 +00.03800E+00  0660 007998 -1 00002563 00002521 000 343 43063.7713179745
24.11.2017 18:30:42 +00.03800E+00  0674 007998 -1 00002564 00002521 000 343 43063.7713219444
24.11.2017 18:30:42 +00.03800E+00  0683 007998 -1 00002565 00002521 000 374 43063.7713262731
24.11.2017 18:30:42 +00.03800E+00  0696 007998 -1 00002566 00002521 000 344 43063.7713302546
24.11.2017 18:30:43 +00.03800E+00  0708 007998 -1 00002567 00002521 000 343 43063.7713342245
24.11.2017 18:30:43 +00.03800E+00  0727 007998 -1 00002568 00002521 000 343 43063.7713381944
24.11.2017 18:30:43 +00.03800E+00  0747 007998 -1 00002569 00002521 000 375 43063.7713425347
24.11.2017 18:30:44 +00.03800E+00  0775 007998 -1 00002570 00002521 000 342 43063.7713464931
24.11.2017 18:30:44 +00.03800E+00  0795 007998 -1 00002571 00002521 000 343 43063.7713504745
24.11.2017 18:30:45 +00.03800E+00  0813 007998 -1 00002572 00002521 000 343 43063.7713544444
24.11.2017 18:30:45 +00.03800E+00  0833 007998 -1 00002573 00002521 000 376 43063.7713587963
24.11.2017 18:30:45 +00.03800E+00  0840 007998 -1 00002574 00002521 000 341 43063.7713627431
24.11.2017 18:30:46 +00.03800E+00  0850 007998 -1 00002575 00002521 000 343 43063.771366713
24.11.2017 18:30:46 +00.03800E+00  0859 007998 -1 00002576 00002521 000 343 43063.7713706829
24.11.2017 18:30:46 +00.03800E+00  0875 007998 -1 00002577 00002521 000 378 43063.7713750579
24.11.2017 18:30:47 +00.03800E+00  0890 007998 -1 00002578 00002521 000 340 43063.7713789931
24.11.2017 18:30:47 +00.03800E+00  0900 007998 -1 00002579 00002521 000 342 43063.771382963
24.11.2017 18:30:47 +00.03800E+00  0913 007998 -1 00002580 00002521 000 343 43063.7713869329
24.11.2017 18:30:48 +00.03800E+00  0927 007998 -1 00002581 00002521 000 379 43063.7713913194
24.11.2017 18:30:48 +00.03800E+00  0942 007998 -1 00002582 00002521 000 341 43063.7713952662
24.11.2017 18:30:48 +00.03800E+00  0961 007998 -1 00002583 00002521 000 341 43063.771399213
24.11.2017 18:30:49 +00.03800E+00  0974 007998 -1 00002584 00002521 000 343 43063.7714031829
24.11.2017 18:30:49 +00.03800E+00  0984 007998 -1 00002585 00002521 000 380 43063.771407581
24.11.2017 18:30:49 +00.03800E+00  0993 007998 -1 00002586 00002521 000 344 43063.7714115625
24.11.2017 18:30:50 +00.03800E+00  1014 007998 -1 00002587 00002521 000 343 43063.7714155324
24.11.2017 18:30:50 +00.03800E+00  1029 007998 -1 00002588 00002521 000 343 43063.7714195023
24.11.2017 18:30:51 +00.03800E+00  1044 007998 -1 00002589 00002521 000 375 43063.7714238426
24.11.2017 18:30:51 +00.03800E+00  1055 007998 -1 00002590 00002521 000 343 43063.7714278125
24.11.2017 18:30:51 +00.03800E+00  1077 007998 -1 00002591 00002521 000 343 43063.7714317824
24.11.2017 18:30:52 +00.03800E+00  1094 007998 -1 00002592 00002521 000 343 43063.7714357523
24.11.2017 18:30:52 +00.03800E+00  1107 007998 -1 00002593 00002521 000 376 43063.7714401042
24.11.2017 18:30:52 +00.03800E+00  1126 007998 -1 00002594 00002521 000 341 43063.7714440509
24.11.2017 18:30:53 +00.03800E+00  1135 007998 -1 00002595 00002521 000 342 43063.7714480208
24.11.2017 18:30:53 +00.03800E+00  1152 007998 -1 00002596 00002521 000 343 43063.7714520023
24.11.2017 18:30:53 +00.03800E+00  1167 007998 -1 00002597 00002521 000 377 43063.7714563657
24.11.2017 18:30:54 +00.03800E+00  1184 007998 -1 00002598 00002521 000 340 43063.7714603125
24.11.2017 18:30:54 +00.03800E+00  1197 007998 -1 00002599 00002521 000 342 43063.7714642708
24.11.2017 18:30:54 +00.03800E+00  1212 007998 -1 00002600 00002521 000 343 43063.7714682407
24.11.2017 18:30:55 +00.03800E+00  1225 007998 -1 00002601 00002521 000 379 43063.7714726273
24.11.2017 18:30:55 +00.03800E+00  1242 007998 -1 00002602 00002521 000 340 43063.7714765625
24.11.2017 18:30:55 +00.03800E+00  1257 007998 -1 00002603 00002521 000 341 43063.7714805208
24.11.2017 18:30:56 +00.03800E+00  1278 007998 -1 00002604 00002521 000 343 43063.7714844907
24.11.2017 18:30:56 +00.03800E+00  1288 007998 -1 00002605 00002521 000 380 43063.7714888889
24.11.2017 18:30:56 +00.03800E+00  1302 007998 -1 00002606 00002521 000 344 43063.7714928704
24.11.2017 18:30:57 +00.03800E+00  1323 007998 -1 00002607 00002521 000 343 43063.7714968403
24.11.2017 18:30:57 +00.03800E+00  1343 007998 -1 00002608 00002521 000 343 43063.7715008102