
24.11.2017 18:30:59 +00.03800E+00  0017 007998 1 00002609 00002609 000 378 43063.7715181713
24.11.2017 18:30:59 +00.03800E+00  0032 007998 1 00002610 00002609 000 340 43063.7715221065
24.11.2017 18:30:59 +00.03800E+00  0044 007998 1 00002611 00002609 000 342 43063.7715260648
24.11.2017 18:31:00 +00.03800E+00  0060 007998 1 00002612 00002609 000 343 43063.7715300463
24.11.2017 18:31:00 +00.03800E+00  0078 007998 1 00002613 00002609 000 379 43063.7715344329
24.11.2017 18:31:00 +00.03800E+00  0092 007998 1 00002614 00002609 000 344 43063.7715384144
24.11.2017 18:31:01 +00.03800E+00  0104 007998 1 00002615 00002609 000 342 43063.7715423843
24.11.2017 18:31:01 +00.03800E+00  0113 007998 1 00002616 00002609 000 343 43063.7715463657
24.11.2017 18:31:01 +00.03800E+00  0132 007998 1 00002617 00002609 000 374 43063.7715506944
24.11.2017 18:31:02 +00.03800E+00  0147 007998 1 00002618 00002609 000 343 43063.7715546644
24.11.2017 18:31:02 +00.03800E+00  0161 007998 1 00002619 00002609 000 343 43063.7715586343
24.11.2017 18:31:03 +00.03800E+00  0175 007998 1 00002620 00002609 000 344 43063.7715626157
24.11.2017 18:31:03 +00.03800E+00  0190 007998 1 00002621 00002609 000 375 43063.771566956
24.11.2017 18:31:03 +00.03800E+00  0205 007998 1 00002622 00002609 000 342 43063.7715709144
24.11.2017 18:31:04 +00.03800E+00  0218 007998 1 00002623 00002609 000 343 43063.7715748843
24.11.2017 18:31:04 +00.03800E+00  0234 007998 1 00002624 00002609 000 343 43063.7715788542
24.11.2017 18:31:04 +00.03800E+00  0249 007998 1 00002625 00002609 000 376 43063.771583206
24.11.2017 18:31:05 +00.03800E+00  0261 007998 1 00002626 00002609 000 342 43063.7715871644
24.11.2017 18:31:05 +00.03800E+00  0271 007998 1 00002627 00002609 000 343 43063.7715911343
24.11.2017 18:31:05 +00.03800E+00  0288 007998 1 00002628 00002609 000 343 43063.7715951042
24.11.2017 18:31:06 +00.03800E+00  0303 007998 1 00002629 00002609 000 378 43063.7715994792
24.11.2017 18:31:06 +00.03800E+00  0315 007998 1 00002630 00002609 000 340 43063.7716034144
24.11.2017 18:31:06 +00.03800E+00  0328 007998 1 00002631 00002609 000 343 43063.7716073843
24.11.2017 18:31:07 +00.03800E+00  0344 007998 1 00002632 00002609 000 343 43063.7716113542
24.11.2017 18:31:07 +00.03800E+00  0362 007998 1 00002633 00002609 000 379 43063.7716157407
24.11.2017 18:31:07 +00.03800E+00  0379 007998 1 00002634 00002609 000 345 43063.7716197338
24.11.2017 18:31:08 +00.03800E+00  0394 007998 1 00002635 00002609 000 343 43063.7716237037
24.11.2017 18:31:08 +00.03800E+00  0412 007998 1 00002636 00002609 000 343 43063.7716276736
24.11.2017 18:31:09 +00.03800E+00  0429 007998 1 00002637 00002609 000 374 43063.7716320023
24.11.2017 18:31:09 +00.03800E+00  0444 007998 1 00002638 00002609 000 343 43063.7716359722
24.11.2017 18:31:09 +00.03800E+00  0455 007998 1 00002639 00002609 000 343 43063.7716399537
24.11.2017 18:31:10 +00.03800E+00  0464 007998 1 00002640 00002609 000 343 43063.7716439236
24.11.2017 18:31:10 +00.03800E+00  0478 007998 1 00002641 00002609 000 375 43063.7716482639
24.11.2017 18:31:10 +00.03800E+00  0495 007998 1 00002642 00002609 000 342 43063.7716522222
24.11.2017 18:31:11 +00.03800E+00  0513 007998 1 00002643 00002609 000 343 43063.7716561921
24.11.2017 18:31:11 +00.03800E+00  0531 007998 1 00002644 00002609 000 342 43063.771660162
24.11.2017 18:31:11 +00.03800E+00  0546 007998 1 00002645 00002609 000 375 43063.7716645139
24.11.2017 18:31:12 +00.03800E+00  0564 007998 1 00002646 00002609 000 341 43063.7716684722
24.11.2017 18:31:12 +00.03800E+00  0575 007998 1 00002647 00002609 000 343 43063.7716724421
24.11.2017 18:31:12 +00.03800E+00  0596 007998 1 00002648 00002609 000 343 43063.771676412
24.11.2017 18:31:13 +00.03800E+00  0613 007998 1 00002649 00002609 000 377 43063.7716807755
24.11.2017 18:31:13 +00.03800E+00  0625 007998 1 00002650 00002609 000 341 43063.7716847222
24.11.2017 18:31:13 +00.03800E+00  0648 007998 1 00002651 00002609 000 343 43063.7716886921
24.11.2017 18:31:14 +00.03800E+00  0664 007998 1 00002652 00002609 000 343 43063.771692662
24.11.2017 18:31:14 +00.03800E+00  0679 007998 1 00002653 00002609 000 379 43063.7716970486
24.11.2017 18:31:14 +00.03800E+00  0697 007998 1 00002654 00002609 000 340 43063.7717009838
24.11.2017 18:31:15 +00.03800E+00  0707 007998 1 00002655 00002609 000 342 43063.7717049421
24.11.2017 18:31:15 +00.03800E+00  0723 007998 1 00002656 00002609 000 343 43063.771708912
24.11.2017 18:31:16 +00.03800E+00  0741 007998 1 00002657 00002609 000 380 43063.7717133102
24.11.2017 18:31:16 +00.03800E+00  0751 007998 1 00002658 00002609 000 344 43063.7717172917
24.11.2017 18:31:16 +00.03800E+00  0772 007998 1 00002659 00002609 000 343 43063.7717212616
24.11.2017 18:31:17 +00.03800E+00  0782 007998 1 00002660 00002609 000 343 43063.7717252315
24.11.2017 18:31:17 +00.03800E+00  0790 007998 1 00002661 00002609 000 375 43063.7717295718
24.11.2017 18:31:17 +00.03800E+00  0812 007998 1 00002662 00002609 000 343 43063.7717335417
24.11.2017 18:31:18 +00.03800E+00  0826 007998 1 00002663 00002609 000 343 43063.7717375116
24.11.2017 18:31:18 +00.03800E+00  0841 007998 1 00002664 00002609 000 343 43063.7717414815
24.11.2017 18:31:18 +00.03800E+00  0862 007998 1 00002665 00002609 000 376 43063.7717458333
24.11.2017 18:31:19 +00.03800E+00  0877 007998 1 00002666 00002609 000 342 43063.7717497917
24.11.2017 18:31:19 +00.03800E+00  0892 007998 1 00002667 00002609 000 342 43063.77175375
24.11.2017 18:31:19 +00.03800E+00  0905 007998 1 00002668 00002609 000 342 43063.7717577199
24.11.2017 18:31:20 +00.03800E+00  0920 007998 1 00002669 00002609 000 377 43063.7717620949
24.11.2017 18:31:20 +00.03800E+00  0934 007998 1 00002670 00002609 000 341 43063.7717660417
24.11.2017 18:31:20 +00.03800E+00  0949 007998 1 00002671 00002609 000 342 43063.77177
24.11.2017 18:31:21 +00.03800E+00  0959 007998 1 00002672 00002609 000 343 43063.7717739699
24.11.2017 18:31:21 +00.03800E+00  0978 007998 1 00002673 00002609 000 379 43063.7717783565
24.11.2017 18:31:21 +00.03800E+00  0998 007998 1 00002674 00002609 000 344 43063.7717823495
24.11.2017 18:31:22 +00.03800E+00  1007 007998 1 00002675 00002609 000 342 43063.7717863194
24.11.2017 18:31:22 +00.03800E+00  1017 007998 1 00002676 00002609 000 342 43063.7717902893
24.11.2017 18:31:23 +00.03800E+00  1028 007998 1 00002677 00002609 000 372 43063.7717946065
24.11.2017 18:31:23 +00.03800E+00  1047 007998 1 00002678 00002609 000 344 43063.7717985995
24.11.2017 18:31:23 +00.03800E+00  1064 007998 1 00002679 00002609 000 343 43063.7718025694
24.11.2017 18:31:24 +00.03800E+00  1075 007998 1 00002680 00002609 000 343 43063.7718065393
24.11.2017 18:31:24 +00.03800E+00  1089 007998 1 00002681 00002609 000 375 43063.7718108796
24.11.2017 18:31:24 +00.03800E+00  1108 007998 1 00002682 00002609 000 343 43063.7718148495
24.11.2017 18:31:25 +00.03800E+00  1119 007998 1 00002683 00002609 000 343 43063.7718188194
24.11.2017 18:31:25 +00.03800E+00  1137 007998 1 00002684 00002609 000 343 43063.7718227893
24.11.2017 18:31:25 +00.03800E+00  1152 007998 1 00002685 00002609 000 376 43063.7718271412
24.11.2017 18:31:26 +00.03800E+00  1162 007998 1 00002686 00002609 000 342 43063.7718310995
24.11.2017 18:31:26 +00.03800E+00  1176 007998 1 00002687 00002609 000 343 43063.7718350694
24.11.2017 18:31:26 +00.03800E+00  1188 007998 1 00002688 00002609 000 343 43063.7718390393
24.11.2017 18:31:27 +00.03800E+00  1214 007998 1 00002689 00002609 000 377 43063.7718434028
24.11.2017 18:31:27 +00.03800E+00  1229 007998 1 00002690 00002609 000 340 43063.771847338
24.11.2017 18:31:27 +00.03800E+00  1245 007998 1 00002691 00002609 000 343 43063.7718513194
24.11.2017 18:31:28 +00.03800E+00  1259 007998 1 00002692 00002609 000 343 43063.7718552893
24.11.2017 18:31:28 +00.03800E+00  1279 007998 1 00002693 00002609 000 378 43063.7718596644
24.11.2017 18:31:29 +00.03800E+00  1293 007998 1 00002694 00002609 000 340 43063.7718635995
24.11.2017 18:31:29 +00.03800E+00  1304 007998 1 00002695 00002609 000 342 43063.7718675579
24.11.2017 18:31:29 +00.03800E+00  1319 007998 1 00002696 00002609 000 343 43063.7718715278
24.11.2017 18:31:34 +00.03819E+00  0013 008037 1 00002697 00002697 000 343 43063.7719321412
24.11.2017 18:31:35 +00.03819E+00  0022 008037 1 00002698 00002697 000 343 43063.7719361111
24.11.2017 18:31:35 +00.03819E+00  0038 008037 1 00002699 00002697 000 420 43063.7719409722
24.11.2017 18:31:36 +00.03819E+00  0060 008037 1 00002700 00002697 000 343 43063.7719449421
24.11.2017 18:31:36 +00.03819E+00  0084 008037 1 00002701 00002697 000 342 43063.7719489005
24.11.2017 18:31:36 +00.03819E+00  0098 008037 1 00002702 00002697 000 343 43063.7719528704
24.11.2017 18:31:37 +00.03819E+00  0118 008037 1 00002703 00002697 000 377 43063.7719572338
24.11.2017 18:31:37 +00.03819E+00  0132 008037 1 00002704 00002697 000 341 43063.7719611806
24.11.2017 18:31:37 +00.03819E+00  0144 008037 1 00002705 00002697 000 343 43063.7719651505
24.11.2017 18:31:38 +00.03819E+00  0159 008037 1 00002706 00002697 000 343 43063.7719691204
24.11.2017 18:31:38 +00.03819E+00  0174 008037 1 00002707 00002697 000 378 43063.7719734954
24.11.2017 18:31:38 +00.03819E+00  0185 008037 1 00002708 00002697 000 340 43063.7719774306
24.11.2017 18:31:39 +00.03819E+00  0203 008037 1 00002709 00002697 000 343 43063.7719814005
24.11.2017 18:31:39 +00.03819E+00  0217 008037 1 00002710 00002697 000 343 43063.7719853704
24.11.2017 18:31:39 +00.03819E+00  0231 008037 1 00002711 00002697 000 379 43063.7719897569
24.11.2017 18:31:40 +00.03819E+00  0255 008039 1 00002712 00002697 000 345 43063.77199375
24.11.2017 18:31:40 +00.03819E+00  0270 008039 1 00002713 00002697 000 343 43063.7719977199
24.11.2017 18:31:40 +00.03820E+00  0288 008039 1 00002714 00002697 000 343 43063.7720016898
24.11.2017 18:31:41 +00.03820E+00  0306 008039 1 00002715 00002697 000 374 43063.7720060185
24.11.2017 18:31:41 +00.03820E+00  0318 008039 1 00002716 00002697 000 344 43063.77201
24.11.2017 18:31:42 +00.03820E+00  0332 008039 1 00002717 00002697 000 342 43063.7720139583
24.11.2017 18:31:42 +00.03819E+00  0347 008039 1 00002718 00002697 000 343 43063.7720179398
24.11.2017 18:31:42 +00.03820E+00  0361 008039 1 00002719 00002697 000 375 43063.7720222801
24.11.2017 18:31:43 +00.03820E+00  0373 008039 1 00002720 00002697 000 342 43063.7720262384
24.11.2017 18:31:43 +00.03820E+00  0389 008039 1 00002721 00002697 000 343 43063.7720302083
24.11.2017 18:31:43 +00.03820E+00  0397 008039 1 00002722 00002697 000 343 43063.7720341782
24.11.2017 18:31:44 +00.03820E+00  0414 008039 1 00002723 00002697 000 377 43063.7720385417
24.11.2017 18:31:44 +00.03820E+00  0426 008039 1 00002724 00002697 000 341 43063.7720424884
24.11.2017 18:31:44 +00.03820E+00  0438 008039 1 00002725 00002697 000 343 43063.7720464583
24.11.2017 18:31:45 +00.03820E+00  0458 008039 1 00002726 00002697 000 343 43063.7720504282
24.11.2017 18:31:45 +00.03819E+00  0469 008039 1 00002727 00002697 000 378 43063.7720548032
24.11.2017 18:31:45 +00.03820E+00  0482 008039 1 00002728 00002697 000 340 43063.7720587384
24.11.2017 18:31:46 +00.03820E+00  0495 008039 1 00002729 00002697 000 342 43063.7720627083
24.11.2017 18:31:46 +00.03820E+00  0509 008039 1 00002730 00002697 000 343 43063.7720666782
24.11.2017 18:31:46 +00.03820E+00  0526 008039 1 00002731 00002697 000 379 43063.7720710648
24.11.2017 18:31:47 +00.03820E+00  0545 008039 1 00002732 00002697 000 340 43063.772075
24.11.2017 18:31:47 +00.03820E+00  0562 008039 1 00002733 00002697 000 342 43063.7720789583
24.11.2017 18:31:47 +00.03820E+00  0575 008039 1 00002734 00002697 000 343 43063.7720829282
24.11.2017 18:31:48 +00.03819E+00  0591 008039 1 00002735 00002697 000 380 43063.7720873264
24.11.2017 18:31:48 +00.03820E+00  0610 008039 1 00002736 00002697 000 344 43063.7720913079
24.11.2017 18:31:49 +00.03820E+00  0628 008039 1 00002737 00002697 000 343 43063.7720952778
24.11.2017 18:31:49 +00.03820E+00  0641 008039 1 00002738 00002697 000 343 43063.7720992477
24.11.2017 18:31:49 +00.03820E+00  0656 008039 1 00002739 00002697 000 375 43063.772103588
24.11.2017 18:31:50 +00.03819E+00  0673 008039 1 00002740 00002697 000 343 43063.7721075579
24.11.2017 18:31:50 +00.03820E+00  0685 008041 1 00002741 00002697 000 343 43063.7721115278
24.11.2017 18:31:50 +00.03820E+00  0696 008041 1 00002742 00002697 000 343 43063.7721154977
24.11.2017 18:31:51 +00.03820E+00  0706 008041 1 00002743 00002697 000 376 43063.7721198495
24.11.2017 18:31:51 +00.03820E+00  0720 008041 1 00002744 00002697 000 341 43063.7721237963
24.11.2017 18:31:51 +00.03820E+00  0735 008041 1 00002745 00002697 000 343 43063.7721277662
24.11.2017 18:31:52 +00.03821E+00  0746 008041 1 00002746 00002697 000 342 43063.7721317361
24.11.2017 18:31:52 +00.03821E+00  0760 008041 1 00002747 00002697 000 378 43063.7721361111
24.11.2017 18:31:52 +00.03820E+00  0780 008041 1 00002748 00002697 000 340 43063.7721400579
24.11.2017 18:31:53 +00.03820E+00  0796 008041 1 00002749 00002697 000 342 43063.7721440162
24.11.2017 18:31:53 +00.03821E+00  0811 008041 1 00002750 00002697 000 343 43063.7721479861
24.11.2017 18:31:53 +00.03820E+00  0831 008041 1 00002751 00002697 000 379 43063.7721523727
24.11.2017 18:31:54 +00.03820E+00  0845 008041 1 00002752 00002697 000 340 43063.7721563079
24.11.2017 18:31:54 +00.03820E+00  0861 008041 1 00002753 00002697 000 342 43063.7721602662
24.11.2017 18:31:54 +00.03820E+00  0885 008041 1 00002754 00002697 000 343 43063.7721642361
24.11.2017 18:31:55 +00.03821E+00  0908 008041 1 00002755 00002697 000 380 43063.7721686343
24.11.2017 18:31:55 +00.03821E+00  0924 008041 1 00002756 00002697 000 344 43063.7721726157
24.11.2017 18:31:56 +00.03821E+00  0939 008041 1 00002757 00002697 000 343 43063.7721765856
24.11.2017 18:31:56 +00.03821E+00  0959 008041 1 00002758 00002697 000 344 43063.7721805671
24.11.2017 18:31:56 +00.03820E+00  0971 008041 1 00002759 00002697 000 374 43063.7721848958
24.11.2017 18:31:57 +00.03821E+00  0989 008041 1 00002760 00002697 000 343 43063.7721888657
24.11.2017 18:31:57 +00.03821E+00  1008 008041 1 00002761 00002697 000 343 43063.7721928356
24.11.2017 18:31:57 +00.03821E+00  1022 008041 1 00002762 00002697 000 343 43063.7721968056
24.11.2017 18:31:58 +00.03821E+00  1039 008041 1 00002763 00002697 000 378 43063.7722011806
24.11.2017 18:31:58 +00.03821E+00  1058 008041 1 00002764 00002697 000 340 43063.7722051157
24.11.2017 18:31:58 +00.03821E+00  1067 008041 1 00002765 00002697 000 342 43063.7722090856
24.11.2017 18:31:59 +00.03820E+00  1079 008041 1 00002766 00002697 000 343 43063.7722130556
24.11.2017 18:31:59 +00.03821E+00  1094 008041 1 00002767 00002697 000 378 43063.7722174306
24.11.2017 18:31:59 +00.03821E+00  1116 008041 1 00002768 00002697 000 340 43063.7722213657
24.11.2017 18:32:00 +00.03821E+00  1127 008041 1 00002769 00002697 000 343 43063.7722253356
24.11.2017 18:32:00 +00.03821E+00  1142 008039 1 00002770 00002697 000 343 43063.7722293056
24.11.2017 18:32:00 +00.03820E+00  1161 008039 1 00002771 00002697 000 379 43063.7722336921
24.11.2017 18:32:01 +00.03820E+00  1178 008039 1 00002772 00002697 000 344 43063.7722376736
24.11.2017 18:32:01 +00.03820E+00  1191 008039 1 00002773 00002697 000 343 43063.7722416551
24.11.2017 18:32:02 +00.03820E+00  1203 008039 1 00002774 00002697 000 342 43063.7722456134
24.11.2017 18:32:02 +00.03820E+00  1219 008039 1 00002775 00002697 000 373 43063.7722499421
24.11.2017 18:32:02 +00.03820E+00  1238 008039 1 00002776 00002697 000 345 43063.7722539352
24.11.2017 18:32:03 +00.03820E+00  1254 008039 1 00002777 00002697 000 342 43063.7722578935
24.11.2017 18:32:03 +00.03819E+00  1273 008039 1 00002778 00002697 000 342 43063.7722618634
24.11.2017 18:32:03 +00.03820E+00  1293 008039 1 00002779 00002697 000 375 43063.7722662037
24.11.2017 18:32:04 +00.03819E+00  1306 008039 1 00002780 00002697 000 342 43063.7722701736
24.11.2017 18:32:04 +00.03820E+00  1319 008039 1 00002781 00002697 000 343 43063.7722741435
24.11.2017 18:32:04 +00.03820E+00  1327 008039 1 00002782 00002697 000 343 43063.7722781134
24.11.2017 18:32:05 +00.03820E+00  1351 008039 1 00002783 00002697 000 376 43063.7722824653
24.11.2017 18:32:05 +00.03820E+00  1365 008039 1 00002784 00002697 000 342 43063.7722864236
24.11.2017 18:32:10 +00.03839E+00  0016 008080 1 00002785 00002785 000 379 43063.7723475231
24.11.2017 18:32:11 +00.03839E+00  0036 008080 1 00002786 00002785 000 345 43063.7723515162
24.11.2017 18:32:11 +00.03839E+00  0050 008080 1 00002787 00002785 000 343 43063.7723554861
24.11.2017 18:32:11 +00.03839E+00  0064 008080 1 00002788 00002785 000 343 43063.772359456
24.11.2017 18:32:12 +00.03839E+00  0078 008080 1 00002789 00002785 000 374 43063.7723637847
24.11.2017 18:32:12 +00.03839E+00  0093 008080 1 00002790 00002785 000 344 43063.7723677662
24.11.2017 18:32:12 +00.03839E+00  0112 008080 1 00002791 00002785 000 343 43063.7723717361
24.11.2017 18:32:13 +00.03839E+00  0123 008080 1 00002792 00002785 000 343 43063.772375706
24.11.2017 18:32:13 +00.03839E+00  0134 008080 1 00002793 00002785 000 375 43063.7723800463
24.11.2017 18:32:13 +00.03839E+00  0145 008080 1 00002794 00002785 000 342 43063.7723840046
24.11.2017 18:32:14 +00.03839E+00  0156 008080 1 00002795 00002785 000 344 43063.7723879861
24.11.2017 18:32:14 +00.03839E+00  0167 008080 1 00002796 00002785 000 342 43063.7723919444
24.11.2017 18:32:15 +00.03839E+00  0175 008080 1 00002797 00002785 000 376 43063.7723963079
24.11.2017 18:32:15 +00.03839E+00  0192 008080 1 00002798 00002785 000 341 43063.7724002546
24.11.2017 18:32:15 +00.03839E+00  0205 008080 1 00002799 00002785 000 343 43063.7724042245
24.11.2017 18:32:16 +00.03839E+00  0218 008082 1 00002800 00002785 000 343 43063.7724081944
24.11.2017 18:32:16 +00.03840E+00  0236 008082 1 00002801 00002785 000 377 43063.7724125579
24.11.2017 18:32:16 +00.03840E+00  0256 008082 1 00002802 00002785 000 341 43063.7724165046
24.11.2017 18:32:17 +00.03840E+00  0269 008082 1 00002803 00002785 000 343 43063.7724204745
24.11.2017 18:32:17 +00.03840E+00  0277 008082 1 00002804 00002785 000 343 43063.7724244444
24.11.2017 18:32:17 +00.03840E+00  0289 008082 1 00002805 00002785 000 379 43063.772428831
24.11.2017 18:32:18 +00.03840E+00  0305 008082 1 00002806 00002785 000 340 43063.7724327662
24.11.2017 18:32:18 +00.03840E+00  0316 008082 1 00002807 00002785 000 341 43063.7724367245
24.11.2017 18:32:18 +00.03840E+00  0330 008082 1 00002808 00002785 000 343 43063.7724406944
24.11.2017 18:32:19 +00.03840E+00  0339 008082 1 00002809 00002785 000 380 43063.7724450926
24.11.2017 18:32:19 +00.03840E+00  0355 008082 1 00002810 00002785 000 344 43063.7724490741
24.11.2017 18:32:19 +00.03840E+00  0369 008082 1 00002811 00002785 000 343 43063.772453044
24.11.2017 18:32:20 +00.03840E+00  0378 008082 1 00002812 00002785 000 343 43063.7724570139
24.11.2017 18:32:20 +00.03840E+00  0389 008082 1 00002813 00002785 000 375 43063.7724613542
24.11.2017 18:32:21 +00.03840E+00  0406 008082 1 00002814 00002785 000 343 43063.7724653241
24.11.2017 18:32:21 +00.03840E+00  0424 008082 1 00002815 00002785 000 343 43063.772469294
24.11.2017 18:32:21 +00.03840E+00  0432 008082 1 00002816 00002785 000 343 43063.7724732639
24.11.2017 18:32:22 +00.03840E+00  0447 008082 1 00002817 00002785 000 376 43063.7724776157
24.11.2017 18:32:22 +00.03840E+00  0461 008082 1 00002818 00002785 000 341 43063.7724815625
24.11.2017 18:32:22 +00.03840E+00  0476 008082 1 00002819 00002785 000 343 43063.772485544
24.11.2017 18:32:23 +00.03840E+00  0490 008082 1 00002820 00002785 000 343 43063.7724895139
24.11.2017 18:32:23 +00.03840E+00  0498 008082 1 00002821 00002785 000 377 43063.7724938773
24.11.2017 18:32:23 +00.03840E+00  0519 008082 1 00002822 00002785 000 340 43063.7724978125
24.11.2017 18:32:24 +00.03840E+00  0535 008082 1 00002823 00002785 000 343 43063.7725017824
24.11.2017 18:32:24 +00.03840E+00  0547 008082 1 00002824 00002785 000 343 43063.7725057523
24.11.2017 18:32:24 +00.03840E+00  0562 008082 1 00002825 00002785 000 378 43063.7725101273
24.11.2017 18:32:25 +00.03840E+00  0578 008082 1 00002826 00002785 000 340 43063.7725140741
24.11.2017 18:32:25 +00.03840E+00  0596 008082 1 00002827 00002785 000 341 43063.7725180324
24.11.2017 18:32:25 +00.03840E+00  0610 008082 1 00002828 00002785 000 343 43063.7725220023
24.11.2017 18:32:26 +00.03840E+00  0624 008082 1 00002829 00002785 000 380 43063.7725264005
24.11.2017 18:32:26 +00.03840E+00  0640 008082 1 00002830 00002785 000 344 43063.7725303819
24.11.2017 18:32:26 +00.03840E+00  0661 008082 1 00002831 00002785 000 343 43063.7725343519
24.11.2017 18:32:27 +00.03840E+00  0674 008082 1 00002832 00002785 000 343 43063.7725383218
24.11.2017 18:32:27 +00.03840E+00  0691 008082 1 00002833 00002785 000 375 43063.772542662
24.11.2017 18:32:28 +00.03840E+00  0708 008082 1 00002834 00002785 000 343 43063.7725466319
24.11.2017 18:32:28 +00.03840E+00  0729 008082 1 00002835 00002785 000 343 43063.7725506019
24.11.2017 18:32:28 +00.03840E+00  0747 008082 1 00002836 00002785 000 343 43063.7725545718
24.11.2017 18:32:29 +00.03840E+00  0762 008082 1 00002837 00002785 000 376 43063.7725589236
24.11.2017 18:32:29 +00.03840E+00  0774 008082 1 00002838 00002785 000 342 43063.7725628819
24.11.2017 18:32:29 +00.03840E+00  0788 008082 1 00002839 00002785 000 343 43063.7725668519
24.11.2017 18:32:30 +00.03840E+00  0802 008082 1 00002840 00002785 000 343 43063.7725708218
24.11.2017 18:32:30 +00.03840E+00  0817 008082 1 00002841 00002785 000 377 43063.7725751852
24.11.2017 18:32:30 +00.03840E+00  0837 008082 1 00002842 00002785 000 341 43063.7725791319
24.11.2017 18:32:31 +00.03840E+00  0846 008082 1 00002843 00002785 000 343 43063.7725831019
24.11.2017 18:32:31 +00.03840E+00  0858 008082 1 00002844 00002785 000 343 43063.7725870718
24.11.2017 18:32:31 +00.03840E+00  0873 008082 1 00002845 00002785 000 378 43063.7725914468
24.11.2017 18:32:32 +00.03840E+00  0897 008082 1 00002846 00002785 000 340 43063.7725953819
24.11.2017 18:32:32 +00.03840E+00  0913 008082 1 00002847 00002785 000 343 43063.7725993519
24.11.2017 18:32:32 +00.03840E+00  0929 008082 1 00002848 00002785 000 342 43063.7726033102
24.11.2017 18:32:33 +00.03840E+00  0946 008082 1 00002849 00002785 000 380 43063.7726077083
24.11.2017 18:32:33 +00.03840E+00  0958 008082 1 00002850 00002785 000 344 43063.7726116898
24.11.2017 18:32:33 +00.03840E+00  0975 008082 1 00002851 00002785 000 343 43063.7726156597
24.11.2017 18:32:34 +00.03840E+00  0986 008082 1 00002852 00002785 000 342 43063.7726196296
24.11.2017 18:32:34 +00.03840E+00  0999 008082 1 00002853 00002785 000 374 43063.7726239699
24.11.2017 18:32:35 +00.03840E+00  1012 008082 1 00002854 00002785 000 343 43063.7726279398
24.11.2017 18:32:35 +00.03840E+00  1021 008082 1 00002855 00002785 000 343 43063.7726319097
24.11.2017 18:32:35 +00.03840E+00  1041 008082 1 00002856 00002785 000 343 43063.7726358796
24.11.2017 18:32:36 +00.03840E+00  1057 008082 1 00002857 00002785 000 376 43063.7726402315
24.11.2017 18:32:36 +00.03840E+00  1072 008082 1 00002858 00002785 000 342 43063.7726441898
24.11.2017 18:32:36 +00.03840E+00  1086 008082 1 00002859 00002785 000 343 43063.7726481597
24.11.2017 18:32:37 +00.03840E+00  1093 008082 1 00002860 00002785 000 343 43063.7726521296
24.11.2017 18:32:37 +00.03840E+00  1108 008082 1 00002861 00002785 000 377 43063.7726564931
24.11.2017 18:32:37 +00.03840E+00  1125 008082 1 00002862 00002785 000 341 43063.7726604398
24.11.2017 18:32:38 +00.03840E+00  1140 008082 1 00002863 00002785 000 343 43063.7726644097
24.11.2017 18:32:38 +00.03840E+00  1152 008082 1 00002864 00002785 000 343 43063.7726683796
24.11.2017 18:32:38 +00.03840E+00  1170 008082 1 00002865 00002785 000 378 43063.7726727546
24.11.2017 18:32:39 +00.03840E+00  1184 008082 1 00002866 00002785 000 340 43063.7726766898
24.11.2017 18:32:39 +00.03840E+00  1202 008082 1 00002867 00002785 000 343 43063.7726806597
24.11.2017 18:32:39 +00.03840E+00  1221 008082 1 00002868 00002785 000 343 43063.7726846296
24.11.2017 18:32:40 +00.03840E+00  1232 008082 1 00002869 00002785 000 379 43063.7726890162
24.11.2017 18:32:40 +00.03840E+00  1246 008082 1 00002870 00002785 000 345 43063.7726930093
24.11.2017 18:32:41 +00.03840E+00  1266 008082 1 00002871 00002785 000 343 43063.7726969792
24.11.2017 18:32:41 +00.03840E+00  1275 008082 1 00002872 00002785 000 343 43063.7727009491
24.11.2017 18:32:46 +00.03860E+00  0014 008123 1 00002873 00002873 000 342 43063.7727614815
24.11.2017 18:32:46 +00.03859E+00  0032 008123 1 00002874 00002873 000 343 43063.7727654514
24.11.2017 18:32:47 +00.03859E+00  0050 008123 1 00002875 00002873 000 421 43063.7727703241
24.11.2017 18:32:47 +00.03860E+00  0067 008123 1 00002876 00002873 000 341 43063.7727742708
24.11.2017 18:32:48 +00.03860E+00  0082 008123 1 00002877 00002873 000 343 43063.7727782407
24.11.2017 18:32:48 +00.03860E+00  0093 008123 1 00002878 00002873 000 343 43063.7727822106
24.11.2017 18:32:48 +00.03859E+00  0102 008123 1 00002879 00002873 000 377 43063.7727865857
24.11.2017 18:32:49 +00.03860E+00  0117 008123 1 00002880 00002873 000 340 43063.7727905208
24.11.2017 18:32:49 +00.03860E+00  0132 008123 1 00002881 00002873 000 343 43063.7727944907
24.11.2017 18:32:49 +00.03859E+00  0146 008123 1 00002882 00002873 000 343 43063.7727984606
24.11.2017 18:32:50 +00.03859E+00  0166 008123 1 00002883 00002873 000 379 43063.7728028472
24.11.2017 18:32:50 +00.03860E+00  0179 008123 1 00002884 00002873 000 340 43063.7728067824
24.11.2017 18:32:50 +00.03859E+00  0199 008123 1 00002885 00002873 000 342 43063.7728107407
24.11.2017 18:32:51 +00.03860E+00  0212 008123 1 00002886 00002873 000 343 43063.7728147106
24.11.2017 18:32:51 +00.03860E+00  0221 008123 1 00002887 00002873 000 380 43063.7728191088
24.11.2017 18:32:51 +00.03860E+00  0234 008123 1 00002888 00002873 000 344 43063.7728230903
24.11.2017 18:32:52 +00.03860E+00  0241 008123 1 00002889 00002873 000 343 43063.7728270602
24.11.2017 18:32:52 +00.03859E+00  0255 008123 1 00002890 00002873 000 343 43063.7728310301
24.11.2017 18:32:52 +00.03860E+00  0274 008123 1 00002891 00002873 000 375 43063.7728353704
24.11.2017 18:32:53 +00.03860E+00  0292 008123 1 00002892 00002873 000 342 43063.7728393287
24.11.2017 18:32:53 +00.03860E+00  0310 008123 1 00002893 00002873 000 343 43063.7728433102
24.11.2017 18:32:54 +00.03860E+00  0328 008123 1 00002894 00002873 000 343 43063.7728472801
24.11.2017 18:32:54 +00.03859E+00  0346 008123 1 00002895 00002873 000 376 43063.7728516319
24.11.2017 18:32:54 +00.03859E+00  0365 008123 1 00002896 00002873 000 341 43063.7728555787
24.11.2017 18:32:55 +00.03860E+00  0379 008123 1 00002897 00002873 000 343 43063.7728595602
24.11.2017 18:32:55 +00.03860E+00  0391 008123 1 00002898 00002873 000 343 43063.7728635301
24.11.2017 18:32:55 +00.03860E+00  0411 008123 1 00002899 00002873 000 376 43063.7728678935
24.11.2017 18:32:56 +00.03859E+00  0427 008123 1 00002900 00002873 000 340 43063.7728718403
24.11.2017 18:32:56 +00.03860E+00  0439 008123 1 00002901 00002873 000 341 43063.7728757986
24.11.2017 18:32:56 +00.03859E+00  0451 008123 1 00002902 00002873 000 343 43063.7728797685
24.11.2017 18:32:57 +00.03860E+00  0464 008125 1 00002903 00002873 000 379 43063.7728841551
24.11.2017 18:32:57 +00.03860E+00  0483 008125 1 00002904 00002873 000 340 43063.7728880903
24.11.2017 18:32:57 +00.03860E+00  0499 008125 1 00002905 00002873 000 342 43063.7728920486
24.11.2017 18:32:58 +00.03860E+00  0515 008125 1 00002906 00002873 000 343 43063.7728960185
24.11.2017 18:32:58 +00.03861E+00  0529 008125 1 00002907 00002873 000 380 43063.7729004167
24.11.2017 18:32:58 +00.03860E+00  0553 008125 1 00002908 00002873 000 344 43063.7729043981
24.11.2017 18:32:59 +00.03860E+00  0566 008125 1 00002909 00002873 000 343 43063.7729083681
24.11.2017 18:32:59 +00.03861E+00  0580 008125 1 00002910 00002873 000 343 43063.772912338
24.11.2017 18:33:00 +00.03860E+00  0596 008125 1 00002911 00002873 000 375 43063.7729166782
24.11.2017 18:33:00 +00.03861E+00  0616 008125 1 00002912 00002873 000 343 43063.7729206481
24.11.2017 18:33:00 +00.03861E+00  0627 008125 1 00002913 00002873 000 343 43063.7729246181
24.11.2017 18:33:01 +00.03860E+00  0649 008125 1 00002914 00002873 000 343 43063.772928588
24.11.2017 18:33:01 +00.03861E+00  0659 008125 1 00002915 00002873 000 376 43063.7729329398
24.11.2017 18:33:01 +00.03860E+00  0675 008125 1 00002916 00002873 000 342 43063.7729368981
24.11.2017 18:33:02 +00.03860E+00  0692 008125 1 00002917 00002873 000 343 43063.7729408681
24.11.2017 18:33:02 +00.03861E+00  0706 008125 1 00002918 00002873 000 343 43063.772944838
24.11.2017 18:33:02 +00.03861E+00  0722 008125 1 00002919 00002873 000 377 43063.7729492014
24.11.2017 18:33:03 +00.03861E+00  0745 008125 1 00002920 00002873 000 341 43063.7729531481
24.11.2017 18:33:03 +00.03861E+00  0762 008125 1 00002921 00002873 000 342 43063.7729571065
24.11.2017 18:33:03 +00.03861E+00  0779 008125 1 00002922 00002873 000 342 43063.7729610764
24.11.2017 18:33:04 +00.03860E+00  0791 008125 1 00002923 00002873 000 379 43063.7729654745
24.11.2017 18:33:04 +00.03860E+00  0806 008125 1 00002924 00002873 000 344 43063.772969456
24.11.2017 18:33:04 +00.03861E+00  0824 008125 1 00002925 00002873 000 342 43063.7729734259
24.11.2017 18:33:05 +00.03860E+00  0837 008125 1 00002926 00002873 000 343 43063.7729774074
24.11.2017 18:33:05 +00.03860E+00  0861 008125 1 00002927 00002873 000 373 43063.7729817245
24.11.2017 18:33:05 +00.03860E+00  0873 008125 1 00002928 00002873 000 344 43063.772985706
24.11.2017 18:33:06 +00.03860E+00  0887 008125 1 00002929 00002873 000 344 43063.7729896875
24.11.2017 18:33:06 +00.03860E+00  0903 008125 1 00002930 00002873 000 342 43063.7729936458
24.11.2017 18:33:07 +00.03860E+00  0917 008125 1 00002931 00002873 000 375 43063.7729979861
24.11.2017 18:33:07 +00.03861E+00  0930 008125 1 00002932 00002873 000 343 43063.773001956
24.11.2017 18:33:07 +00.03861E+00  0941 008125 1 00002933 00002873 000 343 43063.7730059259
24.11.2017 18:33:08 +00.03861E+00  0956 008125 1 00002934 00002873 000 343 43063.7730098958
24.11.2017 18:33:08 +00.03860E+00  0972 008125 1 00002935 00002873 000 376 43063.7730142477
24.11.2017 18:33:08 +00.03861E+00  0995 008125 1 00002936 00002873 000 343 43063.7730182176
24.11.2017 18:33:09 +00.03860E+00  1010 008125 1 00002937 00002873 000 342 43063.7730221759
24.11.2017 18:33:09 +00.03861E+00  1029 008125 1 00002938 00002873 000 343 43063.7730261458
24.11.2017 18:33:09 +00.03861E+00  1049 008125 1 00002939 00002873 000 377 43063.7730305093
24.11.2017 18:33:10 +00.03860E+00  1065 008125 1 00002940 00002873 000 341 43063.773034456
24.11.2017 18:33:10 +00.03860E+00  1078 008125 1 00002941 00002873 000 343 43063.7730384259
24.11.2017 18:33:10 +00.03860E+00  1093 008125 1 00002942 00002873 000 343 43063.7730423958
24.11.2017 18:33:11 +00.03861E+00  1113 008125 1 00002943 00002873 000 379 43063.7730467824
24.11.2017 18:33:11 +00.03860E+00  1135 008125 1 00002944 00002873 000 345 43063.7730507755
24.11.2017 18:33:11 +00.03860E+00  1159 008125 1 00002945 00002873 000 343 43063.7730547454
24.11.2017 18:33:12 +00.03860E+00  1169 008125 1 00002946 00002873 000 343 43063.7730587153
24.11.2017 18:33:12 +00.03860E+00  1186 008125 1 00002947 00002873 000 374 43063.773063044
24.11.2017 18:33:12 +00.03861E+00  1198 008125 1 00002948 00002873 000 344 43063.7730670255
24.11.2017 18:33:13 +00.03860E+00  1219 008125 1 00002949 00002873 000 343 43063.7730709954
24.11.2017 18:33:13 +00.03860E+00  1236 008125 1 00002950 00002873 000 343 43063.7730749653
24.11.2017 18:33:14 +00.03861E+00  1251 008125 1 00002951 00002873 000 375 43063.7730793056
24.11.2017 18:33:14 +00.03861E+00  1268 008125 1 00002952 00002873 000 342 43063.7730832639
24.11.2017 18:33:14 +00.03861E+00  1278 008125 1 00002953 00002873 000 342 43063.7730872338
24.11.2017 18:33:15 +00.03860E+00  1296 008125 1 00002954 00002873 000 342 43063.7730912037
24.11.2017 18:33:15 +00.03861E+00  1315 008125 1 00002955 00002873 000 376 43063.7730955671
24.11.2017 18:33:15 +00.03861E+00  1329 008125 1 00002956 00002873 000 342 43063.7730995255
24.11.2017 18:33:16 +00.03861E+00  1345 008125 1 00002957 00002873 000 342 43063.7731034838
24.11.2017 18:33:16 +00.03861E+00  1360 008125 1 00002958 00002873 000 343 43063.7731074653
24.11.2017 18:33:16 +00.03860E+00  1368 008125 1 00002959 00002873 000 376 43063.7731118171
24.11.2017 18:33:17 +00.03860E+00  1390 008125 1 00002960 00002873 000 341 43063.7731157639
24.11.2017 18:33:22 +00.03880E+00  0012 008166 1 00002961 00002961 000 380 43063.773176875
24.11.2017 18:33:22 +00.03880E+00  0034 008166 1 00002962 00002961 000 344 43063.7731808565
24.11.2017 18:33:23 +00.03880E+00  0043 008166 1 00002963 00002961 000 343 43063.7731848264
24.11.2017 18:33:23 +00.03880E+00  0052 008166 1 00002964 00002961 000 343 43063.7731887963
24.11.2017 18:33:23 +00.03880E+00  0069 008166 1 00002965 00002961 000 375 43063.7731931366
24.11.2017 18:33:24 +00.03880E+00  0079 008166 1 00002966 00002961 000 343 43063.7731971065
24.11.2017 18:33:24 +00.03880E+00  0092 008166 1 00002967 00002961 000 343 43063.7732010764
24.11.2017 18:33:24 +00.03880E+00  0109 008166 1 00002968 00002961 000 343 43063.7732050463
24.11.2017 18:33:25 +00.03880E+00  0121 008166 1 00002969 00002961 000 376 43063.7732093981
24.11.2017 18:33:25 +00.03880E+00  0133 008166 1 00002970 00002961 000 341 43063.7732133449
24.11.2017 18:33:25 +00.03880E+00  0149 008166 1 00002971 00002961 000 342 43063.7732173148
24.11.2017 18:33:26 +00.03880E+00  0168 008166 1 00002972 00002961 000 343 43063.7732212963
24.11.2017 18:33:26 +00.03880E+00  0188 008166 1 00002973 00002961 000 377 43063.7732256597
24.11.2017 18:33:27 +00.03880E+00  0205 008166 1 00002974 00002961 000 340 43063.7732295949
24.11.2017 18:33:27 +00.03880E+00  0224 008166 1 00002975 00002961 000 343 43063.7732335648
24.11.2017 18:33:27 +00.03880E+00  0243 008166 1 00002976 00002961 000 343 43063.7732375347
24.11.2017 18:33:28 +00.03880E+00  0259 008166 1 00002977 00002961 000 378 43063.7732419097
24.11.2017 18:33:28 +00.03880E+00  0280 008166 1 00002978 00002961 000 341 43063.7732458681
24.11.2017 18:33:28 +00.03880E+00  0305 008166 1 00002979 00002961 000 341 43063.7732498148
24.11.2017 18:33:29 +00.03880E+00  0318 008166 1 00002980 00002961 000 343 43063.7732537847
24.11.2017 18:33:29 +00.03880E+00  0329 008166 1 00002981 00002961 000 380 43063.7732581829
24.11.2017 18:33:29 +00.03880E+00  0339 008166 1 00002982 00002961 000 344 43063.7732621644
24.11.2017 18:33:30 +00.03880E+00  0349 008166 1 00002983 00002961 000 343 43063.7732661343
24.11.2017 18:33:30 +00.03880E+00  0367 008166 1 00002984 00002961 000 343 43063.7732701042
24.11.2017 18:33:30 +00.03880E+00  0383 008166 1 00002985 00002961 000 375 43063.7732744444
24.11.2017 18:33:31 +00.03880E+00  0399 008166 1 00002986 00002961 000 343 43063.7732784144
24.11.2017 18:33:31 +00.03880E+00  0415 008166 1 00002987 00002961 000 343 43063.7732823843
24.11.2017 18:33:31 +00.03880E+00  0431 008166 1 00002988 00002961 000 343 43063.7732863542
24.11.2017 18:33:32 +00.03880E+00  0444 008166 1 00002989 00002961 000 376 43063.773290706
24.11.2017 18:33:32 +00.03880E+00  0459 008166 1 00002990 00002961 000 342 43063.7732946644
24.11.2017 18:33:33 +00.03880E+00  0472 008166 1 00002991 00002961 000 343 43063.7732986343
24.11.2017 18:33:33 +00.03880E+00  0477 008166 1 00002992 00002961 000 343 43063.7733026042
24.11.2017 18:33:33 +00.03880E+00  0495 008166 1 00002993 00002961 000 377 43063.7733069676
24.11.2017 18:33:34 +00.03880E+00  0516 008166 1 00002994 00002961 000 340 43063.7733109028
24.11.2017 18:33:34 +00.03880E+00  0527 008166 1 00002995 00002961 000 343 43063.7733148843
24.11.2017 18:33:34 +00.03880E+00  0538 008166 1 00002996 00002961 000 343 43063.7733188542
24.11.2017 18:33:35 +00.03880E+00  0550 008166 1 00002997 00002961 000 378 43063.7733232292
24.11.2017 18:33:35 +00.03880E+00  0577 008166 1 00002998 00002961 000 340 43063.7733271644
24.11.2017 18:33:35 +00.03880E+00  0604 008166 1 00002999 00002961 000 342 43063.7733311227
24.11.2017 18:33:36 +00.03880E+00  0611 008166 1 00003000 00002961 000 344 43063.7733351042
24.11.2017 18:33:36 +00.03880E+00  0624 008166 1 00003001 00002961 000 378 43063.7733394792
24.11.2017 18:33:36 +00.03880E+00  0633 008166 1 00003002 00002961 000 346 43063.7733434954
24.11.2017 18:33:37 +00.03880E+00  0649 008166 1 00003003 00002961 000 341 43063.7733474421
24.11.2017 18:33:37 +00.03880E+00  0658 008166 1 00003004 00002961 000 343 43063.7733514236
24.11.2017 18:33:37 +00.03880E+00  0667 008166 1 00003005 00002961 000 374 43063.7733557523
24.11.2017 18:33:38 +00.03880E+00  0688 008166 1 00003006 00002961 000 343 43063.7733597222
24.11.2017 18:33:38 +00.03880E+00  0703 008166 1 00003007 00002961 000 343 43063.7733636921
24.11.2017 18:33:38 +00.03880E+00  0722 008166 1 00003008 00002961 000 343 43063.773367662
24.11.2017 18:33:39 +00.03880E+00  0732 008166 1 00003009 00002961 000 376 43063.7733720139
24.11.2017 18:33:39 +00.03880E+00  0746 008166 1 00003010 00002961 000 341 43063.7733759722
24.11.2017 18:33:40 +00.03880E+00  0760 008166 1 00003011 00002961 000 343 43063.7733799421
24.11.2017 18:33:40 +00.03880E+00  0774 008166 1 00003012 00002961 000 343 43063.773383912
24.11.2017 18:33:40 +00.03880E+00  0784 008166 1 00003013 00002961 000 377 43063.7733882755
24.11.2017 18:33:41 +00.03880E+00  0806 008166 1 00003014 00002961 000 341 43063.7733922222
24.11.2017 18:33:41 +00.03880E+00  0820 008166 1 00003015 00002961 000 343 43063.7733961921
24.11.2017 18:33:41 +00.03880E+00  0841 008166 1 00003016 00002961 000 343 43063.773400162
24.11.2017 18:33:42 +00.03880E+00  0861 008166 1 00003017 00002961 000 378 43063.773404537
24.11.2017 18:33:42 +00.03880E+00  0879 008166 1 00003018 00002961 000 340 43063.7734084722
24.11.2017 18:33:42 +00.03880E+00  0898 008166 1 00003019 00002961 000 343 43063.7734124421
24.11.2017 18:33:43 +00.03880E+00  0912 008166 1 00003020 00002961 000 343 43063.773416412
24.11.2017 18:33:43 +00.03880E+00  0931 008166 1 00003021 00002961 000 379 43063.7734207986
24.11.2017 18:33:43 +00.03880E+00  0949 008166 1 00003022 00002961 000 345 43063.7734247917
24.11.2017 18:33:44 +00.03880E+00  0958 008166 1 00003023 00002961 000 343 43063.7734287616
24.11.2017 18:33:44 +00.03880E+00  0969 008166 1 00003024 00002961 000 343 43063.7734327315
24.11.2017 18:33:44 +00.03880E+00  0992 008166 1 00003025 00002961 000 374 43063.7734370602
24.11.2017 18:33:45 +00.03880E+00  1006 008166 1 00003026 00002961 000 343 43063.7734410301
24.11.2017 18:33:45 +00.03880E+00  1024 008166 1 00003027 00002961 000 342 43063.773445
24.11.2017 18:33:45 +00.03880E+00  1043 008166 1 00003028 00002961 000 343 43063.7734489815
24.11.2017 18:33:46 +00.03880E+00  1059 008166 1 00003029 00002961 000 374 43063.7734533102
24.11.2017 18:33:46 +00.03880E+00  1091 008166 1 00003030 00002961 000 342 43063.7734572801
24.11.2017 18:33:47 +00.03880E+00  1109 008166 1 00003031 00002961 000 343 43063.77346125
24.11.2017 18:33:47 +00.03880E+00  1118 008166 1 00003032 00002961 000 343 43063.7734652199
24.11.2017 18:33:47 +00.03880E+00  1134 008166 1 00003033 00002961 000 377 43063.7734695833
24.11.2017 18:33:48 +00.03880E+00  1145 008166 1 00003034 00002961 000 340 43063.7734735301
24.11.2017 18:33:48 +00.03880E+00  1161 008166 1 00003035 00002961 000 342 43063.7734775
24.11.2017 18:33:48 +00.03880E+00  1180 008166 1 00003036 00002961 000 343 43063.7734814699
24.11.2017 18:33:49 +00.03880E+00  1197 008166 1 00003037 00002961 000 378 43063.7734858449
24.11.2017 18:33:49 +00.03880E+00  1210 008166 1 00003038 00002961 000 340 43063.7734897801
24.11.2017 18:33:49 +00.03880E+00  1223 008166 1 00003039 00002961 000 343 43063.77349375
24.11.2017 18:33:50 +00.03880E+00  1237 008166 1 00003040 00002961 000 343 43063.7734977199
24.11.2017 18:33:50 +00.03880E+00  1245 008166 1 00003041 00002961 000 379 43063.7735021065
24.11.2017 18:33:50 +00.03880E+00  1257 008166 1 00003042 00002961 000 340 43063.7735060417
24.11.2017 18:33:51 +00.03880E+00  1267 008166 1 00003043 00002961 000 342 43063.77351
24.11.2017 18:33:51 +00.03880E+00  1280 008166 1 00003044 00002961 000 343 43063.7735139699
24.11.2017 18:33:51 +00.03880E+00  1291 008166 1 00003045 00002961 000 380 43063.7735183681
24.11.2017 18:33:52 +00.03880E+00  1302 008166 1 00003046 00002961 000 344 43063.7735223495
24.11.2017 18:33:52 +00.03880E+00  1319 008166 1 00003047 00002961 000 343 43063.7735263194
24.11.2017 18:33:53 +00.03880E+00  1337 008166 1 00003048 00002961 000 343 43063.7735302893
24.11.2017 18:33:58 +00.03900E+00  0009 008207 1 00003049 00003049 000 342 43063.7735908218
24.11.2017 18:33:58 +00.03900E+00  0018 008207 1 00003050 00003049 000 343 43063.7735947917
24.11.2017 18:33:58 +00.03900E+00  0027 008207 1 00003051 00003049 000 343 43063.7735987616
24.11.2017 18:33:59 +00.03900E+00  0040 008207 1 00003052 00003049 000 360 43063.7736029282
24.11.2017 18:33:59 +00.03900E+00  0059 008207 1 00003053 00003049 000 341 43063.773606875
24.11.2017 18:33:59 +00.03900E+00  0074 008207 1 00003054 00003049 000 341 43063.7736108218
24.11.2017 18:34:00 +00.03900E+00  0096 008207 1 00003055 00003049 000 343 43063.7736147917
24.11.2017 18:34:00 +00.03900E+00  0117 008207 1 00003056 00003049 000 380 43063.7736191898
24.11.2017 18:34:01 +00.03899E+00  0135 008207 1 00003057 00003049 000 344 43063.7736231713
24.11.2017 18:34:01 +00.03900E+00  0157 008207 1 00003058 00003049 000 343 43063.7736271412
24.11.2017 18:34:01 +00.03900E+00  0173 008207 1 00003059 00003049 000 343 43063.7736311111
24.11.2017 18:34:02 +00.03900E+00  0183 008207 1 00003060 00003049 000 375 43063.7736354514
24.11.2017 18:34:02 +00.03900E+00  0203 008207 1 00003061 00003049 000 343 43063.7736394213
24.11.2017 18:34:02 +00.03900E+00  0214 008207 1 00003062 00003049 000 343 43063.7736433912
24.11.2017 18:34:03 +00.03900E+00  0228 008207 1 00003063 00003049 000 343 43063.7736473611
24.11.2017 18:34:03 +00.03900E+00  0241 008207 1 00003064 00003049 000 376 43063.773651713
24.11.2017 18:34:03 +00.03900E+00  0252 008207 1 00003065 00003049 000 342 43063.7736556713
24.11.2017 18:34:04 +00.03900E+00  0268 008207 1 00003066 00003049 000 343 43063.7736596412
24.11.2017 18:34:04 +00.03900E+00  0281 008207 1 00003067 00003049 000 343 43063.7736636111
24.11.2017 18:34:04 +00.03900E+00  0294 008207 1 00003068 00003049 000 377 43063.7736679745
24.11.2017 18:34:05 +00.03899E+00  0315 008207 1 00003069 00003049 000 341 43063.7736719213
24.11.2017 18:34:05 +00.03900E+00  0332 008207 1 00003070 00003049 000 343 43063.7736758912
24.11.2017 18:34:05 +00.03900E+00  0347 008207 1 00003071 00003049 000 342 43063.7736798495
24.11.2017 18:34:06 +00.03900E+00  0358 008207 1 00003072 00003049 000 378 43063.7736842361
24.11.2017 18:34:06 +00.03900E+00  0374 008207 1 00003073 00003049 000 345 43063.7736882407
24.11.2017 18:34:07 +00.03900E+00  0393 008207 1 00003074 00003049 000 343 43063.7736922106
24.11.2017 18:34:07 +00.03899E+00  0410 008207 1 00003075 00003049 000 343 43063.7736961806
24.11.2017 18:34:07 +00.03900E+00  0425 008207 1 00003076 00003049 000 374 43063.7737005093
24.11.2017 18:34:08 +00.03900E+00  0439 008207 1 00003077 00003049 000 343 43063.7737044792
24.11.2017 18:34:08 +00.03900E+00  0456 008207 1 00003078 00003049 000 342 43063.7737084491
24.11.2017 18:34:08 +00.03900E+00  0468 008207 1 00003079 00003049 000 343 43063.7737124306
24.11.2017 18:34:09 +00.03900E+00  0482 008207 1 00003080 00003049 000 374 43063.7737167593
24.11.2017 18:34:09 +00.03900E+00  0495 008207 1 00003081 00003049 000 343 43063.7737207292
24.11.2017 18:34:09 +00.03900E+00  0510 008207 1 00003082 00003049 000 343 43063.7737246991
24.11.2017 18:34:10 +00.03900E+00  0524 008207 1 00003083 00003049 000 343 43063.773728669
24.11.2017 18:34:10 +00.03900E+00  0540 008207 1 00003084 00003049 000 376 43063.7737330208
24.11.2017 18:34:10 +00.03900E+00  0564 008207 1 00003085 00003049 000 342 43063.7737369792
24.11.2017 18:34:11 +00.03900E+00  0576 008207 1 00003086 00003049 000 343 43063.7737409491
24.11.2017 18:34:11 +00.03899E+00  0587 008207 1 00003087 00003049 000 343 43063.773744919
24.11.2017 18:34:11 +00.03900E+00  0599 008207 1 00003088 00003049 000 378 43063.773749294
24.11.2017 18:34:12 +00.03900E+00  0613 008207 1 00003089 00003049 000 340 43063.7737532292
24.11.2017 18:34:12 +00.03899E+00  0628 008207 1 00003090 00003049 000 342 43063.7737571991
24.11.2017 18:34:12 +00.03900E+00  0640 008207 1 00003091 00003049 000 343 43063.773761169
24.11.2017 18:34:13 +00.03899E+00  0654 008207 1 00003092 00003049 000 378 43063.773765544
24.11.2017 18:34:13 +00.03900E+00  0676 008209 1 00003093 00003049 000 340 43063.7737694792
24.11.2017 18:34:14 +00.03900E+00  0694 008209 1 00003094 00003049 000 343 43063.7737734491
24.11.2017 18:34:14 +00.03900E+00  0705 008209 1 00003095 00003049 000 342 43063.7737774074
24.11.2017 18:34:14 +00.03901E+00  0719 008209 1 00003096 00003049 000 380 43063.7737818171
24.11.2017 18:34:15 +00.03901E+00  0740 008209 1 00003097 00003049 000 344 43063.7737857986
24.11.2017 18:34:15 +00.03900E+00  0754 008209 1 00003098 00003049 000 343 43063.7737897685
24.11.2017 18:34:15 +00.03900E+00  0773 008209 1 00003099 00003049 000 343 43063.7737937384
24.11.2017 18:34:16 +00.03900E+00  0791 008209 1 00003100 00003049 000 375 43063.7737980787
24.11.2017 18:34:16 +00.03901E+00  0809 008209 1 00003101 00003049 000 342 43063.773802037
24.11.2017 18:34:16 +00.03901E+00  0821 008209 1 00003102 00003049 000 343 43063.7738060185
24.11.2017 18:34:17 +00.03901E+00  0838 008209 1 00003103 00003049 000 343 43063.7738099884
24.11.2017 18:34:17 +00.03901E+00  0845 008209 1 00003104 00003049 000 375 43063.7738143287
24.11.2017 18:34:17 +00.03901E+00  0865 008209 1 00003105 00003049 000 341 43063.773818287
24.11.2017 18:34:18 +00.03901E+00  0880 008209 1 00003106 00003049 000 343 43063.7738222569
24.11.2017 18:34:18 +00.03901E+00  0894 008209 1 00003107 00003049 000 343 43063.7738262269
24.11.2017 18:34:18 +00.03900E+00  0907 008207 1 00003108 00003049 000 377 43063.7738305903
24.11.2017 18:34:19 +00.03900E+00  0933 008207 1 00003109 00003049 000 341 43063.773834537
24.11.2017 18:34:19 +00.03900E+00  0948 008207 1 00003110 00003049 000 343 43063.7738385069
24.11.2017 18:34:19 +00.03900E+00  0970 008207 1 00003111 00003049 000 343 43063.7738424769
24.11.2017 18:34:20 +00.03900E+00  0985 008207 1 00003112 00003049 000 378 43063.7738468519
24.11.2017 18:34:20 +00.03900E+00  1003 008207 1 00003113 00003049 000 340 43063.773850787
24.11.2017 18:34:21 +00.03900E+00  1018 008207 1 00003114 00003049 000 343 43063.7738547569
24.11.2017 18:34:21 +00.03900E+00  1031 008207 1 00003115 00003049 000 343 43063.7738587269
24.11.2017 18:34:21 +00.03900E+00  1046 008207 1 00003116 00003049 000 380 43063.773863125
24.11.2017 18:34:22 +00.03900E+00  1057 008207 1 00003117 00003049 000 344 43063.7738671065
24.11.2017 18:34:22 +00.03900E+00  1075 008207 1 00003118 00003049 000 343 43063.7738710764
24.11.2017 18:34:22 +00.03900E+00  1088 008207 1 00003119 00003049 000 343 43063.7738750463
24.11.2017 18:34:23 +00.03900E+00  1115 008207 1 00003120 00003049 000 375 43063.7738793866
24.11.2017 18:34:23 +00.03900E+00  1125 008207 1 00003121 00003049 000 343 43063.7738833565
24.11.2017 18:34:23 +00.03900E+00  1137 008207 1 00003122 00003049 000 343 43063.7738873264
24.11.2017 18:34:24 +00.03900E+00  1153 008207 1 00003123 00003049 000 343 43063.7738912963
24.11.2017 18:34:24 +00.03900E+00  1169 008207 1 00003124 00003049 000 376 43063.7738956481
24.11.2017 18:34:24 +00.03900E+00  1185 008207 1 00003125 00003049 000 341 43063.7738995949
24.11.2017 18:34:25 +00.03900E+00  1194 008207 1 00003126 00003049 000 343 43063.7739035764
24.11.2017 18:34:25 +00.03900E+00  1213 008207 1 00003127 00003049 000 343 43063.7739075463
24.11.2017 18:34:25 +00.03900E+00  1229 008207 1 00003128 00003049 000 377 43063.7739119097
24.11.2017 18:34:26 +00.03900E+00  1249 008207 1 00003129 00003049 000 340 43063.7739158449
24.11.2017 18:34:26 +00.03900E+00  1268 008207 1 00003130 00003049 000 343 43063.7739198148
24.11.2017 18:34:27 +00.03900E+00  1286 008207 1 00003131 00003049 000 343 43063.7739237847
24.11.2017 18:34:27 +00.03900E+00  1301 008207 1 00003132 00003049 000 377 43063.7739281597
24.11.2017 18:34:27 +00.03899E+00  1313 008207 1 00003133 00003049 000 340 43063.7739321065
24.11.2017 18:34:28 +00.03899E+00  1327 008207 1 00003134 00003049 000 342 43063.7739360648
24.11.2017 18:34:28 +00.03900E+00  1345 008207 1 00003135 00003049 000 343 43063.7739400347
24.11.2017 18:34:28 +00.03900E+00  1355 008207 1 00003136 00003049 000 380 43063.7739444329
24.11.2017 18:34:34 +00.03919E+00  0014 008248 1 00003137 00003137 000 343 43063.774004838
24.11.2017 18:34:34 +00.03919E+00  0033 008248 1 00003138 00003137 000 401 43063.7740094792
24.11.2017 18:34:34 +00.03919E+00  0048 008248 1 00003139 00003137 000 342 43063.7740134375
24.11.2017 18:34:35 +00.03919E+00  0062 008248 1 00003140 00003137 000 343 43063.7740174074
24.11.2017 18:34:35 +00.03919E+00  0074 008248 1 00003141 00003137 000 343 43063.7740213773
24.11.2017 18:34:35 +00.03920E+00  0096 008248 1 00003142 00003137 000 377 43063.7740257407
24.11.2017 18:34:36 +00.03919E+00  0119 008248 1 00003143 00003137 000 341 43063.7740296875
24.11.2017 18:34:36 +00.03919E+00  0135 008248 1 00003144 00003137 000 342 43063.7740336458
24.11.2017 18:34:36 +00.03919E+00  0149 008248 1 00003145 00003137 000 343 43063.7740376273
24.11.2017 18:34:37 +00.03919E+00  0168 008248 1 00003146 00003137 000 378 43063.7740420023
24.11.2017 18:34:37 +00.03919E+00  0184 008248 1 00003147 00003137 000 340 43063.7740459375
24.11.2017 18:34:37 +00.03919E+00  0198 008248 1 00003148 00003137 000 342 43063.7740498958
24.11.2017 18:34:38 +00.03919E+00  0213 008248 1 00003149 00003137 000 344 43063.7740538773
24.11.2017 18:34:38 +00.03919E+00  0229 008248 1 00003150 00003137 000 379 43063.7740582639
24.11.2017 18:34:38 +00.03919E+00  0250 008248 1 00003151 00003137 000 345 43063.7740622569
24.11.2017 18:34:39 +00.03919E+00  0268 008250 1 00003152 00003137 000 343 43063.7740662269
24.11.2017 18:34:39 +00.03920E+00  0281 008250 1 00003153 00003137 000 343 43063.7740701968
24.11.2017 18:34:40 +00.03920E+00  0294 008250 1 00003154 00003137 000 373 43063.7740745139
24.11.2017 18:34:40 +00.03920E+00  0304 008250 1 00003155 00003137 000 343 43063.7740784954
24.11.2017 18:34:40 +00.03920E+00  0324 008250 1 00003156 00003137 000 343 43063.7740824653
24.11.2017 18:34:41 +00.03920E+00  0334 008250 1 00003157 00003137 000 343 43063.7740864352
24.11.2017 18:34:41 +00.03920E+00  0349 008250 1 00003158 00003137 000 376 43063.774090787
24.11.2017 18:34:41 +00.03920E+00  0370 008250 1 00003159 00003137 000 342 43063.7740947454
24.11.2017 18:34:42 +00.03920E+00  0378 008250 1 00003160 00003137 000 343 43063.7740987153
24.11.2017 18:34:42 +00.03920E+00  0397 008250 1 00003161 00003137 000 343 43063.7741026852
24.11.2017 18:34:42 +00.03920E+00  0406 008250 1 00003162 00003137 000 377 43063.7741070486
24.11.2017 18:34:43 +00.03920E+00  0421 008250 1 00003163 00003137 000 341 43063.7741109954
24.11.2017 18:34:43 +00.03920E+00  0434 008250 1 00003164 00003137 000 343 43063.7741149653
24.11.2017 18:34:43 +00.03920E+00  0445 008250 1 00003165 00003137 000 343 43063.7741189352
24.11.2017 18:34:44 +00.03920E+00  0465 008250 1 00003166 00003137 000 378 43063.7741233102
24.11.2017 18:34:44 +00.03920E+00  0484 008250 1 00003167 00003137 000 340 43063.7741272454
24.11.2017 18:34:44 +00.03920E+00  0502 008250 1 00003168 00003137 000 343 43063.7741312153
24.11.2017 18:34:45 +00.03920E+00  0520 008250 1 00003169 00003137 000 343 43063.7741351852
24.11.2017 18:34:45 +00.03920E+00  0539 008250 1 00003170 00003137 000 379 43063.7741395718
24.11.2017 18:34:46 +00.03920E+00  0552 008250 1 00003171 00003137 000 345 43063.7741435648
24.11.2017 18:34:46 +00.03920E+00  0564 008250 1 00003172 00003137 000 343 43063.7741475347
24.11.2017 18:34:46 +00.03920E+00  0577 008250 1 00003173 00003137 000 343 43063.7741515046
24.11.2017 18:34:47 +00.03920E+00  0589 008250 1 00003174 00003137 000 374 43063.7741558333
24.11.2017 18:34:47 +00.03920E+00  0600 008250 1 00003175 00003137 000 343 43063.7741598032
24.11.2017 18:34:47 +00.03920E+00  0617 008250 1 00003176 00003137 000 343 43063.7741637847
24.11.2017 18:34:48 +00.03920E+00  0634 008250 1 00003177 00003137 000 343 43063.7741677546
24.11.2017 18:34:48 +00.03920E+00  0648 008250 1 00003178 00003137 000 375 43063.7741720949
24.11.2017 18:34:48 +00.03920E+00  0661 008250 1 00003179 00003137 000 343 43063.7741760648
24.11.2017 18:34:49 +00.03920E+00  0672 008250 1 00003180 00003137 000 342 43063.7741800231
24.11.2017 18:34:49 +00.03920E+00  0689 008250 1 00003181 00003137 000 342 43063.7741839931
24.11.2017 18:34:49 +00.03920E+00  0695 008250 1 00003182 00003137 000 377 43063.7741883565
24.11.2017 18:34:50 +00.03920E+00  0711 008250 1 00003183 00003137 000 341 43063.7741923032
24.11.2017 18:34:50 +00.03920E+00  0728 008250 1 00003184 00003137 000 343 43063.7741962731
24.11.2017 18:34:50 +00.03920E+00  0743 008250 1 00003185 00003137 000 343 43063.7742002431
24.11.2017 18:34:51 +00.03920E+00  0765 008250 1 00003186 00003137 000 378 43063.7742046181
24.11.2017 18:34:51 +00.03920E+00  0778 008250 1 00003187 00003137 000 340 43063.7742085532
24.11.2017 18:34:51 +00.03920E+00  0788 008250 1 00003188 00003137 000 343 43063.7742125231
24.11.2017 18:34:52 +00.03920E+00  0808 008250 1 00003189 00003137 000 343 43063.7742164931
24.11.2017 18:34:52 +00.03920E+00  0822 008250 1 00003190 00003137 000 379 43063.7742208796
24.11.2017 18:34:53 +00.03920E+00  0837 008250 1 00003191 00003137 000 340 43063.7742248148
24.11.2017 18:34:53 +00.03920E+00  0851 008250 1 00003192 00003137 000 341 43063.7742287731
24.11.2017 18:34:53 +00.03920E+00  0868 008250 1 00003193 00003137 000 343 43063.7742327431
24.11.2017 18:34:54 +00.03920E+00  0889 008250 1 00003194 00003137 000 380 43063.7742371412
24.11.2017 18:34:54 +00.03920E+00  0910 008250 1 00003195 00003137 000 344 43063.7742411227
24.11.2017 18:34:54 +00.03920E+00  0926 008250 1 00003196 00003137 000 343 43063.7742450926
24.11.2017 18:34:55 +00.03920E+00  0946 008250 1 00003197 00003137 000 344 43063.7742490741
24.11.2017 18:34:55 +00.03920E+00  0957 008250 1 00003198 00003137 000 374 43063.7742534028
24.11.2017 18:34:55 +00.03920E+00  0975 008250 1 00003199 00003137 000 343 43063.7742573727
24.11.2017 18:34:56 +00.03920E+00  0990 008250 1 00003200 00003137 000 343 43063.7742613426
24.11.2017 18:34:56 +00.03920E+00  1001 008250 1 00003201 00003137 000 343 43063.7742653125
24.11.2017 18:34:56 +00.03920E+00  1016 008250 1 00003202 00003137 000 376 43063.7742696644
24.11.2017 18:34:57 +00.03920E+00  1035 008250 1 00003203 00003137 000 341 43063.7742736111
24.11.2017 18:34:57 +00.03920E+00  1053 008250 1 00003204 00003137 000 343 43063.7742775926
24.11.2017 18:34:57 +00.03920E+00  1068 008250 1 00003205 00003137 000 343 43063.7742815625
24.11.2017 18:34:58 +00.03920E+00  1078 008250 1 00003206 00003137 000 377 43063.7742859259
24.11.2017 18:34:58 +00.03920E+00  1094 008250 1 00003207 00003137 000 340 43063.7742898611
24.11.2017 18:34:58 +00.03920E+00  1108 008250 1 00003208 00003137 000 344 43063.7742938426
24.11.2017 18:34:59 +00.03920E+00  1126 008250 1 00003209 00003137 000 342 43063.7742978009
24.11.2017 18:34:59 +00.03920E+00  1137 008250 1 00003210 00003137 000 379 43063.7743021875
24.11.2017 18:35:00 +00.03920E+00  1152 008250 1 00003211 00003137 000 341 43063.7743061343
24.11.2017 18:35:00 +00.03920E+00  1167 008250 1 00003212 00003137 000 341 43063.774310081
24.11.2017 18:35:00 +00.03920E+00  1180 008250 1 00003213 00003137 000 343 43063.7743140509
24.11.2017 18:35:01 +00.03920E+00  1190 008250 1 00003214 00003137 000 380 43063.7743184491
24.11.2017 18:35:01 +00.03920E+00  1208 008250 1 00003215 00003137 000 344 43063.7743224306
24.11.2017 18:35:01 +00.03920E+00  1224 008250 1 00003216 00003137 000 343 43063.7743264005
24.11.2017 18:35:02 +00.03921E+00  1248 008250 1 00003217 00003137 000 343 43063.7743303704
24.11.2017 18:35:02 +00.03920E+00  1259 008250 1 00003218 00003137 000 375 43063.7743347107
24.11.2017 18:35:02 +00.03920E+00  1282 008250 1 00003219 00003137 000 343 43063.7743386806
24.11.2017 18:35:03 +00.03920E+00  1296 008250 1 00003220 00003137 000 343 43063.7743426505
24.11.2017 18:35:03 +00.03920E+00  1308 008250 1 00003221 00003137 000 343 43063.7743466204
24.11.2017 18:35:03 +00.03920E+00  1321 008250 1 00003222 00003137 000 376 43063.7743509722
24.11.2017 18:35:04 +00.03920E+00  1331 008250 1 00003223 00003137 000 342 43063.7743549306
24.11.2017 18:35:04 +00.03920E+00  1347 008250 1 00003224 00003137 000 343 43063.7743589005