
24.11.2017 18:44:33 +00.03920E+00  0006 008250 -1 00004617 00004617 000 342 43063.7809444213
24.11.2017 18:44:33 +00.03920E+00  0023 008250 -1 00004618 00004617 000 343 43063.7809483912
24.11.2017 18:44:34 +00.03920E+00  0035 008250 -1 00004619 00004617 000 343 43063.7809523611
24.11.2017 18:44:34 +00.03920E+00  0050 008250 -1 00004620 00004617 000 360 43063.7809565278
24.11.2017 18:44:34 +00.03920E+00  0064 008250 -1 00004621 00004617 000 345 43063.7809605208
24.11.2017 18:44:35 +00.03920E+00  0077 008250 -1 00004622 00004617 000 343 43063.7809644907
24.11.2017 18:44:35 +00.03920E+00  0090 008250 -1 00004623 00004617 000 343 43063.7809684606
24.11.2017 18:44:36 +00.03920E+00  0099 008250 -1 00004624 00004617 000 374 43063.7809727894
24.11.2017 18:44:36 +00.03920E+00  0116 008250 -1 00004625 00004617 000 343 43063.7809767593
24.11.2017 18:44:36 +00.03920E+00  0133 008250 -1 00004626 00004617 000 343 43063.7809807407
24.11.2017 18:44:37 +00.03921E+00  0151 008250 -1 00004627 00004617 000 343 43063.7809847106
24.11.2017 18:44:37 +00.03920E+00  0167 008250 -1 00004628 00004617 000 375 43063.7809890509
24.11.2017 18:44:37 +00.03920E+00  0188 008250 -1 00004629 00004617 000 342 43063.7809930093
24.11.2017 18:44:38 +00.03920E+00  0208 008250 -1 00004630 00004617 000 344 43063.7809969907
24.11.2017 18:44:38 +00.03920E+00  0221 008250 -1 00004631 00004617 000 343 43063.7810009606
24.11.2017 18:44:38 +00.03920E+00  0231 008250 -1 00004632 00004617 000 375 43063.7810053009
24.11.2017 18:44:39 +00.03920E+00  0249 008250 -1 00004633 00004617 000 341 43063.7810092593
24.11.2017 18:44:39 +00.03920E+00  0262 008250 -1 00004634 00004617 000 343 43063.7810132292
24.11.2017 18:44:39 +00.03920E+00  0281 008250 -1 00004635 00004617 000 343 43063.7810171991
24.11.2017 18:44:40 +00.03920E+00  0295 008250 -1 00004636 00004617 000 378 43063.7810215741
24.11.2017 18:44:40 +00.03920E+00  0312 008250 -1 00004637 00004617 000 340 43063.7810255093
24.11.2017 18:44:40 +00.03920E+00  0329 008250 -1 00004638 00004617 000 342 43063.7810294792
24.11.2017 18:44:41 +00.03920E+00  0343 008250 -1 00004639 00004617 000 343 43063.7810334491
24.11.2017 18:44:41 +00.03920E+00  0360 008250 -1 00004640 00004617 000 379 43063.7810378357
24.11.2017 18:44:42 +00.03920E+00  0378 008250 -1 00004641 00004617 000 340 43063.7810417708
24.11.2017 18:44:42 +00.03920E+00  0390 008250 -1 00004642 00004617 000 342 43063.7810457292
24.11.2017 18:44:42 +00.03920E+00  0403 008250 -1 00004643 00004617 000 343 43063.7810496991
24.11.2017 18:44:43 +00.03920E+00  0411 008250 -1 00004644 00004617 000 380 43063.7810540972
24.11.2017 18:44:43 +00.03920E+00  0430 008250 -1 00004645 00004617 000 344 43063.7810580787
24.11.2017 18:44:43 +00.03920E+00  0444 008250 -1 00004646 00004617 000 343 43063.7810620486
24.11.2017 18:44:44 +00.03920E+00  0456 008250 -1 00004647 00004617 000 343 43063.7810660185
24.11.2017 18:44:44 +00.03920E+00  0477 008250 -1 00004648 00004617 000 375 43063.7810703588
24.11.2017 18:44:44 +00.03920E+00  0486 008250 -1 00004649 00004617 000 343 43063.7810743287
24.11.2017 18:44:45 +00.03921E+00  0500 008250 -1 00004650 00004617 000 343 43063.7810782986
24.11.2017 18:44:45 +00.03920E+00  0515 008250 -1 00004651 00004617 000 343 43063.7810822685
24.11.2017 18:44:45 +00.03920E+00  0522 008250 -1 00004652 00004617 000 376 43063.7810866204
24.11.2017 18:44:46 +00.03920E+00  0538 008250 -1 00004653 00004617 000 341 43063.7810905671
24.11.2017 18:44:46 +00.03920E+00  0552 008250 -1 00004654 00004617 000 343 43063.781094537
24.11.2017 18:44:46 +00.03920E+00  0571 008250 -1 00004655 00004617 000 343 43063.7810985185
24.11.2017 18:44:47 +00.03920E+00  0580 008250 -1 00004656 00004617 000 377 43063.7811028819
24.11.2017 18:44:47 +00.03920E+00  0599 008250 -1 00004657 00004617 000 340 43063.7811068171
24.11.2017 18:44:47 +00.03920E+00  0616 008250 -1 00004658 00004617 000 342 43063.781110787
24.11.2017 18:44:48 +00.03920E+00  0627 008250 -1 00004659 00004617 000 343 43063.7811147569
24.11.2017 18:44:48 +00.03920E+00  0641 008250 -1 00004660 00004617 000 379 43063.7811191435
24.11.2017 18:44:49 +00.03920E+00  0666 008250 -1 00004661 00004617 000 340 43063.7811230787
24.11.2017 18:44:49 +00.03920E+00  0682 008250 -1 00004662 00004617 000 341 43063.781127037
24.11.2017 18:44:49 +00.03920E+00  0698 008250 -1 00004663 00004617 000 342 43063.7811310069
24.11.2017 18:44:50 +00.03920E+00  0707 008250 -1 00004664 00004617 000 380 43063.7811354051
24.11.2017 18:44:50 +00.03920E+00  0714 008250 -1 00004665 00004617 000 344 43063.7811393866
24.11.2017 18:44:50 +00.03920E+00  0729 008250 -1 00004666 00004617 000 343 43063.7811433565
24.11.2017 18:44:51 +00.03920E+00  0743 008250 -1 00004667 00004617 000 343 43063.7811473264
24.11.2017 18:44:51 +00.03920E+00  0756 008250 -1 00004668 00004617 000 375 43063.7811516667
24.11.2017 18:44:51 +00.03920E+00  0780 008250 -1 00004669 00004617 000 343 43063.7811556366
24.11.2017 18:44:52 +00.03920E+00  0801 008250 -1 00004670 00004617 000 343 43063.7811596065
24.11.2017 18:44:52 +00.03920E+00  0817 008250 -1 00004671 00004617 000 343 43063.7811635764
24.11.2017 18:44:52 +00.03920E+00  0839 008250 -1 00004672 00004617 000 376 43063.7811679282
24.11.2017 18:44:53 +00.03920E+00  0859 008250 -1 00004673 00004617 000 342 43063.7811718866
24.11.2017 18:44:53 +00.03920E+00  0871 008250 -1 00004674 00004617 000 343 43063.7811758565
24.11.2017 18:44:53 +00.03920E+00  0893 008250 -1 00004675 00004617 000 343 43063.7811798264
24.11.2017 18:44:54 +00.03920E+00  0905 008250 -1 00004676 00004617 000 377 43063.7811841898
24.11.2017 18:44:54 +00.03920E+00  0920 008250 -1 00004677 00004617 000 340 43063.781188125
24.11.2017 18:44:54 +00.03920E+00  0935 008250 -1 00004678 00004617 000 342 43063.7811920949
24.11.2017 18:44:55 +00.03920E+00  0950 008250 -1 00004679 00004617 000 342 43063.7811960648
24.11.2017 18:44:55 +00.03921E+00  0965 008250 -1 00004680 00004617 000 378 43063.7812004514
24.11.2017 18:44:56 +00.03920E+00  0986 008250 -1 00004681 00004617 000 344 43063.7812044444
24.11.2017 18:44:56 +00.03920E+00  1003 008250 -1 00004682 00004617 000 343 43063.7812084259
24.11.2017 18:44:56 +00.03920E+00  1020 008250 -1 00004683 00004617 000 343 43063.7812123958
24.11.2017 18:44:57 +00.03920E+00  1036 008250 -1 00004684 00004617 000 373 43063.781216713
24.11.2017 18:44:57 +00.03920E+00  1051 008250 -1 00004685 00004617 000 344 43063.7812206944
24.11.2017 18:44:57 +00.03920E+00  1068 008250 -1 00004686 00004617 000 343 43063.7812246644
24.11.2017 18:44:58 +00.03920E+00  1096 008250 -1 00004687 00004617 000 343 43063.7812286343
24.11.2017 18:44:58 +00.03920E+00  1108 008250 -1 00004688 00004617 000 375 43063.7812329745
24.11.2017 18:44:58 +00.03920E+00  1127 008250 -1 00004689 00004617 000 343 43063.7812369444
24.11.2017 18:44:59 +00.03921E+00  1144 008250 -1 00004690 00004617 000 343 43063.7812409144
24.11.2017 18:44:59 +00.03920E+00  1159 008248 -1 00004691 00004617 000 343 43063.7812448843
24.11.2017 18:44:59 +00.03919E+00  1175 008248 -1 00004692 00004617 000 376 43063.7812492361
24.11.2017 18:45:00 +00.03920E+00  1201 008248 -1 00004693 00004617 000 342 43063.7812531944
24.11.2017 18:45:00 +00.03919E+00  1212 008248 -1 00004694 00004617 000 343 43063.7812571644
24.11.2017 18:45:00 +00.03919E+00  1226 008248 -1 00004695 00004617 000 343 43063.7812611343
24.11.2017 18:45:01 +00.03919E+00  1243 008248 -1 00004696 00004617 000 377 43063.7812654977
24.11.2017 18:45:01 +00.03919E+00  1261 008248 -1 00004697 00004617 000 341 43063.7812694444
24.11.2017 18:45:02 +00.03919E+00  1281 008248 -1 00004698 00004617 000 343 43063.7812734144
24.11.2017 18:45:02 +00.03920E+00  1293 008248 -1 00004699 00004617 000 343 43063.7812773843
24.11.2017 18:45:02 +00.03919E+00  1311 008248 -1 00004700 00004617 000 378 43063.7812817593
24.11.2017 18:45:03 +00.03920E+00  1328 008248 -1 00004701 00004617 000 340 43063.7812856944
24.11.2017 18:45:08 +00.03900E+00  0014 008209 -1 00004702 00004702 000 340 43063.7813509375
24.11.2017 18:45:09 +00.03901E+00  0028 008209 -1 00004703 00004702 000 342 43063.7813549074
24.11.2017 18:45:09 +00.03901E+00  0044 008209 -1 00004704 00004702 000 343 43063.7813588889
24.11.2017 18:45:09 +00.03901E+00  0059 008209 -1 00004705 00004702 000 362 43063.7813630787
24.11.2017 18:45:10 +00.03901E+00  0073 008209 -1 00004706 00004702 000 343 43063.7813670486
24.11.2017 18:45:10 +00.03901E+00  0088 008209 -1 00004707 00004702 000 343 43063.7813710185
24.11.2017 18:45:10 +00.03901E+00  0100 008209 -1 00004708 00004702 000 343 43063.7813749884
24.11.2017 18:45:11 +00.03901E+00  0108 008209 -1 00004709 00004702 000 377 43063.7813793519
24.11.2017 18:45:11 +00.03901E+00  0120 008209 -1 00004710 00004702 000 340 43063.781383287
24.11.2017 18:45:11 +00.03900E+00  0135 008209 -1 00004711 00004702 000 343 43063.7813872569
24.11.2017 18:45:12 +00.03901E+00  0146 008209 -1 00004712 00004702 000 344 43063.7813912384
24.11.2017 18:45:12 +00.03900E+00  0160 008209 -1 00004713 00004702 000 376 43063.7813955903
24.11.2017 18:45:12 +00.03901E+00  0173 008209 -1 00004714 00004702 000 340 43063.781399537
24.11.2017 18:45:13 +00.03900E+00  0184 008209 -1 00004715 00004702 000 343 43063.7814035069
24.11.2017 18:45:13 +00.03901E+00  0197 008209 -1 00004716 00004702 000 343 43063.7814074769
24.11.2017 18:45:13 +00.03901E+00  0210 008209 -1 00004717 00004702 000 378 43063.7814118519
24.11.2017 18:45:14 +00.03901E+00  0225 008209 -1 00004718 00004702 000 340 43063.781415787
24.11.2017 18:45:14 +00.03901E+00  0242 008209 -1 00004719 00004702 000 343 43063.7814197569
24.11.2017 18:45:15 +00.03901E+00  0253 008209 -1 00004720 00004702 000 343 43063.7814237269
24.11.2017 18:45:15 +00.03901E+00  0265 008209 -1 00004721 00004702 000 380 43063.781428125
24.11.2017 18:45:15 +00.03901E+00  0273 008209 -1 00004722 00004702 000 344 43063.7814321065
24.11.2017 18:45:16 +00.03900E+00  0284 008209 -1 00004723 00004702 000 343 43063.7814360764
24.11.2017 18:45:16 +00.03901E+00  0295 008209 -1 00004724 00004702 000 343 43063.7814400463
24.11.2017 18:45:16 +00.03901E+00  0312 008209 -1 00004725 00004702 000 374 43063.781444375
24.11.2017 18:45:17 +00.03901E+00  0329 008209 -1 00004726 00004702 000 344 43063.7814483565
24.11.2017 18:45:17 +00.03901E+00  0341 008209 -1 00004727 00004702 000 343 43063.7814523264
24.11.2017 18:45:17 +00.03900E+00  0357 008209 -1 00004728 00004702 000 343 43063.7814562963
24.11.2017 18:45:18 +00.03900E+00  0370 008209 -1 00004729 00004702 000 377 43063.7814606597
24.11.2017 18:45:18 +00.03900E+00  0382 008209 -1 00004730 00004702 000 341 43063.7814646065
24.11.2017 18:45:18 +00.03901E+00  0391 008209 -1 00004731 00004702 000 343 43063.7814685764
24.11.2017 18:45:19 +00.03901E+00  0409 008209 -1 00004732 00004702 000 343 43063.7814725463
24.11.2017 18:45:19 +00.03901E+00  0419 008209 -1 00004733 00004702 000 377 43063.7814769097
24.11.2017 18:45:19 +00.03901E+00  0431 008209 -1 00004734 00004702 000 341 43063.7814808565
24.11.2017 18:45:20 +00.03901E+00  0451 008209 -1 00004735 00004702 000 342 43063.7814848148
24.11.2017 18:45:20 +00.03901E+00  0459 008209 -1 00004736 00004702 000 343 43063.7814887847
24.11.2017 18:45:21 +00.03901E+00  0469 008209 -1 00004737 00004702 000 378 43063.7814931713
24.11.2017 18:45:21 +00.03901E+00  0485 008209 -1 00004738 00004702 000 340 43063.7814971065
24.11.2017 18:45:21 +00.03901E+00  0498 008209 -1 00004739 00004702 000 342 43063.7815010648
24.11.2017 18:45:22 +00.03901E+00  0516 008209 -1 00004740 00004702 000 343 43063.7815050347
24.11.2017 18:45:22 +00.03900E+00  0533 008209 -1 00004741 00004702 000 379 43063.7815094213
24.11.2017 18:45:22 +00.03901E+00  0550 008209 -1 00004742 00004702 000 340 43063.7815133565
24.11.2017 18:45:23 +00.03901E+00  0562 008209 -1 00004743 00004702 000 342 43063.7815173148
24.11.2017 18:45:23 +00.03901E+00  0569 008209 -1 00004744 00004702 000 343 43063.7815212847
24.11.2017 18:45:23 +00.03901E+00  0578 008209 -1 00004745 00004702 000 381 43063.7815256944
24.11.2017 18:45:24 +00.03900E+00  0596 008207 -1 00004746 00004702 000 343 43063.7815296644
24.11.2017 18:45:24 +00.03900E+00  0607 008207 -1 00004747 00004702 000 343 43063.7815336343
24.11.2017 18:45:24 +00.03900E+00  0624 008207 -1 00004748 00004702 000 343 43063.7815376042
24.11.2017 18:45:25 +00.03900E+00  0640 008207 -1 00004749 00004702 000 376 43063.781541956
24.11.2017 18:45:25 +00.03900E+00  0665 008207 -1 00004750 00004702 000 342 43063.7815459144
24.11.2017 18:45:25 +00.03900E+00  0685 008207 -1 00004751 00004702 000 343 43063.7815498843
24.11.2017 18:45:26 +00.03900E+00  0705 008207 -1 00004752 00004702 000 343 43063.7815538542
24.11.2017 18:45:26 +00.03900E+00  0714 008207 -1 00004753 00004702 000 377 43063.7815582176
24.11.2017 18:45:26 +00.03900E+00  0731 008207 -1 00004754 00004702 000 340 43063.7815621644
24.11.2017 18:45:27 +00.03900E+00  0741 008207 -1 00004755 00004702 000 343 43063.7815661343
24.11.2017 18:45:27 +00.03900E+00  0755 008207 -1 00004756 00004702 000 343 43063.7815701042
24.11.2017 18:45:28 +00.03900E+00  0768 008207 -1 00004757 00004702 000 378 43063.7815744792
24.11.2017 18:45:28 +00.03900E+00  0782 008207 -1 00004758 00004702 000 340 43063.7815784144
24.11.2017 18:45:28 +00.03900E+00  0796 008207 -1 00004759 00004702 000 342 43063.7815823727
24.11.2017 18:45:29 +00.03900E+00  0814 008207 -1 00004760 00004702 000 343 43063.7815863426
24.11.2017 18:45:29 +00.03899E+00  0826 008207 -1 00004761 00004702 000 380 43063.7815907407
24.11.2017 18:45:29 +00.03900E+00  0840 008207 -1 00004762 00004702 000 345 43063.7815947338
24.11.2017 18:45:30 +00.03900E+00  0855 008207 -1 00004763 00004702 000 343 43063.7815987037
24.11.2017 18:45:30 +00.03900E+00  0867 008207 -1 00004764 00004702 000 343 43063.7816026736
24.11.2017 18:45:30 +00.03900E+00  0878 008207 -1 00004765 00004702 000 374 43063.7816070023
24.11.2017 18:45:31 +00.03900E+00  0896 008207 -1 00004766 00004702 000 343 43063.7816109722
24.11.2017 18:45:31 +00.03900E+00  0902 008207 -1 00004767 00004702 000 343 43063.7816149421
24.11.2017 18:45:31 +00.03900E+00  0912 008207 -1 00004768 00004702 000 343 43063.781618912
24.11.2017 18:45:32 +00.03899E+00  0929 008207 -1 00004769 00004702 000 375 43063.7816232523
24.11.2017 18:45:32 +00.03900E+00  0942 008207 -1 00004770 00004702 000 342 43063.7816272222
24.11.2017 18:45:32 +00.03900E+00  0965 008207 -1 00004771 00004702 000 343 43063.7816311921
24.11.2017 18:45:33 +00.03900E+00  0975 008207 -1 00004772 00004702 000 343 43063.781635162
24.11.2017 18:45:33 +00.03900E+00  0997 008207 -1 00004773 00004702 000 376 43063.7816395139
24.11.2017 18:45:33 +00.03900E+00  1012 008207 -1 00004774 00004702 000 341 43063.7816434722
24.11.2017 18:45:34 +00.03900E+00  1026 008207 -1 00004775 00004702 000 343 43063.7816474421
24.11.2017 18:45:34 +00.03900E+00  1038 008207 -1 00004776 00004702 000 343 43063.781651412
24.11.2017 18:45:35 +00.03900E+00  1049 008207 -1 00004777 00004702 000 378 43063.781655787
24.11.2017 18:45:35 +00.03900E+00  1062 008207 -1 00004778 00004702 000 340 43063.7816597222
24.11.2017 18:45:35 +00.03900E+00  1071 008207 -1 00004779 00004702 000 343 43063.7816636921
24.11.2017 18:45:36 +00.03900E+00  1082 008207 -1 00004780 00004702 000 343 43063.781667662
24.11.2017 18:45:36 +00.03900E+00  1099 008207 -1 00004781 00004702 000 379 43063.7816720486
24.11.2017 18:45:36 +00.03900E+00  1109 008207 -1 00004782 00004702 000 345 43063.7816760417
24.11.2017 18:45:37 +00.03900E+00  1134 008207 -1 00004783 00004702 000 343 43063.7816800116
24.11.2017 18:45:37 +00.03900E+00  1150 008207 -1 00004784 00004702 000 343 43063.7816839815
24.11.2017 18:45:37 +00.03900E+00  1163 008207 -1 00004785 00004702 000 374 43063.7816883102
24.11.2017 18:45:38 +00.03900E+00  1176 008207 -1 00004786 00004702 000 344 43063.7816922917
24.11.2017 18:45:43 +00.03880E+00  0012 008166 -1 00004787 00004787 000 382 43063.7817533565
24.11.2017 18:45:43 +00.03880E+00  0026 008166 -1 00004788 00004787 000 341 43063.7817573032
24.11.2017 18:45:44 +00.03880E+00  0036 008166 -1 00004789 00004787 000 343 43063.7817612731
24.11.2017 18:45:44 +00.03880E+00  0048 008166 -1 00004790 00004787 000 343 43063.7817652431
24.11.2017 18:45:44 +00.03880E+00  0063 008166 -1 00004791 00004787 000 378 43063.7817696181
24.11.2017 18:45:45 +00.03880E+00  0078 008166 -1 00004792 00004787 000 340 43063.7817735648
24.11.2017 18:45:45 +00.03880E+00  0095 008166 -1 00004793 00004787 000 341 43063.7817775231
24.11.2017 18:45:45 +00.03880E+00  0106 008166 -1 00004794 00004787 000 343 43063.7817814931
24.11.2017 18:45:46 +00.03880E+00  0124 008166 -1 00004795 00004787 000 379 43063.7817858796
24.11.2017 18:45:46 +00.03880E+00  0135 008166 -1 00004796 00004787 000 340 43063.7817898148
24.11.2017 18:45:46 +00.03880E+00  0153 008166 -1 00004797 00004787 000 342 43063.7817937731
24.11.2017 18:45:47 +00.03880E+00  0167 008166 -1 00004798 00004787 000 343 43063.7817977431
24.11.2017 18:45:47 +00.03880E+00  0188 008166 -1 00004799 00004787 000 380 43063.7818021412
24.11.2017 18:45:48 +00.03880E+00  0206 008166 -1 00004800 00004787 000 344 43063.7818061227
24.11.2017 18:45:48 +00.03880E+00  0216 008166 -1 00004801 00004787 000 343 43063.7818100926
24.11.2017 18:45:48 +00.03880E+00  0234 008166 -1 00004802 00004787 000 343 43063.7818140625
24.11.2017 18:45:49 +00.03880E+00  0252 008166 -1 00004803 00004787 000 375 43063.7818184028
24.11.2017 18:45:49 +00.03880E+00  0272 008166 -1 00004804 00004787 000 343 43063.7818223727
24.11.2017 18:45:49 +00.03880E+00  0289 008166 -1 00004805 00004787 000 343 43063.7818263426
24.11.2017 18:45:50 +00.03880E+00  0304 008166 -1 00004806 00004787 000 343 43063.7818303125
24.11.2017 18:45:50 +00.03880E+00  0309 008166 -1 00004807 00004787 000 376 43063.7818346644
24.11.2017 18:45:50 +00.03880E+00  0319 008166 -1 00004808 00004787 000 342 43063.7818386227
24.11.2017 18:45:51 +00.03880E+00  0334 008166 -1 00004809 00004787 000 343 43063.7818425926
24.11.2017 18:45:51 +00.03880E+00  0353 008166 -1 00004810 00004787 000 342 43063.7818465509
24.11.2017 18:45:51 +00.03880E+00  0365 008166 -1 00004811 00004787 000 377 43063.7818509259
24.11.2017 18:45:52 +00.03880E+00  0379 008166 -1 00004812 00004787 000 340 43063.7818548611
24.11.2017 18:45:52 +00.03880E+00  0395 008166 -1 00004813 00004787 000 343 43063.781858831
24.11.2017 18:45:52 +00.03880E+00  0405 008166 -1 00004814 00004787 000 342 43063.7818628009
24.11.2017 18:45:53 +00.03880E+00  0425 008166 -1 00004815 00004787 000 379 43063.7818671875
24.11.2017 18:45:53 +00.03880E+00  0441 008166 -1 00004816 00004787 000 340 43063.7818711227
24.11.2017 18:45:54 +00.03880E+00  0452 008166 -1 00004817 00004787 000 342 43063.781875081
24.11.2017 18:45:54 +00.03880E+00  0467 008166 -1 00004818 00004787 000 343 43063.7818790509
24.11.2017 18:45:54 +00.03880E+00  0491 008166 -1 00004819 00004787 000 380 43063.7818834491
24.11.2017 18:45:55 +00.03880E+00  0506 008166 -1 00004820 00004787 000 345 43063.7818874421
24.11.2017 18:45:55 +00.03880E+00  0523 008166 -1 00004821 00004787 000 342 43063.7818914005
24.11.2017 18:45:55 +00.03880E+00  0538 008166 -1 00004822 00004787 000 343 43063.7818953704
24.11.2017 18:45:56 +00.03880E+00  0555 008166 -1 00004823 00004787 000 375 43063.7818997107
24.11.2017 18:45:56 +00.03880E+00  0575 008166 -1 00004824 00004787 000 343 43063.7819036806
24.11.2017 18:45:56 +00.03880E+00  0594 008166 -1 00004825 00004787 000 343 43063.7819076505
24.11.2017 18:45:57 +00.03880E+00  0610 008166 -1 00004826 00004787 000 343 43063.7819116204
24.11.2017 18:45:57 +00.03880E+00  0631 008166 -1 00004827 00004787 000 376 43063.7819159722
24.11.2017 18:45:57 +00.03880E+00  0646 008166 -1 00004828 00004787 000 342 43063.7819199306
24.11.2017 18:45:58 +00.03880E+00  0666 008166 -1 00004829 00004787 000 343 43063.7819239005
24.11.2017 18:45:58 +00.03880E+00  0679 008166 -1 00004830 00004787 000 343 43063.7819278704
24.11.2017 18:45:58 +00.03880E+00  0694 008166 -1 00004831 00004787 000 377 43063.7819322338
24.11.2017 18:45:59 +00.03880E+00  0709 008166 -1 00004832 00004787 000 341 43063.7819361806
24.11.2017 18:45:59 +00.03880E+00  0723 008166 -1 00004833 00004787 000 342 43063.7819401389
24.11.2017 18:45:59 +00.03880E+00  0742 008166 -1 00004834 00004787 000 343 43063.7819441204
24.11.2017 18:46:00 +00.03880E+00  0756 008166 -1 00004835 00004787 000 378 43063.7819484954
24.11.2017 18:46:00 +00.03880E+00  0777 008166 -1 00004836 00004787 000 340 43063.7819524306
24.11.2017 18:46:01 +00.03880E+00  0793 008166 -1 00004837 00004787 000 342 43063.7819563889
24.11.2017 18:46:01 +00.03880E+00  0808 008166 -1 00004838 00004787 000 342 43063.7819603588
24.11.2017 18:46:01 +00.03880E+00  0821 008166 -1 00004839 00004787 000 379 43063.7819647569
24.11.2017 18:46:02 +00.03880E+00  0839 008166 -1 00004840 00004787 000 343 43063.7819687384
24.11.2017 18:46:02 +00.03880E+00  0848 008166 -1 00004841 00004787 000 343 43063.7819727083
24.11.2017 18:46:02 +00.03880E+00  0862 008166 -1 00004842 00004787 000 343 43063.7819766898
24.11.2017 18:46:03 +00.03880E+00  0875 008166 -1 00004843 00004787 000 374 43063.7819810185
24.11.2017 18:46:03 +00.03880E+00  0899 008166 -1 00004844 00004787 000 343 43063.7819849884
24.11.2017 18:46:03 +00.03880E+00  0922 008166 -1 00004845 00004787 000 342 43063.7819889583
24.11.2017 18:46:04 +00.03880E+00  0935 008166 -1 00004846 00004787 000 343 43063.7819929282
24.11.2017 18:46:04 +00.03880E+00  0947 008166 -1 00004847 00004787 000 376 43063.7819972801
24.11.2017 18:46:04 +00.03880E+00  0961 008166 -1 00004848 00004787 000 342 43063.7820012384
24.11.2017 18:46:05 +00.03880E+00  0978 008166 -1 00004849 00004787 000 343 43063.7820052083
24.11.2017 18:46:05 +00.03880E+00  0996 008166 -1 00004850 00004787 000 343 43063.7820091782
24.11.2017 18:46:05 +00.03880E+00  1013 008166 -1 00004851 00004787 000 377 43063.7820135417
24.11.2017 18:46:06 +00.03880E+00  1040 008166 -1 00004852 00004787 000 341 43063.7820174884
24.11.2017 18:46:06 +00.03880E+00  1052 008166 -1 00004853 00004787 000 343 43063.7820214583
24.11.2017 18:46:06 +00.03880E+00  1072 008166 -1 00004854 00004787 000 343 43063.7820254282
24.11.2017 18:46:07 +00.03880E+00  1087 008166 -1 00004855 00004787 000 378 43063.7820298032
24.11.2017 18:46:07 +00.03880E+00  1104 008166 -1 00004856 00004787 000 340 43063.7820337384
24.11.2017 18:46:08 +00.03880E+00  1125 008166 -1 00004857 00004787 000 343 43063.7820377083
24.11.2017 18:46:08 +00.03880E+00  1132 008166 -1 00004858 00004787 000 343 43063.7820416782
24.11.2017 18:46:08 +00.03880E+00  1152 008166 -1 00004859 00004787 000 379 43063.7820460648
24.11.2017 18:46:09 +00.03880E+00  1166 008166 -1 00004860 00004787 000 345 43063.7820500579
24.11.2017 18:46:09 +00.03880E+00  1182 008166 -1 00004861 00004787 000 343 43063.7820540278
24.11.2017 18:46:09 +00.03880E+00  1201 008166 -1 00004862 00004787 000 343 43063.7820579977
24.11.2017 18:46:10 +00.03880E+00  1218 008166 -1 00004863 00004787 000 374 43063.7820623264
24.11.2017 18:46:10 +00.03880E+00  1236 008166 -1 00004864 00004787 000 345 43063.7820663194
24.11.2017 18:46:10 +00.03880E+00  1252 008166 -1 00004865 00004787 000 342 43063.7820702778
24.11.2017 18:46:11 +00.03880E+00  1272 008166 -1 00004866 00004787 000 342 43063.7820742361
24.11.2017 18:46:11 +00.03880E+00  1291 008166 -1 00004867 00004787 000 375 43063.782078588
24.11.2017 18:46:11 +00.03880E+00  1315 008166 -1 00004868 00004787 000 342 43063.7820825463
24.11.2017 18:46:12 +00.03880E+00  1333 008166 -1 00004869 00004787 000 343 43063.7820865162
24.11.2017 18:46:12 +00.03880E+00  1355 008166 -1 00004870 00004787 000 343 43063.7820904861
24.11.2017 18:46:12 +00.03880E+00  1370 008166 -1 00004871 00004787 000 376 43063.7820948495
24.11.2017 18:46:13 +00.03880E+00  1398 008166 -1 00004872 00004787 000 341 43063.7820987963
24.11.2017 18:46:18 +00.03860E+00  0013 008125 -1 00004873 00004873 000 379 43063.7821599074
24.11.2017 18:46:18 +00.03860E+00  0028 008125 -1 00004874 00004873 000 344 43063.7821638889
24.11.2017 18:46:19 +00.03861E+00  0047 008125 -1 00004875 00004873 000 343 43063.7821678588
24.11.2017 18:46:19 +00.03861E+00  0064 008125 -1 00004876 00004873 000 343 43063.7821718287
24.11.2017 18:46:20 +00.03860E+00  0078 008125 -1 00004877 00004873 000 374 43063.7821761574
24.11.2017 18:46:20 +00.03861E+00  0103 008125 -1 00004878 00004873 000 344 43063.7821801389
24.11.2017 18:46:20 +00.03860E+00  0119 008125 -1 00004879 00004873 000 343 43063.7821841088
24.11.2017 18:46:21 +00.03860E+00  0136 008125 -1 00004880 00004873 000 343 43063.7821880787
24.11.2017 18:46:21 +00.03861E+00  0149 008125 -1 00004881 00004873 000 376 43063.7821924306
24.11.2017 18:46:21 +00.03860E+00  0172 008125 -1 00004882 00004873 000 342 43063.7821963889
24.11.2017 18:46:22 +00.03861E+00  0185 008125 -1 00004883 00004873 000 343 43063.7822003588
24.11.2017 18:46:22 +00.03861E+00  0193 008125 -1 00004884 00004873 000 343 43063.7822043287
24.11.2017 18:46:22 +00.03861E+00  0209 008125 -1 00004885 00004873 000 377 43063.7822086921
24.11.2017 18:46:23 +00.03860E+00  0222 008125 -1 00004886 00004873 000 340 43063.7822126273
24.11.2017 18:46:23 +00.03860E+00  0244 008125 -1 00004887 00004873 000 342 43063.7822165972
24.11.2017 18:46:23 +00.03860E+00  0258 008125 -1 00004888 00004873 000 343 43063.7822205787
24.11.2017 18:46:24 +00.03860E+00  0270 008125 -1 00004889 00004873 000 378 43063.7822249537
24.11.2017 18:46:24 +00.03860E+00  0295 008125 -1 00004890 00004873 000 340 43063.7822288889
24.11.2017 18:46:24 +00.03861E+00  0311 008125 -1 00004891 00004873 000 342 43063.7822328472
24.11.2017 18:46:25 +00.03861E+00  0327 008125 -1 00004892 00004873 000 343 43063.7822368171
24.11.2017 18:46:25 +00.03860E+00  0337 008125 -1 00004893 00004873 000 379 43063.7822412037
24.11.2017 18:46:25 +00.03861E+00  0359 008125 -1 00004894 00004873 000 341 43063.7822451505
24.11.2017 18:46:26 +00.03860E+00  0376 008125 -1 00004895 00004873 000 341 43063.7822490972
24.11.2017 18:46:26 +00.03861E+00  0394 008125 -1 00004896 00004873 000 343 43063.7822530671
24.11.2017 18:46:27 +00.03860E+00  0409 008125 -1 00004897 00004873 000 381 43063.7822574769
24.11.2017 18:46:27 +00.03861E+00  0425 008125 -1 00004898 00004873 000 343 43063.7822614468
24.11.2017 18:46:27 +00.03860E+00  0437 008125 -1 00004899 00004873 000 343 43063.7822654167
24.11.2017 18:46:28 +00.03861E+00  0457 008125 -1 00004900 00004873 000 343 43063.7822693866
24.11.2017 18:46:28 +00.03861E+00  0470 008125 -1 00004901 00004873 000 375 43063.7822737269
24.11.2017 18:46:28 +00.03861E+00  0481 008125 -1 00004902 00004873 000 343 43063.7822776968
24.11.2017 18:46:29 +00.03861E+00  0494 008123 -1 00004903 00004873 000 343 43063.7822816667
24.11.2017 18:46:29 +00.03860E+00  0501 008123 -1 00004904 00004873 000 343 43063.7822856366
24.11.2017 18:46:29 +00.03859E+00  0519 008123 -1 00004905 00004873 000 377 43063.78229
24.11.2017 18:46:30 +00.03860E+00  0531 008123 -1 00004906 00004873 000 341 43063.7822939468
24.11.2017 18:46:30 +00.03859E+00  0539 008123 -1 00004907 00004873 000 343 43063.7822979167
24.11.2017 18:46:30 +00.03860E+00  0556 008123 -1 00004908 00004873 000 343 43063.7823018866
24.11.2017 18:46:31 +00.03859E+00  0569 008123 -1 00004909 00004873 000 378 43063.7823062616
24.11.2017 18:46:31 +00.03859E+00  0587 008123 -1 00004910 00004873 000 340 43063.7823101968
24.11.2017 18:46:31 +00.03859E+00  0600 008123 -1 00004911 00004873 000 341 43063.7823141551
24.11.2017 18:46:32 +00.03860E+00  0608 008123 -1 00004912 00004873 000 342 43063.782318125
24.11.2017 18:46:32 +00.03860E+00  0622 008123 -1 00004913 00004873 000 378 43063.7823225116
24.11.2017 18:46:33 +00.03859E+00  0636 008123 -1 00004914 00004873 000 345 43063.7823265162
24.11.2017 18:46:33 +00.03859E+00  0648 008123 -1 00004915 00004873 000 342 43063.7823304745
24.11.2017 18:46:33 +00.03860E+00  0673 008123 -1 00004916 00004873 000 343 43063.782334456
24.11.2017 18:46:34 +00.03860E+00  0686 008123 -1 00004917 00004873 000 373 43063.7823387731
24.11.2017 18:46:34 +00.03859E+00  0698 008123 -1 00004918 00004873 000 343 43063.7823427546
24.11.2017 18:46:34 +00.03859E+00  0716 008123 -1 00004919 00004873 000 344 43063.7823467361
24.11.2017 18:46:35 +00.03859E+00  0736 008123 -1 00004920 00004873 000 342 43063.7823506944
24.11.2017 18:46:35 +00.03860E+00  0753 008123 -1 00004921 00004873 000 376 43063.7823550463
24.11.2017 18:46:35 +00.03859E+00  0773 008123 -1 00004922 00004873 000 342 43063.7823590046
24.11.2017 18:46:36 +00.03860E+00  0789 008123 -1 00004923 00004873 000 343 43063.7823629745
24.11.2017 18:46:36 +00.03860E+00  0817 008123 -1 00004924 00004873 000 343 43063.7823669444
24.11.2017 18:46:36 +00.03859E+00  0833 008123 -1 00004925 00004873 000 377 43063.7823713079
24.11.2017 18:46:37 +00.03860E+00  0848 008123 -1 00004926 00004873 000 341 43063.7823752546
24.11.2017 18:46:37 +00.03859E+00  0861 008123 -1 00004927 00004873 000 343 43063.7823792245
24.11.2017 18:46:37 +00.03859E+00  0886 008123 -1 00004928 00004873 000 343 43063.7823831944
24.11.2017 18:46:38 +00.03860E+00  0902 008123 -1 00004929 00004873 000 378 43063.7823875694
24.11.2017 18:46:38 +00.03860E+00  0915 008123 -1 00004930 00004873 000 341 43063.7823915162
24.11.2017 18:46:38 +00.03859E+00  0930 008123 -1 00004931 00004873 000 342 43063.7823954745
24.11.2017 18:46:39 +00.03859E+00  0938 008123 -1 00004932 00004873 000 343 43063.7823994444
24.11.2017 18:46:39 +00.03860E+00  0952 008125 -1 00004933 00004873 000 379 43063.782403831
24.11.2017 18:46:40 +00.03860E+00  0970 008125 -1 00004934 00004873 000 345 43063.7824078241
24.11.2017 18:46:40 +00.03860E+00  0991 008125 -1 00004935 00004873 000 343 43063.782411794
24.11.2017 18:46:40 +00.03860E+00  0998 008125 -1 00004936 00004873 000 343 43063.7824157639
24.11.2017 18:46:41 +00.03860E+00  1007 008125 -1 00004937 00004873 000 374 43063.7824200926
24.11.2017 18:46:41 +00.03860E+00  1022 008125 -1 00004938 00004873 000 344 43063.7824240741
24.11.2017 18:46:41 +00.03861E+00  1036 008125 -1 00004939 00004873 000 343 43063.782428044
24.11.2017 18:46:42 +00.03860E+00  1048 008125 -1 00004940 00004873 000 343 43063.7824320139
24.11.2017 18:46:42 +00.03861E+00  1057 008125 -1 00004941 00004873 000 375 43063.7824363542
24.11.2017 18:46:42 +00.03861E+00  1074 008125 -1 00004942 00004873 000 342 43063.7824403125
24.11.2017 18:46:43 +00.03860E+00  1095 008125 -1 00004943 00004873 000 343 43063.7824442824
24.11.2017 18:46:43 +00.03861E+00  1105 008125 -1 00004944 00004873 000 342 43063.7824482523
24.11.2017 18:46:43 +00.03860E+00  1120 008125 -1 00004945 00004873 000 376 43063.7824526157
24.11.2017 18:46:44 +00.03860E+00  1134 008125 -1 00004946 00004873 000 341 43063.7824565625
24.11.2017 18:46:44 +00.03860E+00  1146 008125 -1 00004947 00004873 000 343 43063.7824605324
24.11.2017 18:46:44 +00.03860E+00  1157 008125 -1 00004948 00004873 000 343 43063.7824645023
24.11.2017 18:46:45 +00.03860E+00  1172 008125 -1 00004949 00004873 000 378 43063.7824688773
24.11.2017 18:46:45 +00.03861E+00  1197 008125 -1 00004950 00004873 000 340 43063.7824728125
24.11.2017 18:46:45 +00.03860E+00  1213 008125 -1 00004951 00004873 000 342 43063.7824767824
24.11.2017 18:46:46 +00.03861E+00  1224 008125 -1 00004952 00004873 000 343 43063.7824807523
24.11.2017 18:46:46 +00.03861E+00  1237 008125 -1 00004953 00004873 000 379 43063.7824851389
24.11.2017 18:46:47 +00.03860E+00  1252 008125 -1 00004954 00004873 000 340 43063.7824890741
24.11.2017 18:46:47 +00.03861E+00  1260 008125 -1 00004955 00004873 000 341 43063.7824930324
24.11.2017 18:46:47 +00.03860E+00  1273 008125 -1 00004956 00004873 000 343 43063.7824970023
24.11.2017 18:46:48 +00.03860E+00  1288 008125 -1 00004957 00004873 000 380 43063.7825014005
24.11.2017 18:46:48 +00.03860E+00  1301 008125 -1 00004958 00004873 000 344 43063.7825053819
24.11.2017 18:46:54 +00.03840E+00  0019 008082 -1 00004959 00004959 000 343 43063.7825706366
24.11.2017 18:46:54 +00.03840E+00  0028 008082 -1 00004960 00004959 000 343 43063.7825746065
24.11.2017 18:46:54 +00.03840E+00  0043 008082 -1 00004961 00004959 000 419 43063.782579456
24.11.2017 18:46:55 +00.03840E+00  0062 008082 -1 00004962 00004959 000 343 43063.7825834259
24.11.2017 18:46:55 +00.03840E+00  0075 008082 -1 00004963 00004959 000 343 43063.7825873958
24.11.2017 18:46:55 +00.03840E+00  0093 008082 -1 00004964 00004959 000 343 43063.7825913657
24.11.2017 18:46:56 +00.03840E+00  0107 008082 -1 00004965 00004959 000 376 43063.7825957176
24.11.2017 18:46:56 +00.03840E+00  0121 008082 -1 00004966 00004959 000 342 43063.7825996759
24.11.2017 18:46:56 +00.03840E+00  0134 008082 -1 00004967 00004959 000 343 43063.7826036458
24.11.2017 18:46:57 +00.03840E+00  0148 008082 -1 00004968 00004959 000 343 43063.7826076157
24.11.2017 18:46:57 +00.03840E+00  0165 008082 -1 00004969 00004959 000 377 43063.7826119792
24.11.2017 18:46:58 +00.03840E+00  0183 008082 -1 00004970 00004959 000 341 43063.7826159259
24.11.2017 18:46:58 +00.03840E+00  0201 008082 -1 00004971 00004959 000 342 43063.7826198843
24.11.2017 18:46:58 +00.03840E+00  0217 008082 -1 00004972 00004959 000 343 43063.7826238542
24.11.2017 18:46:59 +00.03840E+00  0231 008082 -1 00004973 00004959 000 379 43063.7826282407
24.11.2017 18:46:59 +00.03840E+00  0246 008082 -1 00004974 00004959 000 344 43063.7826322338
24.11.2017 18:46:59 +00.03840E+00  0262 008082 -1 00004975 00004959 000 342 43063.7826362037
24.11.2017 18:47:00 +00.03840E+00  0276 008082 -1 00004976 00004959 000 343 43063.7826401852
24.11.2017 18:47:00 +00.03840E+00  0291 008082 -1 00004977 00004959 000 373 43063.7826445023
24.11.2017 18:47:00 +00.03840E+00  0307 008082 -1 00004978 00004959 000 344 43063.7826484838
24.11.2017 18:47:01 +00.03840E+00  0327 008082 -1 00004979 00004959 000 344 43063.7826524653
24.11.2017 18:47:01 +00.03840E+00  0344 008082 -1 00004980 00004959 000 343 43063.7826564352
24.11.2017 18:47:01 +00.03840E+00  0362 008082 -1 00004981 00004959 000 374 43063.7826607639
24.11.2017 18:47:02 +00.03840E+00  0382 008082 -1 00004982 00004959 000 342 43063.7826647338
24.11.2017 18:47:02 +00.03840E+00  0400 008082 -1 00004983 00004959 000 343 43063.7826687037
24.11.2017 18:47:02 +00.03840E+00  0412 008082 -1 00004984 00004959 000 343 43063.7826726736
24.11.2017 18:47:03 +00.03840E+00  0428 008082 -1 00004985 00004959 000 376 43063.7826770255
24.11.2017 18:47:03 +00.03840E+00  0447 008082 -1 00004986 00004959 000 342 43063.7826809838
24.11.2017 18:47:03 +00.03840E+00  0462 008082 -1 00004987 00004959 000 343 43063.7826849537
24.11.2017 18:47:04 +00.03840E+00  0482 008082 -1 00004988 00004959 000 343 43063.7826889236
24.11.2017 18:47:04 +00.03840E+00  0492 008082 -1 00004989 00004959 000 377 43063.782693287
24.11.2017 18:47:05 +00.03840E+00  0506 008082 -1 00004990 00004959 000 341 43063.7826972338
24.11.2017 18:47:05 +00.03840E+00  0521 008082 -1 00004991 00004959 000 343 43063.7827012037
24.11.2017 18:47:05 +00.03840E+00  0538 008082 -1 00004992 00004959 000 343 43063.7827051736
24.11.2017 18:47:06 +00.03840E+00  0553 008082 -1 00004993 00004959 000 378 43063.7827095486
24.11.2017 18:47:06 +00.03840E+00  0571 008082 -1 00004994 00004959 000 340 43063.7827134838
24.11.2017 18:47:06 +00.03840E+00  0589 008082 -1 00004995 00004959 000 342 43063.7827174421
24.11.2017 18:47:07 +00.03840E+00  0611 008082 -1 00004996 00004959 000 342 43063.782721412
24.11.2017 18:47:07 +00.03840E+00  0625 008082 -1 00004997 00004959 000 379 43063.7827258102
24.11.2017 18:47:07 +00.03840E+00  0644 008082 -1 00004998 00004959 000 345 43063.7827298032
24.11.2017 18:47:08 +00.03840E+00  0658 008082 -1 00004999 00004959 000 343 43063.7827337732
24.11.2017 18:47:08 +00.03840E+00  0670 008082 -1 00005000 00004959 000 343 43063.7827377431
24.11.2017 18:47:08 +00.03840E+00  0674 008082 -1 00005001 00004959 000 374 43063.7827420718
24.11.2017 18:47:09 +00.03840E+00  0684 008082 -1 00005002 00004959 000 343 43063.7827460417
24.11.2017 18:47:09 +00.03840E+00  0700 008082 -1 00005003 00004959 000 343 43063.7827500116
24.11.2017 18:47:09 +00.03840E+00  0717 008082 -1 00005004 00004959 000 342 43063.7827539815
24.11.2017 18:47:10 +00.03840E+00  0728 008082 -1 00005005 00004959 000 376 43063.7827583333
24.11.2017 18:47:10 +00.03840E+00  0739 008082 -1 00005006 00004959 000 341 43063.7827622917
24.11.2017 18:47:11 +00.03840E+00  0756 008082 -1 00005007 00004959 000 343 43063.7827662616
24.11.2017 18:47:11 +00.03840E+00  0774 008082 -1 00005008 00004959 000 343 43063.7827702315
24.11.2017 18:47:11 +00.03840E+00  0790 008082 -1 00005009 00004959 000 377 43063.7827745949
24.11.2017 18:47:12 +00.03840E+00  0803 008082 -1 00005010 00004959 000 341 43063.7827785417
24.11.2017 18:47:12 +00.03840E+00  0819 008082 -1 00005011 00004959 000 343 43063.7827825116
24.11.2017 18:47:12 +00.03840E+00  0835 008082 -1 00005012 00004959 000 343 43063.7827864815
24.11.2017 18:47:13 +00.03840E+00  0853 008082 -1 00005013 00004959 000 378 43063.7827908565
24.11.2017 18:47:13 +00.03840E+00  0867 008082 -1 00005014 00004959 000 340 43063.7827947917
24.11.2017 18:47:13 +00.03840E+00  0885 008082 -1 00005015 00004959 000 342 43063.7827987616
24.11.2017 18:47:14 +00.03840E+00  0907 008082 -1 00005016 00004959 000 343 43063.7828027315
24.11.2017 18:47:14 +00.03840E+00  0920 008082 -1 00005017 00004959 000 379 43063.7828071181
24.11.2017 18:47:14 +00.03840E+00  0940 008082 -1 00005018 00004959 000 345 43063.7828111111
24.11.2017 18:47:15 +00.03840E+00  0956 008082 -1 00005019 00004959 000 343 43063.782815081
24.11.2017 18:47:15 +00.03840E+00  0971 008082 -1 00005020 00004959 000 343 43063.7828190509
24.11.2017 18:47:15 +00.03840E+00  0988 008082 -1 00005021 00004959 000 375 43063.7828233912
24.11.2017 18:47:16 +00.03840E+00  1010 008082 -1 00005022 00004959 000 343 43063.7828273611
24.11.2017 18:47:16 +00.03840E+00  1022 008082 -1 00005023 00004959 000 343 43063.782831331
24.11.2017 18:47:16 +00.03840E+00  1034 008082 -1 00005024 00004959 000 343 43063.7828353009
24.11.2017 18:47:17 +00.03840E+00  1044 008082 -1 00005025 00004959 000 375 43063.7828396412
24.11.2017 18:47:17 +00.03840E+00  1064 008082 -1 00005026 00004959 000 342 43063.7828435995
24.11.2017 18:47:18 +00.03840E+00  1080 008082 -1 00005027 00004959 000 343 43063.782847581
24.11.2017 18:47:18 +00.03840E+00  1091 008082 -1 00005028 00004959 000 342 43063.7828515393
24.11.2017 18:47:18 +00.03840E+00  1112 008082 -1 00005029 00004959 000 376 43063.7828559028
24.11.2017 18:47:19 +00.03840E+00  1131 008082 -1 00005030 00004959 000 340 43063.7828598495
24.11.2017 18:47:19 +00.03840E+00  1146 008082 -1 00005031 00004959 000 343 43063.7828638194
24.11.2017 18:47:19 +00.03840E+00  1155 008082 -1 00005032 00004959 000 343 43063.7828677893
24.11.2017 18:47:20 +00.03840E+00  1169 008082 -1 00005033 00004959 000 377 43063.7828721644
24.11.2017 18:47:20 +00.03840E+00  1180 008082 -1 00005034 00004959 000 340 43063.7828760995
24.11.2017 18:47:20 +00.03840E+00  1192 008082 -1 00005035 00004959 000 342 43063.7828800694
24.11.2017 18:47:21 +00.03840E+00  1198 008082 -1 00005036 00004959 000 343 43063.7828840393
24.11.2017 18:47:21 +00.03840E+00  1220 008082 -1 00005037 00004959 000 381 43063.7828884491
24.11.2017 18:47:21 +00.03840E+00  1233 008082 -1 00005038 00004959 000 343 43063.782892419
24.11.2017 18:47:22 +00.03840E+00  1244 008082 -1 00005039 00004959 000 343 43063.7828963889
24.11.2017 18:47:22 +00.03840E+00  1255 008082 -1 00005040 00004959 000 343 43063.7829003588
24.11.2017 18:47:22 +00.03840E+00  1267 008082 -1 00005041 00004959 000 374 43063.7829046875
24.11.2017 18:47:23 +00.03840E+00  1284 008082 -1 00005042 00004959 000 344 43063.782908669
24.11.2017 18:47:23 +00.03840E+00  1300 008082 -1 00005043 00004959 000 343 43063.7829126389
24.11.2017 18:47:29 +00.03820E+00  0012 008041 -1 00005044 00005044 000 343 43063.7829771644
24.11.2017 18:47:29 +00.03820E+00  0027 008041 -1 00005045 00005044 000 344 43063.7829811458
24.11.2017 18:47:29 +00.03821E+00  0041 008041 -1 00005046 00005044 000 420 43063.7829860069
24.11.2017 18:47:30 +00.03820E+00  0059 008041 -1 00005047 00005044 000 341 43063.7829899537
24.11.2017 18:47:30 +00.03820E+00  0071 008041 -1 00005048 00005044 000 343 43063.7829939236
24.11.2017 18:47:31 +00.03821E+00  0087 008041 -1 00005049 00005044 000 343 43063.7829978935
24.11.2017 18:47:31 +00.03821E+00  0103 008041 -1 00005050 00005044 000 378 43063.7830022685
24.11.2017 18:47:31 +00.03821E+00  0123 008041 -1 00005051 00005044 000 341 43063.7830062153
24.11.2017 18:47:32 +00.03821E+00  0135 008041 -1 00005052 00005044 000 341 43063.783010162
24.11.2017 18:47:32 +00.03821E+00  0159 008041 -1 00005053 00005044 000 343 43063.7830141319
24.11.2017 18:47:32 +00.03821E+00  0177 008041 -1 00005054 00005044 000 380 43063.7830185301
24.11.2017 18:47:33 +00.03821E+00  0192 008041 -1 00005055 00005044 000 345 43063.7830225231
24.11.2017 18:47:33 +00.03821E+00  0203 008041 -1 00005056 00005044 000 343 43063.7830264931
24.11.2017 18:47:33 +00.03820E+00  0220 008041 -1 00005057 00005044 000 343 43063.783030463
24.11.2017 18:47:34 +00.03821E+00  0234 008041 -1 00005058 00005044 000 374 43063.7830347917
24.11.2017 18:47:34 +00.03820E+00  0244 008041 -1 00005059 00005044 000 343 43063.7830387616
24.11.2017 18:47:34 +00.03820E+00  0257 008041 -1 00005060 00005044 000 343 43063.7830427315
24.11.2017 18:47:35 +00.03820E+00  0273 008041 -1 00005061 00005044 000 343 43063.7830467014
24.11.2017 18:47:35 +00.03820E+00  0292 008041 -1 00005062 00005044 000 375 43063.7830510417
24.11.2017 18:47:35 +00.03821E+00  0307 008041 -1 00005063 00005044 000 343 43063.7830550116
24.11.2017 18:47:36 +00.03820E+00  0325 008041 -1 00005064 00005044 000 343 43063.7830589815
24.11.2017 18:47:36 +00.03821E+00  0336 008041 -1 00005065 00005044 000 343 43063.7830629514
24.11.2017 18:47:37 +00.03821E+00  0355 008041 -1 00005066 00005044 000 377 43063.7830673148
24.11.2017 18:47:37 +00.03821E+00  0369 008041 -1 00005067 00005044 000 341 43063.7830712616
24.11.2017 18:47:37 +00.03820E+00  0387 008041 -1 00005068 00005044 000 343 43063.7830752315
24.11.2017 18:47:38 +00.03821E+00  0402 008041 -1 00005069 00005044 000 343 43063.7830792014
24.11.2017 18:47:38 +00.03820E+00  0417 008041 -1 00005070 00005044 000 378 43063.7830835764
24.11.2017 18:47:38 +00.03820E+00  0428 008041 -1 00005071 00005044 000 340 43063.7830875116
24.11.2017 18:47:39 +00.03820E+00  0441 008041 -1 00005072 00005044 000 343 43063.7830914815
24.11.2017 18:47:39 +00.03821E+00  0447 008041 -1 00005073 00005044 000 343 43063.7830954514
24.11.2017 18:47:39 +00.03821E+00  0465 008041 -1 00005074 00005044 000 379 43063.783099838
24.11.2017 18:47:40 +00.03820E+00  0481 008041 -1 00005075 00005044 000 345 43063.783103831
24.11.2017 18:47:40 +00.03821E+00  0493 008041 -1 00005076 00005044 000 343 43063.7831078009
24.11.2017 18:47:40 +00.03821E+00  0510 008041 -1 00005077 00005044 000 343 43063.7831117708
24.11.2017 18:47:41 +00.03821E+00  0527 008041 -1 00005078 00005044 000 374 43063.7831160995
24.11.2017 18:47:41 +00.03821E+00  0546 008041 -1 00005079 00005044 000 344 43063.783120081
24.11.2017 18:47:41 +00.03820E+00  0558 008041 -1 00005080 00005044 000 343 43063.7831240509
24.11.2017 18:47:42 +00.03821E+00  0575 008041 -1 00005081 00005044 000 343 43063.7831280208
24.11.2017 18:47:42 +00.03821E+00  0589 008041 -1 00005082 00005044 000 375 43063.7831323611
24.11.2017 18:47:42 +00.03821E+00  0596 008041 -1 00005083 00005044 000 342 43063.7831363194
24.11.2017 18:47:43 +00.03820E+00  0615 008041 -1 00005084 00005044 000 343 43063.7831402893
24.11.2017 18:47:43 +00.03821E+00  0624 008041 -1 00005085 00005044 000 343 43063.7831442593
24.11.2017 18:47:44 +00.03820E+00  0639 008041 -1 00005086 00005044 000 376 43063.7831486111
24.11.2017 18:47:44 +00.03821E+00  0651 008041 -1 00005087 00005044 000 342 43063.7831525694
24.11.2017 18:47:44 +00.03820E+00  0669 008039 -1 00005088 00005044 000 343 43063.7831565393
24.11.2017 18:47:45 +00.03820E+00  0692 008039 -1 00005089 00005044 000 343 43063.7831605093
24.11.2017 18:47:45 +00.03820E+00  0704 008039 -1 00005090 00005044 000 378 43063.7831648843
24.11.2017 18:47:45 +00.03819E+00  0718 008039 -1 00005091 00005044 000 340 43063.7831688194
24.11.2017 18:47:46 +00.03820E+00  0735 008039 -1 00005092 00005044 000 343 43063.7831727893
24.11.2017 18:47:46 +00.03819E+00  0758 008039 -1 00005093 00005044 000 343 43063.7831767593
24.11.2017 18:47:46 +00.03820E+00  0775 008039 -1 00005094 00005044 000 379 43063.7831811458
24.11.2017 18:47:47 +00.03820E+00  0788 008039 -1 00005095 00005044 000 340 43063.783185081
24.11.2017 18:47:47 +00.03820E+00  0799 008039 -1 00005096 00005044 000 342 43063.7831890394
24.11.2017 18:47:47 +00.03820E+00  0807 008039 -1 00005097 00005044 000 343 43063.7831930093
24.11.2017 18:47:48 +00.03820E+00  0825 008039 -1 00005098 00005044 000 380 43063.7831974074
24.11.2017 18:47:48 +00.03820E+00  0841 008039 -1 00005099 00005044 000 344 43063.7832013889
24.11.2017 18:47:48 +00.03820E+00  0864 008039 -1 00005100 00005044 000 343 43063.7832053588
24.11.2017 18:47:49 +00.03820E+00  0883 008039 -1 00005101 00005044 000 343 43063.7832093287
24.11.2017 18:47:49 +00.03819E+00  0906 008039 -1 00005102 00005044 000 375 43063.783213669
24.11.2017 18:47:50 +00.03820E+00  0919 008041 -1 00005103 00005044 000 343 43063.7832176389
24.11.2017 18:47:50 +00.03820E+00  0936 008041 -1 00005104 00005044 000 343 43063.7832216088
24.11.2017 18:47:50 +00.03820E+00  0949 008041 -1 00005105 00005044 000 343 43063.7832255787
24.11.2017 18:47:51 +00.03820E+00  0962 008041 -1 00005106 00005044 000 376 43063.7832299306
24.11.2017 18:47:51 +00.03820E+00  0977 008041 -1 00005107 00005044 000 341 43063.7832338773
24.11.2017 18:47:51 +00.03820E+00  0991 008041 -1 00005108 00005044 000 342 43063.7832378472
24.11.2017 18:47:52 +00.03820E+00  1003 008041 -1 00005109 00005044 000 344 43063.7832418287
24.11.2017 18:47:52 +00.03821E+00  1016 008041 -1 00005110 00005044 000 377 43063.7832461921
24.11.2017 18:47:52 +00.03820E+00  1034 008041 -1 00005111 00005044 000 340 43063.7832501273
24.11.2017 18:47:53 +00.03820E+00  1046 008041 -1 00005112 00005044 000 343 43063.7832540972
24.11.2017 18:47:53 +00.03821E+00  1070 008041 -1 00005113 00005044 000 343 43063.7832580671
24.11.2017 18:47:53 +00.03820E+00  1083 008041 -1 00005114 00005044 000 379 43063.7832624537
24.11.2017 18:47:54 +00.03821E+00  1100 008041 -1 00005115 00005044 000 341 43063.7832664005
24.11.2017 18:47:54 +00.03821E+00  1110 008041 -1 00005116 00005044 000 341 43063.7832703472
24.11.2017 18:47:54 +00.03821E+00  1115 008039 -1 00005117 00005044 000 343 43063.7832743171
24.11.2017 18:47:55 +00.03820E+00  1132 008039 -1 00005118 00005044 000 380 43063.7832787153
24.11.2017 18:47:55 +00.03820E+00  1154 008039 -1 00005119 00005044 000 344 43063.7832826968
24.11.2017 18:47:55 +00.03820E+00  1177 008039 -1 00005120 00005044 000 343 43063.7832866667
24.11.2017 18:47:56 +00.03820E+00  1196 008039 -1 00005121 00005044 000 343 43063.7832906366
24.11.2017 18:47:56 +00.03820E+00  1211 008039 -1 00005122 00005044 000 375 43063.7832949768
24.11.2017 18:47:57 +00.03820E+00  1224 008039 -1 00005123 00005044 000 343 43063.7832989468
24.11.2017 18:47:57 +00.03820E+00  1232 008039 -1 00005124 00005044 000 343 43063.7833029167
24.11.2017 18:47:57 +00.03819E+00  1244 008039 -1 00005125 00005044 000 343 43063.7833068866
24.11.2017 18:47:58 +00.03820E+00  1254 008039 -1 00005126 00005044 000 376 43063.7833112384
24.11.2017 18:47:58 +00.03820E+00  1270 008039 -1 00005127 00005044 000 342 43063.7833151968
24.11.2017 18:47:58 +00.03819E+00  1291 008039 -1 00005128 00005044 000 343 43063.7833191667
24.11.2017 18:48:04 +00.03800E+00  0010 007998 -1 00005129 00005129 000 342 43063.7833836806
24.11.2017 18:48:04 +00.03800E+00  0024 007998 -1 00005130 00005129 000 343 43063.7833876505
24.11.2017 18:48:05 +00.03800E+00  0038 007998 -1 00005131 00005129 000 343 43063.7833916204
24.11.2017 18:48:05 +00.03800E+00  0051 007998 -1 00005132 00005129 000 361 43063.7833957986
24.11.2017 18:48:05 +00.03800E+00  0069 007998 -1 00005133 00005129 000 345 43063.7833997917
24.11.2017 18:48:06 +00.03800E+00  0088 007998 -1 00005134 00005129 000 342 43063.78340375
24.11.2017 18:48:06 +00.03800E+00  0102 007998 -1 00005135 00005129 000 342 43063.7834077199
24.11.2017 18:48:06 +00.03800E+00  0122 007998 -1 00005136 00005129 000 374 43063.7834120602
24.11.2017 18:48:07 +00.03800E+00  0135 007998 -1 00005137 00005129 000 342 43063.7834160301
24.11.2017 18:48:07 +00.03800E+00  0150 007998 -1 00005138 00005129 000 343 43063.78342
24.11.2017 18:48:07 +00.03800E+00  0169 007998 -1 00005139 00005129 000 343 43063.7834239699
24.11.2017 18:48:08 +00.03800E+00  0177 007998 -1 00005140 00005129 000 376 43063.7834283218
24.11.2017 18:48:08 +00.03800E+00  0193 007998 -1 00005141 00005129 000 342 43063.7834322801
24.11.2017 18:48:08 +00.03800E+00  0199 007998 -1 00005142 00005129 000 343 43063.78343625
24.11.2017 18:48:09 +00.03800E+00  0213 007998 -1 00005143 00005129 000 343 43063.7834402199
24.11.2017 18:48:09 +00.03800E+00  0221 007998 -1 00005144 00005129 000 377 43063.7834445833
24.11.2017 18:48:09 +00.03800E+00  0241 007998 -1 00005145 00005129 000 341 43063.7834485301
24.11.2017 18:48:10 +00.03800E+00  0255 007998 -1 00005146 00005129 000 343 43063.7834525
24.11.2017 18:48:10 +00.03800E+00  0278 007998 -1 00005147 00005129 000 344 43063.7834564815
24.11.2017 18:48:11 +00.03800E+00  0292 007998 -1 00005148 00005129 000 377 43063.7834608449
24.11.2017 18:48:11 +00.03800E+00  0305 007998 -1 00005149 00005129 000 340 43063.7834647801
24.11.2017 18:48:11 +00.03800E+00  0320 007998 -1 00005150 00005129 000 343 43063.78346875
24.11.2017 18:48:12 +00.03800E+00  0338 007998 -1 00005151 00005129 000 343 43063.7834727199
24.11.2017 18:48:12 +00.03800E+00  0352 007998 -1 00005152 00005129 000 379 43063.7834771065
24.11.2017 18:48:12 +00.03800E+00  0372 007998 -1 00005153 00005129 000 345 43063.7834810995
24.11.2017 18:48:13 +00.03800E+00  0387 007998 -1 00005154 00005129 000 343 43063.7834850694
24.11.2017 18:48:13 +00.03800E+00  0399 007998 -1 00005155 00005129 000 343 43063.7834890393
24.11.2017 18:48:13 +00.03800E+00  0415 007998 -1 00005156 00005129 000 374 43063.7834933681
24.11.2017 18:48:14 +00.03800E+00  0432 007998 -1 00005157 00005129 000 344 43063.7834973495
24.11.2017 18:48:14 +00.03800E+00  0446 007998 -1 00005158 00005129 000 342 43063.7835013079
24.11.2017 18:48:14 +00.03800E+00  0464 007998 -1 00005159 00005129 000 344 43063.7835053009
24.11.2017 18:48:15 +00.03800E+00  0482 007998 -1 00005160 00005129 000 374 43063.7835096296
24.11.2017 18:48:15 +00.03800E+00  0499 007998 -1 00005161 00005129 000 342 43063.783513588
24.11.2017 18:48:15 +00.03800E+00  0517 007998 -1 00005162 00005129 000 343 43063.7835175579
24.11.2017 18:48:16 +00.03800E+00  0539 007998 -1 00005163 00005129 000 343 43063.7835215278
24.11.2017 18:48:16 +00.03800E+00  0558 007998 -1 00005164 00005129 000 377 43063.7835258912
24.11.2017 18:48:16 +00.03800E+00  0580 007998 -1 00005165 00005129 000 341 43063.783529838
24.11.2017 18:48:17 +00.03800E+00  0593 007998 -1 00005166 00005129 000 343 43063.7835338079
24.11.2017 18:48:17 +00.03800E+00  0611 007998 -1 00005167 00005129 000 343 43063.7835377778
24.11.2017 18:48:18 +00.03800E+00  0628 007998 -1 00005168 00005129 000 378 43063.7835421528
24.11.2017 18:48:18 +00.03800E+00  0646 007998 -1 00005169 00005129 000 340 43063.783546088
24.11.2017 18:48:18 +00.03800E+00  0660 007998 -1 00005170 00005129 000 343 43063.7835500579
24.11.2017 18:48:19 +00.03800E+00  0682 007998 -1 00005171 00005129 000 343 43063.7835540278
24.11.2017 18:48:19 +00.03800E+00  0691 007998 -1 00005172 00005129 000 379 43063.7835584144
24.11.2017 18:48:19 +00.03800E+00  0701 007998 -1 00005173 00005129 000 340 43063.7835623495
24.11.2017 18:48:20 +00.03800E+00  0719 007998 -1 00005174 00005129 000 342 43063.7835663079
24.11.2017 18:48:20 +00.03800E+00  0733 007998 -1 00005175 00005129 000 343 43063.7835702778
24.11.2017 18:48:20 +00.03800E+00  0742 007998 -1 00005176 00005129 000 380 43063.7835746759
24.11.2017 18:48:21 +00.03800E+00  0753 007998 -1 00005177 00005129 000 344 43063.7835786574
24.11.2017 18:48:21 +00.03800E+00  0765 007998 -1 00005178 00005129 000 343 43063.7835826273
24.11.2017 18:48:21 +00.03800E+00  0791 007998 -1 00005179 00005129 000 343 43063.7835865972
24.11.2017 18:48:22 +00.03800E+00  0805 007998 -1 00005180 00005129 000 375 43063.7835909375
24.11.2017 18:48:22 +00.03800E+00  0825 007998 -1 00005181 00005129 000 342 43063.7835948958
24.11.2017 18:48:22 +00.03800E+00  0837 007998 -1 00005182 00005129 000 343 43063.7835988773
24.11.2017 18:48:23 +00.03800E+00  0850 007998 -1 00005183 00005129 000 343 43063.7836028472
24.11.2017 18:48:23 +00.03800E+00  0858 007998 -1 00005184 00005129 000 376 43063.7836071991
24.11.2017 18:48:24 +00.03800E+00  0880 007998 -1 00005185 00005129 000 341 43063.7836111458
24.11.2017 18:48:24 +00.03800E+00  0897 007998 -1 00005186 00005129 000 343 43063.7836151157
24.11.2017 18:48:24 +00.03800E+00  0907 007998 -1 00005187 00005129 000 342 43063.7836190856
24.11.2017 18:48:25 +00.03800E+00  0924 007998 -1 00005188 00005129 000 378 43063.7836234722
24.11.2017 18:48:25 +00.03800E+00  0945 007998 -1 00005189 00005129 000 340 43063.7836274074
24.11.2017 18:48:25 +00.03800E+00  0957 007998 -1 00005190 00005129 000 342 43063.7836313657
24.11.2017 18:48:26 +00.03800E+00  0973 007998 -1 00005191 00005129 000 343 43063.7836353356
24.11.2017 18:48:26 +00.03800E+00  0988 007998 -1 00005192 00005129 000 379 43063.7836397222
24.11.2017 18:48:26 +00.03800E+00  1004 007998 -1 00005193 00005129 000 340 43063.7836436574
24.11.2017 18:48:27 +00.03800E+00  1015 007998 -1 00005194 00005129 000 342 43063.7836476157
24.11.2017 18:48:27 +00.03800E+00  1032 007998 -1 00005195 00005129 000 343 43063.7836515856
24.11.2017 18:48:27 +00.03800E+00  1043 007998 -1 00005196 00005129 000 380 43063.7836559838
24.11.2017 18:48:28 +00.03800E+00  1055 007998 -1 00005197 00005129 000 344 43063.7836599653
24.11.2017 18:48:28 +00.03800E+00  1066 007998 -1 00005198 00005129 000 343 43063.7836639352
24.11.2017 18:48:28 +00.03800E+00  1080 007998 -1 00005199 00005129 000 343 43063.7836679051
24.11.2017 18:48:29 +00.03800E+00  1090 007998 -1 00005200 00005129 000 375 43063.7836722454
24.11.2017 18:48:29 +00.03800E+00  1103 007998 -1 00005201 00005129 000 343 43063.7836762153
24.11.2017 18:48:29 +00.03800E+00  1116 007998 -1 00005202 00005129 000 343 43063.7836801852
24.11.2017 18:48:30 +00.03800E+00  1135 007998 -1 00005203 00005129 000 343 43063.7836841551
24.11.2017 18:48:30 +00.03800E+00  1150 007998 -1 00005204 00005129 000 377 43063.7836885185
24.11.2017 18:48:31 +00.03800E+00  1164 007998 -1 00005205 00005129 000 341 43063.7836924653
24.11.2017 18:48:31 +00.03800E+00  1184 007998 -1 00005206 00005129 000 343 43063.7836964352
24.11.2017 18:48:31 +00.03800E+00  1197 007998 -1 00005207 00005129 000 343 43063.7837004051
24.11.2017 18:48:32 +00.03800E+00  1211 007998 -1 00005208 00005129 000 378 43063.7837047801
24.11.2017 18:48:32 +00.03800E+00  1220 007998 -1 00005209 00005129 000 340 43063.7837087153
24.11.2017 18:48:32 +00.03800E+00  1238 007998 -1 00005210 00005129 000 342 43063.7837126736
24.11.2017 18:48:33 +00.03800E+00  1246 007998 -1 00005211 00005129 000 344 43063.7837166551
24.11.2017 18:48:33 +00.03800E+00  1262 007998 -1 00005212 00005129 000 378 43063.7837210301
24.11.2017 18:48:33 +00.03800E+00  1281 007998 -1 00005213 00005129 000 344 43063.7837250231