
24.11.2017 16:37:24 +00.03602E+00  0023 007584 1 00000002 00000004 000 45 43063.6926502315
24.11.2017 16:37:25 +00.03602E+00  0037 007584 1 00000003 00000004 000 398 43063.692654838
24.11.2017 16:37:25 +00.03603E+00  0055 007584 1 00000004 00000004 000 345 43063.692658831
24.11.2017 16:37:26 +00.03603E+00  0065 007584 1 00000005 00000004 000 343 43063.6926628009
24.11.2017 16:37:26 +00.03602E+00  0074 007584 1 00000006 00000004 000 343 43063.6926667708
24.11.2017 16:37:26 +00.03603E+00  0087 007584 1 00000007 00000004 000 374 43063.6926710995
24.11.2017 16:37:27 +00.03603E+00  0101 007584 1 00000008 00000004 000 343 43063.6926750694
24.11.2017 16:37:27 +00.03603E+00  0116 007584 1 00000009 00000004 000 343 43063.6926790509
24.11.2017 16:37:27 +00.03603E+00  0133 007584 1 00000010 00000004 000 342 43063.6926830093
24.11.2017 16:37:28 +00.03603E+00  0143 007584 1 00000011 00000004 000 375 43063.6926873611
24.11.2017 16:37:28 +00.03603E+00  0161 007584 1 00000012 00000004 000 341 43063.6926913194
24.11.2017 16:37:28 +00.03603E+00  0184 007584 1 00000013 00000004 000 343 43063.6926952894
24.11.2017 16:37:29 +00.03603E+00  0200 007584 1 00000014 00000004 000 343 43063.6926992593
24.11.2017 16:37:29 +00.03603E+00  0215 007584 1 00000015 00000004 000 377 43063.6927036227
24.11.2017 16:37:29 +00.03603E+00  0232 007584 1 00000016 00000004 000 341 43063.692707581
24.11.2017 16:37:30 +00.03602E+00  0249 007578 1 00000017 00000004 000 342 43063.6927115393
24.11.2017 16:37:30 +00.03601E+00  0265 007578 1 00000018 00000004 000 343 43063.6927155093
24.11.2017 16:37:30 +00.03600E+00  0281 007578 1 00000019 00000004 000 378 43063.6927198843
24.11.2017 16:37:33 +00.03640E+00  0014 007665 1 00000020 00000020 000 377 43063.6927459028
24.11.2017 16:37:33 +00.03640E+00  0030 007665 1 00000021 00000020 000 340 43063.692749838
24.11.2017 16:37:33 +00.03641E+00  0044 007665 1 00000022 00000020 000 342 43063.6927538079
24.11.2017 16:37:34 +00.03641E+00  0059 007665 1 00000023 00000020 000 343 43063.6927577778
24.11.2017 16:37:34 +00.03641E+00  0075 007665 1 00000024 00000020 000 379 43063.6927621644
24.11.2017 16:37:34 +00.03641E+00  0095 007665 1 00000025 00000020 000 340 43063.6927660995
24.11.2017 16:37:35 +00.03641E+00  0109 007665 1 00000026 00000020 000 341 43063.6927700579
24.11.2017 16:37:35 +00.03641E+00  0119 007665 1 00000027 00000020 000 343 43063.6927740278
24.11.2017 16:37:36 +00.03641E+00  0131 007665 1 00000028 00000020 000 380 43063.6927784259
24.11.2017 16:37:36 +00.03641E+00  0147 007665 1 00000029 00000020 000 344 43063.6927824074
24.11.2017 16:37:36 +00.03641E+00  0164 007665 1 00000030 00000020 000 343 43063.6927863773
24.11.2017 16:37:37 +00.03641E+00  0181 007665 1 00000031 00000020 000 343 43063.6927903472
24.11.2017 16:37:37 +00.03641E+00  0199 007665 1 00000032 00000020 000 375 43063.6927946875
24.11.2017 16:37:37 +00.03641E+00  0210 007665 1 00000033 00000020 000 342 43063.6927986458
24.11.2017 16:37:38 +00.03641E+00  0223 007665 1 00000034 00000020 000 343 43063.6928026273
24.11.2017 16:37:38 +00.03640E+00  0232 007642 1 00000035 00000020 000 342 43063.6928065856
24.11.2017 16:37:38 +00.03633E+00  0255 007642 1 00000036 00000020 000 376 43063.6928109491
24.11.2017 16:37:41 +00.03664E+00  0011 007714 1 00000037 00000037 000 342 43063.6928411458
24.11.2017 16:37:41 +00.03665E+00  0030 007714 1 00000038 00000037 000 342 43063.6928451157
24.11.2017 16:37:42 +00.03665E+00  0049 007714 1 00000039 00000037 000 421 43063.69285
24.11.2017 16:37:42 +00.03665E+00  0072 007714 1 00000040 00000037 000 341 43063.6928539468
24.11.2017 16:37:42 +00.03665E+00  0088 007714 1 00000041 00000037 000 343 43063.6928579167
24.11.2017 16:37:43 +00.03665E+00  0105 007714 1 00000042 00000037 000 343 43063.6928618866
24.11.2017 16:37:43 +00.03665E+00  0120 007714 1 00000043 00000037 000 377 43063.69286625
24.11.2017 16:37:43 +00.03665E+00  0130 007714 1 00000044 00000037 000 340 43063.6928701852
24.11.2017 16:37:44 +00.03665E+00  0149 007714 1 00000045 00000037 000 342 43063.6928741551
24.11.2017 16:37:44 +00.03665E+00  0161 007714 1 00000046 00000037 000 342 43063.692878125
24.11.2017 16:37:45 +00.03665E+00  0171 007714 1 00000047 00000037 000 377 43063.6928825
24.11.2017 16:37:45 +00.03665E+00  0186 007714 1 00000048 00000037 000 340 43063.6928864468
24.11.2017 16:37:45 +00.03665E+00  0206 007714 1 00000049 00000037 000 342 43063.6928904051
24.11.2017 16:37:46 +00.03665E+00  0223 007714 1 00000050 00000037 000 343 43063.692894375
24.11.2017 16:37:46 +00.03663E+00  0241 007704 1 00000051 00000037 000 379 43063.6928987616
24.11.2017 16:37:46 +00.03662E+00  0254 007704 1 00000052 00000037 000 344 43063.6929027546
24.11.2017 16:37:47 +00.03661E+00  0265 007704 1 00000053 00000037 000 342 43063.6929067245
24.11.2017 16:37:49 +00.03693E+00  0010 007776 1 00000054 00000054 000 342 43063.6929322338
24.11.2017 16:37:49 +00.03694E+00  0019 007776 1 00000055 00000054 000 343 43063.6929362037
24.11.2017 16:37:50 +00.03694E+00  0033 007776 1 00000056 00000054 000 418 43063.6929410417
24.11.2017 16:37:50 +00.03694E+00  0055 007776 1 00000057 00000054 000 343 43063.6929450231
24.11.2017 16:37:50 +00.03694E+00  0077 007776 1 00000058 00000054 000 343 43063.6929489931
24.11.2017 16:37:51 +00.03694E+00  0095 007776 1 00000059 00000054 000 343 43063.692952963
24.11.2017 16:37:51 +00.03694E+00  0104 007776 1 00000060 00000054 000 374 43063.6929573032
24.11.2017 16:37:51 +00.03694E+00  0123 007776 1 00000061 00000054 000 342 43063.6929612731
24.11.2017 16:37:52 +00.03694E+00  0132 007776 1 00000062 00000054 000 343 43063.6929652431
24.11.2017 16:37:52 +00.03694E+00  0147 007776 1 00000063 00000054 000 343 43063.692969213
24.11.2017 16:37:52 +00.03694E+00  0163 007776 1 00000064 00000054 000 376 43063.6929735648
24.11.2017 16:37:53 +00.03694E+00  0178 007776 1 00000065 00000054 000 342 43063.6929775231
24.11.2017 16:37:53 +00.03694E+00  0195 007776 1 00000066 00000054 000 343 43063.6929814931
24.11.2017 16:37:53 +00.03694E+00  0210 007776 1 00000067 00000054 000 343 43063.692985463
24.11.2017 16:37:54 +00.03694E+00  0223 007768 1 00000068 00000054 000 378 43063.692989838
24.11.2017 16:37:54 +00.03693E+00  0235 007768 1 00000069 00000054 000 341 43063.6929937847
24.11.2017 16:37:55 +00.03692E+00  0242 007768 1 00000070 00000054 000 342 43063.6929977431
24.11.2017 16:37:57 +00.03725E+00  0013 007842 1 00000071 00000071 000 343 43063.6930274537
24.11.2017 16:37:57 +00.03726E+00  0024 007842 1 00000072 00000071 000 403 43063.6930321181
24.11.2017 16:37:58 +00.03726E+00  0039 007842 1 00000073 00000071 000 340 43063.6930360532
24.11.2017 16:37:58 +00.03726E+00  0055 007842 1 00000074 00000071 000 343 43063.6930400232
24.11.2017 16:37:59 +00.03725E+00  0065 007842 1 00000075 00000071 000 343 43063.6930439931
24.11.2017 16:37:59 +00.03726E+00  0085 007842 1 00000076 00000071 000 379 43063.6930483796
24.11.2017 16:37:59 +00.03726E+00  0095 007842 1 00000077 00000071 000 345 43063.6930523727
24.11.2017 16:38:00 +00.03726E+00  0109 007842 1 00000078 00000071 000 343 43063.6930563426
24.11.2017 16:38:00 +00.03726E+00  0119 007842 1 00000079 00000071 000 343 43063.6930603125
24.11.2017 16:38:00 +00.03726E+00  0136 007842 1 00000080 00000071 000 374 43063.6930646412
24.11.2017 16:38:01 +00.03726E+00  0152 007842 1 00000081 00000071 000 343 43063.6930686111
24.11.2017 16:38:01 +00.03726E+00  0170 007842 1 00000082 00000071 000 343 43063.6930725926
24.11.2017 16:38:01 +00.03726E+00  0192 007842 1 00000083 00000071 000 343 43063.6930765625
24.11.2017 16:38:02 +00.03726E+00  0209 007842 1 00000084 00000071 000 375 43063.6930809028
24.11.2017 16:38:02 +00.03724E+00  0222 007830 1 00000085 00000071 000 342 43063.6930848611
24.11.2017 16:38:02 +00.03723E+00  0241 007830 1 00000086 00000071 000 342 43063.693088831
24.11.2017 16:38:03 +00.03721E+00  0252 007830 1 00000087 00000071 000 342 43063.6930928009
24.11.2017 16:38:05 +00.03753E+00  0014 007902 1 00000088 00000088 000 342 43063.6931185301
24.11.2017 16:38:05 +00.03754E+00  0025 007902 1 00000089 00000088 000 401 43063.6931231713
24.11.2017 16:38:06 +00.03754E+00  0033 007902 1 00000090 00000088 000 341 43063.6931271296
24.11.2017 16:38:06 +00.03754E+00  0047 007902 1 00000091 00000088 000 342 43063.6931310995
24.11.2017 16:38:06 +00.03754E+00  0059 007902 1 00000092 00000088 000 342 43063.6931350694
24.11.2017 16:38:07 +00.03754E+00  0077 007902 1 00000093 00000088 000 376 43063.6931394329
24.11.2017 16:38:07 +00.03754E+00  0094 007902 1 00000094 00000088 000 340 43063.6931433796
24.11.2017 16:38:07 +00.03754E+00  0104 007902 1 00000095 00000088 000 342 43063.6931473495
24.11.2017 16:38:08 +00.03755E+00  0116 007902 1 00000096 00000088 000 343 43063.6931513194
24.11.2017 16:38:08 +00.03755E+00  0127 007902 1 00000097 00000088 000 379 43063.693155706
24.11.2017 16:38:08 +00.03754E+00  0136 007902 1 00000098 00000088 000 340 43063.6931596412
24.11.2017 16:38:09 +00.03754E+00  0150 007902 1 00000099 00000088 000 342 43063.6931635995
24.11.2017 16:38:09 +00.03755E+00  0169 007902 1 00000100 00000088 000 343 43063.6931675694
24.11.2017 16:38:10 +00.03754E+00  0182 007902 1 00000101 00000088 000 380 43063.6931719676
24.11.2017 16:38:10 +00.03754E+00  0202 007894 1 00000102 00000088 000 344 43063.6931759491
24.11.2017 16:38:10 +00.03753E+00  0216 007894 1 00000103 00000088 000 343 43063.693179919
24.11.2017 16:38:11 +00.03752E+00  0226 007894 1 00000104 00000088 000 343 43063.6931838889