
24.11.2017 16:38:15 +00.03799E+00  0011 007995 1 00000105 00000105 000 342 43063.6932356481
24.11.2017 16:38:15 +00.03799E+00  0025 007995 1 00000106 00000105 000 398 43063.6932402662
24.11.2017 16:38:16 +00.03799E+00  0047 007995 1 00000107 00000105 000 344 43063.6932442477
24.11.2017 16:38:16 +00.03799E+00  0061 007995 1 00000108 00000105 000 343 43063.6932482176
24.11.2017 16:38:16 +00.03799E+00  0071 007995 1 00000109 00000105 000 343 43063.6932521875
24.11.2017 16:38:17 +00.03799E+00  0088 007995 1 00000110 00000105 000 375 43063.6932565278
24.11.2017 16:38:17 +00.03799E+00  0107 007995 1 00000111 00000105 000 343 43063.6932604977
24.11.2017 16:38:18 +00.03799E+00  0118 007995 1 00000112 00000105 000 343 43063.6932644676
24.11.2017 16:38:18 +00.03799E+00  0136 007995 1 00000113 00000105 000 343 43063.6932684375
24.11.2017 16:38:18 +00.03798E+00  0149 007995 1 00000114 00000105 000 376 43063.6932727894
24.11.2017 16:38:19 +00.03799E+00  0164 007995 1 00000115 00000105 000 342 43063.6932767477
24.11.2017 16:38:19 +00.03799E+00  0178 007995 1 00000116 00000105 000 343 43063.6932807176
24.11.2017 16:38:19 +00.03799E+00  0189 007995 1 00000117 00000105 000 343 43063.6932846875
24.11.2017 16:38:20 +00.03798E+00  0213 007995 1 00000118 00000105 000 377 43063.6932890509
24.11.2017 16:38:20 +00.03799E+00  0230 007999 1 00000119 00000105 000 340 43063.6932929861
24.11.2017 16:38:20 +00.03799E+00  0246 007999 1 00000120 00000105 000 342 43063.693296956
24.11.2017 16:38:21 +00.03800E+00  0258 007999 1 00000121 00000105 000 343 43063.6933009375
24.11.2017 16:38:23 +00.03824E+00  0007 008050 1 00000122 00000122 000 377 43063.693331331
24.11.2017 16:38:24 +00.03825E+00  0017 008050 1 00000123 00000122 000 341 43063.6933352778
24.11.2017 16:38:24 +00.03825E+00  0029 008050 1 00000124 00000122 000 343 43063.6933392477
24.11.2017 16:38:24 +00.03825E+00  0044 008050 1 00000125 00000122 000 343 43063.6933432176
24.11.2017 16:38:25 +00.03825E+00  0048 008050 1 00000126 00000122 000 378 43063.6933475926
24.11.2017 16:38:25 +00.03825E+00  0064 008050 1 00000127 00000122 000 340 43063.6933515278
24.11.2017 16:38:25 +00.03825E+00  0087 008050 1 00000128 00000122 000 342 43063.6933554861
24.11.2017 16:38:26 +00.03825E+00  0100 008050 1 00000129 00000122 000 342 43063.693359456
24.11.2017 16:38:26 +00.03825E+00  0113 008050 1 00000130 00000122 000 380 43063.6933638657
24.11.2017 16:38:26 +00.03825E+00  0126 008050 1 00000131 00000122 000 342 43063.6933678357
24.11.2017 16:38:27 +00.03825E+00  0143 008050 1 00000132 00000122 000 342 43063.6933718056
24.11.2017 16:38:27 +00.03825E+00  0165 008050 1 00000133 00000122 000 342 43063.6933757755
24.11.2017 16:38:28 +00.03826E+00  0182 008050 1 00000134 00000122 000 373 43063.6933801042
24.11.2017 16:38:28 +00.03824E+00  0192 008050 1 00000135 00000122 000 343 43063.6933840857
24.11.2017 16:38:28 +00.03825E+00  0204 008042 1 00000136 00000122 000 343 43063.6933880556
24.11.2017 16:38:29 +00.03825E+00  0217 008042 1 00000137 00000122 000 343 43063.6933920255
24.11.2017 16:38:29 +00.03822E+00  0236 008042 1 00000138 00000122 000 376 43063.6933963773
24.11.2017 16:38:31 +00.03842E+00  0017 008087 1 00000139 00000139 000 381 43063.6934223958
24.11.2017 16:38:32 +00.03842E+00  0039 008087 1 00000140 00000139 000 343 43063.6934263657
24.11.2017 16:38:32 +00.03842E+00  0052 008087 1 00000141 00000139 000 343 43063.6934303356
24.11.2017 16:38:32 +00.03842E+00  0068 008087 1 00000142 00000139 000 342 43063.693434294
24.11.2017 16:38:33 +00.03842E+00  0085 008087 1 00000143 00000139 000 377 43063.6934386574
24.11.2017 16:38:33 +00.03841E+00  0100 008087 1 00000144 00000139 000 340 43063.6934426042
24.11.2017 16:38:33 +00.03843E+00  0118 008087 1 00000145 00000139 000 342 43063.6934465741
24.11.2017 16:38:34 +00.03843E+00  0141 008087 1 00000146 00000139 000 343 43063.693450544
24.11.2017 16:38:34 +00.03843E+00  0154 008087 1 00000147 00000139 000 378 43063.693454919
24.11.2017 16:38:34 +00.03843E+00  0174 008087 1 00000148 00000139 000 340 43063.6934588542
24.11.2017 16:38:35 +00.03842E+00  0183 008087 1 00000149 00000139 000 342 43063.6934628241
24.11.2017 16:38:35 +00.03843E+00  0197 008087 1 00000150 00000139 000 343 43063.693466794
24.11.2017 16:38:35 +00.03842E+00  0216 008087 1 00000151 00000139 000 379 43063.6934711806
24.11.2017 16:38:36 +00.03842E+00  0225 008087 1 00000152 00000139 000 345 43063.6934751736
24.11.2017 16:38:36 +00.03842E+00  0233 008087 1 00000153 00000139 000 343 43063.6934791435
24.11.2017 16:38:36 +00.03843E+00  0242 008083 1 00000154 00000139 000 343 43063.6934831134
24.11.2017 16:38:37 +00.03841E+00  0255 008083 1 00000155 00000139 000 374 43063.6934874421
24.11.2017 16:38:37 +00.03841E+00  0268 008083 1 00000156 00000139 000 343 43063.693491412
24.11.2017 16:38:39 +00.03863E+00  0013 008132 1 00000157 00000157 000 343 43063.693517662
24.11.2017 16:38:40 +00.03863E+00  0027 008132 1 00000158 00000157 000 343 43063.6935216319
24.11.2017 16:38:40 +00.03864E+00  0043 008132 1 00000159 00000157 000 418 43063.6935264699
24.11.2017 16:38:41 +00.03863E+00  0055 008132 1 00000160 00000157 000 343 43063.6935304398
24.11.2017 16:38:41 +00.03863E+00  0067 008132 1 00000161 00000157 000 343 43063.6935344213
24.11.2017 16:38:41 +00.03864E+00  0090 008132 1 00000162 00000157 000 343 43063.6935383912
24.11.2017 16:38:42 +00.03864E+00  0104 008132 1 00000163 00000157 000 375 43063.6935427315
24.11.2017 16:38:42 +00.03864E+00  0126 008132 1 00000164 00000157 000 343 43063.6935467014
24.11.2017 16:38:42 +00.03864E+00  0139 008132 1 00000165 00000157 000 342 43063.6935506597
24.11.2017 16:38:43 +00.03864E+00  0159 008132 1 00000166 00000157 000 342 43063.6935546296
24.11.2017 16:38:43 +00.03864E+00  0165 008132 1 00000167 00000157 000 376 43063.6935589931
24.11.2017 16:38:43 +00.03864E+00  0184 008132 1 00000168 00000157 000 340 43063.6935629398
24.11.2017 16:38:44 +00.03864E+00  0200 008132 1 00000169 00000157 000 344 43063.6935669213
24.11.2017 16:38:44 +00.03864E+00  0212 008132 1 00000170 00000157 000 342 43063.6935708796
24.11.2017 16:38:44 +00.03865E+00  0223 008124 1 00000171 00000157 000 378 43063.6935752546
24.11.2017 16:38:45 +00.03862E+00  0241 008124 1 00000172 00000157 000 340 43063.6935792014
24.11.2017 16:38:45 +00.03861E+00  0258 008124 1 00000173 00000157 000 342 43063.6935831713
24.11.2017 16:38:48 +00.03882E+00  0017 008173 1 00000174 00000174 000 342 43063.6936128704
24.11.2017 16:38:48 +00.03883E+00  0033 008173 1 00000175 00000174 000 402 43063.6936175347
24.11.2017 16:38:48 +00.03883E+00  0054 008173 1 00000176 00000174 000 340 43063.6936214815
24.11.2017 16:38:49 +00.03883E+00  0068 008173 1 00000177 00000174 000 341 43063.6936254398
24.11.2017 16:38:49 +00.03883E+00  0084 008173 1 00000178 00000174 000 343 43063.6936294097
24.11.2017 16:38:49 +00.03883E+00  0097 008173 1 00000179 00000174 000 379 43063.6936337963
24.11.2017 16:38:50 +00.03883E+00  0114 008173 1 00000180 00000174 000 344 43063.6936377894
24.11.2017 16:38:50 +00.03883E+00  0125 008173 1 00000181 00000174 000 343 43063.6936417593
24.11.2017 16:38:50 +00.03883E+00  0141 008173 1 00000182 00000174 000 343 43063.6936457292
24.11.2017 16:38:51 +00.03883E+00  0162 008173 1 00000183 00000174 000 374 43063.6936500579
24.11.2017 16:38:51 +00.03883E+00  0173 008173 1 00000184 00000174 000 344 43063.6936540394
24.11.2017 16:38:52 +00.03883E+00  0190 008173 1 00000185 00000174 000 343 43063.6936580093
24.11.2017 16:38:52 +00.03884E+00  0208 008173 1 00000186 00000174 000 343 43063.6936619792
24.11.2017 16:38:52 +00.03883E+00  0228 008173 1 00000187 00000174 000 375 43063.6936663194
24.11.2017 16:38:53 +00.03883E+00  0242 008167 1 00000188 00000174 000 343 43063.6936702894
24.11.2017 16:38:53 +00.03882E+00  0258 008167 1 00000189 00000174 000 343 43063.6936742593
24.11.2017 16:38:53 +00.03881E+00  0267 008167 1 00000190 00000174 000 343 43063.6936782292
24.11.2017 16:38:54 +00.03880E+00  0283 008167 1 00000191 00000174 000 376 43063.693682581
24.11.2017 16:38:54 +00.03881E+00  0299 008167 1 00000192 00000174 000 341 43063.6936865278
24.11.2017 16:38:54 +00.03880E+00  0311 008167 1 00000193 00000174 000 343 43063.6936905093
24.11.2017 16:38:55 +00.03881E+00  0324 008167 1 00000194 00000174 000 343 43063.6936944792
24.11.2017 16:38:55 +00.03881E+00  0335 008167 1 00000195 00000174 000 378 43063.6936988542
24.11.2017 16:38:55 +00.03880E+00  0358 008167 1 00000196 00000174 000 340 43063.6937027894
24.11.2017 16:38:56 +00.03880E+00  0371 008167 1 00000197 00000174 000 341 43063.6937067477
24.11.2017 16:38:56 +00.03880E+00  0386 008167 1 00000198 00000174 000 342 43063.6937107176
24.11.2017 16:38:56 +00.03881E+00  0398 008167 1 00000199 00000174 000 379 43063.6937151157
24.11.2017 16:38:57 +00.03880E+00  0408 008167 1 00000200 00000174 000 345 43063.6937191088
24.11.2017 16:38:57 +00.03880E+00  0424 008167 1 00000201 00000174 000 342 43063.6937230671
24.11.2017 16:38:58 +00.03880E+00  0433 008167 1 00000202 00000174 000 342 43063.693727037
24.11.2017 16:38:58 +00.03881E+00  0443 008167 1 00000203 00000174 000 374 43063.6937313773
24.11.2017 16:38:58 +00.03880E+00  0454 008167 1 00000204 00000174 000 343 43063.6937353472
24.11.2017 16:38:59 +00.03880E+00  0467 008167 1 00000205 00000174 000 343 43063.6937393171
24.11.2017 16:38:59 +00.03879E+00  0485 008167 1 00000206 00000174 000 342 43063.693743287
24.11.2017 16:38:59 +00.03880E+00  0494 008167 1 00000207 00000174 000 374 43063.6937476273
24.11.2017 16:39:00 +00.03881E+00  0511 008167 1 00000208 00000174 000 343 43063.6937515972
24.11.2017 16:39:00 +00.03881E+00  0525 008167 1 00000209 00000174 000 343 43063.6937555671
24.11.2017 16:39:00 +00.03881E+00  0534 008167 1 00000210 00000174 000 343 43063.693759537
24.11.2017 16:39:01 +00.03881E+00  0544 008167 1 00000211 00000174 000 376 43063.6937638889
24.11.2017 16:39:01 +00.03881E+00  0563 008167 1 00000212 00000174 000 341 43063.6937678472
24.11.2017 16:39:01 +00.03880E+00  0573 008167 1 00000213 00000174 000 343 43063.6937718171
24.11.2017 16:39:02 +00.03881E+00  0588 008167 1 00000214 00000174 000 343 43063.693775787
24.11.2017 16:39:02 +00.03881E+00  0601 008167 1 00000215 00000174 000 378 43063.693780162
24.11.2017 16:39:02 +00.03879E+00  0615 008167 1 00000216 00000174 000 340 43063.6937840972
24.11.2017 16:39:03 +00.03881E+00  0632 008167 1 00000217 00000174 000 342 43063.6937880671
24.11.2017 16:39:03 +00.03879E+00  0647 008167 1 00000218 00000174 000 343 43063.693792037
24.11.2017 16:39:04 +00.03881E+00  0662 008167 1 00000219 00000174 000 378 43063.693796412
24.11.2017 16:39:04 +00.03884E+00  0678 008167 1 00000220 00000174 000 340 43063.6938003472
24.11.2017 16:39:04 +00.03880E+00  0693 008167 1 00000221 00000174 000 341 43063.6938043056
24.11.2017 16:39:05 +00.03881E+00  0711 008167 1 00000222 00000174 000 343 43063.693808287
24.11.2017 16:39:05 +00.03878E+00  0728 008167 1 00000223 00000174 000 380 43063.6938126852
24.11.2017 16:39:05 +00.03884E+00  0745 008167 1 00000224 00000174 000 344 43063.6938166667
24.11.2017 16:39:06 +00.03882E+00  0768 008167 1 00000225 00000174 000 343 43063.6938206366
24.11.2017 16:39:06 +00.03880E+00  0783 008167 1 00000226 00000174 000 343 43063.6938246065
24.11.2017 16:39:06 +00.03881E+00  0793 008167 1 00000227 00000174 000 375 43063.6938289468
24.11.2017 16:39:07 +00.03877E+00  0805 008167 1 00000228 00000174 000 342 43063.6938329051
24.11.2017 16:39:07 +00.03882E+00  0820 008167 1 00000229 00000174 000 342 43063.693836875
24.11.2017 16:39:07 +00.03879E+00  0838 008167 1 00000230 00000174 000 342 43063.6938408449
24.11.2017 16:39:08 +00.03878E+00  0856 008167 1 00000231 00000174 000 375 43063.6938451968
24.11.2017 16:39:08 +00.03878E+00  0870 008167 1 00000232 00000174 000 341 43063.6938491551
24.11.2017 16:39:08 +00.03882E+00  0881 008167 1 00000233 00000174 000 343 43063.693853125
24.11.2017 16:39:09 +00.03884E+00  0898 008167 1 00000234 00000174 000 342 43063.6938570949
24.11.2017 16:39:09 +00.03867E+00  0918 008167 1 00000235 00000174 000 376 43063.6938614583
24.11.2017 16:39:09 +00.03889E+00  0932 008167 1 00000236 00000174 000 340 43063.6938654051
24.11.2017 16:39:10 +00.03882E+00  0947 008167 1 00000237 00000174 000 343 43063.693869375
24.11.2017 16:39:10 +00.03881E+00  0957 008167 1 00000238 00000174 000 343 43063.6938733449
24.11.2017 16:39:11 +00.03880E+00  0970 008167 1 00000239 00000174 000 380 43063.6938777431
24.11.2017 16:39:11 +00.03880E+00  0985 008167 1 00000240 00000174 000 344 43063.6938817245
24.11.2017 16:39:11 +00.03880E+00  0996 008167 1 00000241 00000174 000 343 43063.6938856944
24.11.2017 16:39:12 +00.03881E+00  1019 008167 1 00000242 00000174 000 344 43063.6938896759
24.11.2017 16:39:12 +00.03888E+00  1036 008167 1 00000243 00000174 000 373 43063.6938939931
24.11.2017 16:39:12 +00.03880E+00  1055 008167 1 00000244 00000174 000 344 43063.6938979745
24.11.2017 16:39:13 +00.03884E+00  1064 008167 1 00000245 00000174 000 343 43063.6939019444
24.11.2017 16:39:13 +00.03884E+00  1086 008167 1 00000246 00000174 000 343 43063.6939059144
24.11.2017 16:39:13 +00.03882E+00  1103 008167 1 00000247 00000174 000 375 43063.6939102546
24.11.2017 16:39:14 +00.03881E+00  1120 008167 1 00000248 00000174 000 343 43063.6939142245
24.11.2017 16:39:14 +00.03880E+00  1138 008167 1 00000249 00000174 000 343 43063.6939181944
24.11.2017 16:39:14 +00.03880E+00  1150 008167 1 00000250 00000174 000 343 43063.6939221644
24.11.2017 16:39:15 +00.03881E+00  1163 008167 1 00000251 00000174 000 376 43063.6939265162
24.11.2017 16:39:15 +00.03880E+00  1182 008167 1 00000252 00000174 000 341 43063.693930463
24.11.2017 16:39:15 +00.03881E+00  1198 008167 1 00000253 00000174 000 343 43063.6939344444
24.11.2017 16:39:16 +00.03881E+00  1214 008167 1 00000254 00000174 000 342 43063.6939384028
24.11.2017 16:39:16 +00.03880E+00  1233 008167 1 00000255 00000174 000 376 43063.6939427662
24.11.2017 16:39:16 +00.03880E+00  1246 008167 1 00000256 00000174 000 340 43063.693946713
24.11.2017 16:39:17 +00.03880E+00  1259 008167 1 00000257 00000174 000 343 43063.6939506944
24.11.2017 16:39:17 +00.03880E+00  1274 008167 1 00000258 00000174 000 343 43063.6939546644
24.11.2017 16:39:18 +00.03881E+00  1289 008167 1 00000259 00000174 000 377 43063.6939590278
24.11.2017 16:39:18 +00.03880E+00  1303 008167 1 00000260 00000174 000 341 43063.6939629861
24.11.2017 16:39:18 +00.03880E+00  1321 008167 1 00000261 00000174 000 341 43063.6939669329
24.11.2017 16:39:19 +00.03880E+00  1334 008167 1 00000262 00000174 000 343 43063.6939709028
24.11.2017 16:39:19 +00.03881E+00  1349 008167 1 00000263 00000174 000 380 43063.6939753009
24.11.2017 16:39:19 +00.03882E+00  1360 008167 1 00000264 00000174 000 344 43063.6939792824
24.11.2017 16:39:20 +00.03881E+00  1379 008167 1 00000265 00000174 000 343 43063.6939832523
24.11.2017 16:39:20 +00.03883E+00  1389 008167 1 00000266 00000174 000 343 43063.6939872222
24.11.2017 16:39:20 +00.03882E+00  1403 008167 1 00000267 00000174 000 374 43063.6939915625
24.11.2017 16:39:21 +00.03880E+00  1418 008167 1 00000268 00000174 000 343 43063.6939955324
24.11.2017 16:39:21 +00.03870E+00  1429 008167 1 00000269 00000174 000 343 43063.6939995023
24.11.2017 16:39:21 +00.03885E+00  1443 008167 1 00000270 00000174 000 344 43063.6940034838
24.11.2017 16:39:22 +00.03880E+00  1465 008167 1 00000271 00000174 000 375 43063.6940078241
24.11.2017 16:39:22 +00.03881E+00  1482 008167 1 00000272 00000174 000 342 43063.6940117824
24.11.2017 16:39:22 +00.03881E+00  1500 008167 1 00000273 00000174 000 343 43063.6940157523
24.11.2017 16:39:23 +00.03881E+00  1520 008167 1 00000274 00000174 000 343 43063.6940197222
24.11.2017 16:39:23 +00.03877E+00  1539 008167 1 00000275 00000174 000 377 43063.6940240856
24.11.2017 16:39:24 +00.03882E+00  1557 008167 1 00000276 00000174 000 340 43063.6940280208
24.11.2017 16:39:24 +00.03883E+00  1566 008167 1 00000277 00000174 000 343 43063.6940320023
24.11.2017 16:39:24 +00.03880E+00  1579 008167 1 00000278 00000174 000 343 43063.6940359722
24.11.2017 16:39:25 +00.03880E+00  1597 008167 1 00000279 00000174 000 377 43063.6940403356
24.11.2017 16:39:25 +00.03880E+00  1620 008167 1 00000280 00000174 000 340 43063.6940442824
24.11.2017 16:39:25 +00.03880E+00  1631 008167 1 00000281 00000174 000 342 43063.6940482523
24.11.2017 16:39:26 +00.03881E+00  1643 008167 1 00000282 00000174 000 343 43063.6940522222
24.11.2017 16:39:26 +00.03881E+00  1662 008167 1 00000283 00000174 000 378 43063.6940565972
24.11.2017 16:39:26 +00.03881E+00  1678 008167 1 00000284 00000174 000 344 43063.6940605903
24.11.2017 16:39:27 +00.03881E+00  1689 008167 1 00000285 00000174 000 342 43063.6940645602
24.11.2017 16:39:27 +00.03881E+00  1702 008167 1 00000286 00000174 000 342 43063.6940685301
24.11.2017 16:39:27 +00.03880E+00  1717 008167 1 00000287 00000174 000 373 43063.6940728588
24.11.2017 16:39:28 +00.03881E+00  1731 008167 1 00000288 00000174 000 343 43063.6940768403
24.11.2017 16:39:28 +00.03880E+00  1747 008167 1 00000289 00000174 000 343 43063.6940808102
24.11.2017 16:39:28 +00.03880E+00  1763 008167 1 00000290 00000174 000 343 43063.6940847801
24.11.2017 16:39:29 +00.03880E+00  1780 008167 1 00000291 00000174 000 375 43063.6940891319
24.11.2017 16:39:29 +00.03880E+00  1800 008167 1 00000292 00000174 000 341 43063.6940930903
24.11.2017 16:39:29 +00.03882E+00  1818 008167 1 00000293 00000174 000 343 43063.6940970602
24.11.2017 16:39:30 +00.03880E+00  1831 008167 1 00000294 00000174 000 343 43063.6941010301
24.11.2017 16:39:30 +00.03881E+00  1842 008167 1 00000295 00000174 000 377 43063.6941053935
24.11.2017 16:39:31 +00.03880E+00  1861 008167 1 00000296 00000174 000 341 43063.6941093403
24.11.2017 16:39:31 +00.03880E+00  1876 008167 1 00000297 00000174 000 343 43063.6941133102
24.11.2017 16:39:31 +00.03880E+00  1892 008167 1 00000298 00000174 000 343 43063.6941172801
24.11.2017 16:39:32 +00.03881E+00  1902 008167 1 00000299 00000174 000 377 43063.6941216551
24.11.2017 16:39:32 +00.03880E+00  1916 008167 1 00000300 00000174 000 340 43063.6941255903
24.11.2017 16:39:32 +00.03881E+00  1931 008167 1 00000301 00000174 000 342 43063.6941295602
24.11.2017 16:39:33 +00.03881E+00  1949 008167 1 00000302 00000174 000 343 43063.6941335301
24.11.2017 16:39:33 +00.03881E+00  1959 008167 1 00000303 00000174 000 379 43063.6941379167
24.11.2017 16:39:33 +00.03880E+00  1974 008167 1 00000304 00000174 000 345 43063.6941419097
24.11.2017 16:39:34 +00.03881E+00  1989 008167 1 00000305 00000174 000 343 43063.6941458796
24.11.2017 16:39:34 +00.03880E+00  1999 008167 1 00000306 00000174 000 343 43063.6941498495
24.11.2017 16:39:34 +00.03880E+00  2012 008167 1 00000307 00000174 000 374 43063.6941541782
24.11.2017 16:39:35 +00.03881E+00  2029 008167 1 00000308 00000174 000 344 43063.6941581597
24.11.2017 16:39:35 +00.03880E+00  2039 008167 1 00000309 00000174 000 342 43063.6941621181
24.11.2017 16:39:35 +00.03880E+00  2062 008167 1 00000310 00000174 000 342 43063.694166088
24.11.2017 16:39:36 +00.03881E+00  2077 008167 1 00000311 00000174 000 375 43063.6941704398
24.11.2017 16:39:36 +00.03881E+00  2096 008167 1 00000312 00000174 000 342 43063.6941743982
24.11.2017 16:39:37 +00.03880E+00  2110 008167 1 00000313 00000174 000 342 43063.6941783681
24.11.2017 16:39:37 +00.03881E+00  2119 008167 1 00000314 00000174 000 343 43063.6941823495
24.11.2017 16:39:37 +00.03881E+00  2137 008167 1 00000315 00000174 000 376 43063.6941867014
24.11.2017 16:39:38 +00.03881E+00  2155 008167 1 00000316 00000174 000 341 43063.6941906482
24.11.2017 16:39:38 +00.03881E+00  2175 008167 1 00000317 00000174 000 343 43063.6941946181
24.11.2017 16:39:38 +00.03881E+00  2186 008167 1 00000318 00000174 000 344 43063.6941985995
24.11.2017 16:39:39 +00.03881E+00  2197 008167 1 00000319 00000174 000 377 43063.694202963
24.11.2017 16:39:39 +00.03880E+00  2216 008167 1 00000320 00000174 000 340 43063.6942069097
24.11.2017 16:39:39 +00.03881E+00  2233 008167 1 00000321 00000174 000 341 43063.6942108681
24.11.2017 16:39:40 +00.03880E+00  2243 008167 1 00000322 00000174 000 343 43063.694214838
24.11.2017 16:39:40 +00.03881E+00  2263 008167 1 00000323 00000174 000 379 43063.6942192245
24.11.2017 16:39:40 +00.03880E+00  2275 008167 1 00000324 00000174 000 340 43063.6942231597
24.11.2017 16:39:41 +00.03880E+00  2286 008167 1 00000325 00000174 000 341 43063.6942271181
24.11.2017 16:39:41 +00.03880E+00  2298 008167 1 00000326 00000174 000 344 43063.6942310995
24.11.2017 16:39:41 +00.03881E+00  2314 008167 1 00000327 00000174 000 379 43063.6942354861
24.11.2017 16:39:42 +00.03881E+00  2330 008167 1 00000328 00000174 000 344 43063.6942394676
24.11.2017 16:39:42 +00.03881E+00  2338 008167 1 00000329 00000174 000 343 43063.6942434375
24.11.2017 16:39:42 +00.03880E+00  2355 008167 1 00000330 00000174 000 343 43063.6942474074
24.11.2017 16:39:43 +00.03881E+00  2367 008167 1 00000331 00000174 000 375 43063.6942517477
24.11.2017 16:39:43 +00.03879E+00  2382 008167 1 00000332 00000174 000 342 43063.694255706
24.11.2017 16:39:44 +00.03880E+00  2397 008167 1 00000333 00000174 000 343 43063.6942596875
24.11.2017 16:39:44 +00.03881E+00  2414 008167 1 00000334 00000174 000 343 43063.6942636574
24.11.2017 16:39:44 +00.03881E+00  2425 008167 1 00000335 00000174 000 376 43063.6942680093
24.11.2017 16:39:45 +00.03880E+00  2444 008167 1 00000336 00000174 000 341 43063.694271956
24.11.2017 16:39:45 +00.03881E+00  2458 008167 1 00000337 00000174 000 343 43063.6942759375
24.11.2017 16:39:45 +00.03881E+00  2469 008167 1 00000338 00000174 000 342 43063.6942798958
24.11.2017 16:39:46 +00.03881E+00  2485 008167 1 00000339 00000174 000 377 43063.6942842708
24.11.2017 16:39:46 +00.03881E+00  2503 008167 1 00000340 00000174 000 340 43063.6942882176
24.11.2017 16:39:46 +00.03880E+00  2513 008167 1 00000341 00000174 000 341 43063.6942921759
24.11.2017 16:39:47 +00.03880E+00  2527 008167 1 00000342 00000174 000 342 43063.6942961458
24.11.2017 16:39:47 +00.03881E+00  2536 008167 1 00000343 00000174 000 379 43063.6943005324
24.11.2017 16:39:47 +00.03881E+00  2556 008167 1 00000344 00000174 000 340 43063.6943044676
24.11.2017 16:39:48 +00.03880E+00  2568 008167 1 00000345 00000174 000 341 43063.6943084259
24.11.2017 16:39:48 +00.03880E+00  2586 008167 1 00000346 00000174 000 343 43063.6943123958
24.11.2017 16:39:48 +00.03880E+00  2602 008167 1 00000347 00000174 000 380 43063.694316794
24.11.2017 16:39:49 +00.03881E+00  2619 008167 1 00000348 00000174 000 344 43063.6943207755
24.11.2017 16:39:49 +00.03881E+00  2632 008167 1 00000349 00000174 000 344 43063.6943247569
24.11.2017 16:39:50 +00.03881E+00  2645 008167 1 00000350 00000174 000 342 43063.6943287153
24.11.2017 16:39:50 +00.03881E+00  2661 008167 1 00000351 00000174 000 375 43063.6943330556
24.11.2017 16:39:50 +00.03880E+00  2674 008167 1 00000352 00000174 000 343 43063.6943370255
24.11.2017 16:39:51 +00.03881E+00  2688 008167 1 00000353 00000174 000 343 43063.6943409954
24.11.2017 16:39:51 +00.03881E+00  2702 008167 1 00000354 00000174 000 343 43063.6943449653
24.11.2017 16:39:51 +00.03881E+00  2711 008167 1 00000355 00000174 000 376 43063.6943493171
24.11.2017 16:39:52 +00.03880E+00  2726 008167 1 00000356 00000174 000 341 43063.6943532639
24.11.2017 16:39:52 +00.03880E+00  2738 008167 1 00000357 00000174 000 343 43063.6943572454
24.11.2017 16:39:52 +00.03880E+00  2751 008167 1 00000358 00000174 000 343 43063.6943612153
24.11.2017 16:39:53 +00.03881E+00  2764 008167 1 00000359 00000174 000 378 43063.6943655903
24.11.2017 16:39:53 +00.03881E+00  2785 008167 1 00000360 00000174 000 340 43063.6943695255
24.11.2017 16:39:53 +00.03878E+00  2800 008167 1 00000361 00000174 000 341 43063.6943734838
24.11.2017 16:39:54 +00.03882E+00  2819 008167 1 00000362 00000174 000 342 43063.6943774537
24.11.2017 16:39:54 +00.03881E+00  2838 008167 1 00000363 00000174 000 378 43063.6943818403
24.11.2017 16:39:54 +00.03881E+00  2844 008167 1 00000364 00000174 000 344 43063.6943858333
24.11.2017 16:39:55 +00.03880E+00  2861 008167 1 00000365 00000174 000 342 43063.6943898032
24.11.2017 16:39:55 +00.03881E+00  2880 008167 1 00000366 00000174 000 344 43063.6943937963
24.11.2017 16:39:55 +00.03880E+00  2894 008167 1 00000367 00000174 000 372 43063.6943981018
24.11.2017 16:39:56 +00.03881E+00  2915 008167 1 00000368 00000174 000 343 43063.6944020833
24.11.2017 16:39:56 +00.03881E+00  2930 008167 1 00000369 00000174 000 342 43063.6944060532
24.11.2017 16:39:57 +00.03880E+00  2953 008167 1 00000370 00000174 000 342 43063.6944100231
24.11.2017 16:39:57 +00.03882E+00  2963 008167 1 00000371 00000174 000 374 43063.6944143634
24.11.2017 16:39:57 +00.03878E+00  2979 008167 1 00000372 00000174 000 343 43063.6944183333
24.11.2017 16:39:58 +00.03882E+00  2998 008167 1 00000373 00000174 000 343 43063.6944223032
24.11.2017 16:39:58 +00.03881E+00  3019 008167 1 00000374 00000174 000 343 43063.6944262731
24.11.2017 16:39:58 +00.03880E+00  3034 008167 1 00000375 00000174 000 376 43063.694430625
24.11.2017 16:39:59 +00.03881E+00  3051 008167 1 00000376 00000174 000 342 43063.6944345833
24.11.2017 16:39:59 +00.03881E+00  3067 008167 1 00000377 00000174 000 343 43063.6944385532
24.11.2017 16:39:59 +00.03880E+00  3085 008167 1 00000378 00000174 000 343 43063.6944425231
24.11.2017 16:40:00 +00.03881E+00  3105 008167 1 00000379 00000174 000 377 43063.6944468866
24.11.2017 16:40:00 +00.03881E+00  3122 008167 1 00000380 00000174 000 341 43063.6944508333
24.11.2017 16:40:00 +00.03880E+00  3132 008167 1 00000381 00000174 000 343 43063.6944548032
24.11.2017 16:40:01 +00.03881E+00  3149 008167 1 00000382 00000174 000 343 43063.6944587731
24.11.2017 16:40:01 +00.03880E+00  3175 008167 1 00000383 00000174 000 378 43063.6944631481
24.11.2017 16:40:01 +00.03881E+00  3191 008167 1 00000384 00000174 000 340 43063.6944670833
24.11.2017 16:40:02 +00.03881E+00  3208 008167 1 00000385 00000174 000 341 43063.6944710417
24.11.2017 16:40:02 +00.03881E+00  3224 008167 1 00000386 00000174 000 342 43063.6944750116
24.11.2017 16:40:03 +00.03881E+00  3241 008167 1 00000387 00000174 000 379 43063.6944794097
24.11.2017 16:40:03 +00.03881E+00  3256 008167 1 00000388 00000174 000 345 43063.6944834028
24.11.2017 16:40:03 +00.03881E+00  3280 008167 1 00000389 00000174 000 343 43063.6944873727
24.11.2017 16:40:04 +00.03880E+00  3287 008167 1 00000390 00000174 000 343 43063.6944913426
24.11.2017 16:40:04 +00.03880E+00  3310 008167 1 00000391 00000174 000 375 43063.6944956829
24.11.2017 16:40:04 +00.03880E+00  3323 008167 1 00000392 00000174 000 342 43063.6944996412
24.11.2017 16:40:05 +00.03881E+00  3340 008167 1 00000393 00000174 000 342 43063.6945036111
24.11.2017 16:40:05 +00.03879E+00  3352 008167 1 00000394 00000174 000 343 43063.694507581
24.11.2017 16:40:05 +00.03880E+00  3371 008167 1 00000395 00000174 000 375 43063.6945119329
24.11.2017 16:40:06 +00.03881E+00  3391 008167 1 00000396 00000174 000 341 43063.6945158912
24.11.2017 16:40:06 +00.03881E+00  3410 008167 1 00000397 00000174 000 344 43063.6945198727
24.11.2017 16:40:06 +00.03881E+00  3429 008167 1 00000398 00000174 000 342 43063.694523831
24.11.2017 16:40:07 +00.03881E+00  3443 008167 1 00000399 00000174 000 377 43063.6945281944
24.11.2017 16:40:07 +00.03881E+00  3462 008167 1 00000400 00000174 000 340 43063.6945321412
24.11.2017 16:40:07 +00.03881E+00  3475 008167 1 00000401 00000174 000 342 43063.6945361111
24.11.2017 16:40:08 +00.03881E+00  3485 008167 1 00000402 00000174 000 343 43063.694540081
24.11.2017 16:40:08 +00.03881E+00  3502 008167 1 00000403 00000174 000 379 43063.6945444676
24.11.2017 16:40:08 +00.03880E+00  3520 008167 1 00000404 00000174 000 340 43063.6945484028
24.11.2017 16:40:09 +00.03880E+00  3537 008167 1 00000405 00000174 000 342 43063.6945523611
24.11.2017 16:40:09 +00.03880E+00  3553 008167 1 00000406 00000174 000 343 43063.694556331
24.11.2017 16:40:10 +00.03880E+00  3566 008167 1 00000407 00000174 000 380 43063.6945607292
24.11.2017 16:40:10 +00.03880E+00  3582 008167 1 00000408 00000174 000 344 43063.6945647106
24.11.2017 16:40:10 +00.03880E+00  3598 008167 1 00000409 00000174 000 343 43063.6945686806
24.11.2017 16:40:11 +00.03880E+00  3611 008167 1 00000410 00000174 000 343 43063.6945726505
24.11.2017 16:40:11 +00.03881E+00  3622 008167 1 00000411 00000174 000 375 43063.6945769907
24.11.2017 16:40:11 +00.03881E+00  3634 008167 1 00000412 00000174 000 343 43063.6945809606
24.11.2017 16:40:12 +00.03880E+00  3649 008167 1 00000413 00000174 000 343 43063.6945849306
24.11.2017 16:40:12 +00.03881E+00  3662 008167 1 00000414 00000174 000 343 43063.6945889005
24.11.2017 16:40:12 +00.03880E+00  3680 008167 1 00000415 00000174 000 376 43063.6945932523
24.11.2017 16:40:13 +00.03880E+00  3690 008167 1 00000416 00000174 000 341 43063.6945971991
24.11.2017 16:40:13 +00.03881E+00  3701 008167 1 00000417 00000174 000 343 43063.6946011806
24.11.2017 16:40:13 +00.03880E+00  3713 008167 1 00000418 00000174 000 342 43063.6946051389
24.11.2017 16:40:14 +00.03881E+00  3739 008167 1 00000419 00000174 000 376 43063.6946095023
24.11.2017 16:40:14 +00.03881E+00  3756 008167 1 00000420 00000174 000 340 43063.6946134491
24.11.2017 16:40:14 +00.03880E+00  3768 008167 1 00000421 00000174 000 343 43063.694617419
24.11.2017 16:40:15 +00.03880E+00  3783 008167 1 00000422 00000174 000 342 43063.6946213889
24.11.2017 16:40:15 +00.03880E+00  3803 008167 1 00000423 00000174 000 378 43063.6946257755
24.11.2017 16:40:16 +00.03881E+00  3822 008167 1 00000424 00000174 000 340 43063.6946297106
24.11.2017 16:40:16 +00.03881E+00  3841 008167 1 00000425 00000174 000 342 43063.694633669
24.11.2017 16:40:16 +00.03880E+00  3852 008167 1 00000426 00000174 000 343 43063.6946376389
24.11.2017 16:40:17 +00.03881E+00  3871 008167 1 00000427 00000174 000 379 43063.694642037
24.11.2017 16:40:17 +00.03880E+00  3880 008167 1 00000428 00000174 000 344 43063.6946460185
24.11.2017 16:40:17 +00.03881E+00  3891 008167 1 00000429 00000174 000 343 43063.6946499884
24.11.2017 16:40:18 +00.03881E+00  3906 008167 1 00000430 00000174 000 343 43063.6946539583
24.11.2017 16:40:18 +00.03881E+00  3928 008167 1 00000431 00000174 000 375 43063.6946583102
24.11.2017 16:40:18 +00.03881E+00  3945 008167 1 00000432 00000174 000 342 43063.6946622685
24.11.2017 16:40:19 +00.03880E+00  3956 008167 1 00000433 00000174 000 344 43063.69466625
24.11.2017 16:40:19 +00.03880E+00  3969 008167 1 00000434 00000174 000 342 43063.6946702083
24.11.2017 16:40:19 +00.03880E+00  3984 008167 1 00000435 00000174 000 376 43063.6946745602
24.11.2017 16:40:20 +00.03881E+00  4007 008167 1 00000436 00000174 000 342 43063.6946785185
24.11.2017 16:40:20 +00.03881E+00  4019 008167 1 00000437 00000174 000 343 43063.6946824884
24.11.2017 16:40:20 +00.03880E+00  4027 008167 1 00000438 00000174 000 343 43063.6946864583
24.11.2017 16:40:21 +00.03881E+00  4036 008167 1 00000439 00000174 000 377 43063.6946908218
24.11.2017 16:40:21 +00.03880E+00  4053 008167 1 00000440 00000174 000 340 43063.6946947569
24.11.2017 16:40:21 +00.03880E+00  4071 008167 1 00000441 00000174 000 342 43063.6946987269
24.11.2017 16:40:22 +00.03881E+00  4088 008167 1 00000442 00000174 000 343 43063.6947027083
24.11.2017 16:40:22 +00.03881E+00  4108 008167 1 00000443 00000174 000 378 43063.6947070833
24.11.2017 16:40:23 +00.03880E+00  4121 008167 1 00000444 00000174 000 341 43063.6947110301
24.11.2017 16:40:23 +00.03878E+00  4140 008167 1 00000445 00000174 000 341 43063.6947149769
24.11.2017 16:40:23 +00.03882E+00  4151 008167 1 00000446 00000174 000 342 43063.6947189468
24.11.2017 16:40:24 +00.03881E+00  4175 008167 1 00000447 00000174 000 379 43063.6947233449
24.11.2017 16:40:24 +00.03882E+00  4186 008167 1 00000448 00000174 000 344 43063.6947273264
24.11.2017 16:40:24 +00.03881E+00  4202 008167 1 00000449 00000174 000 343 43063.6947313079
24.11.2017 16:40:25 +00.03880E+00  4219 008167 1 00000450 00000174 000 342 43063.6947352662
24.11.2017 16:40:25 +00.03879E+00  4242 008167 1 00000451 00000174 000 373 43063.6947395949
24.11.2017 16:40:25 +00.03882E+00  4261 008167 1 00000452 00000174 000 343 43063.6947435764
24.11.2017 16:40:26 +00.03880E+00  4280 008167 1 00000453 00000174 000 343 43063.6947475463
24.11.2017 16:40:26 +00.03881E+00  4291 008167 1 00000454 00000174 000 343 43063.6947515162
24.11.2017 16:40:26 +00.03880E+00  4301 008167 1 00000455 00000174 000 375 43063.6947558681
24.11.2017 16:40:27 +00.03880E+00  4318 008167 1 00000456 00000174 000 341 43063.6947598264
24.11.2017 16:40:27 +00.03881E+00  4329 008167 1 00000457 00000174 000 343 43063.6947637963
24.11.2017 16:40:27 +00.03880E+00  4346 008167 1 00000458 00000174 000 343 43063.6947677662
24.11.2017 16:40:28 +00.03881E+00  4361 008167 1 00000459 00000174 000 377 43063.6947721296
24.11.2017 16:40:28 +00.03880E+00  4377 008167 1 00000460 00000174 000 341 43063.6947760764
24.11.2017 16:40:28 +00.03880E+00  4390 008167 1 00000461 00000174 000 343 43063.6947800463
24.11.2017 16:40:29 +00.03881E+00  4402 008167 1 00000462 00000174 000 343 43063.6947840162
24.11.2017 16:40:29 +00.03880E+00  4410 008167 1 00000463 00000174 000 378 43063.6947883912
24.11.2017 16:40:30 +00.03881E+00  4428 008167 1 00000464 00000174 000 340 43063.6947923264
24.11.2017 16:40:30 +00.03881E+00  4442 008167 1 00000465 00000174 000 342 43063.6947962963
24.11.2017 16:40:30 +00.03880E+00  4454 008167 1 00000466 00000174 000 343 43063.6948002662
24.11.2017 16:40:31 +00.03880E+00  4465 008167 1 00000467 00000174 000 379 43063.6948046528
24.11.2017 16:40:31 +00.03881E+00  4480 008167 1 00000468 00000174 000 345 43063.6948086458
24.11.2017 16:40:31 +00.03881E+00  4501 008167 1 00000469 00000174 000 342 43063.6948126042
24.11.2017 16:40:32 +00.03881E+00  4515 008167 1 00000470 00000174 000 343 43063.6948165856
24.11.2017 16:40:32 +00.03881E+00  4525 008167 1 00000471 00000174 000 374 43063.6948209144
24.11.2017 16:40:32 +00.03881E+00  4536 008167 1 00000472 00000174 000 343 43063.6948248843
24.11.2017 16:40:33 +00.03880E+00  4547 008167 1 00000473 00000174 000 342 43063.6948288542
24.11.2017 16:40:33 +00.03880E+00  4557 008167 1 00000474 00000174 000 342 43063.6948328241
24.11.2017 16:40:33 +00.03881E+00  4570 008167 1 00000475 00000174 000 375 43063.6948371759
24.11.2017 16:40:34 +00.03881E+00  4584 008167 1 00000476 00000174 000 342 43063.6948411343
24.11.2017 16:40:34 +00.03880E+00  4597 008167 1 00000477 00000174 000 343 43063.6948451042
24.11.2017 16:40:34 +00.03881E+00  4607 008167 1 00000478 00000174 000 343 43063.6948490741
24.11.2017 16:40:35 +00.03881E+00  4621 008167 1 00000479 00000174 000 375 43063.6948534259
24.11.2017 16:40:35 +00.03879E+00  4632 008167 1 00000480 00000174 000 341 43063.6948573843
24.11.2017 16:40:36 +00.03881E+00  4651 008167 1 00000481 00000174 000 343 43063.6948613542
24.11.2017 16:40:36 +00.03880E+00  4672 008167 1 00000482 00000174 000 343 43063.6948653241