
24.11.2017 16:37:31 0.036025 0.000009   00281 7578 00000001 000020 000004 43063.6927205208
24.11.2017 16:37:39 0.036404 0.000019   00255 7642 00000001 000037 000020 43063.6928146528
24.11.2017 16:37:47 0.036644 0.000012   00265 7704 00000001 000054 000037 43063.6929076505
24.11.2017 16:37:55 0.036938 0.000005   00242 7768 00000001 000071 000054 43063.6930006829
24.11.2017 16:38:03 0.037253 0.000014   00252 7830 00000001 000088 000071 43063.6930939468
24.11.2017 16:38:11 0.037540 0.000007   00226 7894 00000001 000105 000088 43063.6931869329
24.11.2017 16:38:21 0.037989 0.000004   00258 7999 00000001 000122 000105 43063.6933044907
24.11.2017 16:38:29 0.038248 0.000008   00236 8042 00000001 000139 000122 43063.6933977893
24.11.2017 16:38:37 0.038422 0.000007   00268 8083 00000001 000157 000139 43063.6934919329
24.11.2017 16:38:45 0.038636 0.000009   00258 8124 00000001 000174 000157 43063.693586088