
24.11.2017 17:18:11 +00.03599E+00  0012 007576 1 00000002 00000004 000 254 43063.7209610764
24.11.2017 17:18:11 +00.03599E+00  0028 007576 1 00000003 00000004 000 343 43063.7209650463
24.11.2017 17:18:11 +00.03599E+00  0038 007576 1 00000004 00000004 000 421 43063.720969919
24.11.2017 17:18:12 +00.03599E+00  0059 007576 1 00000005 00000004 000 341 43063.7209738657
24.11.2017 17:18:12 +00.03599E+00  0077 007576 1 00000006 00000004 000 343 43063.7209778356
24.11.2017 17:18:12 +00.03599E+00  0094 007576 1 00000007 00000004 000 342 43063.720981794
24.11.2017 17:18:13 +00.03599E+00  0107 007576 1 00000008 00000004 000 378 43063.7209861806
24.11.2017 17:18:13 +00.03599E+00  0122 007576 1 00000009 00000004 000 345 43063.7209901852
24.11.2017 17:18:13 +00.03599E+00  0135 007576 1 00000010 00000004 000 343 43063.7209941551
24.11.2017 17:18:14 +00.03599E+00  0151 007576 1 00000011 00000004 000 343 43063.720998125
24.11.2017 17:18:14 +00.03599E+00  0167 007576 1 00000012 00000004 000 373 43063.7210024421
24.11.2017 17:18:14 +00.03599E+00  0185 007576 1 00000013 00000004 000 344 43063.7210064236
24.11.2017 17:18:15 +00.03599E+00  0202 007576 1 00000014 00000004 000 344 43063.7210104051
24.11.2017 17:18:15 +00.03599E+00  0224 007576 1 00000015 00000004 000 342 43063.721014375
24.11.2017 17:18:16 +00.03599E+00  0238 007576 1 00000016 00000004 000 374 43063.7210187037
24.11.2017 17:18:16 +00.03599E+00  0255 007578 1 00000017 00000004 000 343 43063.7210226736
24.11.2017 17:18:16 +00.03599E+00  0273 007578 1 00000018 00000004 000 343 43063.7210266435
24.11.2017 17:18:17 +00.03600E+00  0289 007578 1 00000019 00000004 000 343 43063.7210306134
24.11.2017 17:18:19 +00.03637E+00  0014 007658 1 00000020 00000020 000 380 43063.7210609838
24.11.2017 17:18:20 +00.03637E+00  0030 007658 1 00000021 00000020 000 343 43063.7210649537
24.11.2017 17:18:20 +00.03638E+00  0035 007658 1 00000022 00000020 000 343 43063.7210689236
24.11.2017 17:18:20 +00.03638E+00  0048 007658 1 00000023 00000020 000 343 43063.7210728935
24.11.2017 17:18:21 +00.03638E+00  0058 007658 1 00000024 00000020 000 376 43063.7210772454
24.11.2017 17:18:21 +00.03638E+00  0077 007658 1 00000025 00000020 000 342 43063.7210812037
24.11.2017 17:18:21 +00.03638E+00  0096 007658 1 00000026 00000020 000 343 43063.7210851736
24.11.2017 17:18:22 +00.03638E+00  0116 007658 1 00000027 00000020 000 343 43063.7210891435
24.11.2017 17:18:22 +00.03638E+00  0132 007658 1 00000028 00000020 000 377 43063.7210935069
24.11.2017 17:18:22 +00.03638E+00  0149 007658 1 00000029 00000020 000 341 43063.7210974537
24.11.2017 17:18:23 +00.03638E+00  0164 007658 1 00000030 00000020 000 343 43063.7211014236
24.11.2017 17:18:23 +00.03638E+00  0173 007658 1 00000031 00000020 000 343 43063.7211053935
24.11.2017 17:18:23 +00.03638E+00  0187 007658 1 00000032 00000020 000 379 43063.7211097801
24.11.2017 17:18:24 +00.03638E+00  0205 007658 1 00000033 00000020 000 345 43063.7211137732
24.11.2017 17:18:24 +00.03638E+00  0218 007658 1 00000034 00000020 000 343 43063.7211177431
24.11.2017 17:18:24 +00.03638E+00  0231 007642 1 00000035 00000020 000 343 43063.721121713
24.11.2017 17:18:25 +00.03633E+00  0250 007642 1 00000036 00000020 000 374 43063.7211260417
24.11.2017 17:18:25 +00.03631E+00  0264 007642 1 00000037 00000020 000 344 43063.7211300232
24.11.2017 17:18:27 +00.03665E+00  0018 007716 1 00000038 00000038 000 343 43063.7211562616
24.11.2017 17:18:28 +00.03665E+00  0032 007716 1 00000039 00000038 000 343 43063.7211602315
24.11.2017 17:18:28 +00.03666E+00  0050 007716 1 00000040 00000038 000 418 43063.7211650694
24.11.2017 17:18:29 +00.03666E+00  0074 007716 1 00000041 00000038 000 344 43063.7211690509
24.11.2017 17:18:29 +00.03666E+00  0086 007716 1 00000042 00000038 000 343 43063.7211730208
24.11.2017 17:18:29 +00.03666E+00  0098 007716 1 00000043 00000038 000 343 43063.7211769907
24.11.2017 17:18:30 +00.03666E+00  0113 007716 1 00000044 00000038 000 375 43063.721181331
24.11.2017 17:18:30 +00.03666E+00  0128 007716 1 00000045 00000038 000 343 43063.7211853009
24.11.2017 17:18:30 +00.03666E+00  0140 007716 1 00000046 00000038 000 342 43063.7211892593
24.11.2017 17:18:31 +00.03666E+00  0152 007716 1 00000047 00000038 000 343 43063.7211932407
24.11.2017 17:18:31 +00.03666E+00  0161 007716 1 00000048 00000038 000 376 43063.7211975926
24.11.2017 17:18:31 +00.03666E+00  0174 007716 1 00000049 00000038 000 342 43063.7212015509
24.11.2017 17:18:32 +00.03666E+00  0191 007716 1 00000050 00000038 000 342 43063.7212055093
24.11.2017 17:18:32 +00.03666E+00  0206 007716 1 00000051 00000038 000 342 43063.7212094792
24.11.2017 17:18:32 +00.03666E+00  0221 007704 1 00000052 00000038 000 376 43063.7212138426
24.11.2017 17:18:33 +00.03664E+00  0238 007704 1 00000053 00000038 000 340 43063.7212177894
24.11.2017 17:18:33 +00.03662E+00  0249 007704 1 00000054 00000038 000 343 43063.7212217593
24.11.2017 17:18:33 +00.03661E+00  0264 007704 1 00000055 00000038 000 343 43063.7212257292
24.11.2017 17:18:36 +00.03697E+00  0015 007784 1 00000056 00000056 000 342 43063.7212515278
24.11.2017 17:18:36 +00.03698E+00  0023 007784 1 00000057 00000056 000 398 43063.7212561343
24.11.2017 17:18:36 +00.03698E+00  0043 007784 1 00000058 00000056 000 340 43063.7212600694
24.11.2017 17:18:37 +00.03698E+00  0057 007784 1 00000059 00000056 000 342 43063.7212640278
24.11.2017 17:18:37 +00.03698E+00  0074 007784 1 00000060 00000056 000 343 43063.7212679977
24.11.2017 17:18:37 +00.03698E+00  0089 007784 1 00000061 00000056 000 380 43063.7212723958
24.11.2017 17:18:38 +00.03698E+00  0112 007784 1 00000062 00000056 000 344 43063.7212763773
24.11.2017 17:18:38 +00.03698E+00  0129 007784 1 00000063 00000056 000 343 43063.7212803472
24.11.2017 17:18:38 +00.03698E+00  0140 007784 1 00000064 00000056 000 343 43063.7212843171
24.11.2017 17:18:39 +00.03698E+00  0160 007784 1 00000065 00000056 000 375 43063.7212886574
24.11.2017 17:18:39 +00.03698E+00  0174 007784 1 00000066 00000056 000 343 43063.7212926273
24.11.2017 17:18:40 +00.03698E+00  0182 007784 1 00000067 00000056 000 343 43063.7212965972
24.11.2017 17:18:40 +00.03698E+00  0195 007784 1 00000068 00000056 000 343 43063.7213005671
24.11.2017 17:18:40 +00.03698E+00  0216 007784 1 00000069 00000056 000 376 43063.721304919
24.11.2017 17:18:41 +00.03698E+00  0224 007784 1 00000070 00000056 000 342 43063.7213088773
24.11.2017 17:18:41 +00.03698E+00  0239 007768 1 00000071 00000056 000 343 43063.7213128472
24.11.2017 17:18:41 +00.03695E+00  0256 007768 1 00000072 00000056 000 343 43063.7213168171
24.11.2017 17:18:42 +00.03692E+00  0264 007768 1 00000073 00000056 000 377 43063.7213211806
24.11.2017 17:18:44 +00.03722E+00  0018 007836 1 00000074 00000074 000 377 43063.7213471991
24.11.2017 17:18:44 +00.03723E+00  0040 007836 1 00000075 00000074 000 340 43063.7213511343
24.11.2017 17:18:45 +00.03723E+00  0051 007836 1 00000076 00000074 000 342 43063.7213551042
24.11.2017 17:18:45 +00.03723E+00  0059 007836 1 00000077 00000074 000 342 43063.7213590741
24.11.2017 17:18:45 +00.03723E+00  0074 007836 1 00000078 00000074 000 377 43063.7213634491
24.11.2017 17:18:46 +00.03723E+00  0089 007836 1 00000079 00000074 000 341 43063.7213674074